# z obs_date
# 0 52280
3580.0 0.5940224602804508
3582.0 0.5919659756142476
3584.0 0.5857255651345102
3586.0 0.5882805913134542
3588.0 0.5873634084256414
3590.0 0.5890196507094756
3592.0 0.5837711819507669
3594.0 0.5844019810437033
3596.0 0.5844783181525314
3598.0 0.586601233007713
3600.0 0.5821098863426103
3602.0 0.5835407525143638
3604.0 0.583244200285328
3606.0 0.5873809566180961
3608.0 0.59184363115771
3610.0 0.5874924910070595
3612.0 0.5859256258920679
3614.0 0.5846533720012587
3616.0 0.5854479268895093
3618.0 0.5831622063305762
3620.0 0.5837261044823743
3622.0 0.5836017867440298
3624.0 0.5839317089055399
3626.0 0.5844300828910056
3628.0 0.5830747884313547
3630.0 0.5824850533066566
3632.0 0.5840681273512419
3634.0 0.5859712396122767
3636.0 0.5863026181354902
3638.0 0.5872671134420034
3640.0 0.5859791440497227
3642.0 0.5864992830745531
3644.0 0.5858781333587615
3646.0 0.5851801961977865
3648.0 0.5873466813709771
3650.0 0.5901871937885994
3652.0 0.5900842696601564
3654.0 0.5904178519217769
3656.0 0.5924315780331189
3658.0 0.5933337596891765
3660.0 0.5924017274309489
3662.0 0.5924064229255177
3664.0 0.5933603948797294
3666.0 0.6056900321949046
3668.0 0.6082444625238592
3670.0 0.6035086293696226
3672.0 0.5904510396153211
3674.0 0.5916159997590617
3676.0 0.612696652646574
3678.0 0.5997128441316203
3680.0 0.5986928913620975
3682.0 0.5921447729366343
3684.0 0.5880333970099196
3686.0 0.5822949308149512
3688.0 0.5816648877740055
3690.0 0.5737098897866869
3692.0 0.5774852959594438
3694.0 0.5672459739885508
3696.0 0.5543471238217392
3698.0 0.5512484489788946
3700.0 0.5564754478626316
3702.0 0.5512837937860509
3704.0 0.5328778016871356
3706.0 0.5348598002094085
3708.0 0.528782430856178
3710.0 0.5319914145122949
3712.0 0.5438822312857218
3714.0 0.5441010851744638
3716.0 0.5279890804872572
3718.0 0.5296041917875136
3720.0 0.5421545122975209
3722.0 0.5355518543297335
3724.0 0.5488883549352105
3726.0 0.5583011931206071
3728.0 0.5501801083684038
3730.0 0.5785171061778037
3732.0 0.5784746838588569
3734.0 0.5623574739368478
3736.0 0.5801210368830333
3738.0 0.5886574952058382
3740.0 0.5947849271678347
3742.0 0.5933118845054937
3744.0 0.5892172637696476
3746.0 0.5919293225478185
3748.0 0.5881245782867017
3750.0 0.5770485903071325
3752.0 0.5671024043854356
3754.0 0.5501698353408963
3756.0 0.5452333279044506
3758.0 0.5390660650936064
3760.0 0.5434455853025618
3762.0 0.5391620706202545
3764.0 0.5382097101093326
3766.0 0.523531420541412
3768.0 0.5225422188017947
3770.0 0.5126566361456956
3772.0 0.5154457968595675
3774.0 0.5100979900298348
3776.0 0.4989660570589556
3778.0 0.49752034849930915
3780.0 0.49984857979953756
3782.0 0.49646739547184887
3784.0 0.5010578508173876
3786.0 0.5061726588311037
3788.0 0.49986270982798636
3790.0 0.5015303116868061
3792.0 0.5031807303936033
3794.0 0.5091375780120996
3796.0 0.5120964516922364
3798.0 0.5149760361007271
3800.0 0.5201507225760241
3802.0 0.5241710709460902
3804.0 0.5296903198659028
3806.0 0.5321660274462835
3808.0 0.53702130686964
3810.0 0.5321252635484098
3812.0 0.52926726894141
3814.0 0.5408508445417779
3816.0 0.5771396694295905
3818.0 0.584183743262836
3820.0 0.5743975683351982
3822.0 0.5760980677680982
3824.0 0.5750097495794558
3826.0 0.5933196655080685
3828.0 0.6135661006860162
3830.0 0.6214575624010257
3832.0 0.6255789568955145
3834.0 0.6367711621208473
3836.0 0.6555036325308425
3838.0 0.6636602148345054
3840.0 0.6817674641450799
3842.0 0.68196471038039
3844.0 0.6855760282057066
3846.0 0.7020443038260383
3848.0 0.7240153915209047
3850.0 0.7285621179882994
3852.0 0.7429832278233596
3854.0 0.7525182843064161
3856.0 0.7604214390265989
3858.0 0.7746730367281992
3860.0 0.7789280312573605
3862.0 0.793060200183899
3864.0 0.7966977802407151
3866.0 0.7983585162041753
3868.0 0.8160234234187216
3870.0 0.8218501206395258
3872.0 0.8225978159747575
3874.0 0.8101407048027619
3876.0 0.8148521541080362
3878.0 0.8393169825894584
3880.0 0.8514909224764863
3882.0 0.8467195036497787
3884.0 0.8641144189416637
3886.0 0.8721880685424636
3888.0 0.8649512692726548
3890.0 0.8803327349480289
3892.0 0.8908960360829161
3894.0 0.8989884483055718
3896.0 0.901324644678302
3898.0 0.9060096600483153
3900.0 0.9147885749290822
3902.0 0.9283435885383546
3904.0 0.939329930792869
3906.0 0.9334463700332759
3908.0 0.9365315277270861
3910.0 0.9417089508984141
3912.0 0.9520790622768573
3914.0 0.959931532192001
3916.0 0.9685686306110397
3918.0 0.9730054656006871
3920.0 0.97208048638656
3922.0 0.9763116467465497
3924.0 0.9847440508160604
3926.0 0.9772379486704773
3928.0 0.9886456310429582
3930.0 1.0
3932.0 0.9646124014632458
3934.0 0.9102523333614974
3936.0 0.8861738163102664
3938.0 0.8986289607897073
3940.0 0.9624335460103446
3942.0 0.9867428530336596
3944.0 0.9840108431820286
3946.0 0.9953209256645574
3948.0 0.989860379598536
3950.0 0.9859087540614201
3952.0 0.97359511284059
3954.0 0.9619587697799835
3956.0 0.9517692500753485
3958.0 0.9451681896507813
3960.0 0.9248936675919229
3962.0 0.9278349379080949
3964.0 0.918944460428262
3966.0 0.9040074112115992
3968.0 0.8713496586026228
3970.0 0.8431896614577222
3972.0 0.8316969384508285
3974.0 0.8434218295866293
3976.0 0.8574961375660645
3978.0 0.8692889179826017
3980.0 0.8585258062007413
3982.0 0.8514863159112627
3984.0 0.8582726382893706
3986.0 0.8562768965291062
3988.0 0.8511108703064189
3990.0 0.850602607689245
3992.0 0.8508246365573736
3994.0 0.8562731082439409
3996.0 0.859021295390433
3998.0 0.8533082959941272
4000.0 0.852536735620272
4002.0 0.8428972030117395
4004.0 0.8399517993346711
4006.0 0.845682813430218
4008.0 0.8399911982107646
4010.0 0.8483514896968322
4012.0 0.8515085490461091
4014.0 0.851051653218454
4016.0 0.8415311355547609
4018.0 0.8462383419961937
4020.0 0.8334229957923087
4022.0 0.8336400789412284
4024.0 0.8497491965541975
4026.0 0.8438330261654486
4028.0 0.8454569714870563
4030.0 0.8496676890796715
4032.0 0.8507782243583865
4034.0 0.8537541830581018
4036.0 0.8498875590219094
4038.0 0.8474951566239646
4040.0 0.847443891950724
4042.0 0.8558351383180893
4044.0 0.8614070079905782
4046.0 0.8632042111329071
4048.0 0.8573687236425475
4050.0 0.8565033264049211
4052.0 0.8597657487134425
4054.0 0.8610875451584568
4056.0 0.8615314205648128
4058.0 0.8575099227425503
4060.0 0.8514672001407765
4062.0 0.8565027428300404
4064.0 0.8560498549987486
4066.0 0.8497754968321435
4068.0 0.8482271070239871
4070.0 0.8476668240455609
4072.0 0.848678778997429
4074.0 0.8401326105980851
4076.0 0.8367642733760985
4078.0 0.8400599050287099
4080.0 0.83115707292904
4082.0 0.8315209804981483
4084.0 0.8254732772704133
4086.0 0.8259985773505077
4088.0 0.8206427091087213
4090.0 0.8164428661718418
4092.0 0.809510087373536
4094.0 0.8108431903425527
4096.0 0.8003697439990494
4098.0 0.8082948081250096
4100.0 0.8014769104667037
4102.0 0.7896328446278295
4104.0 0.7932364101675463
4106.0 0.792706022406587
4108.0 0.7955042442459106
4110.0 0.7897289655422636
4112.0 0.7859426206747064
4114.0 0.7820428560371951
4116.0 0.7784344395522771
4118.0 0.7800660778799664
4120.0 0.7777422607602006
4122.0 0.7844820026325667
4124.0 0.782238920839668
4126.0 0.7773262114998604
4128.0 0.7723420233816426
4130.0 0.7727672746294857
4132.0 0.7702838677571544
4134.0 0.766540693142307
4136.0 0.7666692797892688
4138.0 0.7679279275759198
4140.0 0.7673553031607807
4142.0 0.7658548199542393
4144.0 0.7692078352699134
4146.0 0.7729567163227898
4148.0 0.771087310914144
4150.0 0.7660868634056648
4152.0 0.7624239512129706
4154.0 0.7597843657277188
4156.0 0.7625325378009232
4158.0 0.75705191315268
4160.0 0.7483786950198633
4162.0 0.7454192781089021
4164.0 0.7451724085110353
4166.0 0.7419380167500177
4168.0 0.7393396543809065
4170.0 0.7347390022661003
4172.0 0.735077401057973
4174.0 0.7308990033691061
4176.0 0.7277835331152324
4178.0 0.7286882828077104
4180.0 0.714331464076715
4182.0 0.712165329670073
4184.0 0.7063658579404313
4186.0 0.7024155334327931
4188.0 0.6981347065384846
4190.0 0.6927582281671643
4192.0 0.690654165944667
4194.0 0.6895212230180644
4196.0 0.6805787030492957
4198.0 0.6758850481963891
4200.0 0.6754996257635955
4202.0 0.6667426114816187
4204.0 0.6631891401881788
4206.0 0.6649711278757459
4208.0 0.6565401898860876
4210.0 0.6521378594289652
4212.0 0.655241204431344
4214.0 0.6514293446640855
4216.0 0.6434970922562243
4218.0 0.6329317313235994
4220.0 0.6368238554800377
4222.0 0.6339594337960919
4224.0 0.6277617800464355
4226.0 0.6186304104391157
4228.0 0.6154389122778766
4230.0 0.610271063663889
4232.0 0.6062126212451294
4234.0 0.6099337173145637
4236.0 0.6058866243279873
4238.0 0.602898013852549
4240.0 0.5975974153910589
4242.0 0.5939883454982865
4244.0 0.5892484234693922
4246.0 0.5948303298815657
4248.0 0.5958077173705927
4250.0 0.588415330038837
4252.0 0.5834731327550297
4254.0 0.5801874957533296
4256.0 0.5805961256171022
4258.0 0.5790976049583696
4260.0 0.5835371154417315
4262.0 0.5845685746420715
4264.0 0.5856835188175815
4266.0 0.5875116580168351
4268.0 0.5862095720005984
4270.0 0.5860223890342625
4272.0 0.5892112185474562
4274.0 0.5899529071124209
4276.0 0.5915254667380109
4278.0 0.5936148947726666
4280.0 0.5927892687196858
4282.0 0.5947231033482622
4284.0 0.5957569655676873
4286.0 0.5954262694315007
4288.0 0.5988643816257634
4290.0 0.6008795066094184
4292.0 0.6054370410064035
4294.0 0.6080013007871978
4296.0 0.6085233509300797
4298.0 0.6156834712594567
4300.0 0.6159834469959166
4302.0 0.6135071816784072
4304.0 0.6147786814721515
4306.0 0.6202998470973665
4308.0 0.6195663095540996
4310.0 0.614112181898156
4312.0 0.6173237791239456
4314.0 0.6210811748883689
4316.0 0.6178297836857505
4318.0 0.6210013104968433
4320.0 0.6211060523929078
4322.0 0.6197799720540871
4324.0 0.6269317779049957
4326.0 0.6296065828374654
4328.0 0.6266173955174815
4330.0 0.6248441672723867
4332.0 0.632650325583116
4334.0 0.628093485186652
4336.0 0.6298193265616737
4338.0 0.6342044150070797
4340.0 0.6306769083960799
4342.0 0.6281666719039533
4344.0 0.6372746409853305
4346.0 0.6355775965527993
4348.0 0.6348071797127832
4350.0 0.6327699528249292
4352.0 0.6314444543818684
4354.0 0.6309046738428475
4356.0 0.6271759820806667
4358.0 0.622532332811608
4360.0 0.6161414001346086
4362.0 0.6163303431502398
4364.0 0.6218382899976023
4366.0 0.6179220758804549
4368.0 0.6059794174055355
4370.0 0.5984871250648756
4372.0 0.5950154738067573
4374.0 0.5959198336011713
4376.0 0.5831984643109074
4378.0 0.5779180111592955
4380.0 0.5754486735352038
4382.0 0.5670501072663519
4384.0 0.5653429538655056
4386.0 0.5633946058229626
4388.0 0.5633107571912311
4390.0 0.5555230772236835
4392.0 0.551492339796278
4394.0 0.5508030005978791
4396.0 0.554423234683687
4398.0 0.5560140992423322
4400.0 0.5455839973839146
4402.0 0.545265378429041
4404.0 0.5481324020386481
4406.0 0.5507557589061204
4408.0 0.5491403282528156
4410.0 0.5474824037687992
4412.0 0.5520680355042609
4414.0 0.557087005188892
4416.0 0.559861982858686
4418.0 0.5637233030105578
4420.0 0.5646495832291142
4422.0 0.5682754819315682
4424.0 0.5781846552319688
4426.0 0.5851064700498335
4428.0 0.5842607434552793
4430.0 0.593794958083902
4432.0 0.5971053648251654
4434.0 0.6044380027758642
4436.0 0.6102343904104991
4438.0 0.6187516531830118
4440.0 0.6193963560724706
4442.0 0.6231692948924287
4444.0 0.6322476335948942
4446.0 0.6336050678347441
4448.0 0.6381250225645864
4450.0 0.6440501627560598
4452.0 0.6487331218794182
4454.0 0.6458485072407907
4456.0 0.6499723225924092
4458.0 0.6550563882539163
4460.0 0.6630496867345799
4462.0 0.6603695082244627
4464.0 0.6619982770298724
4466.0 0.6685949536608959
4468.0 0.6714588363297674
4470.0 0.6790032289196581
4472.0 0.6868329302998071
4474.0 0.692980895410989
4476.0 0.7004974748777567
4478.0 0.707791393931
4480.0 0.7128813087289853
4482.0 0.7172605617543569
4484.0 0.7277430050889833
4486.0 0.7260084206248065
4488.0 0.7262774602573306
4490.0 0.7275514064830532
4492.0 0.7295015220502048
4494.0 0.7350689517909522
4496.0 0.7354072230654617
4498.0 0.737060020426077
4500.0 0.7424796684766938
4502.0 0.7441283473186427
4504.0 0.7443940336725245
4506.0 0.7493562563014708
4508.0 0.7586009937434457
4510.0 0.767671013363306
4512.0 0.7729906074315461
4514.0 0.7707105699512816
4516.0 0.7716087626107632
4518.0 0.7728946840271433
4520.0 0.7808757995757668
4522.0 0.7887790923180122
4524.0 0.7913357336184951
4526.0 0.7938578406874451
4528.0 0.7967745655452303
4530.0 0.8031326470518457
4532.0 0.8059731263621565
4534.0 0.8192337174355918
4536.0 0.8202764469840237
4538.0 0.8321449373649333
4540.0 0.8359200706906247
4542.0 0.8372241356645048
4544.0 0.8435901934733672
4546.0 0.8431000365574732
4548.0 0.8496564264051174
4550.0 0.8545224233772974
4552.0 0.854888168364414
4554.0 0.8656876202163657
4556.0 0.8658560399507198
4558.0 0.8651004388298983
4560.0 0.8677729722722771
4562.0 0.8722430668283262
4564.0 0.8753065842429041
4566.0 0.8794410303563539
4568.0 0.8849076534839303
4570.0 0.8825949048480421
4572.0 0.888699307351185
4574.0 0.8955482283292164
4576.0 0.8936201700971166
4578.0 0.8975113402810074
4580.0 0.9057895215568997
4582.0 0.9074290889174088
4584.0 0.9070560171881453
4586.0 0.9053434957855031
4588.0 0.9135239253048058
4590.0 0.9175067013170074
4592.0 0.91409210230579
4594.0 0.9163354836176538
4596.0 0.9196325036636813
4598.0 0.9168427427422147
4600.0 0.9193753060109692
4602.0 0.9187299478968866
4604.0 0.916202079431266
4606.0 0.9112645036272127
4608.0 0.9116852100248556
4610.0 0.9087277901747751
4612.0 0.9070610809932319
4614.0 0.8961546288630243
4616.0 0.8885620165953659
4618.0 0.8901992776360774
4620.0 0.8752503335441223
4622.0 0.87141251291041
4624.0 0.8730952040446281
4626.0 0.8677107201895861
4628.0 0.8618965960106958
4630.0 0.8557735783162164
4632.0 0.8507311014212104
4634.0 0.848007387286817
4636.0 0.8405157478268276
4638.0 0.8340563092129416
4640.0 0.82155485787227
4642.0 0.814770316337962
4644.0 0.8133982779120068
4646.0 0.8038888742983044
4648.0 0.7956512114400887
4650.0 0.7879012609486604
4652.0 0.7729497330117356
4654.0 0.7690330070649105
4656.0 0.7601867198721224
4658.0 0.7557210673802616
4660.0 0.7502931699980677
4662.0 0.7456778407164762
4664.0 0.7367044803437645
4666.0 0.7346263246930176
4668.0 0.7319818292931101
4670.0 0.7280973534487384
4672.0 0.7232938147430953
4674.0 0.7184888992134443
4676.0 0.7113802796806818
4678.0 0.7095554799474973
4680.0 0.70323610151566
4682.0 0.6948481911695651
4684.0 0.6879602571518391
4686.0 0.6837834757129303
4688.0 0.6791523521392934
4690.0 0.6710872313573258
4692.0 0.6608673880254615
4694.0 0.6552229490462708
4696.0 0.6449510771185936
4698.0 0.6387517133126006
4700.0 0.6353239446226109
4702.0 0.6297199531683155
4704.0 0.6238585084548108
4706.0 0.6150397523935814
4708.0 0.6101911851829193
4710.0 0.6009348158577399
4712.0 0.5922817924720968
4714.0 0.5871538427418814
4716.0 0.5819539538924313
4718.0 0.5741751552338505
4720.0 0.5643635869801273
4722.0 0.5608687297993933
4724.0 0.5564982551823596
4726.0 0.5500716205415735
4728.0 0.5485114887419068
4730.0 0.5465955443468944
4732.0 0.545384021837068
4734.0 0.5412422616234022
4736.0 0.534862098185175
4738.0 0.5329216821906357
4740.0 0.5298360355782278
4742.0 0.5244140708406375
4744.0 0.5231838606696808
4746.0 0.5233272690302778
4748.0 0.5157597447020021
4750.0 0.5163496670101103
4752.0 0.5150230331365676
4754.0 0.5192917372615231
4756.0 0.5203309156788603
4758.0 0.5219815232464879
4760.0 0.5222154521674442
4762.0 0.5268280199346153
4764.0 0.529447764383597
4766.0 0.5308722511111911
4768.0 0.529876392215038
4770.0 0.5275520672708238
4772.0 0.533473162168415
4774.0 0.5355636913924395
4776.0 0.5347773171663057
4778.0 0.5312431715877795
4780.0 0.5261111818624219
4782.0 0.5285317190442358
4784.0 0.5271793214107419
4786.0 0.5218654792018992
4788.0 0.5152211754116214
4790.0 0.5148287601782358
4792.0 0.5165860642829726
4794.0 0.5129427731752438
4796.0 0.5091228481149427
4798.0 0.5079200813234818
4800.0 0.5039051829889991
4802.0 0.5010497851853886
4804.0 0.49677562285923876
4806.0 0.4969720126881192
4808.0 0.49414817025582797
4810.0 0.4883931312524896
4812.0 0.4853347753913152
4814.0 0.4863098704531015
4816.0 0.48531633229697096
4818.0 0.4804194161523731
4820.0 0.47807797326069745
4822.0 0.478560959932558
4824.0 0.4786731450623911
4826.0 0.4737235000799696
4828.0 0.4708733484986749
4830.0 0.46391491071777513
4832.0 0.4606494334005141
4834.0 0.4624427704408992
4836.0 0.46197817104344163
4838.0 0.4593635692282601
4840.0 0.45592709931304326
4842.0 0.4575250178351161
4844.0 0.4564854531203569
4846.0 0.4572106421727862
4848.0 0.45735943492127074
4850.0 0.45597318504393075
4852.0 0.4595773334210105
4854.0 0.4637965366140666
4856.0 0.46462282421976986
4858.0 0.4644703561885536
4860.0 0.46744288065122647
4862.0 0.47107171923776037
4864.0 0.474651541296516
4866.0 0.4776020817673594
4868.0 0.4788513531876293
4870.0 0.47822496025566114
4872.0 0.48258109721867193
4874.0 0.48446613723909826
4876.0 0.4843448913907614
4878.0 0.48640327454519666
4880.0 0.4917929415052553
4882.0 0.49351474646949317
4884.0 0.4951853506003634
4886.0 0.500423345603946
4888.0 0.5021083926577483
4890.0 0.5038793241211352
4892.0 0.506744627515821
4894.0 0.5096175888671537
4896.0 0.5105836605105923
4898.0 0.5097269151388625
4900.0 0.5117390675539568
4902.0 0.5223710597890662
4904.0 0.522809456172807
4906.0 0.5234132553241038
4908.0 0.5263603050158017
4910.0 0.5287423301391443
4912.0 0.5292125955576787
4914.0 0.5261917749447175
4916.0 0.5326017821383058
4918.0 0.5309173040029554
4920.0 0.5245105170615675
4922.0 0.5246399550240798
4924.0 0.5227025833012046
4926.0 0.5191422408447119
4928.0 0.521596164174921
4930.0 0.5191908055996189
4932.0 0.5158693859262511
4934.0 0.5119173835500124
4936.0 0.5070855877275701
4938.0 0.5057934925768778
4940.0 0.5060266371693309
4942.0 0.5040836803175627
4944.0 0.5031546629295117
4946.0 0.4984322769445948
4948.0 0.4932642956058946
4950.0 0.4923500782792075
4952.0 0.49057170793072036
4954.0 0.48102576935515906
4956.0 0.4808724929556551
4958.0 0.48267897284781885
4960.0 0.4797462119734586
4962.0 0.47772822368858064
4964.0 0.4750820490842903
4966.0 0.4737496258927555
4968.0 0.4710028976723432
4970.0 0.46735991867346244
4972.0 0.4645114350706995
4974.0 0.4661098734018495
4976.0 0.4660797925315785
4978.0 0.4621948842856115
4980.0 0.45911088134708655
4982.0 0.46093641353965975
4984.0 0.46128036730072947
4986.0 0.4542360896184892
4988.0 0.45758652186550325
4990.0 0.4576201056962402
4992.0 0.45868487831478555
4994.0 0.4612908894415025
4996.0 0.4588144612698355
4998.0 0.4628659545145746
5000.0 0.4601592577746025
5002.0 0.4570331538395362
5004.0 0.4584230692509394
5006.0 0.4581311358471823
5008.0 0.4599788973204229
5010.0 0.4628212969636458
5012.0 0.46149375044746865
5014.0 0.4637825270773706
5016.0 0.4702085159979167
5018.0 0.4740047660682493
5020.0 0.47461037953469604
5022.0 0.47384509688829546
5024.0 0.47558875837162656
5026.0 0.48161356132699196
5028.0 0.47697166890255527
5030.0 0.4794453654352829
5032.0 0.4839313931604533
5034.0 0.4849901425255964
5036.0 0.48601871900843663
5038.0 0.4859202585163237
5040.0 0.48885305185530603
5042.0 0.4888347090064906
5044.0 0.48934849335209296
5046.0 0.493632880897977
5048.0 0.49778971575866293
5050.0 0.498797446591353
5052.0 0.49989746267281737
5054.0 0.5039151017041151
5056.0 0.5036440130388649
5058.0 0.5020214676486773
5060.0 0.5083794289778675
5062.0 0.5144785460523004
5064.0 0.5207431447080886
5066.0 0.5221803224141015
5068.0 0.5216070604312045
5070.0 0.5222987957482346
5072.0 0.5166694117706487
5074.0 0.5243650178764988
5076.0 0.5322088924212657
5078.0 0.5334011649521729
5080.0 0.5348096717790225
5082.0 0.5382791591765017
5084.0 0.5341476090243327
5086.0 0.534408147599261
5088.0 0.5365274638132278
5090.0 0.5351323623279807
5092.0 0.5365065830701752
5094.0 0.5391078126005819
5096.0 0.5430159793818169
5098.0 0.5465654256078186
5100.0 0.5442204107531208
5102.0 0.5457146045172402
5104.0 0.5493346931137771
5106.0 0.5484310241797573
5108.0 0.5516377677397235
5110.0 0.5574487590592729
5112.0 0.5587012949212402
5114.0 0.5571311740659308
5116.0 0.5550483772299092
5118.0 0.5573234183222209
5120.0 0.5596308609805379
5122.0 0.5566443095038047
5124.0 0.5574938289324163
5126.0 0.5643230703976604
5128.0 0.5676785914725001
5130.0 0.5693722854647737
5132.0 0.5687297494237412
5134.0 0.5713612740310138
5136.0 0.5741891425326073
5138.0 0.580501056227911
5140.0 0.5864567474187178
5142.0 0.5826050658874359
5144.0 0.5872895540592434
5146.0 0.5963098358926712
5148.0 0.6015942992653414
5150.0 0.6034521886450978
5152.0 0.6018219259698343
5154.0 0.6073804696502133
5156.0 0.6096989521442682
5158.0 0.6113068397030207
5160.0 0.6152380180153557
5162.0 0.6158771769320437
5164.0 0.6180878003020965
5166.0 0.6197742873620927
5168.0 0.6239143806892009
5170.0 0.6235565889010621
5172.0 0.6229635814776147
5174.0 0.6234324802957238
5176.0 0.6250331352936397
5178.0 0.6286756954653048
5180.0 0.6331781876700924
5182.0 0.6382024786485228
5184.0 0.6424120877018146
5186.0 0.6406453117715307
5188.0 0.6419639263720643
5190.0 0.6437123850776265
5192.0 0.6448132617855373
5194.0 0.6478695805646948
5196.0 0.6470865292239122
5198.0 0.6479148045472012
5200.0 0.6480794287342209
5202.0 0.6402481730753569
5204.0 0.6411965576836495
5206.0 0.6373119437081177
5208.0 0.6407236077648967
5210.0 0.6357128397169902
5212.0 0.6360881777497658
5214.0 0.6356621715359062
5216.0 0.6316139493772804
5218.0 0.6297439303243606
5220.0 0.6245923096561002
5222.0 0.622471701717858
5224.0 0.6265236985606936
5226.0 0.6255229424414652
5228.0 0.6250588630785949
5230.0 0.6243310076220062
5232.0 0.6186727814768037
5234.0 0.6129910028195349
5236.0 0.6127972436490545
5238.0 0.6135050751761846
5240.0 0.6124932358462233
5242.0 0.6119827652138802
5244.0 0.6156526489666047
5246.0 0.6153931956143256
5248.0 0.6161532919659647
5250.0 0.6155353950510556
5252.0 0.6174581799855519
5254.0 0.616841946829001
5256.0 0.6164596644880519
5258.0 0.6239342033064099
5260.0 0.6215318281549734
5262.0 0.6212502292811544
5264.0 0.6267553668687659
5266.0 0.6258861556563236
5268.0 0.6280674585317212
5270.0 0.6313321631217133
5272.0 0.6303377463461328
5274.0 0.631218365792849
5276.0 0.629845139575431
5278.0 0.6298449013836228
5280.0 0.6278895589892897
5282.0 0.623829582099024
5284.0 0.6243767789528151
5286.0 0.6259632753076964
5288.0 0.6204993550266146
5290.0 0.6196985660570737
5292.0 0.6274765578821105
5294.0 0.6253163877400517
5296.0 0.6275691142796469
5298.0 0.6277054070522795
5300.0 0.6255449167791918
5302.0 0.6265118803538667
5304.0 0.6279847787653446
5306.0 0.6259494029525435
5308.0 0.6240765859632936
5310.0 0.6273475643544464
5312.0 0.6226768657230496
5314.0 0.6237636505150539
5316.0 0.6246883988484493
5318.0 0.6253572785033681
5320.0 0.6300570557697598
5322.0 0.6288847095367784
5324.0 0.6310426536846672
5326.0 0.6302004627695061
5328.0 0.624787787765071
5330.0 0.6257877141792226
5332.0 0.6247825075446531
5334.0 0.6262640344800129
5336.0 0.6243132100708381
5338.0 0.6201101353177155
5340.0 0.617758403991522
5342.0 0.6198718979146107
5344.0 0.6200788274343235
5346.0 0.6223693521697035
5348.0 0.6239986176159458
5350.0 0.624051310023868
5352.0 0.6275508859512813
5354.0 0.6254825564709244
5356.0 0.6255966245183872
5358.0 0.6255100499775518
5360.0 0.6275366170465148
5362.0 0.6287256743675114
5364.0 0.6240840327428087
5366.0 0.6215294536828686
5368.0 0.6225508837099412
5370.0 0.6201651532318089
5372.0 0.6166506921267325
5374.0 0.6150108522816634
5376.0 0.6135385491844203
5378.0 0.6141007138617537
5380.0 0.6112568311777572
5382.0 0.6056199578732695
5384.0 0.6026390664461716
5386.0 0.6029105032090376
5388.0 0.6021037294866247
5390.0 0.6078096678949954
5392.0 0.6055481604637615
5394.0 0.6040379553614366
5396.0 0.6041179460592649
5398.0 0.6005134326452032
5400.0 0.5977868305403685
5402.0 0.5931741840266425
5404.0 0.5945875309796632
5406.0 0.595065017142062
5408.0 0.5889468894307979
5410.0 0.5821170383024561
5412.0 0.5794962304428766
5414.0 0.5825723616019272
5416.0 0.5838196968059362
5418.0 0.5832803593843648
5420.0 0.5841485585881366
5422.0 0.5790630044664544
5424.0 0.5803331987223697
5426.0 0.5740931085434087
5428.0 0.5731516375605091
5430.0 0.577080527124482
5432.0 0.5758534729932643
5434.0 0.5760119054504513
5436.0 0.5751252986011667
5438.0 0.5767291331748182
5440.0 0.5749885705225384
5442.0 0.5746370766386235
5444.0 0.577033352454754
5446.0 0.5820969277266025
5448.0 0.5827190548043731
5450.0 0.5829002726085517
5452.0 0.5860197042884122
5454.0 0.5901206535565335
5456.0 0.5908989441340502
5458.0 0.5908628772776687
5460.0 0.5909711013603314
5462.0 0.5917689554057715
5464.0 0.597280195761654
5466.0 0.5982364160776545
5468.0 0.6011453613731602
5470.0 0.6072983050372988
5472.0 0.6058151728302756
5474.0 0.6079638561549829
5476.0 0.6123561392242227
5478.0 0.6132097050596242
5480.0 0.6115406455789452
5482.0 0.6141326218931242
5484.0 0.6148339540566493
5486.0 0.6181937496092245
5488.0 0.613997143665642
5490.0 0.6184102636818943
5492.0 0.6285463038201226
5494.0 0.6228255137332989
5496.0 0.6224869426168599
5498.0 0.6208997487686112
5500.0 0.6143936302375704
5502.0 0.6147639522578667
5504.0 0.6137557955179933
5506.0 0.6153030013329914
5508.0 0.6142076716624219
5510.0 0.6197765022857945
5512.0 0.6163348472482658
5514.0 0.6115781422204462
5516.0 0.6142603950982646
5518.0 0.6149487923453871
5520.0 0.6090731738578674
5522.0 0.6085899929031989
5524.0 0.6034750129965499
5526.0 0.601926662108925
5528.0 0.600192465775497
5530.0 0.5989283859394483
5532.0 0.5983666157933447
5534.0 0.5971723440046568
5536.0 0.5941023273615815
5538.0 0.5926534496265385
5540.0 0.5891982516321211
5542.0 0.5903892984186236
5544.0 0.5912087795933572
5546.0 0.5900996821728378
5548.0 0.5866946292401121
5550.0 0.5854262503111409
5552.0 0.5866997296250088
5554.0 0.5867486416338539
5556.0 0.5885097950076174
5558.0 0.5871171890058571
5560.0 0.5840020513712242
5562.0 0.5825229240891121
5564.0 0.5831801126894821
5566.0 0.5819052041074028
5568.0 0.5814438397667933
5570.0 0.5752478878415018
5572.0 0.5760702260474095
5574.0 0.5771246505076013
5576.0 0.5763683541187865
5578.0 0.5715530926615631
5580.0 0.5677204655552351
5582.0 0.5685912864109034
5584.0 0.5617276424271354
5586.0 0.5580075733320154
5588.0 0.5580634896699704
5590.0 0.5583420998619399
5592.0 0.5571254421239417
5594.0 0.5514511209963489
5596.0 0.5484574815256856
5598.0 0.5441050274853025
5600.0 0.5415502678402256
5602.0 0.5412706140746286
5604.0 0.5380513236268968
5606.0 0.5414586159776811
5608.0 0.5383512593987312
5610.0 0.5347665857008144
5612.0 0.5311462373678035
5614.0 0.5284313122759905
5616.0 0.5268450260740678
5618.0 0.5223252845303216
5620.0 0.5212271882929218
5622.0 0.5161799845003471
5624.0 0.5150027309455445
5626.0 0.509525472088347
5628.0 0.5077161319073996
5630.0 0.5090996974993082
5632.0 0.5072465136611457
5634.0 0.506575564227583
5636.0 0.5031566237540729
5638.0 0.5028615242166639
5640.0 0.4993761200995289
5642.0 0.4967096275143406
5644.0 0.49402807347300015
5646.0 0.4925217130856276
5648.0 0.4921902298656966
5650.0 0.48799988242485154
5652.0 0.4884412560176011
5654.0 0.4862812180420002
5656.0 0.4844489365743297
5658.0 0.4837363874382022
5660.0 0.4760503515600955
5662.0 0.4744596990096214
5664.0 0.47260179516507067
5666.0 0.4726970879791102
5668.0 0.4701396133779974
5670.0 0.46559395276314736
5672.0 0.46646085337528825
5674.0 0.4614249441603803
5676.0 0.4573668108429733
5678.0 0.45539453757405524
5680.0 0.4571953375828025
5682.0 0.4553451906093749
5684.0 0.4541568061776289
5686.0 0.45022185998413566
5688.0 0.44835879122944605
5690.0 0.4480897012115347
5692.0 0.44573147106515143
5694.0 0.44560545189811823
5696.0 0.4434093940858659
5698.0 0.44228245452651177
5700.0 0.4409324844309428
5702.0 0.4397934498586882
5704.0 0.43811036710759726
5706.0 0.4410619344430061
5708.0 0.44133990516153726
5710.0 0.4407256955433233
5712.0 0.44076796491317877
5714.0 0.44314349836660966
5716.0 0.44550658455410996
5718.0 0.439471346335641
5720.0 0.440729424205004
5722.0 0.4435708004933544
5724.0 0.4450197352402946
5726.0 0.4424352473256052
5728.0 0.4461806618969963
5730.0 0.44806416866165166
5732.0 0.45054674097408653
5734.0 0.4491423621342732
5736.0 0.4489209472897591
5738.0 0.4486126036431123
5740.0 0.45210820317873224
5742.0 0.45461433539279833
5744.0 0.45655414614063594
5746.0 0.46214664786973436
5748.0 0.46694112227543894
5750.0 0.4672416529443936
5752.0 0.47202455614151223
5754.0 0.4736795969583637
5756.0 0.47201965751226077
5758.0 0.47329858131366254
5760.0 0.47786500859462766
5762.0 0.4819005060848782
5764.0 0.4852790298157409
5766.0 0.4916599888942948
5768.0 0.49299039320900434
5770.0 0.49818616824121614
5772.0 0.4984983274241122
5774.0 0.49953465668100044
5776.0 0.5000601692833367
5778.0 0.5039227237077459
5780.0 0.507417875356496
5782.0 0.5119580226111247
5784.0 0.5138869798938426
5786.0 0.5187911109952154
5788.0 0.5186617548528925
5790.0 0.5220103712634079
5792.0 0.5307065114269243
5794.0 0.5324903378877998
5796.0 0.528361528758578
5798.0 0.5309107311216115
5800.0 0.532975316565676
5802.0 0.541162193041214
5804.0 0.5420063800849984
5806.0 0.5433518895317694
5808.0 0.5431373712397672
5810.0 0.5428544339479544
5812.0 0.5460757081536768
5814.0 0.5501687126021279
5816.0 0.5499268081120456
5818.0 0.5520956830439705
5820.0 0.5567359861966357
5822.0 0.558647725166943
5824.0 0.5606345568163732
5826.0 0.5615800267345264
5828.0 0.5612314865793047
5830.0 0.5626067267504491
5832.0 0.5652588058346997
5834.0 0.5671940843817392
5836.0 0.5661894017941478
5838.0 0.5694062917660714
5840.0 0.5717537643529084
5842.0 0.5692323949488567
5844.0 0.569374633461975
5846.0 0.5706177057197085
5848.0 0.5722936075467692
5850.0 0.5737602594027904
5852.0 0.5707191967898172
5854.0 0.5648840332404802
5856.0 0.5638193190000479
5858.0 0.570064089478658
5860.0 0.5729572383862576
5862.0 0.5713121741073692
5864.0 0.5694431751460487
5866.0 0.5670385417255239
5868.0 0.5678701182993539
5870.0 0.5690875993499874
5872.0 0.5681544299398783
5874.0 0.5664262520760124
5876.0 0.5639738588509698
5878.0 0.5641475299178121
5880.0 0.5656414110848641
5882.0 0.5615925824404209
5884.0 0.5607179956323459
5886.0 0.5589378948231117
5888.0 0.551251192296869
5890.0 0.5351455169250969
5892.0 0.5008629205667008
5894.0 0.4869632275849254
5896.0 0.4996873712181203
5898.0 0.5013908350505311
5900.0 0.5039292724755824
5902.0 0.5194446018660219
5904.0 0.5316863244816751
5906.0 0.5315985481234888
5908.0 0.5396875717459304
5910.0 0.5429373676029311
5912.0 0.5375981991395578
5914.0 0.5373569496221239
5916.0 0.5347857589536262
5918.0 0.5331727402462995
5920.0 0.5334509442732858
5922.0 0.5281985459216907
5924.0 0.5229360001523058
5926.0 0.5159004575784321
5928.0 0.511459168645647
5930.0 0.5121781560268647
5932.0 0.5135004405916964
5934.0 0.5088876180423291
5936.0 0.5034110171097326
5938.0 0.5001035377803226
5940.0 0.5019009476454723
5942.0 0.497910258786476
5944.0 0.49526312070536016
5946.0 0.4967976391811247
5948.0 0.4971499488446161
5950.0 0.49406977911566763
5952.0 0.4898046175777162
5954.0 0.49147984534336964
5956.0 0.48414079228994017
5958.0 0.4797256482665367
5960.0 0.4760941640563626
5962.0 0.4722214079685012
5964.0 0.46963519068450477
5966.0 0.46825622919094967
5968.0 0.4686398380535907
5970.0 0.46749043610867935
5972.0 0.4663244287646129
5974.0 0.4606469222432332
5976.0 0.45720852975531
5978.0 0.4577922949290839
5980.0 0.45546061463696624
5982.0 0.45191546096490337
5984.0 0.45034160747684576
5986.0 0.4507245937730103
5988.0 0.44787068657714
5990.0 0.4425790417095654
5992.0 0.4407822180378422
5994.0 0.4396390731422169
5996.0 0.44038565993677004
5998.0 0.43825916897452627
6000.0 0.4336145481039463
6002.0 0.4335919977665027
6004.0 0.43002073736238516
6006.0 0.4260557037262032
6008.0 0.4263918728215151
6010.0 0.42208228565031813
6012.0 0.4202019892913948
6014.0 0.4196768670842297
6016.0 0.41924836801739335
6018.0 0.41586313122319885
6020.0 0.41600978129169414
6022.0 0.40994766375287456
6024.0 0.40671691451401154
6026.0 0.40522101803035
6028.0 0.4013164282536505
6030.0 0.4002568635402142
6032.0 0.3975628086572939
6034.0 0.39952144251472216
6036.0 0.40215964106570096
6038.0 0.4009869994068317
6040.0 0.3965032170483317
6042.0 0.3945323179950339
6044.0 0.393667811129965
6046.0 0.3901792396465934
6048.0 0.38721798714858463
6050.0 0.38376034004946163
6052.0 0.38147065922449047
6054.0 0.3788245702770841
6056.0 0.3771638076149077
6058.0 0.3776416303029647
6060.0 0.3757716766147036
6062.0 0.36915723223216307
6064.0 0.36688068479957936
6066.0 0.36686213361595393
6068.0 0.360773199565682
6070.0 0.3601940848880116
6072.0 0.3551242412286765
6074.0 0.3493363859494093
6076.0 0.3422161245680999
6078.0 0.33599933991639785
6080.0 0.3309045499477038
6082.0 0.32543861449665046
6084.0 0.31917173508110885
6086.0 0.3127682649331963
6088.0 0.3094376414053408
6090.0 0.3039426098154495
6092.0 0.3000858599472714
6094.0 0.29530859141025534
6096.0 0.29283078159382353
6098.0 0.2896141882212121
6100.0 0.2860598731391771
6102.0 0.28583758280494087
6104.0 0.28158311490814614
6106.0 0.2772699987591933
6108.0 0.27617316845130635
6110.0 0.2729396298582771
6112.0 0.2724918398954988
6114.0 0.27116394007305017
6116.0 0.2675264086242413
6118.0 0.26860201019934615
6120.0 0.2697724179184915
6122.0 0.2686962121091325
6124.0 0.26713426965102244
6126.0 0.26808014440490935
6128.0 0.2711622694697724
6130.0 0.27233894730081987
6132.0 0.27240376985630915
6134.0 0.27431557602425816
6136.0 0.2756590939299875
6138.0 0.2757000645546141
6140.0 0.2788233384259114
6142.0 0.28024292080387203
6144.0 0.278066300520589
6146.0 0.2815367389621334
6148.0 0.28647362413007377
6150.0 0.2906103092051397
6152.0 0.2944184087148568
6154.0 0.2994992928462671
6156.0 0.30502775436864993
6158.0 0.3132218601352455
6160.0 0.3186126193636912
6162.0 0.3217401753844747
6164.0 0.3246648804048843
6166.0 0.33177099231446977
6168.0 0.3361347138061196
6170.0 0.3379970581260187
6172.0 0.3378617517906958
6174.0 0.3425064906613666
6176.0 0.34493640634157374
6178.0 0.34791101785935796
6180.0 0.349737156206048
6182.0 0.3529167737424863
6184.0 0.35534710182517254
6186.0 0.3549016599547035
6188.0 0.35153555261354474
6190.0 0.3558801436559295
6192.0 0.36283609823421376
6194.0 0.36372825831381717
6196.0 0.36300428905107573
6198.0 0.36575012618347935
6200.0 0.370239677551959
6202.0 0.3700313863500663
6204.0 0.3727836872302223
6206.0 0.37138995354849325
6208.0 0.37203991356132693
6210.0 0.3718976921276004
6212.0 0.3734102569499756
6214.0 0.37759050963002655
6216.0 0.3766369109506722
6218.0 0.37400992930398824
6220.0 0.3730485134484388
6222.0 0.37659089163608267
6224.0 0.37968230233623557
6226.0 0.37936396057310445
6228.0 0.3823474439835785
6230.0 0.38558430941848126
6232.0 0.3820582162705255
6234.0 0.3824525589486778
6236.0 0.3864234371753386
6238.0 0.38413864271385834
6240.0 0.38433791103763465
6242.0 0.38788091589897217
6244.0 0.38592893123632793
6246.0 0.3853775987197051
6248.0 0.38970414192935393
6250.0 0.3900948403896676
6252.0 0.387998008682915
6254.0 0.3856225491597327
6256.0 0.38565932759812444
6258.0 0.3877160344341738
6260.0 0.39055575725766084
6262.0 0.38594957342655584
6264.0 0.3931794962046088
6266.0 0.39098813914376296
6268.0 0.38525774146180813
6270.0 0.3833302505241174
6272.0 0.3809902351697758
6274.0 0.38241361882161257
6276.0 0.38315278989442747
6278.0 0.3827791150500794
6280.0 0.38167743971180274
6282.0 0.38052386743110395
6284.0 0.38024885211888987
6286.0 0.37918510256072624
6288.0 0.37874982293144793
6290.0 0.3794219045576559
6292.0 0.37974345982319785
6294.0 0.37956578171391087
6296.0 0.38201279394384147
6298.0 0.3840776079334473
6300.0 0.38049171722674746
6302.0 0.38160352419757426
6304.0 0.38486528243413587
6306.0 0.37935464292493043
6308.0 0.3830760726142318
6310.0 0.3830556808170303
6312.0 0.3828053265965143
6314.0 0.383358110407164
6316.0 0.3829799094122202
6318.0 0.3851131354361346
6320.0 0.38359323473643875
6322.0 0.38440670037089747
6324.0 0.3852277265813267
6326.0 0.3830775473728134
6328.0 0.3834531968176699
6330.0 0.3849663193702797
6332.0 0.38423528115547745
6334.0 0.38051218719818086
6336.0 0.385059282659932
6338.0 0.3916707519272664
6340.0 0.388799159436767
6342.0 0.38897588916737835
6344.0 0.38846312423793167
6346.0 0.38878110916307024
6348.0 0.3896973316588931
6350.0 0.39202390353122474
6352.0 0.39031486111188535
6354.0 0.38953616651784573
6356.0 0.3880162708400922
6358.0 0.3883142753090181
6360.0 0.3927834748544395
6362.0 0.393121864010614
6364.0 0.3928367151894471
6366.0 0.3961921855174676
6368.0 0.3931643861618444
6370.0 0.39362273800752656
6372.0 0.39926940494855007
6374.0 0.39630733807110613
6376.0 0.39406466887548314
6378.0 0.3952117547641796
6380.0 0.39768352771159676
6382.0 0.39706365229857166
6384.0 0.3947806263013351
6386.0 0.39833473629975935
6388.0 0.4001859824497566
6390.0 0.400773004753034
6392.0 0.4048325380770235
6394.0 0.40132419697304195
6396.0 0.4003561546962302
6398.0 0.4032765657531397
6400.0 0.40266365952132016
6402.0 0.4028281859470988
6404.0 0.405057678383499
6406.0 0.40932924637695556
6408.0 0.40750713986850234
6410.0 0.4075574431852165
6412.0 0.40954481228943423
6414.0 0.4102127765952427
6416.0 0.4068333215264315
6418.0 0.40684068572353566
6420.0 0.4110507893336287
6422.0 0.41348189350486547
6424.0 0.4120347318223461
6426.0 0.4150143693372781
6428.0 0.41588360568030797
6430.0 0.416396316862061
6432.0 0.41665474075518727
6434.0 0.41813626083736727
6436.0 0.4166659693673697
6438.0 0.4192674399333479
6440.0 0.42086902725570674
6442.0 0.417121100660237
6444.0 0.41773829758798
6446.0 0.4205400838632658
6448.0 0.4190163536687024
6450.0 0.4168775627362686
6452.0 0.4209105584953108
6454.0 0.4222031689668985
6456.0 0.42261474967026497
6458.0 0.42580368076265285
6460.0 0.42417562923986507
6462.0 0.42309669714644943
6464.0 0.42411161918810025
6466.0 0.42714060381162244
6468.0 0.4281988143469926
6470.0 0.42858135874804837
6472.0 0.42467490323785084
6474.0 0.42590054127986304
6476.0 0.42713410992693535
6478.0 0.4277852488158502
6480.0 0.42809460501601765
6482.0 0.4270563628434684
6484.0 0.42591396353351624
6486.0 0.42420901614636625
6488.0 0.425927751508878
6490.0 0.4246998944891255
6492.0 0.4276209716660223
6494.0 0.4263353264593819
6496.0 0.425721548019037
6498.0 0.4280657796845791
6500.0 0.4264488085922649
6502.0 0.4275276380776702
6504.0 0.42689117418797745
6506.0 0.42299380193771013
6508.0 0.4213463018652582
6510.0 0.4230623582251605
6512.0 0.4194853982143927
6514.0 0.4172303142378525
6516.0 0.4167222850984993
6518.0 0.41665704506046186
6520.0 0.41953315530112517
6522.0 0.41710084713095574
6524.0 0.4135754212558679
6526.0 0.4162099861681549
6528.0 0.4135326323253994
6530.0 0.41127147014755494
6532.0 0.41232846215220587
6534.0 0.4103257238756084
6536.0 0.4092217996207847
6538.0 0.40718645548766
6540.0 0.4057903510056043
6542.0 0.4049678565003571
6544.0 0.4024812115722042
6546.0 0.40169862053491784
6548.0 0.40185963845103106
6550.0 0.40159897195446936
6552.0 0.40004505552014646
6554.0 0.4006643163991637
6556.0 0.3968145990243816
6558.0 0.39285550963415217
6560.0 0.3940406157234264
6562.0 0.392448227014165
6564.0 0.3892490238789419
6566.0 0.38807361668850515
6568.0 0.3833603902735571
6570.0 0.3824356347888415
6572.0 0.3854836591254993
6574.0 0.3777608763502594
6576.0 0.3758808419849978
6578.0 0.3748589302139605
6580.0 0.37364525451236885
6582.0 0.3704692386131633
6584.0 0.368568278925482
6586.0 0.3659189728346483
6588.0 0.36808059403724136
6590.0 0.3647123432967799
6592.0 0.3605171342198111
6594.0 0.35739666764822625
6596.0 0.35683819945624606
6598.0 0.3586739820613842
6600.0 0.3536810511780818
6602.0 0.3500190625305708
6604.0 0.34892340130019966
6606.0 0.34576488311078524
6608.0 0.3448638104655373
6610.0 0.3421001908939571
6612.0 0.3400454690927784
6614.0 0.34064296441419795
6616.0 0.3375160776177958
6618.0 0.3345799359534033
6620.0 0.32862244232899535
6622.0 0.3296638472451623
6624.0 0.32879169304863154
6626.0 0.32512933481695344
6628.0 0.32343240423148234
6630.0 0.3231983773616372
6632.0 0.3182679879097634
6634.0 0.31941859426576014
6636.0 0.31709069473527524
6638.0 0.31461207019230303
6640.0 0.31347150806993046
6642.0 0.31266045767654566
6644.0 0.30996601619581476
6646.0 0.308745823971599
6648.0 0.3075421278598333
6650.0 0.3058651991261927
6652.0 0.3009760117288492
6654.0 0.30084996186364155
6656.0 0.2990911463220945
6658.0 0.29573155054289163
6660.0 0.2957059209748686
6662.0 0.2944281860725302
6664.0 0.2887520589385481
6666.0 0.28856754189438727
6668.0 0.28955754443600856
6670.0 0.2865453673339694
6672.0 0.2829812517002549
6674.0 0.2809314591331523
6676.0 0.2798748886299492
6678.0 0.2796713109195276
6680.0 0.27821773371796954
6682.0 0.2744601976678323
6684.0 0.27227600755153564
6686.0 0.2736505998263127
6688.0 0.27262603863861207
6690.0 0.2716242825330378
6692.0 0.26822478274088185
6694.0 0.2670467426137695
6696.0 0.2652942347205459
6698.0 0.26295183194832716
6700.0 0.26296811940073217
6702.0 0.26157458449372567
6704.0 0.2575711719682729
6706.0 0.2598465698962775
6708.0 0.25815177300994935
6710.0 0.254924341691473
6712.0 0.2561346873267775
6714.0 0.2571941798760449
6716.0 0.25695510040358904
6718.0 0.253117878310412
6720.0 0.25199120097136174
6722.0 0.25252050363957573
6724.0 0.2535854708005289
6726.0 0.25269695042378953
6728.0 0.2511776442083251
6730.0 0.2469566566723337
6732.0 0.24434129681964667
6734.0 0.2443232714773868
6736.0 0.2436063096185084
6738.0 0.2453133222461305
6740.0 0.24667688837567586
6742.0 0.24551193408748587
6744.0 0.24511440512714247
6746.0 0.24454198151492101
6748.0 0.245664462855422
6750.0 0.24458502485603037
6752.0 0.2431282989764817
6754.0 0.24547759965449517
6756.0 0.2448169745091116
6758.0 0.24325530400909576
6760.0 0.24651666840381886
6762.0 0.24520531205600388
6764.0 0.2462363330377519
6766.0 0.23985281335407949
6768.0 0.23896778950021214
6770.0 0.23880617800638884
6772.0 0.24069299157383064
6774.0 0.24013414426308624
6776.0 0.23851944193951904
6778.0 0.23999361836190966
6780.0 0.24040812367038622
6782.0 0.23830037335170912
6784.0 0.237065879998806
6786.0 0.2403483913131146
6788.0 0.2407378198273879
6790.0 0.23702345946951422
6792.0 0.2361752214932141
6794.0 0.2383245777892637
6796.0 0.23688553613912391
6798.0 0.23758202800315945
6800.0 0.23889142563515425
6802.0 0.24048546898257456
6804.0 0.23606352038356726
6806.0 0.23481055057649225
6808.0 0.23522842788803966
6810.0 0.2332041457793416
6812.0 0.23603686346703817
6814.0 0.23383659798947487
6816.0 0.23226321612303205
6818.0 0.23181376981176702
6820.0 0.2296113854595658
6822.0 0.22919920665419907
6824.0 0.2269246807621758
6826.0 0.22716884834774426
6828.0 0.22688898491550472
6830.0 0.22738100256681118
6832.0 0.22465565471675272
6834.0 0.2271811119048739
6836.0 0.22769595334993212
6838.0 0.23020579124411641
6840.0 0.2274801689326365
6842.0 0.2256174426041877
6844.0 0.22718938773443623
6846.0 0.2265019763367673
6848.0 0.22713490034930348
6850.0 0.22517999756205526
6852.0 0.22492498442358727
6854.0 0.22457771553615666
6856.0 0.22173385936598994
6858.0 0.221982234470267
6860.0 0.22066026979683745
6862.0 0.2211767179844813
6864.0 0.21927122180441674
6866.0 0.22431364668072695
6868.0 0.22438307991207163
6870.0 0.22125894725311343
6872.0 0.2242431481224576
6874.0 0.22418488121949248
6876.0 0.22210846687661603
6878.0 0.22212525452350312
6880.0 0.22005745009475927
6882.0 0.21774621694167298
6884.0 0.22201775666780085
6886.0 0.2219237138772788
6888.0 0.22127911792271193
6890.0 0.21971901942612773
6892.0 0.21854565260574454
6894.0 0.21941651326375616
6896.0 0.2197022097734494
6898.0 0.21970610121210746
6900.0 0.22108368591678873
6902.0 0.22052583206319046
6904.0 0.2170148121186836
6906.0 0.2194207559968889
6908.0 0.21833553173974932
6910.0 0.21889265312200426
6912.0 0.2162832069649303
6914.0 0.2168961058974338
6916.0 0.2175637610781655
6918.0 0.2174406215553803
6920.0 0.2164278148296704
6922.0 0.2192814255015041
6924.0 0.2174891311850759
6926.0 0.2156871651649473
6928.0 0.21905815509761556
6930.0 0.2188001731006465
6932.0 0.21505872576470383
6934.0 0.21533925509257712
6936.0 0.2156311866050631
6938.0 0.21488473256196852
6940.0 0.21217463220169216
6942.0 0.21604679089257534
6944.0 0.21932219287606222
6946.0 0.2173189888973989
6948.0 0.2142525083990079
6950.0 0.21282296560365913
6952.0 0.2125176399464942
6954.0 0.21279976002950643
6956.0 0.2143452047794849
6958.0 0.21643998165188094
6960.0 0.2146886494309956
6962.0 0.21337295491494804
6964.0 0.21051351806502788
6966.0 0.20957620996682721
6968.0 0.21122336680306153
6970.0 0.20935047164450524
6972.0 0.20839505437074107
6974.0 0.21080182640036954
6976.0 0.2079638281860953
6978.0 0.20395196493746173
6980.0 0.20591294389213904
6982.0 0.2056010953745443
6984.0 0.2048875729343265
6986.0 0.20621756737463862
6988.0 0.20591308593717428
6990.0 0.20402671823342164
6992.0 0.20387132497271948
6994.0 0.2034847147211002
6996.0 0.20231848157069426
6998.0 0.20650338150414502
7000.0 0.2069159778022694
7002.0 0.20532247562956799
7004.0 0.2038053428208145
7006.0 0.20173566550566682
7008.0 0.200942060390256
7010.0 0.20203148373151528
7012.0 0.1989177618782823
7014.0 0.2006604120668965
7016.0 0.20172124783728596
7018.0 0.1989461053115998
7020.0 0.1993549040171384
7022.0 0.19779357621880267
7024.0 0.19903460488209926
7026.0 0.1991036238556949
7028.0 0.19834120590132556
7030.0 0.1991326472476806
7032.0 0.19965348556926266
7034.0 0.20098451790505195
7036.0 0.1989235880379301
7038.0 0.19749663492696481
7040.0 0.19576746918067625
7042.0 0.1952246792508907
7044.0 0.19795142889000042
7046.0 0.19677823427278412
7048.0 0.19679500298491295
7050.0 0.19814524279520815
7052.0 0.1981513991451992
7054.0 0.19891831326638448
7056.0 0.19887515309248488
7058.0 0.19888910217141506
7060.0 0.20155061429663004
7062.0 0.20001556322175376
7064.0 0.2008113473276229
7066.0 0.2009572598145093
7068.0 0.19845094944661004
7070.0 0.19997638185831965
7072.0 0.1995240958905505
7074.0 0.19871089472810238
7076.0 0.19592703758565638
7078.0 0.1974714984932235
7080.0 0.19932284626746943
7082.0 0.1986510205854461
7084.0 0.19849379668091097
7086.0 0.20191657236821492
7088.0 0.19867578766063923
7090.0 0.199926567577949
7092.0 0.2033710603871235
7094.0 0.20215170209226266
7096.0 0.20242777282470764
7098.0 0.201342729188586
7100.0 0.19937662935399014
7102.0 0.202551148562528
7104.0 0.20330434707420925
7106.0 0.20484424513158572
7108.0 0.2060976017117232
7110.0 0.20351717267733915
7112.0 0.2055995882819468
7114.0 0.20876548699660863
7116.0 0.20511725578895706
7118.0 0.20274782903155744
7120.0 0.2049245380006205
7122.0 0.20486747567971447
7124.0 0.2040538540025602
7126.0 0.20407654096648747
7128.0 0.20557510918067018
7130.0 0.21030775170759647
7132.0 0.21151226108297083
7134.0 0.21445637467562434
7136.0 0.21228455419617417
7138.0 0.20606235485496088
7140.0 0.20647881187862138
7142.0 0.20770614562144596
7144.0 0.20631181407868004
7146.0 0.2094897701607814
7148.0 0.20646311821050703
7150.0 0.2080282545481867
7152.0 0.20565333175602118
7154.0 0.20429641424189085
7156.0 0.20615518879659467
7158.0 0.20702447499418583
7160.0 0.20862897512954764
7162.0 0.20995735079637917
7164.0 0.21230788262195835
7166.0 0.2138956090539158
7168.0 0.21247608449758867
7170.0 0.21058255769996717
7172.0 0.2146846428917026
7174.0 0.21722427626314553
7176.0 0.21561212769183968
7178.0 0.2120257074826232
7180.0 0.20913840196038067
7182.0 0.20963162595047996
7184.0 0.20646713803073308
7186.0 0.2111497852167692
7188.0 0.21071282240327727
7190.0 0.2096778394683392
7192.0 0.21104250392057033
7194.0 0.21147024629358807
7196.0 0.20957245477257938
7198.0 0.21208457193711427
7200.0 0.21000761293885647
7202.0 0.20599751321318843
7204.0 0.21003048446175646
7206.0 0.21310531915891676
7208.0 0.21704832752955508
7210.0 0.21790562994867163
7212.0 0.21366524879876067
7214.0 0.21157169342090346
7216.0 0.21293800025973209
7218.0 0.21467393532110998
7220.0 0.21746391976050997
7222.0 0.21518754597097747
7224.0 0.2138507715825201
7226.0 0.21465698981461584
7228.0 0.21495121718989713
7230.0 0.22112389939268565
7232.0 0.2212802202588524
7234.0 0.21628068134603382
7236.0 0.21338743389684264
7238.0 0.21521618571237963
7240.0 0.2122764995617377
7242.0 0.2143061327320064
7244.0 0.2141139322179534
7246.0 0.2122697737737045
7248.0 0.21290908141280912
7250.0 0.2135466118630728
7252.0 0.211026312035532
7254.0 0.20997056147316462
7256.0 0.21041562795155713
7258.0 0.2114144849066991
7260.0 0.21374133457109393
7262.0 0.21099432761672093
7264.0 0.20919885099072988
7266.0 0.2122361352260027
7268.0 0.21583189693994928
7270.0 0.21429150065484173
7272.0 0.2120515106577489
7274.0 0.21198935577396003
7276.0 0.2120636896298183
7278.0 0.2116527206228392
7280.0 0.21169767156661934
7282.0 0.21120282545197677
7284.0 0.20872549479577235
7286.0 0.2058399853071313
7288.0 0.2084125640305926
7290.0 0.21471779585175532
7292.0 0.21396987551139954
7294.0 0.2100500998107641
7296.0 0.20642951300916484
7298.0 0.20814587164055656
7300.0 0.20597580707689658
7302.0 0.2015605170839895
7304.0 0.20007951872274388
7306.0 0.1974808520613329
7308.0 0.1977902406024059
7310.0 0.19850553065220558
7312.0 0.19772651950051726
7314.0 0.19755454366666253
7316.0 0.19686999488106993
7318.0 0.19713745803954608
7320.0 0.19903094725407128
7322.0 0.19750122610890677
7324.0 0.19720182906927525
7326.0 0.19966516590528813
7328.0 0.19840514650200333
7330.0 0.20101561631499054
7332.0 0.19881347190668353
7334.0 0.1964577777743227
7336.0 0.2008057606837321
7338.0 0.19762511275526867
7340.0 0.19349285209072895
7342.0 0.19376197987686034
7344.0 0.19880403121455825
7346.0 0.19680839363889505
7348.0 0.1966431352076416
7350.0 0.1965579288399647
7352.0 0.19476328734901083
7354.0 0.19257219708740198
7356.0 0.19170689229462784
7358.0 0.19639331396091678
7360.0 0.19784425279243065
7362.0 0.19863471513368738
7364.0 0.19623532122793028
7366.0 0.19679852220589258
7368.0 0.1979162953076399
7370.0 0.19782507685363293
7372.0 0.1950054007001652
7374.0 0.1960088502001408
7376.0 0.19383522947033818
7378.0 0.19294011719670695
7380.0 0.1930071418284369
7382.0 0.192181325630689
7384.0 0.19512670540423718
7386.0 0.19627362106872642
7388.0 0.1972966162738799
7390.0 0.19457013044541596
7392.0 0.1935060897484921
7394.0 0.1938079742489498
7396.0 0.19119215361700628
7398.0 0.19275804788559686
7400.0 0.19545126082528888
7402.0 0.1938142566010165
7404.0 0.1952572102204457
7406.0 0.19822796768000195
7408.0 0.19585005668846292
7410.0 0.1953255018568934
7412.0 0.1977399761705588
7414.0 0.19506450445813128
7416.0 0.1933406375665524
7418.0 0.19249854862771268
7420.0 0.19091395440597567
7422.0 0.19023294396544274
7424.0 0.18934659189525582
7426.0 0.18765032462719716
7428.0 0.18939380779230347
7430.0 0.1927114954651385
7432.0 0.19265379606771257
7434.0 0.19273523585129704
7436.0 0.19186169674427037
7438.0 0.1913311524993758
7440.0 0.19137757772939923
7442.0 0.19141362219100438
7444.0 0.191486930520918
7446.0 0.19181582433770167
7448.0 0.19213024040685214
7450.0 0.19254769411031983
7452.0 0.1924172886483858
7454.0 0.1921544660723279
7456.0 0.19233218655486586
7458.0 0.19254534888820676
7460.0 0.19321348013768433
7462.0 0.19294676850505807
7464.0 0.19288768061876335
7466.0 0.1928343236038013
7468.0 0.19289311495758935
7470.0 0.19329804443541593
7472.0 0.19313741279716393
7474.0 0.19256354923543947
7476.0 0.19263156146246588
7478.0 0.1926529508894541
7480.0 0.1918228170866907
7482.0 0.19132043796474335
7484.0 0.19065341629642357
7486.0 0.19073714783941845
7488.0 0.1901700024280704
7490.0 0.1882770512124609
7492.0 0.18806650945893755
7494.0 0.18821047235247138
7496.0 0.18831299663954956
7498.0 0.1883330506589371
7500.0 0.1883171586039857
7502.0 0.1881854000097323
7504.0 0.18805996097568375
7506.0 0.1879332431082291
7508.0 0.18780780407418043
7510.0 0.18768193876232978
7512.0 0.1875560734504792
7514.0 0.18743020813862848
7516.0 0.18730434282677783
7518.0 0.18717847751492708
7520.0 0.18706585962869213
7522.0 0.1870654409270867
7524.0 0.1869756767925359
7526.0 0.18672587554188763
7528.0 0.18652816653010024
7530.0 0.18645557475401356
7532.0 0.18656567466008422
7534.0 0.1866192558073095
7536.0 0.18652888279369412
7538.0 0.18642460331072305
7540.0 0.18632032382775177
7542.0 0.1862160443447805
7544.0 0.18611176486180925
7546.0 0.18600748537883785
7548.0 0.18590320589586673
7550.0 0.18579892641289542
7552.0 0.1856946469299241
7554.0 0.18559036744695284
7556.0 0.18557235936812294
7558.0 0.18544610253205748
7560.0 0.18548776131708503
7562.0 0.18553413531945118
7564.0 0.18527587087688735
7566.0 0.18489948250196966
7568.0 0.18492140381501135
7570.0 0.18520794232275054
7572.0 0.1853777070409256
7574.0 0.18536246982605506
7576.0 0.18542498396838097
7578.0 0.18569663628270594
7580.0 0.18569609661613937
7582.0 0.18575832809751813
7584.0 0.1854816709930301
7586.0 0.1853934798380405
7588.0 0.185651121438241
7590.0 0.1856375519473656
7592.0 0.1859719374829281
7594.0 0.1855113139110779
7596.0 0.18581468812131238
7598.0 0.18614025934463643
7600.0 0.18599406886808567
7602.0 0.18660358621092432
7604.0 0.18772230362041833
7606.0 0.18793971051862124
7608.0 0.187633658331952
7610.0 0.18716337866802055
7612.0 0.18687966778962353
7614.0 0.18695980525592393
7616.0 0.18697538015543108
7618.0 0.18699338591270842
7620.0 0.1872214277758877
7622.0 0.18764451999504175
7624.0 0.18787282023934498
7626.0 0.18816690858094906
7628.0 0.18839050560248707
7630.0 0.18874039161315292
7632.0 0.18936896570941872
7634.0 0.18975743935568393
7636.0 0.18968336049351628
7638.0 0.18919563120291533
7640.0 0.1892065533363945
7642.0 0.18994217402240265
7644.0 0.18972919934722685
7646.0 0.189097974368444
7648.0 0.18910867679233462
7650.0 0.1891961090758119
7652.0 0.18925460805780614
7654.0 0.18996920184258068
7656.0 0.190236756838693
7658.0 0.1897423418636582
7660.0 0.1896580240451624
7662.0 0.19023452756037984
7664.0 0.19073689350091105
7666.0 0.19083150883766423
7668.0 0.19116882121386133
7670.0 0.19173134184124832
7672.0 0.19202074051956206
7674.0 0.19194237093932198
7676.0 0.19243784857032045
7678.0 0.19238994916932178
7680.0 0.1914753639965814
7682.0 0.1913546588104339
7684.0 0.19144897255502655
7686.0 0.19099411244436035
7688.0 0.1909346791433829
7690.0 0.19119099392080272
7692.0 0.19093465576307625
7694.0 0.1908019479081879
7696.0 0.19035146153509033
7698.0 0.19094354354202958
7700.0 0.19145185272313384
7702.0 0.19108292147456668
7704.0 0.1913508589640276
7706.0 0.19139687463958083
7708.0 0.19071554189271725
7710.0 0.18998440772503167
7712.0 0.190556316941347
7714.0 0.1913695090180521
7716.0 0.1911653982750844
7718.0 0.19094140949043648
7720.0 0.1907509715782089
7722.0 0.19141468067617917
7724.0 0.19267117933838687
7726.0 0.1925145608460978
7728.0 0.19199602013895362
7730.0 0.19142764183008376
7732.0 0.19076452325119503
7734.0 0.19057724833096998
7736.0 0.19060146898696023
7738.0 0.1904717298873146
7740.0 0.18940209317083986
7742.0 0.1891117706846443
7744.0 0.18974870112059583
7746.0 0.1898289319616667
7748.0 0.19031475462147038
7750.0 0.1903004982188491
7752.0 0.19062690978673674
7754.0 0.19048055521097734
7756.0 0.18972032589137003
7758.0 0.18937590937637494
7760.0 0.18952743445448897
7762.0 0.18952925394498346
7764.0 0.18919585769722544
7766.0 0.18899066466054495
7768.0 0.18901579684143455
7770.0 0.18892018751451622
7772.0 0.18880221302939132
7774.0 0.18868423854426639
7776.0 0.18856626405914154
7778.0 0.18844828957401652
7780.0 0.18833031508889156
7782.0 0.18821234060376665
7784.0 0.18809436611864178
7786.0 0.18797639163351673
7788.0 0.1878431802631856
7790.0 0.1875690064853468
7792.0 0.1873925218040604
7794.0 0.18747239222751905
7796.0 0.1874100241854524
7798.0 0.18700401169630218
7800.0 0.18726698128144345
7802.0 0.18800747483060568
7804.0 0.18855674974604197
7806.0 0.18855667870429377
7808.0 0.18855893460379416
7810.0 0.18855481129331889
7812.0 0.1878328835226085
7814.0 0.18732345177020124
7816.0 0.18719610058514077
7818.0 0.1868728748991619
7820.0 0.18702915529968925
7822.0 0.18714493439678503
7824.0 0.1868028148471152
7826.0 0.18711508720956282
7828.0 0.1869708031076469
7830.0 0.18656459943607082
7832.0 0.1869739782973038
7834.0 0.1867505778936868
7836.0 0.18617409446374703
7838.0 0.1862064048672187
7840.0 0.1856637881606762
7842.0 0.18442284753067809
7844.0 0.18447223348878625
7846.0 0.18555352036822187
7848.0 0.1855440458759982
7850.0 0.18440334409773532
7852.0 0.1841384488743745
7854.0 0.1851136673579609
7856.0 0.18515810837453656
7858.0 0.18586833950757609
7860.0 0.18712282504433045
7862.0 0.18584780888116587
7864.0 0.18463711823088755
7866.0 0.1839633309818687
7868.0 0.1841409449145483
7870.0 0.18418209530898016
7872.0 0.18381393691894832
7874.0 0.18358572196710313
7876.0 0.18331051713863056
7878.0 0.1831475533084883
7880.0 0.18268232189717154
7882.0 0.1827636504505227
7884.0 0.1831011889121775
7886.0 0.1825462307156248
7888.0 0.18227347532837543
7890.0 0.1818486898460738
7892.0 0.18140285047859006
7894.0 0.18178498160984902
7896.0 0.18198966827658375
7898.0 0.18179226449383826
7900.0 0.18209681534051936
7902.0 0.18257206490992756
7904.0 0.18289115276594242
7906.0 0.1829627590335048
7908.0 0.18242365279110073
7910.0 0.1818624512706815
7912.0 0.18144150868794978
7914.0 0.18069938416662548
7916.0 0.1802579283970823
7918.0 0.18033132787878708
7920.0 0.18043495637749707
7922.0 0.1800484035821571
7924.0 0.17913661404483966
7926.0 0.17882139473969083
7928.0 0.1795609239403371
7930.0 0.17984595345442472
7932.0 0.17972751501014306
7934.0 0.17963681896378902
7936.0 0.17885216371059792
7938.0 0.17847682740241008
7940.0 0.17881714072250512
7942.0 0.17883308580564172
7944.0 0.17930870017868916
7946.0 0.1794933216612768
7948.0 0.17897564125640414
7950.0 0.17861519789201374
7952.0 0.17855870113461605
7954.0 0.17838443114643487
7956.0 0.17918796725192776
7958.0 0.17930486789629388
7960.0 0.17900628700590546
7962.0 0.17903358844804604
7964.0 0.17892646469390086
7966.0 0.178625088902359
7968.0 0.17773474978577247
7970.0 0.17750744676739835
7972.0 0.1776604104572067
7974.0 0.17765253908347825
7976.0 0.17832739723961388
7978.0 0.17807935341722725
7980.0 0.17808352355295898
7982.0 0.17825337701625812
7984.0 0.17769207523816216
7986.0 0.1776662727569597
7988.0 0.17783243109597388
7990.0 0.17832111579812127
7992.0 0.17851894855282407
7994.0 0.17815033355823506
7996.0 0.17773402439878322
7998.0 0.17791726479322187
8000.0 0.17782786273161938
8002.0 0.1774160331334201
8004.0 0.1776339929857293
8006.0 0.17836466755287736
8008.0 0.17849147248399724
8010.0 0.17833618546503419
8012.0 0.17781235503364676
8014.0 0.17808311768712087
8016.0 0.17786395235510813
8018.0 0.17705247776877686
8020.0 0.17752684854819265
8022.0 0.17774395684774136
8024.0 0.17727980976051125
8026.0 0.17709298457250694
8028.0 0.17721788180119288
8030.0 0.17683126451971326
8032.0 0.1769039063603395
8034.0 0.17658556954668211
8036.0 0.1759561840199655
8038.0 0.17597958321441645
8040.0 0.1762574368447784
8042.0 0.17658179430107923
8044.0 0.176743248999589
8046.0 0.17663918073444118
8048.0 0.17682016946062054
8050.0 0.17693678664500123
8052.0 0.17606531520545515
8054.0 0.175615595177254
8056.0 0.1758590089118829
8058.0 0.17592549898885845
8060.0 0.17634973903280698
8062.0 0.1769137349465963
8064.0 0.17825819892246136
8066.0 0.17997644583479983
8068.0 0.1805885576826827
8070.0 0.18032588159844704
8072.0 0.18030474451496104
8074.0 0.18019155670766862
8076.0 0.17908177181962762
8078.0 0.17783634037118326
8080.0 0.17736982005099985
8082.0 0.17623961872153712
8084.0 0.17501729739473626
8086.0 0.17479188746275207
8088.0 0.17506219761892627
8090.0 0.17516124486029033
8092.0 0.1751113224939479
8094.0 0.1746082611735512
8096.0 0.17424062450217137
8098.0 0.1740552592129758
8100.0 0.17422348158750442
8102.0 0.17412890486332264
8104.0 0.17412839933073307
8106.0 0.17397478124402913
8108.0 0.17385030033168458
8110.0 0.1737649340613557
8112.0 0.17353443120294076
8114.0 0.17330510550395273
8116.0 0.1732874826364341
8118.0 0.17328886186573816
8120.0 0.17298160555329184
8122.0 0.17256367361046118
8124.0 0.17218802311433049
8126.0 0.17194449450727403
8128.0 0.17287511765158897
8130.0 0.17262382038773477
8132.0 0.1720529895561608
8134.0 0.1714601295469825
8136.0 0.1717640809977358
8138.0 0.17156942671872902
8140.0 0.17076635602063728
8142.0 0.17008052436258123
8144.0 0.17011896165784773
8146.0 0.16949160256390294
8148.0 0.16881658885880932
8150.0 0.1689280587166311
8152.0 0.16916726395518586
8154.0 0.16882069157560348
8156.0 0.16854731196515813
8158.0 0.16759105612458383
8160.0 0.16708662536692376
8162.0 0.1677240936977248
8164.0 0.16834606024792823
8166.0 0.16812733775060068
8168.0 0.16699238290358118
8170.0 0.1662457476463768
8172.0 0.16689206521712238
8174.0 0.16744581568558908
8176.0 0.16706293260571106
8178.0 0.16651286272969407
8180.0 0.16607133926596004
8182.0 0.16552352818610383
8184.0 0.16532209499064088
8186.0 0.16545931317185897
8188.0 0.16561514129704208
8190.0 0.16565715277480958
8192.0 0.1653995387936733
8194.0 0.1650971575772335
8196.0 0.16482216333702068
8198.0 0.1646617976687243
8200.0 0.1651257645803159
8202.0 0.16517993265570166
8204.0 0.16454650553714475
8206.0 0.16431602585898214
8208.0 0.16424151053758923
8210.0 0.16438185575354144
8212.0 0.16459511231278248
8214.0 0.16421628727497073
8216.0 0.16383712132887532
8218.0 0.16422483085501322
8220.0 0.16494683138336905
8222.0 0.16666027436048536
8224.0 0.16643015880370213
8226.0 0.16540240577790646
8228.0 0.16512299877395845
8230.0 0.1640092312836641
8232.0 0.16335690130790725
8234.0 0.16383272814083324
8236.0 0.16437706152382425
8238.0 0.1647215118750271
8240.0 0.16456575299325496
8242.0 0.16519042839076878
8244.0 0.16585092028171136
8246.0 0.16538032852870901
8248.0 0.16486352011992542
8250.0 0.16551280560658907
8252.0 0.16520504525746948
8254.0 0.16451233100848459
8256.0 0.16468005416462103
8258.0 0.1655993417549383
8260.0 0.1659187361651814
8262.0 0.16539756961490143
8264.0 0.16543048561615462
8266.0 0.16627547982039995
8268.0 0.1671234248550108
8270.0 0.16831950298901188
8272.0 0.1685439584431735
8274.0 0.16822259652088548
8276.0 0.16734084851353995
8278.0 0.1662609425597332
8280.0 0.16617797071230353
8282.0 0.16764860333258125
8284.0 0.16868302542934716
8286.0 0.16887341198971956
8288.0 0.1693395727567767
8290.0 0.16916889864276272
8292.0 0.16886352880622252
8294.0 0.16852702208799888
8296.0 0.16801285587220305
8298.0 0.1680208869287657
8300.0 0.16823376169759285
8302.0 0.16893146909475273
8304.0 0.1690221430451569
8306.0 0.16780629458870536
8308.0 0.16672041831737222
8310.0 0.16583863542271962
8312.0 0.16556617216393643
8314.0 0.16649739854735449
8316.0 0.16708525688588327
8318.0 0.16772512216521965
8320.0 0.16795103368040398
8322.0 0.16755281217874735
8324.0 0.167695316390602
8326.0 0.1676423731067525
8328.0 0.16699157710344115
8330.0 0.1666201532245082
8332.0 0.16681958223127416
8334.0 0.16692656343370793
8336.0 0.16692735683239307
8338.0 0.16792230960947724
8340.0 0.16800510516272496
8342.0 0.16727424696327697
8344.0 0.16692552187398402
8346.0 0.16716602583738574
8348.0 0.16768920622084638
8350.0 0.1677787459572919
8352.0 0.16734170410971133
8354.0 0.16743247480046236
8356.0 0.16779269898746832
8358.0 0.1682038180537874
8360.0 0.1682200465719794
8362.0 0.16838067616024507
8364.0 0.16817331742354988
8366.0 0.1679614164419723
8368.0 0.1682790751588021
8370.0 0.16859806840219121
8372.0 0.1687927370093227
8374.0 0.1682849140524997
8376.0 0.16883833866753864
8378.0 0.16984766562197823
8380.0 0.17009082020949526
8382.0 0.16990887285442335
8384.0 0.16990882258365994
8386.0 0.17025723333060896
8388.0 0.1702043525842652
8390.0 0.1708167113712402
8392.0 0.1715006987438834
8394.0 0.17144699711326641
8396.0 0.17205785985915112
8398.0 0.17254867734231905
8400.0 0.17307527191645064
8402.0 0.17317685183759984
8404.0 0.17285247416261482
8406.0 0.17346162486756164
8408.0 0.17436875350402856
8410.0 0.17475916843339664
8412.0 0.17543317780658937
8414.0 0.1752453757136398
8416.0 0.1753840148518739
8418.0 0.17541317329511766
8420.0 0.17571954744203494
8422.0 0.17665157731736297
8424.0 0.176718698945057
8426.0 0.17645868293582684
8428.0 0.1764957577045085
8430.0 0.17680185153671504
8432.0 0.17665692140346478
8434.0 0.17696949013242333
8436.0 0.17751525081305541
8438.0 0.1776598699559289
8440.0 0.17788438942018223
8442.0 0.17828543323081808
8444.0 0.1784388337714658
8446.0 0.1787349837106286
8448.0 0.17862869011432922
8450.0 0.17839099928011556
8452.0 0.17890458068311615
8454.0 0.18007503208184608
8456.0 0.18109613632113625
8458.0 0.18100205765459576
8460.0 0.18084977596161886
8462.0 0.18163697888169303
8464.0 0.18242314108082386
8466.0 0.18277360614068602
8468.0 0.18232781793071318
8470.0 0.18159185669481945
8472.0 0.18190030906232185
8474.0 0.18253099650793986
8476.0 0.18232226822112105
8478.0 0.1818071128890474
8480.0 0.18260446939523864
8482.0 0.18379253774687007
8484.0 0.18382502473350476
8486.0 0.18306777758313095
8488.0 0.18264807237209102
8490.0 0.18190569443696908
8492.0 0.18229437401503235
8494.0 0.18326916138199664
8496.0 0.18144897024557877
8498.0 0.18127382130211034
8500.0 0.18239978114875033
8502.0 0.18349173416816597
8504.0 0.18333172890490076
8506.0 0.18359273393830802
8508.0 0.1848067001875055
8510.0 0.18357150820992305
8512.0 0.18326132909697657
8514.0 0.18292741822510486
8516.0 0.18252533091667877
8518.0 0.18111282867456713
8520.0 0.18121072788385564
8522.0 0.1819245018359027
8524.0 0.18354381301260955
8526.0 0.18298527676784018
8528.0 0.18187655261834984
8530.0 0.18216866307134644
8532.0 0.18277241989623574
8534.0 0.18254916022212062
8536.0 0.18339355214868808
8538.0 0.18387183422184833
8540.0 0.18430520552637444
8542.0 0.18569190153110532
8544.0 0.18549246243111928
8546.0 0.18514076509001043
8548.0 0.1853978583706419
8550.0 0.18413885944187453
8552.0 0.18383096233431775
8554.0 0.1833951527932404
8556.0 0.1830280656061557
8558.0 0.1841019050385473
8560.0 0.18473637345801006
8562.0 0.18466158242149117
8564.0 0.1838845702019045
8566.0 0.1838389863755367
8568.0 0.18450648397501673
8570.0 0.1850684018911291
8572.0 0.18491881342766953
8574.0 0.18437444467404238
8576.0 0.18426479564560616
8578.0 0.18460610183315954
8580.0 0.18530759166330907
8582.0 0.18528164264138358
8584.0 0.1842420142429722
8586.0 0.18365213795035976
8588.0 0.18398358418097716
8590.0 0.18378795743402307
8592.0 0.18365518117865143
8594.0 0.18402461635117312
8596.0 0.1843989791813526
8598.0 0.1852958923399714
8600.0 0.18618366011939805
8602.0 0.18675892805586558
8604.0 0.18693944079975533
8606.0 0.18712588023681703
8608.0 0.18768267143496173
8610.0 0.18786147937560077
8612.0 0.18753176576444608
8614.0 0.18744227887190187
8616.0 0.1872841178556027
8618.0 0.1873987085678455
8620.0 0.18727877104193644
8622.0 0.18680255710018506
8624.0 0.18785629200314183
8626.0 0.18887861361165387
8628.0 0.18810883462421937
8630.0 0.18662430783836698
8632.0 0.18620045515463007
8634.0 0.18775744826269822
8636.0 0.18944693708968707
8638.0 0.191028182293105
8640.0 0.19051252326417684
8642.0 0.1883577271111512
8644.0 0.1882448845048421
8646.0 0.18952424967660406
8648.0 0.19018094474915298
8650.0 0.1897395882494998
8652.0 0.18816677306246524
8654.0 0.18658613279438813
8656.0 0.18754519596493271
8658.0 0.18743271117218982
8660.0 0.1875482829901406
8662.0 0.18788869236085765
8664.0 0.18917807969408587
8666.0 0.18952594263269948
8668.0 0.1889612216267336
8670.0 0.18886641748242916
8672.0 0.1888983353891009
8674.0 0.18929195566337467
8676.0 0.1883915730330706
8678.0 0.1881450511015166
8680.0 0.1878947946457348
8682.0 0.18799473754610652
8684.0 0.1885497998156667
8686.0 0.18875699206414964
8688.0 0.19125845717103848
8690.0 0.1928503217514626
8692.0 0.19353380634582792
8694.0 0.19489424208506925
8696.0 0.19713768671552662
8698.0 0.19667536226618812
8700.0 0.1938454831716517
8702.0 0.19106209372427166
8704.0 0.18915085095843742
8706.0 0.18944474834882455
8708.0 0.18951641867274707
8710.0 0.18843958119389062
8712.0 0.1877122400413475
8714.0 0.18729852534232042
8716.0 0.1880912941843568
8718.0 0.1886028629408008
8720.0 0.1884336642935202
8722.0 0.18874396316829997
8724.0 0.18951486447420013
8726.0 0.18979497235644205
8728.0 0.18975800315814956
8730.0 0.18930599722096536
8732.0 0.18853751551110684
8734.0 0.1882409645298004
8736.0 0.18823374644405497
8738.0 0.18889101807941405
8740.0 0.19111477309082886
8742.0 0.19201123952926757
8744.0 0.19026794962741084
8746.0 0.18971742910922704
8748.0 0.1904505169335874
8750.0 0.19096594172840434
8752.0 0.19076483537164476
8754.0 0.18902502137148405
8756.0 0.18743083889531273
8758.0 0.1874744945270463
8760.0 0.18866211170856123
8762.0 0.1878394964095973
8764.0 0.18851981959177652
8766.0 0.18814399543791238
8768.0 0.18826106628840203
8770.0 0.18855122827713774
8772.0 0.18836762742994714
8774.0 0.18828958771842416
8776.0 0.1880583797692421
8778.0 0.1877606516410478
8780.0 0.1875194612648212
8782.0 0.18740464188051678
8784.0 0.18724825828096503
8786.0 0.18732822467057814
8788.0 0.18736172196833561
8790.0 0.18705784214559704
8792.0 0.18693784151180104
8794.0 0.18690216444452576
8796.0 0.18681966768596925
8798.0 0.18668630557872723
8800.0 0.1866926814109795
8802.0 0.1868994882897579
8804.0 0.1871968405403799
8806.0 0.18753197152808884
8808.0 0.18796676294238415
8810.0 0.1880326190327633
8812.0 0.18773259184327226
8814.0 0.1874904660475251
8816.0 0.18751272530205973
8818.0 0.18757713980133148
8820.0 0.18777523223473147
8822.0 0.18808402020527742
8824.0 0.1878499824681698
8826.0 0.18712866728684255
8828.0 0.1866515627152896
8830.0 0.18639317704602112
8832.0 0.18640729002396986
8834.0 0.18652219510745868
8836.0 0.18648275222460478
8838.0 0.18593890637347552
8840.0 0.18541458815777268
8842.0 0.1851324751781061
8844.0 0.18494578397367448
8846.0 0.18521209950933204
8848.0 0.1857234164172693
8850.0 0.18602012688157488
8852.0 0.18603753535343306
8854.0 0.18571252611804748
8856.0 0.1848507011933892
8858.0 0.18419071183361596
8860.0 0.1845395499577845
8862.0 0.18554310003046218
8864.0 0.18675263174426726
8866.0 0.18775253657130114
8868.0 0.1879117990133246
8870.0 0.1871344291164954
8872.0 0.18623885312742364
8874.0 0.18546796748222852
8876.0 0.18518415915649497
8878.0 0.18571917556242057
8880.0 0.18615876341636
8882.0 0.18597457045357424
8884.0 0.1854747024939413
8886.0 0.18510570165989307
8888.0 0.1849271891430233
8890.0 0.1848377751050854
8892.0 0.18474875267055252
8894.0 0.1846651089114186
8896.0 0.1844580179869417
8898.0 0.18440308830362764
8900.0 0.18483048861228743
8902.0 0.18519935182602856
8904.0 0.18502869368486966
8906.0 0.18453919511810662
8908.0 0.18433312362833307
8910.0 0.18425191754153683
8912.0 0.1842186322588574
8914.0 0.18454029287460072
8916.0 0.18470207415669965
8918.0 0.18462108735341007
8920.0 0.18428538267816363
8922.0 0.18408864441502856
8924.0 0.18412272070588243
8926.0 0.18399558985724437
8928.0 0.18374784305420175
8930.0 0.1836022713174389
8932.0 0.18357561827853888
8934.0 0.18359571036098374
8936.0 0.1838879137876736
8938.0 0.18394855432672813
8940.0 0.1836790186173728
8942.0 0.18338461500478087
8944.0 0.1834061692930256
8946.0 0.1835048999017952
8948.0 0.18349108971289488
8950.0 0.1835196104396577
8952.0 0.1834125272962295
8954.0 0.1831793401211185
8956.0 0.18302206163152857
8958.0 0.18316081455474242
8960.0 0.183357048533756
8962.0 0.18337237479144688
8964.0 0.18331918695553262
8966.0 0.18300080239972885
8968.0 0.18250011412424147
8970.0 0.1822599558732065
8972.0 0.18226900763827458
8974.0 0.1823760866290537
8976.0 0.18259983005575667
8978.0 0.18285070281823423
8980.0 0.182976841302814
8982.0 0.18302133754780212
8984.0 0.18318324290058746
8986.0 0.1833687489633922
8988.0 0.18334803855585632
8990.0 0.18318105203339083
8992.0 0.18288452212675022
8994.0 0.18240702446548432
8996.0 0.18195852920216504
8998.0 0.1818007164208054
9000.0 0.18164139569193355
9002.0 0.18136093014390872
9004.0 0.18129617932214445
9006.0 0.18152401762422415
9008.0 0.18185791712725163
9010.0 0.18213736119366544
9012.0 0.18228161151753744
9014.0 0.18222206823168133
9016.0 0.18171584095495275
9018.0 0.18143940276646917
9020.0 0.18174721866782595
9022.0 0.18203851302388016
9024.0 0.18200627664216698
9026.0 0.18192909823233597
9028.0 0.18181141700968825
9030.0 0.18175459943421676
9032.0 0.18165415813696842
9034.0 0.18182885355260772
9036.0 0.18194000687600226
9038.0 0.18195187224007273
9040.0 0.18173734611929365
9042.0 0.18175468056399746
9044.0 0.18204369971713522
9046.0 0.18206097569827567
9048.0 0.18154257719195951
9050.0 0.18113010626992854
9052.0 0.18103055937530235
9054.0 0.18106324743918759
9056.0 0.18109277101175952
9058.0 0.18099706022440587
9060.0 0.1809943316115652
9062.0 0.181023938089302
9064.0 0.18088549596177114
9066.0 0.18079958257486964
9068.0 0.18094500451494963
9070.0 0.1810352660293045
9072.0 0.1811319641053721
9074.0 0.18167616982786083
9076.0 0.18200400839110106
9078.0 0.1819740915891638
9080.0 0.18181283858111152
9082.0 0.1816023182781892
9084.0 0.18159364952201804
9086.0 0.18149327115313468
9088.0 0.18156946885218406
9090.0 0.1818448160894925
9092.0 0.1820720185534551
9094.0 0.18215051118184136
9096.0 0.181848962538989
9098.0 0.1814127957002632
9100.0 0.18178865393412075
9102.0 0.18209684239594698
9104.0 0.1820948118424504
9106.0 0.18188794794260207
9108.0 0.18161988422816341
9110.0 0.18128148585344026
9112.0 0.1808576341323758
9114.0 0.1805150946447668
9116.0 0.18047158466698776
9118.0 0.1805755129546764
9120.0 0.1807362180775178
9122.0 0.18092984322268746
9124.0 0.1809452728885982
9126.0 0.1808855510574047
9128.0 0.18081641999459044
9130.0 0.18083476008555394
9132.0 0.18111989983594595
9134.0 0.1813221807424871
9136.0 0.1814671967049187
9138.0 0.1814506988124189
9140.0 0.1811243060165238
9142.0 0.18099311927409428
9144.0 0.1810816760052629
9146.0 0.18090325861004916
9148.0 0.18082099179029487
9150.0 0.18093405070983878
9152.0 0.18070233248833673
9154.0 0.1801957652352047
9156.0 0.18025921996265384
9158.0 0.18070628706166375
9160.0 0.18065790513830957
9162.0 0.1804393878145861
9164.0 0.18018411912791338
9166.0 0.17972753828628804
9168.0 0.17905594086469645
9170.0 0.17844360681409976
9172.0 0.17757032518153013
9174.0 0.1776321015928248
9176.0 0.17972299754349924
9178.0 0.18049418917089446
9180.0 0.17986640094443046
9182.0 0.17906956215255732
9184.0 0.17792337695856036
9186.0 0.17663723016769078
9188.0 0.17752542538697608
9190.0 0.18083519547915217
9192.0 0.18198786561852096
9194.0 0.18223962549074937
9196.0 0.1818806316871343
9198.0 0.18001571074162656
9200.0 0.17898254712684028
9202.0 0.17982403580661654
9204.0 0.18080096723476094
9206.0 0.18135182519052026
9208.0 0.18241061197320904
9210.0 0.18243853367965757
9212.0 0.18154022347361953
9214.0 0.18081845589456863
9216.0 0.17998372846486807
9218.0 0.1789703915658472
9220.0 0.1786980626578152
9222.0 0.17958052370521566
9224.0 0.1806316976308282
9226.0 0.1818899831716671
9228.0 0.18364239269691385
9230.0 0.18554940956923602
9232.0 0.18550390130997857
9234.0 0.1840835911791818
9236.0 0.18323029503693214
9238.0 0.18289580142448666
9240.0 0.1821846161540405
9242.0 0.18089836152921668
9244.0 0.17964623426614854
9246.0 0.17989198595010836
9248.0 0.18058205643971367
9250.0 0.18075864280906595
9252.0 0.18084630526528345
9254.0 0.18059842688791564
9256.0 0.17995484414235555
9258.0 0.17992069832511542
9260.0 0.1810990007828432
9262.0 0.1818917907318599
9264.0 0.18151516218093738
9266.0 0.18082172247486974
9268.0 0.18016920308580875
9270.0 0.17973448134767694
9272.0 0.18033508859998082
9274.0 0.18214183811775359
9276.0 0.18302410560304705
9278.0 0.18261758708789816
9280.0 0.18205653774776792
9282.0 0.1814815066985613
9284.0 0.1808609089117959
9286.0 0.17995048513610454
9288.0 0.17886578570329068
9290.0 0.17879013712596464
9292.0 0.17933667535837233
9294.0 0.18009870085213356
9296.0 0.18078695329786723
9298.0 0.18033829097462636
9300.0 0.17845584166513462
9302.0 0.1764201133733187
9304.0 0.17671129493280507
9306.0 0.1786903189279491
9308.0 0.179124099676843
9310.0 0.17921686971443984
9312.0 0.17901882299729677
9314.0 0.17968985448758973
9316.0 0.18000245582843638
9318.0 0.1818612432650598
9320.0 0.18310239235681122
9322.0 0.18222999595635356
9324.0 0.1818978136104009
9326.0 0.18078825734258896
9328.0 0.18116710471074632
9330.0 0.18098659464576905
9332.0 0.18125895144010742
9334.0 0.18151255922737652
9336.0 0.18115011503452327
9338.0 0.17994717693920215
9340.0 0.17957117534161895
9342.0 0.17942354460863844
9344.0 0.17963212554260516
9346.0 0.17955756035925813
9348.0 0.17963596524044678
9350.0 0.17973742454328923
9352.0 0.17962991058332875
9354.0 0.17953996167047334
9356.0 0.1793334515588319
9358.0 0.1790206299917991
9360.0 0.17900412035306726
9362.0 0.17915772594741333
9364.0 0.17924732457052442
9366.0 0.17994192508799578
9368.0 0.18067962627179945
9370.0 0.18040114486646697
9372.0 0.1800026182122955
9374.0 0.18015230460737627
9376.0 0.18033181860312056
9378.0 0.18030726613186426
9380.0 0.18038588184451845
9382.0 0.1806505457785579
9384.0 0.18080504884962456
9386.0 0.18046104676826424
9388.0 0.17975338323448606
9390.0 0.17911526597423474
9392.0 0.17870427667533664
9394.0 0.17849709482121612
9396.0 0.17866776363705217
9398.0 0.17926902536278846
9400.0 0.17968586098481815
9402.0 0.18044635058815914
9404.0 0.18139259160018384
9406.0 0.18129967497269944
9408.0 0.18064183983366716
9410.0 0.18029882257221483
9412.0 0.17974801125062087
9414.0 0.17934579071227008
9416.0 0.1794145561539525
9418.0 0.17996642433777946
9420.0 0.181232890063641
9422.0 0.18203681244813483
9424.0 0.18190472345851325
9426.0 0.18138442432585203
9428.0 0.18023459618378618
9430.0 0.1788009322447551
9432.0 0.1784021376315604
9434.0 0.1786038369229698
9436.0 0.1786503427752543
9438.0 0.17898764029282874
9440.0 0.179198141140293
9442.0 0.17945405798200986
9444.0 0.17949350059061017
9446.0 0.17938218963150254
9448.0 0.17970342331377082
9450.0 0.17921583506837205
9452.0 0.17852058810144272
9454.0 0.178662341517017
9456.0 0.17924364706133533
9458.0 0.17952679939658125
9460.0 0.17973871564047325
9462.0 0.17985182124243546
9464.0 0.17998779215253813
9466.0 0.18023904636827126
9468.0 0.17958575799790094
9470.0 0.17895076357902318
9472.0 0.1793919214201947
9474.0 0.17990158497812606
9476.0 0.17988858759239407
9478.0 0.17980281816846555
9480.0 0.17953885655511193
9482.0 0.17944961063280884
9484.0 0.17940940483189452
9486.0 0.1795118772260414
9488.0 0.17949686612752178
9490.0 0.17897038319692837
9492.0 0.17824797636277406
9494.0 0.17776358270546785
9496.0 0.17761133146106242
9498.0 0.17788365886905366
9500.0 0.17850733851715453
9502.0 0.1791132291182268
9504.0 0.17896722625220018
9506.0 0.17881147681707354
9508.0 0.17886541054963961
9510.0 0.1789237070653103
9512.0 0.17893029458144658
9514.0 0.17852799457583507
9516.0 0.17832099092415804
9518.0 0.17847270844448027
9520.0 0.1788854201827971
9522.0 0.1793934064834186
9524.0 0.1796658813375494
9526.0 0.17902348806513868
9528.0 0.1782740253249505
9530.0 0.17812693208418706
9532.0 0.1783027771151038
9534.0 0.17859184185460994
9536.0 0.1789183770611355
9538.0 0.1788746447673574
9540.0 0.17853247282680998
9542.0 0.17821191965860075
9544.0 0.17829901814164176
9546.0 0.17830572608461967
9548.0 0.17775054067432247
9550.0 0.17726854338607903
9552.0 0.1777895527132589
9554.0 0.17877127585852048
9556.0 0.17879352424447023
9558.0 0.17866638822157072
9560.0 0.17873560956819307
9562.0 0.17890310807879767
9564.0 0.17864528650714565
9566.0 0.17823265362545504
9568.0 0.17767546406681786
9570.0 0.17716558609346272
9572.0 0.1770066963563195
9574.0 0.17745451938471526
9576.0 0.17913963441452782
9578.0 0.17953525551211535
9580.0 0.17882575035482454
9582.0 0.17857478191920406
9584.0 0.1786466152121054
9586.0 0.1784915676813682
9588.0 0.17837967491008147
9590.0 0.17800667383067356
9592.0 0.17753474459920485
9594.0 0.17656334639206647
9596.0 0.17613711243185137
9598.0 0.17615599522057376
9600.0 0.17657410316001226
9602.0 0.17765267999115844
9604.0 0.17855952632714198
9606.0 0.17811322178604133
9608.0 0.1775181871515479
9610.0 0.1775460618912704
9612.0 0.17740957882785685
9614.0 0.17700892151590356
9616.0 0.1764780574240392
9618.0 0.1762661424510121
9620.0 0.17634839780695713
9622.0 0.1763949307240123
9624.0 0.17655059824155891
9626.0 0.17688918026940254
9628.0 0.17685276727282362
9630.0 0.17672318358041972
9632.0 0.1768123702948018
9634.0 0.1769391819603021
9636.0 0.17711141676611752
9638.0 0.17712016811736744
9640.0 0.176533588112047
9642.0 0.17582643405884987
9644.0 0.17579503437030414
9646.0 0.17676944549865994
9648.0 0.17775421215571377
9650.0 0.17774007736816336
9652.0 0.17724211344543037
9654.0 0.17668563196853757
9656.0 0.17611796404349858
9658.0 0.17578996636725233
9660.0 0.17600715222054333
9662.0 0.17664746104660392
9664.0 0.17733244624941008
9666.0 0.17773917880120113
9668.0 0.17789871914202643
9670.0 0.1778628486324224
9672.0 0.17764536814427578
9674.0 0.17716398707346653
9676.0 0.17697412193055795
9678.0 0.17726504188806386
9680.0 0.17705058420639463
9682.0 0.17636321991236106
9684.0 0.17592449000509758
9686.0 0.17557723668735756
9688.0 0.17530762908272132
9690.0 0.17601858319919264
9692.0 0.17705417450608862
9694.0 0.1772061825351935
9696.0 0.17676154268998018
9698.0 0.17676980091163924
9700.0 0.1769681603190088
9702.0 0.17684504446656277
9704.0 0.17672217266495718
9706.0 0.17647051880693104
9708.0 0.1759325889881555
9710.0 0.17554681407051836
9712.0 0.1752623016277306
9714.0 0.17483082260897992
9716.0 0.17541343868645246
9718.0 0.1775102660688397
9720.0 0.1774469553138974
9722.0 0.1747849405943138
9724.0 0.1729936100101119
9726.0 0.1737378629590282
9728.0 0.17532863334269788
9730.0 0.1758963067572111
9732.0 0.17616846607976858
9734.0 0.1759402994261739
9736.0 0.17547252083275697
9738.0 0.17573275812884928
9740.0 0.17641674513874986
9742.0 0.17679071162426138
9744.0 0.17686908274086902
9746.0 0.17714280791839207
9748.0 0.17784722329111827
9750.0 0.17849840707393858
9752.0 0.17785087300944327
9754.0 0.17668481000375572
9756.0 0.17634931144063495
9758.0 0.17632003283453113
9760.0 0.17690997466244066
9762.0 0.17838413919054047
9764.0 0.17941438871052026
9766.0 0.17875531994692567
9768.0 0.17747812310583166
9770.0 0.1768833825524025
9772.0 0.17655509762644453
9774.0 0.17668887691792326
9776.0 0.17723952797225598
9778.0 0.17732533847608015
9780.0 0.17687496369841063
9782.0 0.17681080746545524
9784.0 0.17769153017734385
9786.0 0.1785515742098377
9788.0 0.178971004376629
9790.0 0.17905586390955824
9792.0 0.1783044743618917
9794.0 0.17705604616072365
9796.0 0.1756552775383729
9798.0 0.17427727651478037
9800.0 0.17471434274297679
9802.0 0.17857481042713924
9804.0 0.18111624949782656
9806.0 0.17975035774260495
9808.0 0.17743530133818503
9810.0 0.17546670084833033
9812.0 0.17425043894762177
9814.0 0.17478683120718155
9816.0 0.17667222826424248
9818.0 0.17784801625273916
9820.0 0.17836162411895712
9822.0 0.17865375663315855
9824.0 0.1783351662751842
9826.0 0.17829531088323805
9828.0 0.1788184680999038
9830.0 0.17900122186674305
9832.0 0.178968414733939
9834.0 0.17888388767882396
9836.0 0.17824109858487472
9838.0 0.1769682915473065
9840.0 0.17629883601844334
9842.0 0.1756094435781311
9844.0 0.1755574289906259
9846.0 0.17686069018482778
9848.0 0.1782637322043382
9850.0 0.179018701209596
9852.0 0.17949744480928845
9854.0 0.17866520574295705
9856.0 0.17532546748740332
9858.0 0.17488283282553627
9860.0 0.17722742415407966
9862.0 0.178320433712082
9864.0 0.17746468874151378
9866.0 0.17691116130074802
9868.0 0.17860628290363972
9870.0 0.18117658841815068
9872.0 0.18120258278416218
9874.0 0.17969287399313214
9876.0 0.1788659773822945
9878.0 0.17770062553724983
9880.0 0.17688785053480202
9882.0 0.1765276212322729
9884.0 0.17646983557917043
9886.0 0.17683551646462645
9888.0 0.1776960191653967
9890.0 0.17827018430057176
9892.0 0.1785383988652555
9894.0 0.17864681497680254
9896.0 0.17848080361700522
9898.0 0.17852363388744277
9900.0 0.1789108912520646
9902.0 0.1790761452958272
9904.0 0.17865197728128582
9906.0 0.17800718189504086
9908.0 0.17711315998720475
9910.0 0.1762203451499542
9912.0 0.17602324592246654
9914.0 0.1762708795254833
9916.0 0.17705843036047603
9918.0 0.1783056802665166
9920.0 0.1793808649440974
9922.0 0.18003507475631433
9924.0 0.18037741507433144
9926.0 0.18023076148439235
9928.0 0.17982146421694917
9930.0 0.17913976858747863
9932.0 0.17876236749599994
9934.0 0.17978973211773017
9936.0 0.1815547140508633
9938.0 0.18210911890763584
9940.0 0.18112521291645783
9942.0 0.17990577233353777
9944.0 0.17810863606557245
9946.0 0.1771887349352749
9948.0 0.17832714690287887
9950.0 0.17966120097430544
9952.0 0.17958705774225725
9954.0 0.1789231892645354
9956.0 0.17931021864658717
9958.0 0.18075489993863783
9960.0 0.18175441395368008
9962.0 0.18285860305005383
9964.0 0.18265364360017364
9966.0 0.18022013349819113
9968.0 0.17794396566184958
9970.0 0.17719630094914923
9972.0 0.177190149482768
9974.0 0.17687932090510622
9976.0 0.1764027077924996
9978.0 0.17661020442297748
9980.0 0.17788837760575774
9982.0 0.17850595135506805
9984.0 0.1784288597373097
9986.0 0.1781882400894419
9988.0 0.1778221256740991
9990.0 0.17736082771876543
9992.0 0.17739775884159042
9994.0 0.17772474195973798
9996.0 0.1781615278169766
9998.0 0.17878116348236148
