# z obs_date
# 0 52280
3580.0 0.2046072014267766
3582.0 0.2012187411875572
3584.0 0.20591351965903085
3586.0 0.19958920774192324
3588.0 0.2073534220947293
3590.0 0.2081724658343596
3592.0 0.20841274175363847
3594.0 0.22895650370038576
3596.0 0.22614481303106182
3598.0 0.2126871490508434
3600.0 0.2081381556813988
3602.0 0.21742867187775283
3604.0 0.24827621957600357
3606.0 0.2496946242773486
3608.0 0.23180410719327404
3610.0 0.2146009537969341
3612.0 0.20012517053146126
3614.0 0.2070434941391984
3616.0 0.21400183890172825
3618.0 0.23142333068947743
3620.0 0.21031829125146156
3622.0 0.19633697484294277
3624.0 0.2457089049088313
3626.0 0.31689464117772453
3628.0 0.28208495523686455
3630.0 0.2374329550501795
3632.0 0.18375780862777397
3634.0 0.16282317160080884
3636.0 0.18245213361896942
3638.0 0.27062365860362286
3640.0 0.22639358549692135
3642.0 0.23980186479407434
3644.0 0.3110062789315656
3646.0 0.2621260557017836
3648.0 0.26865364664197217
3650.0 0.27806365984601483
3652.0 0.2457911098106805
3654.0 0.22889327718207345
3656.0 0.22076832878542874
3658.0 0.24065569087175517
3660.0 0.2122643690675575
3662.0 0.178810744672153
3664.0 0.15782057145411918
3666.0 0.2048454915770217
3668.0 0.19157332952200665
3670.0 0.2057559532620234
3672.0 0.20161160282545101
3674.0 0.2193084562671076
3676.0 0.2289728811512441
3678.0 0.23702203132733415
3680.0 0.21150912063422025
3682.0 0.18936332092179886
3684.0 0.1806856046845474
3686.0 0.2108252034548746
3688.0 0.22233578140988317
3690.0 0.23381029468646888
3692.0 0.18835504569071154
3694.0 0.16829362723279936
3696.0 0.18038622386395117
3698.0 0.1860538974456119
3700.0 0.21314340424848602
3702.0 0.2814165689221593
3704.0 0.24353168972769695
3706.0 0.24368092927302903
3708.0 0.25100618643793093
3710.0 0.20005065697645286
3712.0 0.22186084310767462
3714.0 0.23691847045055955
3716.0 0.2147251951353629
3718.0 0.22396010624977414
3720.0 0.21869556930254178
3722.0 0.19699156643088153
3724.0 0.23506527301566463
3726.0 0.2658581951093789
3728.0 0.2417140594764821
3730.0 0.20064133332635886
3732.0 0.19555864288566943
3734.0 0.22976786933663185
3736.0 0.24391836323192057
3738.0 0.2366237792725259
3740.0 0.20975023196147252
3742.0 0.19446122725319182
3744.0 0.19031649595861488
3746.0 0.17842973189348482
3748.0 0.17519857633556066
3750.0 0.1892003038308492
3752.0 0.181697866785231
3754.0 0.17333215223669868
3756.0 0.17499704458201598
3758.0 0.17533920139852655
3760.0 0.17609836515440763
3762.0 0.21512573921706002
3764.0 0.19193353506089794
3766.0 0.15451381905575232
3768.0 0.18687885911206092
3770.0 0.1620444808770308
3772.0 0.14684945203424035
3774.0 0.1890970443517658
3776.0 0.21697729236988725
3778.0 0.2090937445213859
3780.0 0.1736489608954825
3782.0 0.18165165442803505
3784.0 0.1948058039104202
3786.0 0.2125204788324125
3788.0 0.23199674909698179
3790.0 0.22693776318805536
3792.0 0.21339799741340013
3794.0 0.2588146909193375
3796.0 0.2572267507923949
3798.0 0.23191864841218793
3800.0 0.2355926629200642
3802.0 0.21609299019094086
3804.0 0.2117913194200816
3806.0 0.24151133698894714
3808.0 0.2904331614336848
3810.0 0.285583926203852
3812.0 0.25660612349396417
3814.0 0.2803695336080149
3816.0 0.2930532700834083
3818.0 0.3054666526309605
3820.0 0.2528451974125435
3822.0 0.28008355732874335
3824.0 0.29749389184579433
3826.0 0.3467458718199361
3828.0 0.3057198617275568
3830.0 0.27035714405374134
3832.0 0.273298218680778
3834.0 0.3203923710464098
3836.0 0.35858241820561515
3838.0 0.35396535389383843
3840.0 0.34238675600259755
3842.0 0.3318178175061094
3844.0 0.3029578068014946
3846.0 0.3645890816657924
3848.0 0.37886343489488783
3850.0 0.38037299077073866
3852.0 0.34786995346553345
3854.0 0.36073111816853537
3856.0 0.36097835872997736
3858.0 0.26690300410029644
3860.0 0.2898780453434656
3862.0 0.30747255673450696
3864.0 0.36394004757193005
3866.0 0.39912929343267517
3868.0 0.41323871625234493
3870.0 0.3661196725891839
3872.0 0.3545082179005982
3874.0 0.32907314591649534
3876.0 0.27824964155405224
3878.0 0.27843041938953494
3880.0 0.28691480570842376
3882.0 0.30226616875739953
3884.0 0.302736246047913
3886.0 0.33550170735031926
3888.0 0.36576326785699326
3890.0 0.36633805681654574
3892.0 0.3787643139439947
3894.0 0.3759926385762848
3896.0 0.3345080090856404
3898.0 0.3369823225878703
3900.0 0.3201719192328357
3902.0 0.31312887787391863
3904.0 0.3593602955631512
3906.0 0.39074616941490214
3908.0 0.42169384801391296
3910.0 0.3694863644306417
3912.0 0.3721989276206774
3914.0 0.36696733026434253
3916.0 0.37114070598344484
3918.0 0.4061046988213012
3920.0 0.43121457189136586
3922.0 0.46090638093180003
3924.0 0.467404327226432
3926.0 0.4640078229433457
3928.0 0.45275707005312543
3930.0 0.42859238185117
3932.0 0.4166341441696211
3934.0 0.41862764495146854
3936.0 0.47235082122876043
3938.0 0.5017479718153629
3940.0 0.512929458017974
3942.0 0.5218456838746849
3944.0 0.5038689798748057
3946.0 0.47232176997805647
3948.0 0.43848690690017256
3950.0 0.5011557837179118
3952.0 0.5276109368217704
3954.0 0.5062513316261018
3956.0 0.5035177026123036
3958.0 0.49114709508844345
3960.0 0.45042718296574846
3962.0 0.4945817710541837
3964.0 0.5021444582716168
3966.0 0.4987381122253271
3968.0 0.5317699287348175
3970.0 0.5109500875568556
3972.0 0.48431632773626515
3974.0 0.5010526504244548
3976.0 0.510740785135719
3978.0 0.5120375503152095
3980.0 0.4571353820860829
3982.0 0.48406671050755096
3984.0 0.5124143469460023
3986.0 0.5613158252116957
3988.0 0.5299737870221399
3990.0 0.5092675501518898
3992.0 0.4958519688989846
3994.0 0.47451696875998645
3996.0 0.47285990201666706
3998.0 0.4482730336254155
4000.0 0.4328593443492224
4002.0 0.4444958354966269
4004.0 0.4440560070568135
4006.0 0.44002630002588716
4008.0 0.428247199202748
4010.0 0.4162290694975326
4012.0 0.37975940236292594
4014.0 0.40485988732781103
4016.0 0.4094313615067817
4018.0 0.38758713956142843
4020.0 0.39374603985037393
4022.0 0.3833853887420966
4024.0 0.3393389692105984
4026.0 0.34108717038701813
4028.0 0.3347399132209288
4030.0 0.34141210812916245
4032.0 0.3700099581498034
4034.0 0.39346759345228616
4036.0 0.3906589753485751
4038.0 0.3355937501729983
4040.0 0.3753451554473871
4042.0 0.38166119219404604
4044.0 0.3606067944944877
4046.0 0.36346358981382193
4048.0 0.3692433860485798
4050.0 0.36861729436371676
4052.0 0.342566452546351
4054.0 0.3534448453966694
4056.0 0.35757348831606806
4058.0 0.36642478861577416
4060.0 0.38231390407295635
4062.0 0.38605432488409835
4064.0 0.369852047995
4066.0 0.3549429646110286
4068.0 0.3899527959465612
4070.0 0.40540397964169167
4072.0 0.407082627715953
4074.0 0.4045314758907846
4076.0 0.4291033805290067
4078.0 0.3947977092198455
4080.0 0.40436075959830753
4082.0 0.43132901435083754
4084.0 0.382688688634898
4086.0 0.3877211420990636
4088.0 0.40003595573868417
4090.0 0.40906781008731585
4092.0 0.40203426302377143
4094.0 0.3926198792280552
4096.0 0.39340806543560913
4098.0 0.3565922995064047
4100.0 0.3318946350374591
4102.0 0.3455016361273923
4104.0 0.3620177781562646
4106.0 0.3546924908618542
4108.0 0.3399858947407747
4110.0 0.3104414336455335
4112.0 0.2789184465291528
4114.0 0.2636668449011875
4116.0 0.2950204131349284
4118.0 0.3234919121190842
4120.0 0.3359380060381332
4122.0 0.2869671157725282
4124.0 0.2751290216435986
4126.0 0.27456926260264186
4128.0 0.3046769869725824
4130.0 0.3057786066163882
4132.0 0.2885832077161559
4134.0 0.27261434244632965
4136.0 0.25838813289254214
4138.0 0.2593199357638844
4140.0 0.2678117993513359
4142.0 0.2668043441231921
4144.0 0.25203226879357615
4146.0 0.23900890199722494
4148.0 0.2907832693333156
4150.0 0.288723089535122
4152.0 0.28468973397283487
4154.0 0.2312526936640182
4156.0 0.22554720662139294
4158.0 0.23918261867586244
4160.0 0.26870504916202176
4162.0 0.255629066197586
4164.0 0.24670344893516885
4166.0 0.25132877310590807
4168.0 0.26139197862924063
4170.0 0.24751337198496834
4172.0 0.217871205905264
4174.0 0.22843208047802976
4176.0 0.23527230635025126
4178.0 0.2488542640654916
4180.0 0.2458393335336441
4182.0 0.2519167936648967
4184.0 0.24859865920682322
4186.0 0.257984253239015
4188.0 0.2595918044545553
4190.0 0.2525543632527361
4192.0 0.22921965683501275
4194.0 0.2045824177655599
4196.0 0.20462537990162707
4198.0 0.2575570612364386
4200.0 0.275292762133309
4202.0 0.29649787342280765
4204.0 0.2822088926920254
4206.0 0.2524001338318085
4208.0 0.24258193068073894
4210.0 0.23633132696255488
4212.0 0.28379760474382876
4214.0 0.2805977870589502
4216.0 0.27845633826235006
4218.0 0.24410776522554625
4220.0 0.2506476716831813
4222.0 0.25451220545323766
4224.0 0.29459436085292284
4226.0 0.30052263144959185
4228.0 0.3115578723199399
4230.0 0.3069895504432155
4232.0 0.3051854465888682
4234.0 0.29201060176460625
4236.0 0.26687545446475086
4238.0 0.19950645293432398
4240.0 0.1442006327158162
4242.0 0.11947708124926315
4244.0 0.15070331672746817
4246.0 0.23360775872138967
4248.0 0.2718477025125295
4250.0 0.30042700266531114
4252.0 0.29503975547658207
4254.0 0.29188348053273955
4256.0 0.2446599485548853
4258.0 0.21855350877763957
4260.0 0.22469294658713704
4262.0 0.2581904628802682
4264.0 0.18958534742888777
4266.0 0.20328233099059748
4268.0 0.2345121827002616
4270.0 0.23848883847819236
4272.0 0.24974544137908444
4274.0 0.24889157922604307
4276.0 0.23406677284311014
4278.0 0.24021779434435775
4280.0 0.24474582735075856
4282.0 0.24371104906055815
4284.0 0.21790441887110917
4286.0 0.22759477726625765
4288.0 0.2536668424854042
4290.0 0.2487579152335913
4292.0 0.25362001557716346
4294.0 0.25414963786001393
4296.0 0.24067622127220845
4298.0 0.252207940668872
4300.0 0.2750624318064726
4302.0 0.3106674562454198
4304.0 0.3010356130875689
4306.0 0.30805132411256214
4308.0 0.29425374103440355
4310.0 0.3057794038586725
4312.0 0.30738548905840457
4314.0 0.29798187989766034
4316.0 0.29515535794375414
4318.0 0.30873791957068897
4320.0 0.32914356733551525
4322.0 0.30797119563093045
4324.0 0.28509045008713063
4326.0 0.2655460405723163
4328.0 0.29752046430427825
4330.0 0.31367805944475474
4332.0 0.3294890176986742
4334.0 0.3312021714922978
4336.0 0.3403401643351948
4338.0 0.3311318891914461
4340.0 0.3215868602954921
4342.0 0.30956851057187207
4344.0 0.29898717770249217
4346.0 0.27959978403888514
4348.0 0.32662602923338685
4350.0 0.33637916957928365
4352.0 0.3297832325935959
4354.0 0.3285432753765741
4356.0 0.3245434392451338
4358.0 0.31541636616669555
4360.0 0.3364127587715293
4362.0 0.3286993975083162
4364.0 0.3433776953389542
4366.0 0.33901181704610533
4368.0 0.32938126634200576
4370.0 0.3352120724680055
4372.0 0.3399670394639209
4374.0 0.34002095111219127
4376.0 0.33489954388325766
4378.0 0.3184602284666677
4380.0 0.33585593861915863
4382.0 0.34568436941093544
4384.0 0.3547143213359178
4386.0 0.3423250768405781
4388.0 0.3567552818234577
4390.0 0.35528101687261515
4392.0 0.33605392216885666
4394.0 0.3270724100664315
4396.0 0.32067835473949363
4398.0 0.32629858709174314
4400.0 0.32764512373377064
4402.0 0.342970960842697
4404.0 0.35540913082815406
4406.0 0.3835330141540382
4408.0 0.38574027107230874
4410.0 0.38576384774520106
4412.0 0.4060603540526546
4414.0 0.40711938035105805
4416.0 0.4083605192985427
4418.0 0.40948305411920344
4420.0 0.4042987390878833
4422.0 0.4106910740342746
4424.0 0.40844991316252394
4426.0 0.41688782759046966
4428.0 0.42248404665863587
4430.0 0.43322163332404234
4432.0 0.4576313419758131
4434.0 0.45958119725530283
4436.0 0.45346615357727044
4438.0 0.480643939923945
4440.0 0.4879179925609994
4442.0 0.49405627082900483
4444.0 0.475368792684039
4446.0 0.4644791944162715
4448.0 0.44455037990658264
4450.0 0.47569799557031106
4452.0 0.4750683276583623
4454.0 0.5024354331447358
4456.0 0.5089821437387293
4458.0 0.49418714426010013
4460.0 0.4783722089865693
4462.0 0.49385645260292693
4464.0 0.5203356084909149
4466.0 0.5394349956313776
4468.0 0.5476918301732567
4470.0 0.518322944058166
4472.0 0.5140528741900948
4474.0 0.5130004105333197
4476.0 0.5112393062729316
4478.0 0.5153837994001267
4480.0 0.5142980505436231
4482.0 0.4907972937120861
4484.0 0.533045950689816
4486.0 0.5299544893113145
4488.0 0.5187424188419894
4490.0 0.5350212842067903
4492.0 0.5638478389989833
4494.0 0.577379813168149
4496.0 0.5890981849180478
4498.0 0.5856801783429968
4500.0 0.58311262600616
4502.0 0.5879006719427476
4504.0 0.5907015462834653
4506.0 0.5840958809044926
4508.0 0.5562363938653953
4510.0 0.5953571109158662
4512.0 0.616174698467257
4514.0 0.6504070738511212
4516.0 0.6248234726232897
4518.0 0.6166039857320282
4520.0 0.625386977348654
4522.0 0.621153255191631
4524.0 0.6020989669788096
4526.0 0.5934847454921875
4528.0 0.5950268170920479
4530.0 0.5980691114446729
4532.0 0.6038015931625641
4534.0 0.604318916509363
4536.0 0.6302867072081149
4538.0 0.6336633002372797
4540.0 0.6397372015332019
4542.0 0.653226934674372
4544.0 0.6497995010780424
4546.0 0.6711507323197079
4548.0 0.684064122979728
4550.0 0.6693486724082967
4552.0 0.6398247313965938
4554.0 0.6508448900296077
4556.0 0.6705423140901121
4558.0 0.6773382249761365
4560.0 0.67845625267073
4562.0 0.6823613466581949
4564.0 0.6866546883785017
4566.0 0.70287805367535
4568.0 0.7181818295699001
4570.0 0.7198494093953647
4572.0 0.6804331517748544
4574.0 0.6881917040061727
4576.0 0.7037152298535434
4578.0 0.7438145696572341
4580.0 0.7146833179228119
4582.0 0.705698316783161
4584.0 0.6830533844857432
4586.0 0.6902528837113334
4588.0 0.6864406415508981
4590.0 0.6701534484520696
4592.0 0.6816796042909046
4594.0 0.6785626771742898
4596.0 0.6681232590833771
4598.0 0.6571997253263694
4600.0 0.653955481816778
4602.0 0.647042872301687
4604.0 0.6356802603934466
4606.0 0.6418818807867959
4608.0 0.6308075934443572
4610.0 0.646367074298529
4612.0 0.6652600696434301
4614.0 0.7055803686958781
4616.0 0.7083665384977372
4618.0 0.6783515926124329
4620.0 0.6353276342193733
4622.0 0.6208271817635933
4624.0 0.6084339885334715
4626.0 0.6384035536627145
4628.0 0.6517325153395195
4630.0 0.6569016394845039
4632.0 0.6591225426730803
4634.0 0.6570057116578457
4636.0 0.6680941147289147
4638.0 0.6700648207531604
4640.0 0.6489051109632479
4642.0 0.622116904384399
4644.0 0.6406528261480381
4646.0 0.6567544602577714
4648.0 0.6565632203812923
4650.0 0.6562307177121979
4652.0 0.6546883718055105
4654.0 0.6432190582091805
4656.0 0.637640000300085
4658.0 0.6117628838538606
4660.0 0.6074179472648605
4662.0 0.6002393724737113
4664.0 0.6043831407475392
4666.0 0.5898852687207953
4668.0 0.5760823737910217
4670.0 0.5998313904158223
4672.0 0.582035476652314
4674.0 0.5576524663000507
4676.0 0.5586759497104361
4678.0 0.537086107599226
4680.0 0.5189766743650605
4682.0 0.5090891917016942
4684.0 0.5402211664136595
4686.0 0.5635396401219459
4688.0 0.56422320239923
4690.0 0.557841592450366
4692.0 0.5370223344965015
4694.0 0.5178369531871506
4696.0 0.5049392624060878
4698.0 0.4997310498135539
4700.0 0.5014181425816675
4702.0 0.5379342230194571
4704.0 0.516466095916336
4706.0 0.48081157905509486
4708.0 0.47241896147076673
4710.0 0.4651191881844471
4712.0 0.46968965931843587
4714.0 0.47735412440545133
4716.0 0.49078773150607424
4718.0 0.4909890113702443
4720.0 0.47205043552586234
4722.0 0.4378416764061701
4724.0 0.4541543000429329
4726.0 0.48082309467177303
4728.0 0.505194198906095
4730.0 0.5101417239998787
4732.0 0.5074680737476059
4734.0 0.4678257440434644
4736.0 0.47140187975669
4738.0 0.4712144218688755
4740.0 0.4879810869920903
4742.0 0.48079762698074335
4744.0 0.47064854570497444
4746.0 0.4771631224822944
4748.0 0.48072643428008394
4750.0 0.5012318538367873
4752.0 0.520113797840707
4754.0 0.4976577214306743
4756.0 0.5031624801336435
4758.0 0.5126163741704893
4760.0 0.5229851427988906
4762.0 0.5260995039952441
4764.0 0.5271425499978396
4766.0 0.5167732583225532
4768.0 0.5276453290673442
4770.0 0.5424836454453095
4772.0 0.5434309192033143
4774.0 0.5269126678423695
4776.0 0.5112141629312983
4778.0 0.516780956870059
4780.0 0.5160188952665719
4782.0 0.5317445136576446
4784.0 0.5397966976184739
4786.0 0.5611624096186294
4788.0 0.5659240181248617
4790.0 0.5700060013973899
4792.0 0.5949719238630538
4794.0 0.6130992595935046
4796.0 0.6195417521709092
4798.0 0.5725735871427924
4800.0 0.5910213627998065
4802.0 0.6014661224617225
4804.0 0.5988295263172938
4806.0 0.5941203663233001
4808.0 0.6022418687856665
4810.0 0.6171086087782222
4812.0 0.6128018652804377
4814.0 0.6075072037920018
4816.0 0.6127022086911639
4818.0 0.6168925165261263
4820.0 0.6066432870424933
4822.0 0.5967260231917216
4824.0 0.5960968143299034
4826.0 0.5951101841808143
4828.0 0.5886153134087438
4830.0 0.5916925229693648
4832.0 0.5880209763496165
4834.0 0.586121716821667
4836.0 0.5826250153641298
4838.0 0.5784485599941945
4840.0 0.5763020922113254
4842.0 0.5739743945342434
4844.0 0.5704643477658089
4846.0 0.5675821903103762
4848.0 0.5650589234626231
4850.0 0.5614069325346684
4852.0 0.558221584347128
4854.0 0.5562495222403572
4856.0 0.5529830424154499
4858.0 0.5490303409973136
4860.0 0.5465536787957206
4862.0 0.5445038537481243
4864.0 0.5402829353645122
4866.0 0.5377527187713272
4868.0 0.5350912084818237
4870.0 0.533802768918699
4872.0 0.5303453047652399
4874.0 0.5274845655861922
4876.0 0.5295004970221003
4878.0 0.5299865716729775
4880.0 0.5258480587068176
4882.0 0.5268185944218474
4884.0 0.5066908538872059
4886.0 0.5031356146772371
4888.0 0.5051542658894708
4890.0 0.5152878821653614
4892.0 0.503493978121558
4894.0 0.48919423720355076
4896.0 0.48969196671754567
4898.0 0.5160361281086331
4900.0 0.5599617147018947
4902.0 0.5599191223141818
4904.0 0.5820211993773339
4906.0 0.5809053227717038
4908.0 0.5571803286371092
4910.0 0.5445593497144459
4912.0 0.5538432952615933
4914.0 0.5848671362949964
4916.0 0.5862777592073987
4918.0 0.5762600225670097
4920.0 0.5833188874989863
4922.0 0.5795411897608435
4924.0 0.5784437806213555
4926.0 0.5756312972689318
4928.0 0.5744680882033512
4930.0 0.5733559510070658
4932.0 0.5718948348402557
4934.0 0.5694431209889628
4936.0 0.5675588361734736
4938.0 0.5642898118242982
4940.0 0.5612903087737969
4942.0 0.5590870168981039
4944.0 0.556877684843654
4946.0 0.5546380239226177
4948.0 0.5512745212742537
4950.0 0.549136923929461
4952.0 0.5466870835507285
4954.0 0.544494638197108
4956.0 0.5420779434909864
4958.0 0.5385695251599488
4960.0 0.5360145159787316
4962.0 0.5338254900390792
4964.0 0.5313305421630751
4966.0 0.528767198654797
4968.0 0.5263394532119281
4970.0 0.523807657683135
4972.0 0.5200049942283687
4974.0 0.5147579762053215
4976.0 0.5105017414002434
4978.0 0.5115800444743985
4980.0 0.4787076537195145
4982.0 0.4685026124254263
4984.0 0.4687404680421322
4986.0 0.4707659602836041
4988.0 0.467423326392992
4990.0 0.4694677396320591
4992.0 0.46932710303032915
4994.0 0.4683251031513921
4996.0 0.46783736640891976
4998.0 0.46805382237193505
5000.0 0.46814457973558377
5002.0 0.467423747737462
5004.0 0.46752196111116273
5006.0 0.4670912471736952
5008.0 0.4662059229848698
5010.0 0.4664600300696735
5012.0 0.4660388335494872
5014.0 0.46501933881745156
5016.0 0.4647885969687188
5018.0 0.4649640494601637
5020.0 0.4643858569946119
5022.0 0.46386786618311665
5024.0 0.46442144588427703
5026.0 0.46382155636640504
5028.0 0.46332155426979077
5030.0 0.46390746141704525
5032.0 0.46147402976786894
5034.0 0.4579928609023138
5036.0 0.45969433830107875
5038.0 0.4606937365842619
5040.0 0.45717478451729404
5042.0 0.45461693221310057
5044.0 0.44315952961466143
5046.0 0.4634276293658562
5048.0 0.47492924376767665
5050.0 0.48115291547566175
5052.0 0.4742598268500713
5054.0 0.46533487040659904
5056.0 0.4638849643042836
5058.0 0.46625639721519474
5060.0 0.4708198012407444
5062.0 0.492730187365167
5064.0 0.4949202978500523
5066.0 0.4937388063658794
5068.0 0.4872550896814936
5070.0 0.49666845368502555
5072.0 0.5132699266299734
5074.0 0.5411590513249958
5076.0 0.5443178436238076
5078.0 0.5513741134802943
5080.0 0.5561917634346846
5082.0 0.5314801865253658
5084.0 0.5276881195705299
5086.0 0.5272863914836972
5088.0 0.5276387343113188
5090.0 0.5232030618282919
5092.0 0.5213691121450874
5094.0 0.5251620545291157
5096.0 0.5336946335832995
5098.0 0.5458125199107614
5100.0 0.5427432888354267
5102.0 0.547660054365055
5104.0 0.5392293076799907
5106.0 0.535043156610136
5108.0 0.5533093174799328
5110.0 0.56791222976931
5112.0 0.5783496025021481
5114.0 0.5616689301778048
5116.0 0.5549903109977281
5118.0 0.557037185297173
5120.0 0.5657537440758308
5122.0 0.5687294498571671
5124.0 0.5560032384073119
5126.0 0.5403560984266185
5128.0 0.5399734022528814
5130.0 0.5510276460091955
5132.0 0.5698063345522779
5134.0 0.5689497828019106
5136.0 0.5673254950636161
5138.0 0.5560867163821026
5140.0 0.5765947666860459
5142.0 0.5707830330671491
5144.0 0.5594949878792003
5146.0 0.5406105825841924
5148.0 0.5286941772394447
5150.0 0.5241123266921266
5152.0 0.516353990765599
5154.0 0.5087081408900979
5156.0 0.5249937184912009
5158.0 0.5561289044102893
5160.0 0.5501312067667368
5162.0 0.5394063130120322
5164.0 0.5397335446775767
5166.0 0.5852810586889448
5168.0 0.5982269827869799
5170.0 0.5928494956795981
5172.0 0.5708789373732849
5174.0 0.5658815580440331
5176.0 0.5675083402804666
5178.0 0.5865319362254094
5180.0 0.5862979602550494
5182.0 0.5831154413994268
5184.0 0.5769289789173452
5186.0 0.5857549997623934
5188.0 0.5915121436418275
5190.0 0.5942883132150784
5192.0 0.5796679966240788
5194.0 0.5911612107386119
5196.0 0.5936701139398286
5198.0 0.618812163780383
5200.0 0.6235471322493418
5202.0 0.6241214291324032
5204.0 0.6278630835700526
5206.0 0.6210397735455785
5208.0 0.6166688824215147
5210.0 0.6208343700994827
5212.0 0.6389375745807094
5214.0 0.6466882814519217
5216.0 0.6520235062134261
5218.0 0.6461584266483907
5220.0 0.6451207596411033
5222.0 0.652217306200144
5224.0 0.6539627584941676
5226.0 0.6488392129239998
5228.0 0.6413543323255305
5230.0 0.6578332611034521
5232.0 0.6629361588648015
5234.0 0.6670596665426392
5236.0 0.6784082814213437
5238.0 0.6953776154061777
5240.0 0.6979641275548304
5242.0 0.6863012154912619
5244.0 0.682875599230869
5246.0 0.6779320745618388
5248.0 0.6587606605042204
5250.0 0.658932452243791
5252.0 0.6668273152165942
5254.0 0.6760588522881642
5256.0 0.6741481691378172
5258.0 0.6977979482378358
5260.0 0.7073206501561191
5262.0 0.7106224033474159
5264.0 0.6895872013433139
5266.0 0.6864854278265803
5268.0 0.6693661260546878
5270.0 0.7047437657106104
5272.0 0.7153445624471013
5274.0 0.7256343141476784
5276.0 0.728612536500844
5278.0 0.7282256509133431
5280.0 0.7249794683786307
5282.0 0.719562760528528
5284.0 0.7063339249373324
5286.0 0.6961133497971417
5288.0 0.7094163290503789
5290.0 0.7323714680953957
5292.0 0.744348744098345
5294.0 0.7518832636548509
5296.0 0.7315093065006678
5298.0 0.7209591085750294
5300.0 0.7053148099045509
5302.0 0.6510415231344691
5304.0 0.6448493381612623
5306.0 0.648923395978688
5308.0 0.6965296759593733
5310.0 0.7017656986884349
5312.0 0.7023109558576394
5314.0 0.736509520750032
5316.0 0.7142002069305248
5318.0 0.6875967719417515
5320.0 0.6922918714904764
5322.0 0.6835079291497645
5324.0 0.678571689194494
5326.0 0.6878501049072361
5328.0 0.7119223064168198
5330.0 0.7175531761761527
5332.0 0.7083462815904248
5334.0 0.6666554050316617
5336.0 0.6710673227194313
5338.0 0.6715739033515739
5340.0 0.6802503834647569
5342.0 0.6718229345699125
5344.0 0.6671591283413206
5346.0 0.6877765400848629
5348.0 0.692424367742996
5350.0 0.6779237028527104
5352.0 0.6551787434033886
5354.0 0.6691072279555732
5356.0 0.6758700536222096
5358.0 0.6702410024470269
5360.0 0.6580716472870242
5362.0 0.6530981935218755
5364.0 0.6427272894356814
5366.0 0.662405076832244
5368.0 0.6688992073952984
5370.0 0.6790093667765948
5372.0 0.6599419088144883
5374.0 0.6541577616514406
5376.0 0.6533121054162578
5378.0 0.6816933378467688
5380.0 0.7222542506278112
5382.0 0.7345556436046103
5384.0 0.7132459059185894
5386.0 0.7192180056428564
5388.0 0.7215999979098835
5390.0 0.7184288776717079
5392.0 0.7369587195080801
5394.0 0.7617995751077882
5396.0 0.7847523019699922
5398.0 0.7669957410631356
5400.0 0.7571260710689564
5402.0 0.7501912202009633
5404.0 0.7739036120645056
5406.0 0.7712724454946402
5408.0 0.7687949227682405
5410.0 0.7712791360908328
5412.0 0.7914346293545103
5414.0 0.8052188545972315
5416.0 0.8111125404077184
5418.0 0.80979305187172
5420.0 0.7970950605554827
5422.0 0.7841272160094245
5424.0 0.7958068900371984
5426.0 0.8044649284251674
5428.0 0.8073216341384795
5430.0 0.7986220763572986
5432.0 0.8007085497637718
5434.0 0.7980247183824217
5436.0 0.7959611807907584
5438.0 0.810672341899102
5440.0 0.8627809503788446
5442.0 0.9298650453191559
5444.0 0.956293222863947
5446.0 0.9841535297161463
5448.0 0.9932103776759492
5450.0 0.9957828941349305
5452.0 1.0
5454.0 0.9850951021676766
5456.0 0.9634614005025679
5458.0 0.9313622385147915
5460.0 0.9166121469625583
5462.0 0.9243553766329002
5464.0 0.9173450725721054
5466.0 0.9176744624991737
5468.0 0.9300461364567052
5470.0 0.9295745048495957
5472.0 0.9273459614569295
5474.0 0.914032631780991
5476.0 0.9152570716314631
5478.0 0.919213337463218
5480.0 0.9342990281321975
5482.0 0.9215908313422375
5484.0 0.930493073251731
5486.0 0.9390975180086871
5488.0 0.9226512495093203
5490.0 0.9309648236920992
5492.0 0.9312531450192185
5494.0 0.9077077934505468
5496.0 0.8983583458749991
5498.0 0.8995403119375371
5500.0 0.9154071754565936
5502.0 0.9244759056302646
5504.0 0.9431005925423767
5506.0 0.9570718482687774
5508.0 0.9440512664398966
5510.0 0.9273717960613262
5512.0 0.9109363231286556
5514.0 0.9372350586823815
5516.0 0.9406411734441485
5518.0 0.9426524351125077
5520.0 0.9452577532216275
5522.0 0.962864879143219
5524.0 0.969888695537619
5526.0 0.9665234518467328
5528.0 0.9542414406866011
5530.0 0.9539242725839947
5532.0 0.9542549699071412
5534.0 0.952644589813888
5536.0 0.9666263960118469
5538.0 0.9778766376471715
5540.0 0.9434593975009111
5542.0 0.9335964923611816
5544.0 0.9283346648102433
5546.0 0.9361470121329751
5548.0 0.9543770645251088
5550.0 0.9689335688655858
5552.0 0.9604113218878967
5554.0 0.9767780258872513
5556.0 0.9805702522623803
5558.0 0.9993188215033967
5560.0 0.9920766986807164
5562.0 0.9796729145411545
5564.0 0.9623504335103725
5566.0 0.9624285765246308
5568.0 0.9663683206276393
5570.0 0.9555424553994637
5572.0 0.9597580776799206
5574.0 0.959857799892356
5576.0 0.9765872561239467
5578.0 0.9762999998890356
5580.0 0.9654831209868586
5582.0 0.9537258553985934
5584.0 0.9562851964273188
5586.0 0.9734678254121972
5588.0 0.9809948481704613
5590.0 0.9919124605900222
5592.0 0.9848582446213332
5594.0 0.9715318601126914
5596.0 0.9543997169367523
5598.0 0.9549850527727465
5600.0 0.9524694083612172
5602.0 0.9608432263921886
5604.0 0.9412279705591091
5606.0 0.9366366748381977
5608.0 0.9348386644406929
5610.0 0.9569886343966065
5612.0 0.9403239739371725
5614.0 0.9264910629884465
5616.0 0.9180950019773078
5618.0 0.941508719455619
5620.0 0.9388949969879695
5622.0 0.9232985573364516
5624.0 0.9240430626468421
5626.0 0.9120679810366289
5628.0 0.9035766650264178
5630.0 0.9246562706576696
5632.0 0.916962119373577
5634.0 0.9017698125129789
5636.0 0.8970802015390208
5638.0 0.8727230907537857
5640.0 0.8691695078303282
5642.0 0.8860624361895397
5644.0 0.8752494913160656
5646.0 0.8574445945980539
5648.0 0.8424378283118424
5650.0 0.8199282819985245
5652.0 0.8053598700302476
5654.0 0.7750562487904681
5656.0 0.7761651998903146
5658.0 0.7743987441511265
5660.0 0.7705626659801764
5662.0 0.7625083507576271
5664.0 0.7536237183126517
5666.0 0.7450948757736792
5668.0 0.7297157721372525
5670.0 0.7292374622378269
5672.0 0.722986939774133
5674.0 0.7164189971301066
5676.0 0.6866232515361316
5678.0 0.6797379655953661
5680.0 0.6785268747988231
5682.0 0.7118705739627965
5684.0 0.7036316728924285
5686.0 0.682838768795302
5688.0 0.6791130115225749
5690.0 0.6744581903753638
5692.0 0.6721886595600964
5694.0 0.673719710867326
5696.0 0.671710918188882
5698.0 0.6753096958965127
5700.0 0.6739606808359915
5702.0 0.6914402322000932
5704.0 0.701227123371712
5706.0 0.6921050858620111
5708.0 0.6907941964134986
5710.0 0.6868891836180562
5712.0 0.6855196762344563
5714.0 0.6903519521063193
5716.0 0.6834905429552037
5718.0 0.6820549371897574
5720.0 0.6893478970802687
5722.0 0.6967473247843329
5724.0 0.7020561994711586
5726.0 0.6751776411990161
5728.0 0.6663962175081884
5730.0 0.6600273435033508
5732.0 0.6766264861783503
5734.0 0.6996510344994888
5736.0 0.7229073856253151
5738.0 0.7287088651627786
5740.0 0.7069868396096233
5742.0 0.7017074967030671
5744.0 0.6950109934281741
5746.0 0.6935684698841224
5748.0 0.7030960437008805
5750.0 0.7092062624863966
5752.0 0.7011634418827795
5754.0 0.7142273501333273
5756.0 0.7251740582157185
5758.0 0.7493305543568857
5760.0 0.7526825207896576
5762.0 0.7571841846661475
5764.0 0.7586865863775685
5766.0 0.7543086297583124
5768.0 0.7431191637372627
5770.0 0.7145940268906538
5772.0 0.7033259026073265
5774.0 0.6912741442127522
5776.0 0.6913436184470648
5778.0 0.6851572660619856
5780.0 0.709091669670192
5782.0 0.7114385008514557
5784.0 0.6748650246968825
5786.0 0.6786630831545335
5788.0 0.6865345553290175
5790.0 0.675117284485933
5792.0 0.6715864941885434
5794.0 0.6657915743403171
5796.0 0.6839250141311346
5798.0 0.6912936193392153
5800.0 0.6937604169640239
5802.0 0.6836326733539136
5804.0 0.6787665917580692
5806.0 0.6752489324080386
5808.0 0.6776672473348202
5810.0 0.6989482187514958
5812.0 0.7093648362902101
5814.0 0.7134628550649263
5816.0 0.7101620573628807
5818.0 0.7284156809622637
5820.0 0.728589666502923
5822.0 0.709680976854842
5824.0 0.7143261174058838
5826.0 0.7176356453868378
5828.0 0.7089847760006073
5830.0 0.7138059167143052
5832.0 0.719106130266193
5834.0 0.7217105104031053
5836.0 0.7300224218350664
5838.0 0.7219952852614592
5840.0 0.7337741013794543
5842.0 0.7500769410240966
5844.0 0.7678650311406796
5846.0 0.7723554041815812
5848.0 0.7846289140553937
5850.0 0.758752437859106
5852.0 0.7513674384786472
5854.0 0.7335922800752321
5856.0 0.738777406916163
5858.0 0.7464200020965054
5860.0 0.7561318015181607
5862.0 0.7571630982355905
5864.0 0.7581414023070091
5866.0 0.7587573001839074
5868.0 0.7600581918376408
5870.0 0.7609591470000082
5872.0 0.7624712053443341
5874.0 0.7644119754998229
5876.0 0.7659491400635993
5878.0 0.7668814192778363
5880.0 0.7690992657592445
5882.0 0.7706434576274684
5884.0 0.772212151873798
5886.0 0.773659641225044
5888.0 0.7753408284143708
5890.0 0.7766014100136153
5892.0 0.7784925195677213
5894.0 0.7804361872572675
5896.0 0.7820070297182308
5898.0 0.7836204267599746
5900.0 0.7846895567148565
5902.0 0.7868354221068434
5904.0 0.788293728094021
5906.0 0.7891197528354188
5908.0 0.7915409720044843
5910.0 0.7930610447660628
5912.0 0.7954204753930746
5914.0 0.7962787310264003
5916.0 0.7975933467739623
5918.0 0.7924264663003302
5920.0 0.7892470374316336
5922.0 0.775314417080301
5924.0 0.743143455263747
5926.0 0.7240699367920822
5928.0 0.7340457795859181
5930.0 0.7505613520378052
5932.0 0.754469511185746
5934.0 0.761410245244495
5936.0 0.7643821308257767
5938.0 0.7546097603701066
5940.0 0.7557024424765413
5942.0 0.7464998440337933
5944.0 0.7334007404650781
5946.0 0.7348113136489667
5948.0 0.7363710320644471
5950.0 0.7442463016261072
5952.0 0.7524046024045034
5954.0 0.7532517265138088
5956.0 0.7464173386204577
5958.0 0.7150560907723724
5960.0 0.6895790738097329
5962.0 0.6706812087665861
5964.0 0.6683039901536914
5966.0 0.6774272567993772
5968.0 0.6836244838660429
5970.0 0.6897407842803276
5972.0 0.6925240411070077
5974.0 0.6977270067279897
5976.0 0.6986446210513291
5978.0 0.6862922144116079
5980.0 0.682250622496351
5982.0 0.6715790955560533
5984.0 0.6718779694042194
5986.0 0.6700489060180705
5988.0 0.6696455002474949
5990.0 0.6684728814226408
5992.0 0.6631694267938153
5994.0 0.6570840854694506
5996.0 0.6594594597156139
5998.0 0.6488826905384167
6000.0 0.6524006580751398
6002.0 0.6509801798000198
6004.0 0.6500905681330337
6006.0 0.6554980653815062
6008.0 0.6595468102329136
6010.0 0.6780971708313558
6012.0 0.6733422651187415
6014.0 0.6627369394071252
6016.0 0.664712425300741
6018.0 0.674977468666777
6020.0 0.683864093797116
6022.0 0.6865262573559378
6024.0 0.6498377670334039
6026.0 0.6465183399199113
6028.0 0.6687176887873819
6030.0 0.6696724414958174
6032.0 0.6703847400184716
6034.0 0.6681452678014392
6036.0 0.6826237370824562
6038.0 0.6920816324946003
6040.0 0.6955735777930543
6042.0 0.6789126639526131
6044.0 0.6682633824034057
6046.0 0.6681720316938257
6048.0 0.6705648342221261
6050.0 0.6677177615563706
6052.0 0.66362886598165
6054.0 0.6589485103484528
6056.0 0.647974297998502
6058.0 0.6469570946304984
6060.0 0.6408829406769674
6062.0 0.6700410026170783
6064.0 0.6713966663213038
6066.0 0.661945986362676
6068.0 0.6402808938440456
6070.0 0.635323358989256
6072.0 0.6349445562604528
6074.0 0.6138513912343793
6076.0 0.6085498064212289
6078.0 0.6123692305287707
6080.0 0.6232676185962795
6082.0 0.6122668206532306
6084.0 0.5941087904631869
6086.0 0.5857879457990622
6088.0 0.6043906512809261
6090.0 0.6190229024742596
6092.0 0.6231963551286652
6094.0 0.5842019880700082
6096.0 0.5703542118436592
6098.0 0.562954914751689
6100.0 0.5671088997817646
6102.0 0.5703563039234671
6104.0 0.5679323779745974
6106.0 0.5630301072593755
6108.0 0.5613340242311327
6110.0 0.5586251981148641
6112.0 0.5609119557067863
6114.0 0.5421250273654187
6116.0 0.5198052895908183
6118.0 0.5027812552046678
6120.0 0.5150512022523144
6122.0 0.5237186336990239
6124.0 0.5244052643732723
6126.0 0.5054284431884281
6128.0 0.4855753540884742
6130.0 0.4750088588043416
6132.0 0.4514300400096267
6134.0 0.4515262962843635
6136.0 0.4455974987773126
6138.0 0.4341153865156436
6140.0 0.4342317753884269
6142.0 0.43598699704536403
6144.0 0.44379208259512193
6146.0 0.4377522028176687
6148.0 0.4535394987008463
6150.0 0.4762178575649089
6152.0 0.5003736759501072
6154.0 0.507071741875883
6156.0 0.5004272391934634
6158.0 0.47803918790423555
6160.0 0.45932645398827965
6162.0 0.4577387668779324
6164.0 0.43974824120484035
6166.0 0.415663088025449
6168.0 0.4174627841736459
6170.0 0.4400706076770602
6172.0 0.44454178487483
6174.0 0.43669951708938975
6176.0 0.4358694560222455
6178.0 0.43196994412358214
6180.0 0.42910946304427666
6182.0 0.4291381126388492
6184.0 0.42690821959499203
6186.0 0.4491191870331071
6188.0 0.4633858931534881
6190.0 0.4610477230763407
6192.0 0.456044897297071
6194.0 0.4596708498992812
6196.0 0.4578481345876062
6198.0 0.46217112941834093
6200.0 0.46761965244536313
6202.0 0.4667332197073193
6204.0 0.4520628957199497
6206.0 0.46815008913096756
6208.0 0.49508104226625693
6210.0 0.5080686800404336
6212.0 0.5033754307110889
6214.0 0.48477413662270397
6216.0 0.4933057205618339
6218.0 0.5156349636206459
6220.0 0.5336030479099303
6222.0 0.5262607541783091
6224.0 0.5365246202210734
6226.0 0.5349504746531852
6228.0 0.5341482745864459
6230.0 0.5230651130426222
6232.0 0.5234452717076863
6234.0 0.5260788672673995
6236.0 0.5568433386808563
6238.0 0.5582387591270641
6240.0 0.558099373562515
6242.0 0.562877098176874
6244.0 0.562434794827148
6246.0 0.5594521298902349
6248.0 0.5804673523318662
6250.0 0.5850998837745552
6252.0 0.5951293896749579
6254.0 0.5871233239000436
6256.0 0.5860830540927524
6258.0 0.5829730317247102
6260.0 0.5794929544964733
6262.0 0.57798024146301
6264.0 0.5782804616151025
6266.0 0.5851547136525096
6268.0 0.5994788000587197
6270.0 0.5892692898952677
6272.0 0.5794352314180038
6274.0 0.5899294087513175
6276.0 0.590212662688394
6278.0 0.5892888604007046
6280.0 0.5860550079572794
6282.0 0.5878345359125604
6284.0 0.6041844137761659
6286.0 0.6146810172101508
6288.0 0.6036949060008712
6290.0 0.600827922444871
6292.0 0.6105178629630683
6294.0 0.6135778961516986
6296.0 0.6231119419398158
6298.0 0.6296898864088893
6300.0 0.6239655929854108
6302.0 0.6190087863606392
6304.0 0.6094015470441918
6306.0 0.5925964630834261
6308.0 0.6032689901101731
6310.0 0.6186215634842774
6312.0 0.6150768987059301
6314.0 0.636568700555012
6316.0 0.635775238052
6318.0 0.6203962297086916
6320.0 0.6293267294706862
6322.0 0.6382562960096684
6324.0 0.6502474837377576
6326.0 0.6355412642990969
6328.0 0.6471456696342209
6330.0 0.647438390454972
6332.0 0.6143634616388193
6334.0 0.6217499715244456
6336.0 0.6407992310764117
6338.0 0.6851122453521787
6340.0 0.7038124581073087
6342.0 0.7066986595418598
6344.0 0.6838933717146779
6346.0 0.6823433004792698
6348.0 0.6926509472787097
6350.0 0.7013565428351982
6352.0 0.6896390553844118
6354.0 0.7014385073089561
6356.0 0.7186587945164656
6358.0 0.7380962011402664
6360.0 0.7238553103473883
6362.0 0.7080420770390505
6364.0 0.7125268346608691
6366.0 0.7120514038686631
6368.0 0.7235434674924716
6370.0 0.7488357950890523
6372.0 0.7420012899341113
6374.0 0.7419298665839867
6376.0 0.7548790630949479
6378.0 0.7610170269119
6380.0 0.766219093603291
6382.0 0.7598752512696613
6384.0 0.7618796364043696
6386.0 0.7730122250637325
6388.0 0.7865163879985958
6390.0 0.7860297218667683
6392.0 0.7886224097577331
6394.0 0.7900066762726821
6396.0 0.791982141887494
6398.0 0.7938566318260634
6400.0 0.795657031215543
6402.0 0.7979617651094292
6404.0 0.7985172313353115
6406.0 0.8005842791407037
6408.0 0.8023469325690952
6410.0 0.8043684412521698
6412.0 0.8061313003948486
6414.0 0.8080114365574269
6416.0 0.8093000104824053
6418.0 0.8111467849246411
6420.0 0.8130423675980781
6422.0 0.8138195566143044
6424.0 0.8162328906814236
6426.0 0.8174918696694948
6428.0 0.8195480036971973
6430.0 0.8210385730954413
6432.0 0.8224829874523312
6434.0 0.824326025472183
6436.0 0.8254904012127888
6438.0 0.8269526131647593
6440.0 0.8283490278873279
6442.0 0.8295863825915509
6444.0 0.8268497857183024
6446.0 0.827486570985972
6448.0 0.8371513462063559
6450.0 0.8457404143831628
6452.0 0.846344706368704
6454.0 0.849823672378258
6456.0 0.8545055381274367
6458.0 0.8527471668333833
6460.0 0.8403100709748941
6462.0 0.8441819074749828
6464.0 0.8445475312821628
6466.0 0.8576023076559854
6468.0 0.8484429407613128
6470.0 0.8566881830223935
6472.0 0.860975462577816
6474.0 0.871988269191769
6476.0 0.8761094748188331
6478.0 0.8786025136388628
6480.0 0.8673723776774085
6482.0 0.876684303070196
6484.0 0.8817942153400827
6486.0 0.8798413062462019
6488.0 0.8835351574608475
6490.0 0.8828876256331044
6492.0 0.8679848997667443
6494.0 0.8787374629247863
6496.0 0.8675903119931863
6498.0 0.8507004395580725
6500.0 0.8767495822089831
6502.0 0.8751099168754563
6504.0 0.8826164368299527
6506.0 0.8762122534483601
6508.0 0.8947388178884356
6510.0 0.8887667622530564
6512.0 0.8780948223448815
6514.0 0.8567419253877854
6516.0 0.8411850799180877
6518.0 0.8259656876146488
6520.0 0.8572859957969718
6522.0 0.875449703698609
6524.0 0.8873061602765797
6526.0 0.8694625624547647
6528.0 0.8627555345597738
6530.0 0.8528513271867053
6532.0 0.8560608522822105
6534.0 0.8589310655126211
6536.0 0.8602008543345706
6538.0 0.8561988867882302
6540.0 0.8537865930726117
6542.0 0.8505956119085563
6544.0 0.8478283768314133
6546.0 0.8440906199183779
6548.0 0.8410690661326757
6550.0 0.8383651881479665
6552.0 0.8333256339301367
6554.0 0.8314222542783721
6556.0 0.8278038169823352
6558.0 0.8241514462682797
6560.0 0.8208547213451618
6562.0 0.8174723080573766
6564.0 0.814289756229087
6566.0 0.8106291801421024
6568.0 0.8076774375072696
6570.0 0.8039803038972199
6572.0 0.8006035210606354
6574.0 0.7971368033571706
6576.0 0.7948210457742834
6578.0 0.7908118855037776
6580.0 0.7876149336574937
6582.0 0.7846736273878534
6584.0 0.7799003863048829
6586.0 0.7772845113763781
6588.0 0.7738923823556164
6590.0 0.7707767344813601
6592.0 0.7685860304705939
6594.0 0.7676774752480611
6596.0 0.7652854493291806
6598.0 0.7744994744133247
6600.0 0.7740371041291665
6602.0 0.7507683037422046
6604.0 0.7457123033764494
6606.0 0.7443268478904539
6608.0 0.7588850430831132
6610.0 0.7396801259291719
6612.0 0.7381029151966266
6614.0 0.7430956650660839
6616.0 0.7456095992323392
6618.0 0.7448414787717379
6620.0 0.7281735277269442
6622.0 0.7032569388659771
6624.0 0.6862875077585519
6626.0 0.6698994058082148
6628.0 0.6823160984684726
6630.0 0.6616870453439498
6632.0 0.6723388503074772
6634.0 0.6887898901304749
6636.0 0.6949754003255517
6638.0 0.6803469131587278
6640.0 0.6742564372013844
6642.0 0.6774649327487686
6644.0 0.6634732396145011
6646.0 0.6469374262952501
6648.0 0.6391291238947883
6650.0 0.6347155292954195
6652.0 0.629591884505315
6654.0 0.6347641948220479
6656.0 0.6333706827917848
6658.0 0.6339610011620178
6660.0 0.620380873054895
6662.0 0.6242671186341284
6664.0 0.6169627634902627
6666.0 0.6207011572749531
6668.0 0.6042126880318274
6670.0 0.6052265225637009
6672.0 0.6103162850111566
6674.0 0.6241892344143826
6676.0 0.6196806309284384
6678.0 0.6145151796804132
6680.0 0.6369588583004621
6682.0 0.6168022734505382
6684.0 0.6053250171574226
6686.0 0.571144327563217
6688.0 0.574298116719553
6690.0 0.5684117213308473
6692.0 0.5542560441529982
6694.0 0.5737166777177352
6696.0 0.5934953342864917
6698.0 0.6058732560625177
6700.0 0.6254013543288243
6702.0 0.6246650914510424
6704.0 0.6282130041802961
6706.0 0.6100495407784601
6708.0 0.6020319484974507
6710.0 0.5947297979048299
6712.0 0.5924477288096978
6714.0 0.5915346091258747
6716.0 0.5851524268091997
6718.0 0.567755935336612
6720.0 0.5623598749771376
6722.0 0.5591620789889908
6724.0 0.5754873919349469
6726.0 0.5789645686996302
6728.0 0.58222948911905
6730.0 0.5825343223502638
6732.0 0.5806067740939141
6734.0 0.5723844541174906
6736.0 0.5725833913871156
6738.0 0.5703579651990304
6740.0 0.5722878346320432
6742.0 0.5752325867152508
6744.0 0.5922369800842627
6746.0 0.5845458464013537
6748.0 0.5799698269393998
6750.0 0.5853475127123141
6752.0 0.5841494722367997
6754.0 0.5829186838344538
6756.0 0.5816127187071238
6758.0 0.580308293630536
6760.0 0.5784936521163963
6762.0 0.5779090536452239
6764.0 0.5760780571556076
6766.0 0.5735777544008093
6768.0 0.5711042532032107
6770.0 0.5684884727136864
6772.0 0.5659936248901917
6774.0 0.5642573637892455
6776.0 0.562675616675958
6778.0 0.5607341537423791
6780.0 0.5585449058095613
6782.0 0.55673053124332
6784.0 0.5546768182685148
6786.0 0.5527279113229341
6788.0 0.5507233307939805
6790.0 0.5486072479859121
6792.0 0.5467599704445208
6794.0 0.5445779312977184
6796.0 0.5423930083719405
6798.0 0.5404478313110955
6800.0 0.538756926669802
6802.0 0.5368729664289974
6804.0 0.5347797918742097
6806.0 0.5327221842255236
6808.0 0.5323574027777115
6810.0 0.5410651187404327
6812.0 0.554435286699546
6814.0 0.5729175336305553
6816.0 0.5573131059408495
6818.0 0.5569968526728253
6820.0 0.5566044633772539
6822.0 0.5397071069625524
6824.0 0.5163221146875522
6826.0 0.4938798975043748
6828.0 0.5074354782253029
6830.0 0.5063402140178014
6832.0 0.5215128139510763
6834.0 0.5452546479997119
6836.0 0.5429396098344829
6838.0 0.5347883546591016
6840.0 0.5205007538807451
6842.0 0.5043800558138258
6844.0 0.5074984043072817
6846.0 0.5172858319453942
6848.0 0.5568165059765299
6850.0 0.5512234680828786
6852.0 0.5434670399755286
6854.0 0.5390668625898112
6856.0 0.5391217582986845
6858.0 0.5318690169667257
6860.0 0.5262535595869728
6862.0 0.5167032776192738
6864.0 0.5138164429601939
6866.0 0.5046161943548192
6868.0 0.5112021298930898
6870.0 0.5147163238454886
6872.0 0.5216425332545717
6874.0 0.539957074119108
6876.0 0.5479146531683314
6878.0 0.5473866960478528
6880.0 0.5378760472799103
6882.0 0.5285431859532412
6884.0 0.5370002446224
6886.0 0.552678683819474
6888.0 0.5565766086658755
6890.0 0.543242009846665
6892.0 0.5426578125691832
6894.0 0.5488698400879005
6896.0 0.5519545304607385
6898.0 0.552303622974787
6900.0 0.5570372003375853
6902.0 0.5592404954931864
6904.0 0.5533851953590787
6906.0 0.5526687617330645
6908.0 0.5518828436252919
6910.0 0.5572871759760918
6912.0 0.5647909202254894
6914.0 0.562879382021867
6916.0 0.5719214738304541
6918.0 0.5619687636421169
6920.0 0.56974992002773
6922.0 0.56864392727032
6924.0 0.5561823017039458
6926.0 0.5590661056968994
6928.0 0.5580792252251302
6930.0 0.5551121200084473
6932.0 0.5530747200468272
6934.0 0.5586875121578307
6936.0 0.5626456139889126
6938.0 0.5639205909293041
6940.0 0.560984725193728
6942.0 0.5594003710278163
6944.0 0.5640001573784456
6946.0 0.5656500413594153
6948.0 0.557793763985743
6950.0 0.5423725727543482
6952.0 0.5608140466523588
6954.0 0.5709272444320196
6956.0 0.5768108216035458
6958.0 0.5684121232685139
6960.0 0.5701124125853563
6962.0 0.5683912223022723
6964.0 0.5707216274433125
6966.0 0.5535035412243966
6968.0 0.5437365043070835
6970.0 0.5682068981612408
6972.0 0.5757438099769666
6974.0 0.5785742800213503
6976.0 0.558368757218465
6978.0 0.5644046082763052
6980.0 0.5682797952688822
6982.0 0.5886958422071982
6984.0 0.5661610973972329
6986.0 0.5714533225251669
6988.0 0.5676885383243906
6990.0 0.5463028984879158
6992.0 0.5444824098588309
6994.0 0.5445261727720019
6996.0 0.5342965965047757
6998.0 0.5426104998954554
7000.0 0.5457851451422109
7002.0 0.5346571595024872
7004.0 0.5276543010684617
7006.0 0.5206831764455664
7008.0 0.5133835008183444
7010.0 0.518471847407358
7012.0 0.5314978249342612
7014.0 0.5291929407526978
7016.0 0.5296401515176516
7018.0 0.5236623068063255
7020.0 0.5323851857774803
7022.0 0.5150399069663639
7024.0 0.5156647757013463
7026.0 0.5188463744696294
7028.0 0.523946618667392
7030.0 0.5289023386511481
7032.0 0.5282055368005145
7034.0 0.5057523871943714
7036.0 0.5146466736126695
7038.0 0.5155615045440308
7040.0 0.5304159602566286
7042.0 0.5179514252610637
7044.0 0.5150776158803109
7046.0 0.5071113753990663
7048.0 0.4977197383276759
7050.0 0.48122856832893857
7052.0 0.4752520864280283
7054.0 0.4696756002279135
7056.0 0.485681635691444
7058.0 0.490349845182345
7060.0 0.4948373655014848
7062.0 0.4828888029688616
7064.0 0.4811557995115697
7066.0 0.48606674384700915
7068.0 0.5016847403249329
7070.0 0.5091526763473422
7072.0 0.5121480124539372
7074.0 0.5159893714661734
7076.0 0.5309320482255534
7078.0 0.5428715535371804
7080.0 0.5397494771587662
7082.0 0.5380019656557877
7084.0 0.5305091839622748
7086.0 0.5087239279506098
7088.0 0.4919319272866265
7090.0 0.49375422949993314
7092.0 0.5127958632461657
7094.0 0.5194145862613921
7096.0 0.5158105188580359
7098.0 0.49016830897784636
7100.0 0.501459577855309
7102.0 0.5070705646213088
7104.0 0.5142156649597597
7106.0 0.543996145988306
7108.0 0.5605821011893893
7110.0 0.568098113156772
7112.0 0.5746999202173498
7114.0 0.5858404431759596
7116.0 0.5865146572861692
7118.0 0.5875926951885666
7120.0 0.554223878982932
7122.0 0.5463915668687176
7124.0 0.542003888747144
7126.0 0.5338172678942076
7128.0 0.5204641342371185
7130.0 0.5072348130669666
7132.0 0.5074634124943852
7134.0 0.5050529871824624
7136.0 0.5044995692590466
7138.0 0.4874542499567397
7140.0 0.4938056439144533
7142.0 0.49721241964214147
7144.0 0.5370238271586978
7146.0 0.5522247416646038
7148.0 0.5632742973531437
7150.0 0.576621400896808
7152.0 0.5890043306333883
7154.0 0.5787040212026003
7156.0 0.5521632012901344
7158.0 0.5533433160474384
7160.0 0.5318407301001209
7162.0 0.5157446758962829
7164.0 0.5199623078829408
7166.0 0.5396578692649551
7168.0 0.5605432780372579
7170.0 0.5560493455057651
7172.0 0.564430361373676
7174.0 0.5816835503713664
7176.0 0.5709473607913284
7178.0 0.5575663591440206
7180.0 0.5381859427410645
7182.0 0.524934466471648
7184.0 0.5392243650024237
7186.0 0.5589285538818562
7188.0 0.5822488625192405
7190.0 0.5963049233549682
7192.0 0.6010922847409176
7194.0 0.6056871988511793
7196.0 0.5949657510515906
7198.0 0.602817801033995
7200.0 0.6106770868558488
7202.0 0.6013312098388225
7204.0 0.5981592423921284
7206.0 0.5939555769344469
7208.0 0.578277404460167
7210.0 0.5620117256333175
7212.0 0.5520426672544805
7214.0 0.543034183272421
7216.0 0.5491767791288836
7218.0 0.5714035694854297
7220.0 0.588774851909935
7222.0 0.59445218281314
7224.0 0.6020421282928503
7226.0 0.6047753100495856
7228.0 0.620602927876026
7230.0 0.6186240106358268
7232.0 0.6131108551805122
7234.0 0.5814504849189945
7236.0 0.5883990372726208
7238.0 0.5730011220665417
7240.0 0.557618010873129
7242.0 0.5574813551099547
7244.0 0.5626574815823958
7246.0 0.5455431250089785
7248.0 0.5636003223728917
7250.0 0.5701013262784305
7252.0 0.5799362841446882
7254.0 0.5659084032747091
7256.0 0.5565845910776329
7258.0 0.5521815213489163
7260.0 0.5624228539653512
7262.0 0.5587153462508768
7264.0 0.5550418023322088
7266.0 0.5585424026884455
7268.0 0.5348361162749714
7270.0 0.5147541935810876
7272.0 0.5115306627368102
7274.0 0.5240500176208224
7276.0 0.5243880493311847
7278.0 0.5272707125513982
7280.0 0.5223420413821819
7282.0 0.5405977890548446
7284.0 0.5518989926612875
7286.0 0.5559197871253991
7288.0 0.5417377991413747
7290.0 0.51879320779639
7292.0 0.5145958725643873
7294.0 0.5303054305673498
7296.0 0.541119177898833
7298.0 0.5569491799220132
7300.0 0.5548705718433868
7302.0 0.5700923901630461
7304.0 0.5911200000826604
7306.0 0.6173165317334369
7308.0 0.5955410545228961
7310.0 0.5660437910344387
7312.0 0.5693122481077271
7314.0 0.5769214961860817
7316.0 0.5763040565829396
7318.0 0.5333795965420026
7320.0 0.5309324740306406
7322.0 0.5343976230274335
7324.0 0.5405108803415737
7326.0 0.5306689776452952
7328.0 0.5317381416368007
7330.0 0.5461054667659021
7332.0 0.5540696730711119
7334.0 0.5570580042692947
7336.0 0.5548389098063455
7338.0 0.5613557867585227
7340.0 0.5510820192874993
7342.0 0.5456923810287487
7344.0 0.5576226142363412
7346.0 0.5686594006154209
7348.0 0.5753233620900701
7350.0 0.5619841428929908
7352.0 0.5694442133096622
7354.0 0.5668099100979891
7356.0 0.5738604755896309
7358.0 0.5517376684378393
7360.0 0.5467880736470069
7362.0 0.5556057162663813
7364.0 0.5548070658679508
7366.0 0.5519953453767682
7368.0 0.5412021465026188
7370.0 0.5433380606164893
7372.0 0.527018971931655
7374.0 0.5205683776161608
7376.0 0.5358110269940545
7378.0 0.5400616746977657
7380.0 0.542285956082527
7382.0 0.5201864720641822
7384.0 0.5372089988093579
7386.0 0.5452604365669664
7388.0 0.5246267076659267
7390.0 0.5378182252996712
7392.0 0.5439057795467972
7394.0 0.5572162799831386
7396.0 0.5478814885666952
7398.0 0.5360794583049278
7400.0 0.5323372778643765
7402.0 0.5440494776463408
7404.0 0.5535773215120207
7406.0 0.5586139370392449
7408.0 0.5593686155468491
7410.0 0.5454090419397346
7412.0 0.5322457457308022
7414.0 0.5253548748709236
7416.0 0.5302065949801533
7418.0 0.5407573278767023
7420.0 0.5571201645173681
7422.0 0.5403977120116228
7424.0 0.5372155266549078
7426.0 0.5329504390964998
7428.0 0.5289954764414961
7430.0 0.5257902037882344
7432.0 0.5182253337944556
7434.0 0.5193844205787893
7436.0 0.49729487832670893
7438.0 0.4854950674963839
7440.0 0.4910595134182671
7442.0 0.4644224153264368
7444.0 0.4695560559811438
7446.0 0.5011186918559455
7448.0 0.5156935381820533
7450.0 0.5003155471814228
7452.0 0.47022074973443984
7454.0 0.4536856741285001
7456.0 0.42876881525575483
7458.0 0.41900146988419495
7460.0 0.4250800395455017
7462.0 0.42624365692139726
7464.0 0.43289830041116983
7466.0 0.4217167658978109
7468.0 0.4143778535577124
7470.0 0.40917034444514205
7472.0 0.4064519760568982
7474.0 0.41551451517089816
7476.0 0.41027206547773876
7478.0 0.396570681059204
7480.0 0.39335847279165065
7482.0 0.3872747024298584
7484.0 0.38777967821747067
7486.0 0.3874622755290768
7488.0 0.387538903513217
7490.0 0.38793507822517365
7492.0 0.38942755834756454
7494.0 0.39034737251779633
7496.0 0.3915172944520836
7498.0 0.392768635192317
7500.0 0.3938464251118191
7502.0 0.395111589065831
7504.0 0.39587639618266285
7506.0 0.39756264206405584
7508.0 0.39833150112570115
7510.0 0.39949189369189947
7512.0 0.40090817521964056
7514.0 0.4018459204611956
7516.0 0.40304264343896035
7518.0 0.4041280959900015
7520.0 0.40551570498259887
7522.0 0.4063189165473556
7524.0 0.4076245589545659
7526.0 0.40883904938525967
7528.0 0.4099352063827349
7530.0 0.4110626184847725
7532.0 0.4122011653225742
7534.0 0.4135739789616518
7536.0 0.414296441824353
7538.0 0.41574488495991496
7540.0 0.4168715271284336
7542.0 0.4178565822580947
7544.0 0.4191454611699904
7546.0 0.4203192041302598
7548.0 0.42145506688314743
7550.0 0.4224796455931636
7552.0 0.4238161812096782
7554.0 0.4248128236855529
7556.0 0.4260257103896529
7558.0 0.4269721237462542
7560.0 0.42850571960657396
7562.0 0.4294505545342103
7564.0 0.43046726847022315
7566.0 0.4306989735555075
7568.0 0.4303757228418793
7570.0 0.43133277465034114
7572.0 0.43289241357467834
7574.0 0.4373417121372301
7576.0 0.4383622195342814
7578.0 0.45540190369665623
7580.0 0.46588021109604
7582.0 0.4527040243165137
7584.0 0.4444409283133832
7586.0 0.4487025943480668
7588.0 0.46419948713347414
7590.0 0.46980730193944387
7592.0 0.4615531050514274
7594.0 0.4701466201235343
7596.0 0.44916500219001154
7598.0 0.4584997644691119
7600.0 0.4821501697494937
7602.0 0.4816435986127819
7604.0 0.4977920060894846
7606.0 0.5145523068567152
7608.0 0.5215134781773579
7610.0 0.5261733755055142
7612.0 0.5371987572694824
7614.0 0.5437720274703958
7616.0 0.5359796936190445
7618.0 0.5406441394259632
7620.0 0.5267627651157994
7622.0 0.5241113887618025
7624.0 0.5307505760602396
7626.0 0.5461422708769246
7628.0 0.5497077329044069
7630.0 0.5509680522573569
7632.0 0.5518300870583801
7634.0 0.5694636761344495
7636.0 0.5933277834254918
7638.0 0.6120250354862831
7640.0 0.6440039302465868
7642.0 0.6229662309111722
7644.0 0.6089039262593611
7646.0 0.617775626086828
7648.0 0.6123037352706365
7650.0 0.5971992444033354
7652.0 0.5757962357544935
7654.0 0.586427651441184
7656.0 0.607357258792624
7658.0 0.6202881223081081
7660.0 0.604280238364197
7662.0 0.5997515457000737
7664.0 0.6159221175967392
7666.0 0.6236007369301786
7668.0 0.6355498223313368
7670.0 0.6415233951396516
7672.0 0.6600836677505842
7674.0 0.6536777689654557
7676.0 0.6548826480964257
7678.0 0.6499837785272732
7680.0 0.6499727823454613
7682.0 0.6735366352027454
7684.0 0.7144051731178654
7686.0 0.6950474611298404
7688.0 0.7029181037134473
7690.0 0.6901671774842282
7692.0 0.7084695856950242
7694.0 0.6957246956133532
7696.0 0.6803939058910081
7698.0 0.6488953957407471
7700.0 0.66980808636832
7702.0 0.6795864534479734
7704.0 0.67558284554338
7706.0 0.6716767165088936
7708.0 0.6747575236302077
7710.0 0.6922129817938528
7712.0 0.6970269097406148
7714.0 0.6862110465724269
7716.0 0.6621639646752837
7718.0 0.6569309000804312
7720.0 0.659239813211101
7722.0 0.6709414205847061
7724.0 0.6914735643245316
7726.0 0.6893219365907592
7728.0 0.6850886512300589
7730.0 0.7001528793152518
7732.0 0.7235495670052897
7734.0 0.7334438100784182
7736.0 0.7383656003120627
7738.0 0.7454571143326523
7740.0 0.7491420997858459
7742.0 0.7440364784229249
7744.0 0.7072389076793243
7746.0 0.6962141735836256
7748.0 0.6934803487013996
7750.0 0.682117022462689
7752.0 0.6818728488732858
7754.0 0.6821849457120298
7756.0 0.6834676906545393
7758.0 0.6844453615596405
7760.0 0.6857944118112023
7762.0 0.6874170293715122
7764.0 0.6886047758130647
7766.0 0.6900079140320092
7768.0 0.690461963168611
7770.0 0.6928560492696983
7772.0 0.6933741757494966
7774.0 0.6946278088088309
7776.0 0.6963355769535418
7778.0 0.6971398010056495
7780.0 0.6987960952490905
7782.0 0.6994154711026385
7784.0 0.7014934759012497
7786.0 0.7020340207301131
7788.0 0.703442997962003
7790.0 0.7050250791669828
7792.0 0.7060371721051468
7794.0 0.7072242223929311
7796.0 0.7084915162455178
7798.0 0.7102518017605233
7800.0 0.7112449165387158
7802.0 0.7126594948141828
7804.0 0.7128411588457253
7806.0 0.7130475258118552
7808.0 0.712255824965087
7810.0 0.70491741961363
7812.0 0.6863845965553655
7814.0 0.6752429240678707
7816.0 0.6595749184215235
7818.0 0.6423789458836964
7820.0 0.643922049175802
7822.0 0.6621258309211762
7824.0 0.6707226496090153
7826.0 0.6568951442477253
7828.0 0.6550257448858664
7830.0 0.6563630262121312
7832.0 0.6511010375851577
7834.0 0.6602356727866063
7836.0 0.6765943571062608
7838.0 0.6853255871553654
7840.0 0.6914212001303913
7842.0 0.6578720891545078
7844.0 0.6303312780230625
7846.0 0.6098627842731493
7848.0 0.6225208684338085
7850.0 0.6273955028871523
7852.0 0.5933279246886124
7854.0 0.5790186584951659
7856.0 0.5705949237907632
7858.0 0.5622343669563331
7860.0 0.5846562624970999
7862.0 0.5893033252170858
7864.0 0.5968459122818873
7866.0 0.6136575017433687
7868.0 0.6209579591609281
7870.0 0.6327207841476205
7872.0 0.6479366289496346
7874.0 0.639445823226935
7876.0 0.6233999629219779
7878.0 0.6021507232006065
7880.0 0.5794619989581575
7882.0 0.5602382198450166
7884.0 0.5537885129748457
7886.0 0.5496266175740563
7888.0 0.5544643379986156
7890.0 0.5565943054795577
7892.0 0.5567056640829886
7894.0 0.560674362334513
7896.0 0.5593329034613744
7898.0 0.5337791971103485
7900.0 0.539552071204223
7902.0 0.544938748735963
7904.0 0.5650312202868897
7906.0 0.5630576910994645
7908.0 0.5747675653838134
7910.0 0.5625854695248877
7912.0 0.5722879327653504
7914.0 0.567823837990991
7916.0 0.5598367215829491
7918.0 0.5351699802458352
7920.0 0.5236147630912008
7922.0 0.5306007778758686
7924.0 0.5354221813307422
7926.0 0.5279690727498841
7928.0 0.5084706550851632
7930.0 0.4845344237793003
7932.0 0.4834259973148323
7934.0 0.4888767414209313
7936.0 0.48644509817230985
7938.0 0.4763026569573407
7940.0 0.47057457892715654
7942.0 0.4700834143431161
7944.0 0.46847453255345756
7946.0 0.48346155949958614
7948.0 0.48814335899036804
7950.0 0.47321553400661126
7952.0 0.46962164391570144
7954.0 0.48167452396720484
7956.0 0.5174235260621204
7958.0 0.520784123049421
7960.0 0.5087430589636549
7962.0 0.5063454773398167
7964.0 0.4692061796969272
7966.0 0.45067083361959104
7968.0 0.426270384883146
7970.0 0.4234331389120464
7972.0 0.4354090553727873
7974.0 0.4654152146035223
7976.0 0.4361338708401337
7978.0 0.4090154048162159
7980.0 0.4057603175460825
7982.0 0.4245967749267748
7984.0 0.4398849072487828
7986.0 0.4524936136129884
7988.0 0.47645384260381496
7990.0 0.48643170042708905
7992.0 0.4854575860909566
7994.0 0.4563692078855675
7996.0 0.4123000382997857
7998.0 0.40998443234862986
8000.0 0.4203104937159295
8002.0 0.44296104523910096
8004.0 0.4512585022567555
8006.0 0.4580137624991563
8008.0 0.46967930530397783
8010.0 0.46814364806922165
8012.0 0.45765241059771783
8014.0 0.4610418059756332
8016.0 0.45472255611748313
8018.0 0.461512475581894
8020.0 0.4517573030808716
8022.0 0.46074752534747104
8024.0 0.4608059865258812
8026.0 0.4451363270564284
8028.0 0.4282185065709631
8030.0 0.43755821082921975
8032.0 0.44074751810392987
8034.0 0.42347085282532226
8036.0 0.4309631298666603
8038.0 0.4489357765914628
8040.0 0.4691796746261166
8042.0 0.47076043315155347
8044.0 0.46907336543133216
8046.0 0.45023481770525037
8048.0 0.4447671998510914
8050.0 0.4359149812030213
8052.0 0.4307102237024333
8054.0 0.4313912676200066
8056.0 0.4160705086934729
8058.0 0.39685908093870337
8060.0 0.41114428649064866
8062.0 0.41255620924930914
8064.0 0.4181015609319133
8066.0 0.4120581280379695
8068.0 0.38859702255091066
8070.0 0.365106851371553
8072.0 0.3593614948538076
8074.0 0.36372362750052534
8076.0 0.3658475283591572
8078.0 0.3753605969346245
8080.0 0.37502748708416656
8082.0 0.37947671533455185
8084.0 0.38536405353000575
8086.0 0.37712899856640636
8088.0 0.376073422150935
8090.0 0.38491171589444373
8092.0 0.3893318232119032
8094.0 0.38638126716616117
8096.0 0.38853960115877606
8098.0 0.387398879904015
8100.0 0.3931739969847794
8102.0 0.39042703676510593
8104.0 0.39164637391056123
8106.0 0.40870368088781617
8108.0 0.4080927987893577
8110.0 0.3954367737755383
8112.0 0.3662865453928855
8114.0 0.34580142239962036
8116.0 0.3269251004068045
8118.0 0.3239248528099773
8120.0 0.32450942101511365
8122.0 0.305418726287213
8124.0 0.2919339501392185
8126.0 0.28389887121643986
8128.0 0.2732229548757482
8130.0 0.24662746416318646
8132.0 0.23622843451636016
8134.0 0.22423643511082028
8136.0 0.22811274651555857
8138.0 0.22881863934274144
8140.0 0.22480249965451782
8142.0 0.22268564580854439
8144.0 0.21635599929031904
8146.0 0.22286794073655253
8148.0 0.23838123318106416
8150.0 0.2530914254054687
8152.0 0.27204747188262995
8154.0 0.27684327127807007
8156.0 0.25614626031218224
8158.0 0.24275139692000727
8160.0 0.22733324007855368
8162.0 0.21095889447489405
8164.0 0.1960394215032396
8166.0 0.1812047401000378
8168.0 0.1414788298597186
8170.0 0.1295920387125528
8172.0 0.12797103312283425
8174.0 0.13214299656696807
8176.0 0.13798373745391795
8178.0 0.15707822714032044
8180.0 0.1536151952715402
8182.0 0.13100467679365832
8184.0 0.12328959570157247
8186.0 0.1232454864720196
8188.0 0.13897774357950232
8190.0 0.139498597508541
8192.0 0.14367284665636762
8194.0 0.14592072931344402
8196.0 0.13360612361259525
8198.0 0.1306505006497624
8200.0 0.1362505125233608
8202.0 0.14665186651097095
8204.0 0.15351493866125873
8206.0 0.14823802914151976
8208.0 0.15498310396438683
8210.0 0.1337902302705307
8212.0 0.11225209383022566
8214.0 0.09989105045481016
8216.0 0.10761281528726077
8218.0 0.11436128878091949
8220.0 0.12248452889493124
8222.0 0.1307857093442781
8224.0 0.14533103119163898
8226.0 0.15951587082411411
8228.0 0.1429803428285946
8230.0 0.1437870659254129
8232.0 0.13050469889060098
8234.0 0.12991570588275428
8236.0 0.15817862615085088
8238.0 0.19668778995879355
8240.0 0.1536396756289077
8242.0 0.16839560889781305
8244.0 0.16542884507615987
8246.0 0.18494830593218964
8248.0 0.16145723348164043
8250.0 0.15652788258683353
8252.0 0.14905484334876384
8254.0 0.14743505598639783
8256.0 0.13836301906239154
8258.0 0.1651002586457861
8260.0 0.15228723108589548
8262.0 0.15217208110331806
8264.0 0.17231854595819524
8266.0 0.2174027043010243
8268.0 0.22271761108133348
8270.0 0.22516856034953095
8272.0 0.20142275535884618
8274.0 0.21266342481005626
8276.0 0.1996179453393581
8278.0 0.18081563990834362
8280.0 0.19350921806808974
8282.0 0.2125327890760782
8284.0 0.2062714528455143
8286.0 0.1969342182289776
8288.0 0.18826936032557567
8290.0 0.22529271468803236
8292.0 0.22171862110144425
8294.0 0.20627272999236568
8296.0 0.17438241434013746
8298.0 0.18990647793157453
8300.0 0.20436442310017833
8302.0 0.21781114174198052
8304.0 0.21415425577469277
8306.0 0.2019714959213329
8308.0 0.19793508234378582
8310.0 0.19990521249259227
8312.0 0.20217461743765344
8314.0 0.20365318464710708
8316.0 0.21165320628237055
8318.0 0.20922345794130798
8320.0 0.19893341063838865
8322.0 0.17949913771632817
8324.0 0.1882475123246805
8326.0 0.19598978776836715
8328.0 0.20407280225972918
8330.0 0.19398140978259432
8332.0 0.19901284195044794
8334.0 0.20779750277694203
8336.0 0.24338950974476986
8338.0 0.22950483957063258
8340.0 0.22606072633810087
8342.0 0.21213118008392762
8344.0 0.22487084175719935
8346.0 0.23096865577801667
8348.0 0.23076498881703592
8350.0 0.24327144435140174
8352.0 0.23449083224875739
8354.0 0.22607483664456585
8356.0 0.23568008475862962
8358.0 0.23441987284332447
8360.0 0.2427081999773771
8362.0 0.22846261564575093
8364.0 0.25990057909139336
8366.0 0.28026417670513976
8368.0 0.3214658714269401
8370.0 0.3273055606586586
8372.0 0.31007170088444097
8374.0 0.26507143857885124
8376.0 0.27371918328297284
8378.0 0.2839962136457409
8380.0 0.30300019625662983
8382.0 0.30559002161363774
8384.0 0.3130763323895827
8386.0 0.3030358031294012
8388.0 0.3071142884394225
8390.0 0.3189562320764677
8392.0 0.3298146052760257
8394.0 0.32431478133002756
8396.0 0.3291779940857456
8398.0 0.33515195965174227
8400.0 0.34577072456904845
8402.0 0.35991429633684
8404.0 0.3752604543511919
8406.0 0.38328989365255056
8408.0 0.3661527132757527
8410.0 0.35443256697153797
8412.0 0.3413463033619682
8414.0 0.32325667245530304
8416.0 0.3497657823174735
8418.0 0.37789668742582067
8420.0 0.3961583303300311
8422.0 0.4122297088859164
8424.0 0.41918851829744574
8426.0 0.4651285708087981
8428.0 0.463525124634995
8430.0 0.4630116290281977
8432.0 0.4746811574467646
8434.0 0.4893978082227027
8436.0 0.4906236045423542
8438.0 0.4835225464286051
8440.0 0.5138804743341311
8442.0 0.5145620249157975
8444.0 0.5027518751886801
8446.0 0.5006997578363136
8448.0 0.5190474227180308
8450.0 0.5219440113450082
8452.0 0.5337894748397012
8454.0 0.5179129109392364
8456.0 0.5343945985617187
8458.0 0.5540618722518629
8460.0 0.5842016218005209
8462.0 0.5944460174005078
8464.0 0.5979863092858775
8466.0 0.6209367681150159
8468.0 0.5960744985993909
8470.0 0.5782551367203596
8472.0 0.5754015992307087
8474.0 0.6026589417139228
8476.0 0.6179960290838307
8478.0 0.6213503663417175
8480.0 0.6390839744512884
8482.0 0.6522159092780131
8484.0 0.6257249129769644
8486.0 0.6126773314744911
8488.0 0.6073507181351548
8490.0 0.598775230855346
8492.0 0.6003266771051113
8494.0 0.6166127673780784
8496.0 0.6359557125987062
8498.0 0.602259933802018
8500.0 0.6135464212843933
8502.0 0.6403481961903515
8504.0 0.6415110958567369
8506.0 0.6475565100800813
8508.0 0.6667872350050946
8510.0 0.6970331159121973
8512.0 0.7014905822431604
8514.0 0.7070096251804001
8516.0 0.7054308743410966
8518.0 0.7050320630967759
8520.0 0.6996029501858799
8522.0 0.6910563889167308
8524.0 0.6934027485865275
8526.0 0.6901081425926289
8528.0 0.7068247022138245
8530.0 0.6984118917429879
8532.0 0.7017061075437643
8534.0 0.6984373903063802
8536.0 0.6760940528582269
8538.0 0.6511834042987761
8540.0 0.6318866348144591
8542.0 0.6627789000227448
8544.0 0.6853331566492687
8546.0 0.6964641545168545
8548.0 0.6802300951562285
8550.0 0.6934213437741706
8552.0 0.6879886079264836
8554.0 0.687580929844099
8556.0 0.7266781826267292
8558.0 0.7444277993478966
8560.0 0.7600855544180992
8562.0 0.7706929656472516
8564.0 0.7783286535685501
8566.0 0.7801990834247358
8568.0 0.7923592746898467
8570.0 0.7877231321876506
8572.0 0.7806609009576182
8574.0 0.7824804816031663
8576.0 0.7842493434753437
8578.0 0.7879901383049946
8580.0 0.8061871675194183
8582.0 0.8429739591877243
8584.0 0.8347607307929567
8586.0 0.8108106588681201
8588.0 0.7834462782911729
8590.0 0.7719868136815052
8592.0 0.7594893698695212
8594.0 0.7644213713559179
8596.0 0.7420343377550078
8598.0 0.7336306578126567
8600.0 0.708483981356332
8602.0 0.7135124540487674
8604.0 0.7203403510237835
8606.0 0.7267204632720916
8608.0 0.704404730995908
8610.0 0.6823485716454245
8612.0 0.6812399556140776
8614.0 0.6674099279387311
8616.0 0.675249567386209
8618.0 0.7060773441439571
8620.0 0.7398104751537986
8622.0 0.7675117236614837
8624.0 0.7843268734681661
8626.0 0.7400911545981791
8628.0 0.7227052789097733
8630.0 0.7233035834446235
8632.0 0.8068496880454593
8634.0 0.7738148586495651
8636.0 0.7609746623761371
8638.0 0.7582113092274819
8640.0 0.7826815300152461
8642.0 0.7817279987427298
8644.0 0.7590721769760759
8646.0 0.7102823806695323
8648.0 0.6956457293640937
8650.0 0.6875562148874238
8652.0 0.66975192376328
8654.0 0.6986716441786921
8656.0 0.7137946601148683
8658.0 0.7197869685390605
8660.0 0.713824518586824
8662.0 0.6978038589048091
8664.0 0.6534846726463871
8666.0 0.6394086447115195
8668.0 0.6286173166816681
8670.0 0.6160646247287043
8672.0 0.6516963851126839
8674.0 0.6969666490088755
8676.0 0.7312165166913593
8678.0 0.7331084072303242
8680.0 0.7323313920939494
8682.0 0.7187978466851883
8684.0 0.7114413805933716
8686.0 0.666419874293809
8688.0 0.6441974680198884
8690.0 0.6441251936875495
8692.0 0.635413356159086
8694.0 0.631924550909608
8696.0 0.6230975514615469
8698.0 0.6371726642713832
8700.0 0.6056101898112579
8702.0 0.5773403749088627
8704.0 0.6183930179604562
8706.0 0.6348181726556213
8708.0 0.6159707542461046
8710.0 0.6399798660152035
8712.0 0.6733596848877026
8714.0 0.6776678335404321
8716.0 0.6685299856527908
8718.0 0.6325042432545691
8720.0 0.611449127603151
8722.0 0.5838936268539031
8724.0 0.5913080228238133
8726.0 0.5918735363024603
8728.0 0.5940973833765317
8730.0 0.5970824566947789
8732.0 0.5875583457555937
8734.0 0.5761011072159509
8736.0 0.5916333155431277
8738.0 0.5904822183174847
8740.0 0.5922378625010127
8742.0 0.5974300866913607
8744.0 0.6114262816530268
8746.0 0.6093830738989382
8748.0 0.5958837492714718
8750.0 0.6141486960771395
8752.0 0.6400977770185571
8754.0 0.6527176473309665
8756.0 0.6364874633412213
8758.0 0.6017161842794769
8760.0 0.5634662155752604
8762.0 0.5559079840327068
8764.0 0.5442650370974623
8766.0 0.5285720698873456
8768.0 0.535487758716208
8770.0 0.5261748544072006
8772.0 0.5225416886458116
8774.0 0.5457031596717552
8776.0 0.5471738555228349
8778.0 0.5546481186817434
8780.0 0.5636182241806497
8782.0 0.5651043457201735
8784.0 0.5564974718938537
8786.0 0.5507727787059173
8788.0 0.5771253369927718
8790.0 0.5818008419795603
8792.0 0.5636761296187609
8794.0 0.5103083264610616
8796.0 0.5330769185154917
8798.0 0.5576227255871913
8800.0 0.5971294030297133
8802.0 0.581998233683071
8804.0 0.5732059482904239
8806.0 0.5686989756040596
8808.0 0.5384355637613544
8810.0 0.5397631860716591
8812.0 0.5396736603385128
8814.0 0.5445182839842896
8816.0 0.5682258714839579
8818.0 0.5816376499871663
8820.0 0.5848776549049757
8822.0 0.5822162965508324
8824.0 0.5692537288948998
8826.0 0.5742642087173424
8828.0 0.5755430734182932
8830.0 0.5924541381877758
8832.0 0.5920334536107232
8834.0 0.5870203524351294
8836.0 0.5763127491153657
8838.0 0.5629159992263887
8840.0 0.560840024520763
8842.0 0.5551522242157338
8844.0 0.5654302865918515
8846.0 0.568053483620563
8848.0 0.5661728765373374
8850.0 0.5589869654739982
8852.0 0.5483183756648458
8854.0 0.535938569875266
8856.0 0.5287225604317622
8858.0 0.5471502815356044
8860.0 0.5524148783485532
8862.0 0.5569255870814228
8864.0 0.5483318254246826
8866.0 0.5516199122888854
8868.0 0.5454216726048928
8870.0 0.540473405240203
8872.0 0.5364294538395816
8874.0 0.5390675684573534
8876.0 0.537190237298838
8878.0 0.5302615796022611
8880.0 0.5328070722055218
8882.0 0.5330621727598573
8884.0 0.5330789637225104
8886.0 0.5197133361814013
8888.0 0.5086498999725035
8890.0 0.49525673149068217
8892.0 0.4658864345772219
8894.0 0.4641198878506516
8896.0 0.46841314822322233
8898.0 0.4713091229407757
8900.0 0.463060922650255
8902.0 0.4509531093684693
8904.0 0.43747163455827315
8906.0 0.42982498837680955
8908.0 0.4331362658068785
8910.0 0.43772025644081325
8912.0 0.43461690820385773
8914.0 0.4247422909123411
8916.0 0.4164241985024558
8918.0 0.40220681088966437
8920.0 0.4038912263632365
8922.0 0.40135182288355603
8924.0 0.39340332866246275
8926.0 0.39349542512578506
8928.0 0.3940026602262354
8930.0 0.3946962215652647
8932.0 0.3809947619515244
8934.0 0.37862905480616466
8936.0 0.37839679343908195
8938.0 0.3812511760317957
8940.0 0.38792443353790257
8942.0 0.3890283848465856
8944.0 0.39123820515176044
8946.0 0.3829050885283614
8948.0 0.38420074142372773
8950.0 0.3802145912565854
8952.0 0.37663616278336143
8954.0 0.37746574119380366
8956.0 0.3732875851275969
8958.0 0.37217255810193345
8960.0 0.3815039441959654
8962.0 0.3871853904848968
8964.0 0.39121745322702667
8966.0 0.39439345124129654
8968.0 0.387975211567629
8970.0 0.37893544394533973
8972.0 0.3715519649496314
8974.0 0.35475217865266945
8976.0 0.35214797543317117
8978.0 0.35107299495519373
8980.0 0.34833617718856064
8982.0 0.3486874310940751
8984.0 0.3485178977835874
8986.0 0.34907693761809766
8988.0 0.3506100834101411
8990.0 0.35696126664354577
8992.0 0.3552605897873494
8994.0 0.3494292339395193
8996.0 0.35282869519927956
8998.0 0.36335021262505857
9000.0 0.3705924024102054
9002.0 0.3785828518229765
9004.0 0.3788670390321039
9006.0 0.38461632547792063
9008.0 0.3824724877372891
9010.0 0.3808879728065241
9012.0 0.3810504584382766
9014.0 0.3873332814535708
9016.0 0.4009988518573712
9018.0 0.40234506517229923
9020.0 0.39764254558585155
9022.0 0.3937491532499826
9024.0 0.39530855654468283
9026.0 0.3988556937573308
9028.0 0.4030792021794781
9030.0 0.3911603321462712
9032.0 0.379312855959516
9034.0 0.3631961625555439
9036.0 0.35741480397554803
9038.0 0.3609901874773607
9040.0 0.368496324610652
9042.0 0.3794929538160429
9044.0 0.38849465930032434
9046.0 0.3901384258745575
9048.0 0.39102363626692177
9050.0 0.3741858219443907
9052.0 0.3736460805410719
9054.0 0.3755447391349344
9056.0 0.3929541640106739
9058.0 0.39418018263052107
9060.0 0.3945655781256615
9062.0 0.39068708229216703
9064.0 0.4090355898185758
9066.0 0.4161372551416704
9068.0 0.4198089543810997
9070.0 0.41888381900250815
9072.0 0.4203152088935876
9074.0 0.41093479401995525
9076.0 0.4142407372349072
9078.0 0.3940271942042261
9080.0 0.38860301324566987
9082.0 0.3940593285598594
9084.0 0.421025325156913
9086.0 0.4354285702060535
9088.0 0.4419699459389874
9090.0 0.4538586320704157
9092.0 0.44585610934724734
9094.0 0.4139225044704939
9096.0 0.3931352672894577
9098.0 0.40432039207101733
9100.0 0.43661139599190296
9102.0 0.44907552259638095
9104.0 0.4660691989707328
9106.0 0.46083003353141166
9108.0 0.4553316118588762
9110.0 0.441778862411314
9112.0 0.438942608996365
9114.0 0.4347895854145025
9116.0 0.4393773799011561
9118.0 0.4401972008355798
9120.0 0.4367839990991394
9122.0 0.43048608575591946
9124.0 0.4311704249912196
9126.0 0.4376919591979184
9128.0 0.43762950257914296
9130.0 0.43418757511938294
9132.0 0.43375113883764904
9134.0 0.43399415466646696
9136.0 0.4338286212460247
9138.0 0.421229168107599
9140.0 0.40854663569349187
9142.0 0.4073139952774254
9144.0 0.40802125465812794
9146.0 0.4224113773365702
9148.0 0.43907794474576134
9150.0 0.4521104232322474
9152.0 0.43812961533587197
9154.0 0.4399210730582583
9156.0 0.4467387528683403
9158.0 0.46959867558304935
9160.0 0.4693527070040955
9162.0 0.4644289375665787
9164.0 0.455814813618635
9166.0 0.42843663212933697
9168.0 0.40468109413833464
9170.0 0.39102661420988283
9172.0 0.37285725424383503
9174.0 0.38983069223166206
9176.0 0.3993893867249644
9178.0 0.4034076882081095
9180.0 0.38635654227575444
9182.0 0.3892982879635599
9184.0 0.396534257524693
9186.0 0.40762986944155866
9188.0 0.3993695043115447
9190.0 0.3887664412102603
9192.0 0.37935547594857966
9194.0 0.3725802378717956
9196.0 0.38293227221142595
9198.0 0.3919631087544655
9200.0 0.40515833777669424
9202.0 0.4040380208500621
9204.0 0.39112758905020373
9206.0 0.37741697384081874
9208.0 0.3714120244343361
9210.0 0.3685238253666648
9212.0 0.37835678610344414
9214.0 0.3694089037646424
9216.0 0.3664075210913667
9218.0 0.3552171133584711
9220.0 0.3640294350480891
9222.0 0.3573636713301278
9224.0 0.3690468129727772
9226.0 0.3752040089059965
9228.0 0.3842298081389232
9230.0 0.39296417568422626
9232.0 0.4063720436884328
9234.0 0.4005952541633404
9236.0 0.38610157580946525
9238.0 0.37392371802870084
9240.0 0.3807467173690781
9242.0 0.40003643149705925
9244.0 0.4098633593356552
9246.0 0.38444589308640154
9248.0 0.3715560455753604
9250.0 0.3825656331747891
9252.0 0.41524202836121843
9254.0 0.43320182354948716
9256.0 0.4335468352928082
9258.0 0.427101644075608
9260.0 0.4190841277743613
9262.0 0.39955869826727247
9264.0 0.379434856525596
9266.0 0.36734114499383747
9268.0 0.3662402821414403
9270.0 0.36275926802065006
9272.0 0.3581324082367971
9274.0 0.37115047343693286
9276.0 0.3899249542938162
9278.0 0.41409929821267616
9280.0 0.42781220921031965
9282.0 0.4411828041755616
9284.0 0.44290966570802937
9286.0 0.434810815215823
9288.0 0.4029760650916994
9290.0 0.3941841508145061
9292.0 0.40011245045358007
9294.0 0.408796637252463
9296.0 0.4081537232541382
9298.0 0.41157549319884307
9300.0 0.41893724486209216
9302.0 0.40377527877999486
9304.0 0.3845256465066525
9306.0 0.37024158368603505
9308.0 0.3505527552629169
9310.0 0.35973188762578107
9312.0 0.36867403536899623
9314.0 0.3948053444507797
9316.0 0.3907426154194676
9318.0 0.3869618026392592
9320.0 0.38060944875065505
9322.0 0.3805946160059872
9324.0 0.3834240340840027
9326.0 0.3853497505047565
9328.0 0.38899269765165884
9330.0 0.4064066511800213
9332.0 0.4161641943639967
9334.0 0.4344629410285826
9336.0 0.44980102655234344
9338.0 0.4566743563691428
9340.0 0.44576178487213897
9342.0 0.4304095374994626
9344.0 0.40056445092885795
9346.0 0.40902586495548976
9348.0 0.42592365072298793
9350.0 0.4278721212248012
9352.0 0.42218963942174154
9354.0 0.4043923754561784
9356.0 0.39480389479089695
9358.0 0.3810749388190602
9360.0 0.38762239488272504
9362.0 0.38594359932621886
9364.0 0.39661126644582734
9366.0 0.39138921049339515
9368.0 0.3840752473053353
9370.0 0.36939692271904034
9372.0 0.3709722868521478
9374.0 0.3821968938253044
9376.0 0.40870993038803727
9378.0 0.42297070985777346
9380.0 0.4245969867337262
9382.0 0.41911577435418856
9384.0 0.41229346147783535
9386.0 0.4225022339506427
9388.0 0.424135906635581
9390.0 0.4209775454458006
9392.0 0.41098887566869163
9394.0 0.40311270509358255
9396.0 0.401009288305442
9398.0 0.39710572892563917
9400.0 0.3878689593341523
9402.0 0.38487401059093024
9404.0 0.3796023896265508
9406.0 0.378630287402664
9408.0 0.3733683724199785
9410.0 0.3812113489369279
9412.0 0.3847668654487574
9414.0 0.3979989734531114
9416.0 0.39917373883925145
9418.0 0.409107400190464
9420.0 0.39807997047857785
9422.0 0.39011547010709147
9424.0 0.3865925234527387
9426.0 0.40511079002321326
9428.0 0.4171466467672931
9430.0 0.41981019883280907
9432.0 0.4220233676124431
9434.0 0.4288603255448459
9436.0 0.43071753232329296
9438.0 0.4304379131524501
9440.0 0.42264468271549643
9442.0 0.4238970554287956
9444.0 0.4215146407484402
9446.0 0.42124028685262144
9448.0 0.4149863418552611
9450.0 0.40311342850253046
9452.0 0.4031961219853523
9454.0 0.40886726281985647
9456.0 0.41221156306393264
9458.0 0.4162337588404979
9460.0 0.4416288448213154
9462.0 0.44133217532392005
9464.0 0.4355086926722166
9466.0 0.40581890067308424
9468.0 0.40771840051160413
9470.0 0.4150860250007103
9472.0 0.42406954890140464
9474.0 0.42648468993820854
9476.0 0.42500685075482986
9478.0 0.43060958544460454
9480.0 0.4173528946186654
9482.0 0.4300583117647915
9484.0 0.42609816619384305
9486.0 0.4366807938829158
9488.0 0.4267753863911584
9490.0 0.4362230325461249
9492.0 0.4551897471702923
9494.0 0.4463790637003096
9496.0 0.43365569369954576
9498.0 0.4171697531427778
9500.0 0.4019821361781782
9502.0 0.39912230134240745
9504.0 0.4048018130637284
9506.0 0.42128597221499586
9508.0 0.42930183329925764
9510.0 0.4416268868177153
9512.0 0.4415616422570067
9514.0 0.4254692543858605
9516.0 0.40453312318107465
9518.0 0.3849086490263405
9520.0 0.3908148343847263
9522.0 0.38435164109801784
9524.0 0.3896529801727462
9526.0 0.3976312439050189
9528.0 0.40847873509948834
9530.0 0.4219322200473956
9532.0 0.4364922127195828
9534.0 0.4392649856451512
9536.0 0.4230618167808612
9538.0 0.4193967261480949
9540.0 0.4133176420340898
9542.0 0.4255542991967962
9544.0 0.41470687699570535
9546.0 0.40090678713419187
9548.0 0.3877397983018509
9550.0 0.38690261224055716
9552.0 0.38589931044437625
9554.0 0.3881776958485161
9556.0 0.4004329956259091
9558.0 0.42127196742967254
9560.0 0.4328640210406112
9562.0 0.447195969919254
9564.0 0.45681304139308027
9566.0 0.450983939940994
9568.0 0.4390822559390714
9570.0 0.4251545178203868
9572.0 0.4200851081590658
9574.0 0.424985709145014
9576.0 0.40392142335350967
9578.0 0.39976599247248085
9580.0 0.39190704226271444
9582.0 0.3834816676716007
9584.0 0.39645145443252616
9586.0 0.40146003317122275
9588.0 0.40215029923274637
9590.0 0.3774736654475408
9592.0 0.3719621876802075
9594.0 0.37233710504319345
9596.0 0.3959317187168831
9598.0 0.401316800259477
9600.0 0.4017427035737482
9602.0 0.39332357596728323
9604.0 0.3933779815943096
9606.0 0.3941103208195685
9608.0 0.39354444005738265
9610.0 0.38661102938120745
9612.0 0.3913284276657312
9614.0 0.3951545083000104
9616.0 0.3906305307611399
9618.0 0.37356026015136834
9620.0 0.3631382345352748
9622.0 0.3569676127116793
9624.0 0.37873169908908805
9626.0 0.39263626704508414
9628.0 0.4041941736122438
9630.0 0.409123846309166
9632.0 0.3928874558736114
9634.0 0.38228417006994103
9636.0 0.3748692339709115
9638.0 0.39492553960913745
9640.0 0.4016018027952783
9642.0 0.4133643382061071
9644.0 0.40430388412206203
9646.0 0.40094203814071805
9648.0 0.3960918600461109
9650.0 0.3807681466915453
9652.0 0.37609121749504865
9654.0 0.37677354181565564
9656.0 0.3741792898189964
9658.0 0.3976557211582961
9660.0 0.3892451878253303
9662.0 0.38130911071113394
9664.0 0.36731171569648124
9666.0 0.3678940487344317
9668.0 0.3685514729528803
9670.0 0.3630886052798731
9672.0 0.35448141197672156
9674.0 0.3510907050697802
9676.0 0.3479099768165638
9678.0 0.3633800276388083
9680.0 0.3777647110367433
9682.0 0.3869053004656147
9684.0 0.38676638566102356
9686.0 0.39339272549358884
9688.0 0.405881600429254
9690.0 0.417160416750237
9692.0 0.4178715560141949
9694.0 0.4096492379499183
9696.0 0.40767542194849066
9698.0 0.4165717708846241
9700.0 0.4107724905115844
9702.0 0.4069960108310033
9704.0 0.39900458387366583
9706.0 0.38565449557581205
9708.0 0.37908173276369084
9710.0 0.37102082453300056
9712.0 0.37450935424922405
9714.0 0.38309618547091073
9716.0 0.3842109441337306
9718.0 0.3807867880062758
9720.0 0.42066509232261184
9722.0 0.42267686031688023
9724.0 0.3986940306004518
9726.0 0.35905535869094324
9728.0 0.3605161819420336
9730.0 0.37686969152033395
9732.0 0.39779542889018077
9734.0 0.38413502754166207
9736.0 0.3787090093152533
9738.0 0.3786023817708501
9740.0 0.36911476427478757
9742.0 0.379955010581815
9744.0 0.39410524341898817
9746.0 0.4143632513589991
9748.0 0.4080898542284299
9750.0 0.40118960136571097
9752.0 0.3948031162543989
9754.0 0.37284882591286383
9756.0 0.3594135549121166
9758.0 0.34968835891504807
9760.0 0.34053437957261756
9762.0 0.3389685055533822
9764.0 0.35120587247994245
9766.0 0.3740189514330465
9768.0 0.3739584642672011
9770.0 0.3804397108505509
9772.0 0.38420150256035707
9774.0 0.3798778522073801
9776.0 0.368878809556873
9778.0 0.3676609476350434
9780.0 0.36810612010394594
9782.0 0.37012919702425556
9784.0 0.37400150029657325
9786.0 0.3733284050258875
9788.0 0.3880167682096229
9790.0 0.40110115662757023
9792.0 0.4079907940387265
9794.0 0.4068739953619435
9796.0 0.3680551291590913
9798.0 0.35412056312068835
9800.0 0.35755998356805085
9802.0 0.3640310547968349
9804.0 0.3728401152458582
9806.0 0.3859798535204694
9808.0 0.401369961228565
9810.0 0.40845538107529344
9812.0 0.41335797363810484
9814.0 0.4153856727050244
9816.0 0.4167190837010898
9818.0 0.40403402147975676
9820.0 0.3769706459143992
9822.0 0.33879602657324825
9824.0 0.3431009628326989
9826.0 0.3435173407194503
9828.0 0.3563898375225141
9830.0 0.3468981122349166
9832.0 0.33939017227972285
9834.0 0.3402812490777001
9836.0 0.3670980130182852
9838.0 0.3837214968358603
9840.0 0.39888813012234065
9842.0 0.39393929865699373
9844.0 0.39565779403237344
9846.0 0.36769795275822226
9848.0 0.34323341951006175
9850.0 0.3458750475965446
9852.0 0.3761230931735418
9854.0 0.3953172911909885
9856.0 0.37613369636943994
9858.0 0.36210798214238443
9860.0 0.3557791604190249
9862.0 0.3692205830120048
9864.0 0.37210939806505794
9866.0 0.38625229790660454
9868.0 0.3851144906355086
9870.0 0.4086382127786389
9872.0 0.4037994820847999
9874.0 0.4121217821482316
9876.0 0.4135494870226487
9878.0 0.4103122503724784
9880.0 0.39920555439137284
9882.0 0.3774519136637355
9884.0 0.39507584852006333
9886.0 0.39647069881442254
9888.0 0.393537863627252
9890.0 0.36190316806566336
9892.0 0.37274274916513245
9894.0 0.387507263157304
9896.0 0.4143136461875642
9898.0 0.38065497623956124
9900.0 0.3536559417886978
9902.0 0.32567427054488723
9904.0 0.3411046837899839
9906.0 0.3379688546641129
9908.0 0.34523876579133056
9910.0 0.37543216493364756
9912.0 0.4064317255550012
9914.0 0.40807364385426204
9916.0 0.4035968727980197
9918.0 0.4317161335371751
9920.0 0.4294556714881528
9922.0 0.4240330227850836
9924.0 0.42216100182349836
9926.0 0.44327462607837265
9928.0 0.44387440241208137
9930.0 0.4250895698993471
9932.0 0.4211667171928504
9934.0 0.4108733312391573
9936.0 0.4485614464793964
9938.0 0.45270273894516716
9940.0 0.47061230166586143
9942.0 0.4700659664592921
9944.0 0.4645767678136847
9946.0 0.4635416489222158
9948.0 0.44657872257446507
9950.0 0.413356320301359
9952.0 0.39758263247285175
9954.0 0.35507997436638555
9956.0 0.3346951296788519
9958.0 0.32832783361912704
9960.0 0.36476780201927866
9962.0 0.39465735123824575
9964.0 0.4096422695499637
9966.0 0.4456600913645037
9968.0 0.4532107780039337
9970.0 0.4471517925777129
9972.0 0.4500897386376709
9974.0 0.4608866016562149
9976.0 0.44498258588353967
9978.0 0.4199193861904835
9980.0 0.3585879157635394
9982.0 0.33428699832968617
9984.0 0.32277608880656156
9986.0 0.3409660577673337
9988.0 0.39545747815079313
9990.0 0.4179623575311898
9992.0 0.4461653656661184
9994.0 0.47325733378568974
9996.0 0.49822760199448957
9998.0 0.5144732331788296
