# z obs_date
# 0 52280
3580.0 0.4716609375216856
3582.0 0.4687809191729752
3584.0 0.46574348867584325
3586.0 0.4629247564102111
3588.0 0.4590477774941237
3590.0 0.4553194547562231
3592.0 0.45231126802360516
3594.0 0.44909154186093536
3596.0 0.4464187272944413
3598.0 0.4434101387742371
3600.0 0.4413341549476358
3602.0 0.4391764345995516
3604.0 0.4368353566622094
3606.0 0.4335274301261479
3608.0 0.4319365754114175
3610.0 0.430709444374511
3612.0 0.42939540185097796
3614.0 0.4275855519727955
3616.0 0.423925006540614
3618.0 0.42259542999191657
3620.0 0.4210565446124741
3622.0 0.4197695980138879
3624.0 0.4193084063656715
3626.0 0.4173502243946662
3628.0 0.4170574962621265
3630.0 0.4168698428185099
3632.0 0.4169869662503213
3634.0 0.41702193755894834
3636.0 0.41706330277787074
3638.0 0.416843923626296
3640.0 0.41650951171045614
3642.0 0.41616572213691916
3644.0 0.41537126034711697
3646.0 0.41513680635965444
3648.0 0.4146923285596353
3650.0 0.41496059043412636
3652.0 0.4138789227849857
3654.0 0.41251820707000103
3656.0 0.4126743152947
3658.0 0.41120141418144934
3660.0 0.410232659964989
3662.0 0.40919783097382584
3664.0 0.4080233342375362
3666.0 0.40861278641769777
3668.0 0.4076103810815352
3670.0 0.40731655522070137
3672.0 0.40659419824735593
3674.0 0.4052647142675306
3676.0 0.4052506521575516
3678.0 0.4030061827335733
3680.0 0.4019616585226379
3682.0 0.4007808560410872
3684.0 0.39911093912984963
3686.0 0.3975281174516616
3688.0 0.39529701839867915
3690.0 0.39355787913875445
3692.0 0.39199673222714204
3694.0 0.3905954330405533
3696.0 0.3890919955723698
3698.0 0.38886205654302713
3700.0 0.388217627798327
3702.0 0.38764996299289417
3704.0 0.38678805310649617
3706.0 0.38578040218703114
3708.0 0.3859658764197978
3710.0 0.38602352692948017
3712.0 0.3862306822256145
3714.0 0.3867761527255668
3716.0 0.38662226401204663
3718.0 0.3874573917807427
3720.0 0.38767633243416355
3722.0 0.38867743060129484
3724.0 0.38982257443316015
3726.0 0.3889590450915648
3728.0 0.39011794738442873
3730.0 0.3904090860763663
3732.0 0.39197861651409094
3734.0 0.3936469299653728
3736.0 0.39447080435604237
3738.0 0.3964027713179143
3740.0 0.39925443326262444
3742.0 0.4022490182743542
3744.0 0.40442959539609896
3746.0 0.40640833079919864
3748.0 0.40872351952974845
3750.0 0.410640320613078
3752.0 0.4117155067144739
3754.0 0.41265402280455377
3756.0 0.4131214124715029
3758.0 0.4143268525977774
3760.0 0.4159922658481223
3762.0 0.4176980306702328
3764.0 0.4195782310715364
3766.0 0.42154350592453177
3768.0 0.4245886243560064
3770.0 0.42601954686520893
3772.0 0.42849110801557205
3774.0 0.4313057315029303
3776.0 0.43431389775062657
3778.0 0.4379041951540614
3780.0 0.4397637410516952
3782.0 0.4421634307821456
3784.0 0.44385112369589996
3786.0 0.4447272183682999
3788.0 0.4466514581039147
3790.0 0.4483419438393853
3792.0 0.450513829123687
3794.0 0.45315951322806025
3796.0 0.45564592646840796
3798.0 0.45858191777051566
3800.0 0.46205998061533515
3802.0 0.46563856164029854
3804.0 0.470405307493441
3806.0 0.47446261062121514
3808.0 0.47817289449578276
3810.0 0.48229081555475006
3812.0 0.4872934281395823
3814.0 0.49372651993443173
3816.0 0.4984662990596649
3818.0 0.502918714773023
3820.0 0.5073448715487008
3822.0 0.5137283219698692
3824.0 0.5190336270105416
3826.0 0.524568244764465
3828.0 0.5293715760773461
3830.0 0.5373458669020683
3832.0 0.5444592408523437
3834.0 0.5493434646509427
3836.0 0.554637580267008
3838.0 0.5586715074770945
3840.0 0.5673593923526512
3842.0 0.5728149372191595
3844.0 0.5793856536933129
3846.0 0.5868518395268518
3848.0 0.593670852598976
3850.0 0.6042011556011009
3852.0 0.6106355276655898
3854.0 0.6176250118615786
3856.0 0.6245884563054718
3858.0 0.6308677668566962
3860.0 0.63835843092116
3862.0 0.6426477367381199
3864.0 0.6485237280956793
3866.0 0.655879169922556
3868.0 0.6607075289926283
3870.0 0.6683496548608052
3872.0 0.6720409067338947
3874.0 0.6770195536426842
3876.0 0.6840322522532694
3878.0 0.6873613301674325
3880.0 0.6925567278444773
3882.0 0.6943768830905944
3884.0 0.6973409932434783
3886.0 0.6985501874513165
3888.0 0.697532630010898
3890.0 0.6998079824610106
3892.0 0.6990799554070994
3894.0 0.7001854755053742
3896.0 0.7022763290058951
3898.0 0.7038821716579314
3900.0 0.708125714740762
3902.0 0.7119273585574752
3904.0 0.7168395234731265
3906.0 0.7195674724782348
3908.0 0.7205752647088453
3910.0 0.7232241128792987
3912.0 0.7227527962541413
3914.0 0.7260476286846851
3916.0 0.7310174555879874
3918.0 0.7361948712318636
3920.0 0.7440138132599654
3922.0 0.7502238674275459
3924.0 0.7554092611960845
3926.0 0.7596646689919612
3928.0 0.7624055801014977
3930.0 0.7675879604668572
3932.0 0.7700181943582667
3934.0 0.7735647757598262
3936.0 0.7766424883624037
3938.0 0.7776708126830146
3940.0 0.7761811617845908
3942.0 0.7721908605109666
3944.0 0.7710236284453227
3946.0 0.7676238555738302
3948.0 0.7587031240615609
3950.0 0.7551940653520381
3952.0 0.750712811178019
3954.0 0.7480261886211221
3956.0 0.7447009514802938
3958.0 0.7394782500758225
3960.0 0.7379038997501313
3962.0 0.7327408295936033
3964.0 0.7279986158152371
3966.0 0.7217518500940039
3968.0 0.7166900405420065
3970.0 0.7111674486893979
3972.0 0.705847898619282
3974.0 0.6989567089680626
3976.0 0.69226070535309
3978.0 0.6870770192250389
3980.0 0.6822541224697118
3982.0 0.677760729948817
3984.0 0.6719230870183419
3986.0 0.667667246927369
3988.0 0.6639215515812376
3990.0 0.6598553080625601
3992.0 0.656072559944026
3994.0 0.6521827642668682
3996.0 0.6497848629885388
3998.0 0.6479984106601622
4000.0 0.6451437101921369
4002.0 0.6442489605164988
4004.0 0.642039408413033
4006.0 0.6410203702758424
4008.0 0.6404798632249824
4010.0 0.6383342141327839
4012.0 0.6404613193276415
4014.0 0.6398170831767986
4016.0 0.6409248316909144
4018.0 0.6428333117606974
4020.0 0.6433973261352774
4022.0 0.6460545238813518
4024.0 0.6469171319395187
4026.0 0.649421959557362
4028.0 0.6534582214735937
4030.0 0.6563807173340656
4032.0 0.6606740386627744
4034.0 0.6628145356313432
4036.0 0.66603182817858
4038.0 0.6690923376754793
4040.0 0.6678263381560394
4042.0 0.6672072246256304
4044.0 0.6638745385810365
4046.0 0.6586136045301488
4048.0 0.652754522939695
4050.0 0.6467998852423953
4052.0 0.6422445441958013
4054.0 0.637570709752436
4056.0 0.6335451155423559
4058.0 0.6319831730145042
4060.0 0.6314409992373574
4062.0 0.630769624452043
4064.0 0.6312747390878886
4066.0 0.6311884675466485
4068.0 0.630873570948997
4070.0 0.630805691589027
4072.0 0.6301506471591423
4074.0 0.627474364362914
4076.0 0.6252008474507679
4078.0 0.6225634805447106
4080.0 0.6192402033301854
4082.0 0.6167894902056079
4084.0 0.613220304537143
4086.0 0.6111868027573141
4088.0 0.6093906954484467
4090.0 0.6076571340017447
4092.0 0.6070603646908512
4094.0 0.605048636780237
4096.0 0.6047013132091643
4098.0 0.6041563308633726
4100.0 0.6031135790501974
4102.0 0.603173918453976
4104.0 0.6015733038595941
4106.0 0.6006026692157386
4108.0 0.5991510293791416
4110.0 0.5971082793854666
4112.0 0.595515540670817
4114.0 0.5934934173893172
4116.0 0.5921761613657255
4118.0 0.5912119438750287
4120.0 0.5907281922657588
4122.0 0.5914685757262489
4124.0 0.592879682365305
4126.0 0.5946251135171013
4128.0 0.5967092631799084
4130.0 0.5984962823219018
4132.0 0.6007605071238741
4134.0 0.6024386340622566
4136.0 0.6055910337557406
4138.0 0.6084425803943476
4140.0 0.6109703269405315
4142.0 0.5734533731367004
4144.0 0.5831930918844166
4146.0 0.5968216769940304
4148.0 0.607951374552177
4150.0 0.6189394159488933
4152.0 0.6312918146614162
4154.0 0.6444839466016318
4156.0 0.6539084759431681
4158.0 0.6620376952025613
4160.0 0.6693723281247449
4162.0 0.679556280566957
4164.0 0.6848629134035205
4166.0 0.6911136285752054
4168.0 0.6971693784654327
4170.0 0.705189525022824
4172.0 0.7110044946338614
4174.0 0.7169970611579525
4176.0 0.7212905286204193
4178.0 0.7273261689657907
4180.0 0.7336553156778741
4182.0 0.7375109528585123
4184.0 0.741196421898838
4186.0 0.7429273989181422
4188.0 0.7388263561598569
4190.0 0.7363893219152247
4192.0 0.7344828773253479
4194.0 0.7356896669380587
4196.0 0.7333847547822911
4198.0 0.7315027368674457
4200.0 0.729861431440897
4202.0 0.7275265817790278
4204.0 0.7242336910314201
4206.0 0.7222493732301353
4208.0 0.7215653664147312
4210.0 0.7194166118666181
4212.0 0.71525626043294
4214.0 0.7120865689662387
4216.0 0.707888741350898
4218.0 0.7010440018485813
4220.0 0.6921141988280675
4222.0 0.6847207946062458
4224.0 0.6765318957242584
4226.0 0.6693114392193967
4228.0 0.6628245251559761
4230.0 0.6578339393136722
4232.0 0.6534037496535999
4234.0 0.6489481253409423
4236.0 0.6437820054121799
4238.0 0.6395271067467443
4240.0 0.6361537606135526
4242.0 0.6327003462392289
4244.0 0.62984129469465
4246.0 0.6260992003491183
4248.0 0.6226282056741874
4250.0 0.6188843311471502
4252.0 0.6144664069180256
4254.0 0.6106153374564883
4256.0 0.6078699849263983
4258.0 0.6059134821099891
4260.0 0.6043854912278693
4262.0 0.6051195211373968
4264.0 0.6050708707083046
4266.0 0.6047800904969245
4268.0 0.6046721504043999
4270.0 0.6056389485210375
4272.0 0.6060464000376686
4274.0 0.605427159649785
4276.0 0.6038869015542189
4278.0 0.6017242109593671
4280.0 0.5999552712179793
4282.0 0.5987588730132016
4284.0 0.5989349476902893
4286.0 0.5973683685311081
4288.0 0.5980225752047791
4290.0 0.5982898398803118
4292.0 0.5990361230228488
4294.0 0.6015039345494217
4296.0 0.6031977528406188
4298.0 0.60534290876431
4300.0 0.6064842647998383
4302.0 0.6072603930656012
4304.0 0.6083148717210178
4306.0 0.607197372049259
4308.0 0.6065342146153879
4310.0 0.6053582899860513
4312.0 0.603879987191192
4314.0 0.6026059281950783
4316.0 0.5981449248057754
4318.0 0.5963179407177167
4320.0 0.5943199979367346
4322.0 0.5926807011805935
4324.0 0.5905517526200653
4326.0 0.5885964000183568
4328.0 0.588288683593748
4330.0 0.5886253698984728
4332.0 0.5891395233194845
4334.0 0.589954142243504
4336.0 0.5913747226797526
4338.0 0.5911662122712069
4340.0 0.5913076382962807
4342.0 0.5908650074072619
4344.0 0.5890734254415773
4346.0 0.5882813390093026
4348.0 0.5843559366764959
4350.0 0.5815509589882495
4352.0 0.5768532136905573
4354.0 0.5719474915892044
4356.0 0.5699997746247265
4358.0 0.5659049170460817
4360.0 0.5634563083515869
4362.0 0.5610008974658748
4364.0 0.556971076213204
4366.0 0.5552325275290417
4368.0 0.5516393188051325
4370.0 0.5500822010887398
4372.0 0.5475324994814125
4374.0 0.5439109991915768
4376.0 0.5420173706782982
4378.0 0.5375401507513281
4380.0 0.5332803315804968
4382.0 0.528593599257794
4384.0 0.5231415861278019
4386.0 0.5189863183119835
4388.0 0.5125585502328522
4390.0 0.509466511041883
4392.0 0.5070663982312729
4394.0 0.5045037218701856
4396.0 0.5043848591117056
4398.0 0.5042994008963987
4400.0 0.5052216495944165
4402.0 0.5063096728441863
4404.0 0.5075708115166578
4406.0 0.5121354146916466
4408.0 0.51483526945072
4410.0 0.5195258978342002
4412.0 0.5245488424777264
4414.0 0.5297382441722407
4416.0 0.5347326138057167
4418.0 0.5382982375921553
4420.0 0.543126337383375
4422.0 0.5482848376304741
4424.0 0.5531711484440057
4426.0 0.5582943387548784
4428.0 0.5640076894848671
4430.0 0.5715069759817767
4432.0 0.5788286320836228
4434.0 0.5862835982005289
4436.0 0.5939257579032212
4438.0 0.6035142267628064
4440.0 0.6122810958056941
4442.0 0.6214091110369757
4444.0 0.6289446162754226
4446.0 0.6360528940512672
4448.0 0.6427111578200565
4450.0 0.6475970702634228
4452.0 0.6519239196851907
4454.0 0.6552247396875555
4456.0 0.6560466686542211
4458.0 0.6579401156161233
4460.0 0.6601968794204989
4462.0 0.6637522797627561
4464.0 0.6672809046933038
4466.0 0.6703623395823021
4468.0 0.6755678802527288
4470.0 0.6808160726641533
4472.0 0.6868392167281777
4474.0 0.6926462376119938
4476.0 0.6976176789320937
4478.0 0.7049326968041614
4480.0 0.7100461831465676
4482.0 0.715511726825259
4484.0 0.7206378395916146
4486.0 0.7261281474408023
4488.0 0.7333989705135766
4490.0 0.7381950442681812
4492.0 0.7441014715031053
4494.0 0.7505420386651604
4496.0 0.7577865955647718
4498.0 0.7651814850348767
4500.0 0.7712583977076816
4502.0 0.7787035351514545
4504.0 0.7874556036151734
4506.0 0.7943616312195549
4508.0 0.8021793580047063
4510.0 0.8076068000668479
4512.0 0.8149093346637578
4514.0 0.8232687295429282
4516.0 0.82776524990331
4518.0 0.8345969427099308
4520.0 0.838211151525358
4522.0 0.8441294499484424
4524.0 0.8480627965810834
4526.0 0.851035370964223
4528.0 0.8579605017605002
4530.0 0.8607016847581882
4532.0 0.8675393809959038
4534.0 0.8717800202776813
4536.0 0.8741119347692924
4538.0 0.8804794303601665
4540.0 0.8818259553151296
4542.0 0.8863545723153047
4544.0 0.8894909099502356
4546.0 0.8909483158896964
4548.0 0.8971953371421171
4550.0 0.8986259942996282
4552.0 0.9035986599000458
4554.0 0.9069666138860037
4556.0 0.9089853086912512
4558.0 0.9160363347072124
4560.0 0.9172873275327195
4562.0 0.9233432851609027
4564.0 0.9281850711308203
4566.0 0.931476476866959
4568.0 0.9393369984734308
4570.0 0.9418477178451714
4572.0 0.9479830340938302
4574.0 0.9525412199997507
4576.0 0.9571100239931618
4578.0 0.9640782689459714
4580.0 0.9671380253530941
4582.0 0.9718518520023204
4584.0 0.9758261187256422
4586.0 0.9803035017692575
4588.0 0.9859147943794071
4590.0 0.9882035965304341
4592.0 0.9926035696237623
4594.0 0.9965425462136315
4596.0 0.9982876615035844
4598.0 1.0
4600.0 0.9988704203224822
4602.0 0.9996037423329968
4604.0 0.996347124533837
4606.0 0.9896998299819721
4608.0 0.9841779781917085
4610.0 0.9750234423021428
4612.0 0.9651776876469269
4614.0 0.9521414057282577
4616.0 0.9391835791384712
4618.0 0.9277807402828062
4620.0 0.9134681499774202
4622.0 0.8977194361102575
4624.0 0.8852049604547358
4626.0 0.8744667355464665
4628.0 0.8659824369914372
4630.0 0.8519991069005143
4632.0 0.8417328479200847
4634.0 0.8320653081923797
4636.0 0.8224908754317124
4638.0 0.8121176496181636
4640.0 0.7994717182698746
4642.0 0.7899821989213665
4644.0 0.7813054027984084
4646.0 0.7723603352232954
4648.0 0.7612491548688803
4650.0 0.7546659770380236
4652.0 0.7454571786884969
4654.0 0.7394809647238187
4656.0 0.7323366863474987
4658.0 0.7234919003766983
4660.0 0.7214685437210413
4662.0 0.714005123535924
4664.0 0.7112100730357884
4666.0 0.7063769489700599
4668.0 0.6994606337777451
4670.0 0.6988132813402657
4672.0 0.6902644145653222
4674.0 0.6881541030891388
4676.0 0.6850566316376392
4678.0 0.6796408617067016
4680.0 0.6803293295753005
4682.0 0.6730118938482109
4684.0 0.6721850135927986
4686.0 0.6698418006251405
4688.0 0.6649318394093479
4690.0 0.6651960641265555
4692.0 0.6584996590581796
4694.0 0.6561060127366484
4696.0 0.6511785929447768
4698.0 0.6428802902129406
4700.0 0.6375083769234455
4702.0 0.6252268763267483
4704.0 0.6157190893159843
4706.0 0.6034449917579704
4708.0 0.5893907020898069
4710.0 0.5783447880242365
4712.0 0.5639832368857162
4714.0 0.5548788056746264
4716.0 0.5462062011227307
4718.0 0.5389253726754714
4720.0 0.5338262291137515
4722.0 0.5287049511642447
4724.0 0.5246941155415253
4726.0 0.5214384631678298
4728.0 0.5190127949312169
4730.0 0.5178553644746737
4732.0 0.515918974455605
4734.0 0.5153866716752589
4736.0 0.5143316781885767
4738.0 0.5132033023596749
4740.0 0.513105434348378
4742.0 0.5113619064153873
4744.0 0.512990908908745
4746.0 0.5151241759416761
4748.0 0.5186570567059948
4750.0 0.5237109969553574
4752.0 0.5279093204902776
4754.0 0.5329279098928265
4756.0 0.5398218431266177
4758.0 0.5468460480873477
4760.0 0.5538737622557284
4762.0 0.5597410815299982
4764.0 0.5676111407111595
4766.0 0.5765189877905821
4768.0 0.5829203388157514
4770.0 0.5883467809296675
4772.0 0.5931026455636408
4774.0 0.5996660489163861
4776.0 0.6038221554402783
4778.0 0.6075233677506682
4780.0 0.6104941997981406
4782.0 0.6155224214089753
4784.0 0.6163146853388719
4786.0 0.6170309213405609
4788.0 0.6163068702755592
4790.0 0.6126817795538315
4792.0 0.6088825483707022
4794.0 0.5999459503740997
4796.0 0.5920112004426342
4798.0 0.5824303367179477
4800.0 0.5698318932068663
4802.0 0.560043199397447
4804.0 0.5519963113359754
4806.0 0.5451126757654814
4808.0 0.5383567322396207
4810.0 0.5314766471951081
4812.0 0.5275312388656695
4814.0 0.5231091026846871
4816.0 0.5192838390857354
4818.0 0.5156845774688291
4820.0 0.5122845621080824
4822.0 0.5097214526872252
4824.0 0.506384459259358
4826.0 0.5081311320999301
4828.0 0.5100653892798458
4830.0 0.5112695228939816
4832.0 0.5132987575197614
4834.0 0.5143550149498639
4836.0 0.5163203611349396
4838.0 0.5180535757962551
4840.0 0.5192288346529623
4842.0 0.5212564374883325
4844.0 0.522327310728604
4846.0 0.5245286895105
4848.0 0.5260031733301963
4850.0 0.5271930202723641
4852.0 0.5292269322299856
4854.0 0.5305041901691784
4856.0 0.5325244126928325
4858.0 0.5339351019557969
4860.0 0.535186105031125
4862.0 0.5371968047894505
4864.0 0.5386916257326049
4866.0 0.5404694659958116
4868.0 0.5419109752902018
4870.0 0.5431688377080132
4872.0 0.5453803783125715
4874.0 0.5466332610008375
4876.0 0.5511003636696665
4878.0 0.5575379386540912
4880.0 0.5643640310699397
4882.0 0.57197575221421
4884.0 0.5782755374936264
4886.0 0.5851881044610426
4888.0 0.5915481822361784
4890.0 0.5980687032380856
4892.0 0.6053153450204749
4894.0 0.610480958811129
4896.0 0.615652914051596
4898.0 0.6198612657599286
4900.0 0.6238554015776943
4902.0 0.6265310730965736
4904.0 0.6292967492295561
4906.0 0.6313676441644226
4908.0 0.6339941630211618
4910.0 0.6357940258062881
4912.0 0.6362252175543824
4914.0 0.6370090536953985
4916.0 0.6373205842614786
4918.0 0.6375182426328969
4920.0 0.6373288717171274
4922.0 0.6364854290405092
4924.0 0.63565259580343
4926.0 0.630781011918739
4928.0 0.6265650036747997
4930.0 0.6228601472117627
4932.0 0.6187821170285802
4934.0 0.615107903528298
4936.0 0.6098251311734849
4938.0 0.6061720434503596
4940.0 0.6024473478634731
4942.0 0.5982837596228708
4944.0 0.5940881164474164
4946.0 0.5894190349551163
4948.0 0.5857790830830849
4950.0 0.5819215615684125
4952.0 0.5778351196273169
4954.0 0.5731315993995466
4956.0 0.5690129383258847
4958.0 0.5652904369676335
4960.0 0.5615448347065106
4962.0 0.5567695488651676
4964.0 0.5527386390056187
4966.0 0.5485418638294651
4968.0 0.5448803644273118
4970.0 0.5410210384311369
4972.0 0.5358374522371795
4974.0 0.5323114077068749
4976.0 0.5287096884719259
4978.0 0.5270543019144516
4980.0 0.5249135258420543
4982.0 0.5234039690558921
4984.0 0.5233375452653128
4986.0 0.5238511817570298
4988.0 0.5253932721932524
4990.0 0.5268042710847591
4992.0 0.5282376479860534
4994.0 0.5301675528374301
4996.0 0.5311451049506987
4998.0 0.5327500891371332
5000.0 0.5343098168908313
5002.0 0.5357955873688348
5004.0 0.5375100275763497
5006.0 0.5384572135750276
5008.0 0.5402301254858232
5010.0 0.5418673804641593
5012.0 0.5431955196503443
5014.0 0.5448170868382162
5016.0 0.5458720816251408
5018.0 0.5478135851525268
5020.0 0.549311634363065
5022.0 0.5505025788403952
5024.0 0.5521453289292594
5026.0 0.553484709566721
5028.0 0.5553284326806974
5030.0 0.5566055577354053
5032.0 0.5578096382735757
5034.0 0.5597758372488371
5036.0 0.5610028595395573
5038.0 0.5622570271090125
5040.0 0.562912772330654
5042.0 0.5635992784958019
5044.0 0.5645552840178641
5046.0 0.5647348760467452
5048.0 0.5658903706771318
5050.0 0.5674249290758889
5052.0 0.5698920964484157
5054.0 0.573219340627412
5056.0 0.5760173017482255
5058.0 0.5800061264397307
5060.0 0.5840196456290624
5062.0 0.5883921827463827
5064.0 0.5925668345857101
5066.0 0.5964183582512553
5068.0 0.6012570929367885
5070.0 0.6052069058914744
5072.0 0.6072663976868523
5074.0 0.6085764210165547
5076.0 0.6080774411657646
5078.0 0.6075073327173297
5080.0 0.6051340423437415
5082.0 0.6030022115801817
5084.0 0.6010306019877018
5086.0 0.5986929894506844
5088.0 0.5968792905174515
5090.0 0.5963842195158386
5092.0 0.5967135725548972
5094.0 0.5973981573044934
5096.0 0.5986016805086357
5098.0 0.600284340433645
5100.0 0.6016119588410024
5102.0 0.6031202088609563
5104.0 0.6046554716640432
5106.0 0.6069482540338773
5108.0 0.6089626103177859
5110.0 0.6106393012016097
5112.0 0.6116002867557948
5114.0 0.6122453518516713
5116.0 0.6120739138307075
5118.0 0.6121382905244113
5120.0 0.6119001531953244
5122.0 0.6118067934974417
5124.0 0.6123539359502418
5126.0 0.6123704281985495
5128.0 0.6128672068187012
5130.0 0.6139153056807599
5132.0 0.6158929154203251
5134.0 0.619197221512722
5136.0 0.6217034207617763
5138.0 0.6251045973928518
5140.0 0.6286493104788746
5142.0 0.6334150463883442
5144.0 0.6379242137323176
5146.0 0.6426894547163284
5148.0 0.6471756236774537
5150.0 0.6519417873619733
5152.0 0.6576331313569799
5154.0 0.6622014541524445
5156.0 0.6669323672775547
5158.0 0.6714282313037664
5160.0 0.6779733088276609
5162.0 0.6829403344695916
5164.0 0.6870857477433518
5166.0 0.691946920570749
5168.0 0.6966858019800762
5170.0 0.7035659260053743
5172.0 0.7087924812977681
5174.0 0.7134956975565347
5176.0 0.7186025800562028
5178.0 0.7230580399567912
5180.0 0.7277415477806256
5182.0 0.7305392627810604
5184.0 0.7326574552478323
5186.0 0.7354545663614478
5188.0 0.7359053232946107
5190.0 0.7371287998638885
5192.0 0.7370203701405145
5194.0 0.7360861563723292
5196.0 0.7355567161138317
5198.0 0.7340616480651734
5200.0 0.7339376985386069
5202.0 0.7314159014559278
5204.0 0.7284434058946256
5206.0 0.727966136390487
5208.0 0.7252739574109589
5210.0 0.7234824097887298
5212.0 0.7195514454453342
5214.0 0.7170733449185774
5216.0 0.716223959605265
5218.0 0.7116483752638979
5220.0 0.7083772513779653
5222.0 0.704082304524319
5224.0 0.7011292669183619
5226.0 0.6992695871920652
5228.0 0.6943705079331057
5230.0 0.6928286429525136
5232.0 0.6895655867839425
5234.0 0.6861495090689956
5236.0 0.6831279876789748
5238.0 0.6793064054978515
5240.0 0.6783329532751198
5242.0 0.6760114867354488
5244.0 0.6737003804629769
5246.0 0.6724361575382235
5248.0 0.6706724191640661
5250.0 0.6703027947465264
5252.0 0.6690985583529526
5254.0 0.6684255352517104
5256.0 0.6691597437896144
5258.0 0.6683019212400327
5260.0 0.6698464649680834
5262.0 0.6695658552631344
5264.0 0.669637923121084
5266.0 0.6698017087036996
5268.0 0.6680682592203728
5270.0 0.6704193961896707
5272.0 0.6707312856756654
5274.0 0.6720424453710926
5276.0 0.6738709079827645
5278.0 0.6738428269426067
5280.0 0.6752624572219634
5282.0 0.6755673313603353
5284.0 0.676535163380423
5286.0 0.6778261275804237
5288.0 0.677530025906781
5290.0 0.6817677814357467
5292.0 0.6817947177943282
5294.0 0.6825909116601725
5296.0 0.6839816444853464
5298.0 0.6837447425021461
5300.0 0.6862405668277003
5302.0 0.6868374948054509
5304.0 0.6879324919749848
5306.0 0.6896319962487197
5308.0 0.6899558792126572
5310.0 0.6919605741945494
5312.0 0.6926878741009669
5314.0 0.6933884973259559
5316.0 0.6944656107070538
5318.0 0.6950780018255027
5320.0 0.6961570439175321
5322.0 0.6966946420527526
5324.0 0.6959342581715326
5326.0 0.6949821259764196
5328.0 0.694818499245324
5330.0 0.6928085437965819
5332.0 0.6932917392376986
5334.0 0.693135030876013
5336.0 0.6929070990838607
5338.0 0.6936040112880222
5340.0 0.6934476601497251
5342.0 0.6951707418101865
5344.0 0.6958391229097105
5346.0 0.6966026454512707
5348.0 0.6980597031322178
5350.0 0.6980815919583873
5352.0 0.6993299418484588
5354.0 0.699860441988411
5356.0 0.6995939657412109
5358.0 0.7002192461062856
5360.0 0.700161282900483
5362.0 0.7001219356163586
5364.0 0.69902920892571
5366.0 0.6980891256281626
5368.0 0.697372817066937
5370.0 0.6962000738471954
5372.0 0.695003881485821
5374.0 0.6950577610467203
5376.0 0.6953599019198899
5378.0 0.6947133442558339
5380.0 0.6963334509799951
5382.0 0.695893330623154
5384.0 0.696989970678639
5386.0 0.6976197527251007
5388.0 0.6962893433792341
5390.0 0.6965013251758654
5392.0 0.6944425937907012
5394.0 0.6942034298181503
5396.0 0.6922281850631011
5398.0 0.6891326840025715
5400.0 0.6905979495924782
5402.0 0.6876782542722394
5404.0 0.6861932302041817
5406.0 0.6844401380928934
5408.0 0.6818875662139943
5410.0 0.6819647610368711
5412.0 0.6779168658601986
5414.0 0.6767263257719819
5416.0 0.6753865204923993
5418.0 0.6733815821187586
5420.0 0.6736874071849447
5422.0 0.6709592721830411
5424.0 0.6709797537102556
5426.0 0.6703291290060257
5428.0 0.669000393718846
5430.0 0.6697982024705509
5432.0 0.667789438985289
5434.0 0.6683592960294692
5436.0 0.6680492116974664
5438.0 0.6674000365597524
5440.0 0.6705785745677395
5442.0 0.6704327880342887
5444.0 0.6724460806135653
5446.0 0.6738616912970348
5448.0 0.6756270270268573
5450.0 0.6810908607176991
5452.0 0.6824004966639087
5454.0 0.686692600338027
5456.0 0.689852542555707
5458.0 0.692702543416016
5460.0 0.6988228168468364
5462.0 0.7021505401861649
5464.0 0.7102051841289682
5466.0 0.7162257935367117
5468.0 0.7210216693284066
5470.0 0.7293914037700648
5472.0 0.7338353629775655
5474.0 0.7415571040356376
5476.0 0.7463643648007365
5478.0 0.7507699859609153
5480.0 0.7585778336699399
5482.0 0.7628024879297486
5484.0 0.7700552992612085
5486.0 0.7746410281435475
5488.0 0.7794855836596893
5490.0 0.786063229553347
5492.0 0.7885062566722001
5494.0 0.793614993463878
5496.0 0.797291784144679
5498.0 0.8008954358227017
5500.0 0.8057121061719978
5502.0 0.8073277560970429
5504.0 0.8113154345501833
5506.0 0.8136390405377955
5508.0 0.8155453331833111
5510.0 0.8188219186324774
5512.0 0.8198609302909985
5514.0 0.8238808746112125
5516.0 0.8249278169789226
5518.0 0.8262842237136938
5520.0 0.828724681378809
5522.0 0.8291930535317905
5524.0 0.8303250375741772
5526.0 0.8304047328839166
5528.0 0.8302091673103744
5530.0 0.8304665150414415
5532.0 0.8300960985465886
5534.0 0.8299362834613465
5536.0 0.8297168800994026
5538.0 0.8295317801490703
5540.0 0.8295813190614156
5542.0 0.8291170573571525
5544.0 0.8286864341326233
5546.0 0.8277147623190719
5548.0 0.8267889448250825
5550.0 0.8261709251110055
5552.0 0.8257283968364925
5554.0 0.8233334641811093
5556.0 0.8219176970146876
5558.0 0.8208622406085974
5560.0 0.8194414621847733
5562.0 0.8187910774545082
5564.0 0.816574466749955
5566.0 0.8149038962823599
5568.0 0.812013244697087
5570.0 0.8083055798182274
5572.0 0.8068821551155337
5574.0 0.8015795721915328
5576.0 0.799416605487397
5578.0 0.7966018420229904
5580.0 0.7933107682624556
5582.0 0.7917246809725278
5584.0 0.7869695913581971
5586.0 0.7851083375445606
5588.0 0.7822118363827045
5590.0 0.7786625598919938
5592.0 0.7769049234638672
5594.0 0.7724096291566692
5596.0 0.7706421751352607
5598.0 0.7674944139024021
5600.0 0.7637729829795763
5602.0 0.7624507152262983
5604.0 0.756818760548859
5606.0 0.7548654207287978
5608.0 0.7508031155265233
5610.0 0.746413966145867
5612.0 0.7452128612742184
5614.0 0.7401583712284554
5616.0 0.7389295060011619
5618.0 0.7353869585924646
5620.0 0.7318444969349234
5622.0 0.7306483689610059
5624.0 0.7250881543145021
5626.0 0.7239636494556032
5628.0 0.7201759402019645
5630.0 0.7165701214245465
5632.0 0.7154351817922604
5634.0 0.7089378395914948
5636.0 0.7078561325045837
5638.0 0.7042472966264193
5640.0 0.700588181366637
5642.0 0.6995228110740832
5644.0 0.6926923617174366
5646.0 0.6914023798353588
5648.0 0.687355954312049
5650.0 0.6834798259098719
5652.0 0.6821568964943362
5654.0 0.675744188899202
5656.0 0.6744759968670229
5658.0 0.670871626426019
5660.0 0.6674415045231397
5662.0 0.6657395336223434
5664.0 0.6599939666337846
5666.0 0.6584241495006885
5668.0 0.6543828813892829
5670.0 0.6506220232484252
5672.0 0.6479774845160202
5674.0 0.6421718341332358
5676.0 0.6407298778432378
5678.0 0.6368785561429166
5680.0 0.633960055038266
5682.0 0.6330388455367493
5684.0 0.6282051479895772
5686.0 0.6270666694783555
5688.0 0.6242936681323754
5690.0 0.6213216131318846
5692.0 0.6191118889732203
5694.0 0.6151857175251646
5696.0 0.6132820948210345
5698.0 0.6092261077602779
5700.0 0.6057504312880874
5702.0 0.6035480112647555
5704.0 0.5993294823232775
5706.0 0.5976628406296721
5708.0 0.5942591266109922
5710.0 0.5916385197408434
5712.0 0.5894360243982762
5714.0 0.5858783014041327
5716.0 0.5829183011931811
5718.0 0.5794933609785663
5720.0 0.5771099474973322
5722.0 0.57548175446856
5724.0 0.5740680887315661
5726.0 0.5728790847045216
5728.0 0.5731739507241863
5730.0 0.5730696370390599
5732.0 0.5724855133161895
5734.0 0.5725505844378381
5736.0 0.5721838364264641
5738.0 0.5721447476344738
5740.0 0.5720611821696541
5742.0 0.5721301636044142
5744.0 0.5728012451234702
5746.0 0.5720781584206204
5748.0 0.5724253953113111
5750.0 0.5727516818734578
5752.0 0.574705543180148
5754.0 0.5803162772927533
5756.0 0.5839552294113579
5758.0 0.5909041616524592
5760.0 0.5956384168649675
5762.0 0.5996490513507992
5764.0 0.6045844302219306
5766.0 0.6076911092389204
5768.0 0.6130326228247739
5770.0 0.6177363922782954
5772.0 0.6232255604974649
5774.0 0.6303055986954453
5776.0 0.6345386597980861
5778.0 0.6411971017313325
5780.0 0.6469172653828058
5782.0 0.6511992448561024
5784.0 0.6571702348482426
5786.0 0.6609620422953915
5788.0 0.6680459875676635
5790.0 0.6735458470102872
5792.0 0.6788740629189352
5794.0 0.6857173643729142
5796.0 0.6893373003563092
5798.0 0.6968052844739167
5800.0 0.7013919762791468
5802.0 0.7059438718741318
5804.0 0.7121705778866604
5806.0 0.7152203403481867
5808.0 0.7221313286193416
5810.0 0.7256095984100513
5812.0 0.7291477045829592
5814.0 0.7341148007835971
5816.0 0.7368534639363664
5818.0 0.7422299798255758
5820.0 0.7451834738706886
5822.0 0.7484802926347062
5824.0 0.7532520891290093
5826.0 0.755242178082958
5828.0 0.759493511273337
5830.0 0.7610538182588893
5832.0 0.7630362011724138
5834.0 0.766282823476567
5836.0 0.7666370694412041
5838.0 0.7700403360005338
5840.0 0.7714323494220434
5842.0 0.7722603909082906
5844.0 0.772786564595739
5846.0 0.7736919233668429
5848.0 0.7726793689534357
5850.0 0.7726727467774159
5852.0 0.7704403932605635
5854.0 0.7656914183976866
5856.0 0.7607316856427978
5858.0 0.7526736508183771
5860.0 0.7451997057200805
5862.0 0.7415229639560438
5864.0 0.7388049579567494
5866.0 0.737362785165153
5868.0 0.7342050941453182
5870.0 0.7319640804150739
5872.0 0.7296930953954016
5874.0 0.7271621435229464
5876.0 0.7256930344270975
5878.0 0.72220502019467
5880.0 0.7202507096108163
5882.0 0.7180022847814538
5884.0 0.7155223873581813
5886.0 0.7139544827972684
5888.0 0.7102168619661121
5890.0 0.7085766658199754
5892.0 0.7063590267638863
5894.0 0.7037996060212772
5896.0 0.702000258868568
5898.0 0.6984798486256313
5900.0 0.696965599960775
5902.0 0.6946041798223976
5904.0 0.6920932715041698
5906.0 0.6900464963481614
5908.0 0.68682078653377
5910.0 0.6852688590716395
5912.0 0.6828878722658565
5914.0 0.6800125209318358
5916.0 0.6772073023775501
5918.0 0.6725160688775025
5920.0 0.6698601350740184
5922.0 0.6666084772971533
5924.0 0.6632672164101258
5926.0 0.6614583940525064
5928.0 0.6577793567707351
5930.0 0.6562892581269146
5932.0 0.654162753729268
5934.0 0.651933114868547
5936.0 0.6506165990985737
5938.0 0.6479843630187753
5940.0 0.6472763428509448
5942.0 0.6433214701534603
5944.0 0.6399980551112119
5946.0 0.6390791074989183
5948.0 0.6336751389677744
5950.0 0.6326709164186515
5952.0 0.6291181743604178
5954.0 0.6259105268395302
5956.0 0.6243671788280984
5958.0 0.617263709019828
5960.0 0.615172330196201
5962.0 0.6088965864872441
5964.0 0.6032915319728831
5966.0 0.5996111229639757
5968.0 0.5903863171862566
5970.0 0.5856977598901204
5972.0 0.5794805694352483
5974.0 0.5739998331719057
5976.0 0.5698095585885389
5978.0 0.5624436737674917
5980.0 0.5601429032222206
5982.0 0.5569015106371521
5984.0 0.5546535300247818
5986.0 0.5534797206956382
5988.0 0.5511567922397725
5990.0 0.5496739560668806
5992.0 0.5470019130877048
5994.0 0.5445225072683618
5996.0 0.5425204336271426
5998.0 0.5400105121298009
6000.0 0.5390433834100574
6002.0 0.5366832086491912
6004.0 0.534130243108348
6006.0 0.5322174336976958
6008.0 0.5295893824232334
6010.0 0.5276616710814674
6012.0 0.5251458124292632
6014.0 0.5235887970648815
6016.0 0.5223004810358222
6018.0 0.5200763584284672
6020.0 0.5185134907761313
6022.0 0.5166956232327703
6024.0 0.5155869568415138
6026.0 0.5142039488372325
6028.0 0.5117913140675792
6030.0 0.5103209598929966
6032.0 0.5081773971833434
6034.0 0.5055674163591142
6036.0 0.5027697566760491
6038.0 0.4998875254866884
6040.0 0.49825917717658336
6042.0 0.495332622401877
6044.0 0.49228813444011515
6046.0 0.4883410883608905
6048.0 0.4840581248321126
6050.0 0.48056242567307855
6052.0 0.47734728487240874
6054.0 0.4752498288743591
6056.0 0.47207919098813156
6058.0 0.4664824503938432
6060.0 0.4596626948319864
6062.0 0.45274909496758575
6064.0 0.4452546663398427
6066.0 0.4364175981944201
6068.0 0.42485344066078695
6070.0 0.4152731171298204
6072.0 0.40716719642128846
6074.0 0.3994265966950974
6076.0 0.390876975800871
6078.0 0.38448027219063957
6080.0 0.37896293772236794
6082.0 0.37484636209464534
6084.0 0.37018637005866656
6086.0 0.3648653628834365
6088.0 0.3617454254596658
6090.0 0.35785616576956647
6092.0 0.3555089230520189
6094.0 0.35169167151963365
6096.0 0.3491880153628113
6098.0 0.3476755577597786
6100.0 0.3453043428053286
6102.0 0.3434517420336875
6104.0 0.3409768496438058
6106.0 0.3390225684361162
6108.0 0.3370483446494089
6110.0 0.334680009938249
6112.0 0.33174849494056646
6114.0 0.32988300720682817
6116.0 0.3285681146098201
6118.0 0.3277194171428746
6120.0 0.32755937085044534
6122.0 0.32692010377526043
6124.0 0.32719188645425257
6126.0 0.32722698204337414
6128.0 0.32720631664403393
6130.0 0.32780232697722184
6132.0 0.32723437659762306
6134.0 0.327976138414295
6136.0 0.32892198585743554
6138.0 0.3303019509204442
6140.0 0.3336976804082075
6142.0 0.33442743689421034
6144.0 0.337615186809045
6146.0 0.34152728433220647
6148.0 0.3452174170090479
6150.0 0.3496929869591438
6152.0 0.35258929842685627
6154.0 0.35728062058351184
6156.0 0.3608057159340668
6158.0 0.364389017255835
6160.0 0.3689982340410673
6162.0 0.37322962310645463
6164.0 0.37772852707644783
6166.0 0.38199225669062564
6168.0 0.38495229017613375
6170.0 0.3886660860267796
6172.0 0.3921827859551207
6174.0 0.39612090623979956
6176.0 0.400904037705268
6178.0 0.4061324313333758
6180.0 0.41019520428646694
6182.0 0.4156387991333349
6184.0 0.4200557800782745
6186.0 0.4258460246243209
6188.0 0.43205789000790645
6190.0 0.43571240135038136
6192.0 0.44213590917863943
6194.0 0.4462571483991035
6196.0 0.45139522663121656
6198.0 0.45637795659226316
6200.0 0.45964954279863257
6202.0 0.46553525888738295
6204.0 0.4691379483995935
6206.0 0.4735045119477104
6208.0 0.4779872302806563
6210.0 0.48170673607087877
6212.0 0.4883517992649199
6214.0 0.4913967697509138
6216.0 0.4951160410189425
6218.0 0.4989819068975658
6220.0 0.5027478282172467
6222.0 0.5079547885781428
6224.0 0.5108985251395253
6226.0 0.5142015011703096
6228.0 0.5173238878409036
6230.0 0.520389806623142
6232.0 0.5227865990217053
6234.0 0.5246191467519519
6236.0 0.5259813947582919
6238.0 0.5281793993929575
6240.0 0.5294558491758032
6242.0 0.5279159729783824
6244.0 0.5276212604734075
6246.0 0.5254244989216406
6248.0 0.5237041422390838
6250.0 0.5229013364167349
6252.0 0.521646925437415
6254.0 0.5228463922113992
6256.0 0.5281319834941762
6258.0 0.5335584972716931
6260.0 0.5391293285045973
6262.0 0.5431072603404996
6264.0 0.5462578787863809
6266.0 0.54736728089167
6268.0 0.5482878143153943
6270.0 0.549900849503678
6272.0 0.5497014261400194
6274.0 0.5505032738306811
6276.0 0.5500656818743598
6278.0 0.5495683396210689
6280.0 0.5504998065440689
6282.0 0.5514374579746825
6284.0 0.5533145145160725
6286.0 0.5544247485935563
6288.0 0.5549167065831879
6290.0 0.5556718704492846
6292.0 0.5566209857131162
6294.0 0.5579137244581119
6296.0 0.5588387721369079
6298.0 0.5597162275290367
6300.0 0.5605533368230868
6302.0 0.5621574685056856
6304.0 0.5622506010812163
6306.0 0.5629551157753435
6308.0 0.5639332244811369
6310.0 0.5653118925877672
6312.0 0.5659452270641177
6314.0 0.5655782119509033
6316.0 0.5657491977210142
6318.0 0.5661833628801608
6320.0 0.5670583970985621
6322.0 0.5683134421396693
6324.0 0.5689169138731309
6326.0 0.5706144097505447
6328.0 0.571737337492902
6330.0 0.572579818383104
6332.0 0.5739426388711567
6334.0 0.573768099274774
6336.0 0.5748815826701357
6338.0 0.5754706905826962
6340.0 0.5760178370709467
6342.0 0.5774510855527105
6344.0 0.5776228200104757
6346.0 0.5789751397667133
6348.0 0.5796073495085754
6350.0 0.580365858416394
6352.0 0.5825859924542413
6354.0 0.5827996785888617
6356.0 0.5851100923677927
6358.0 0.5861356504132262
6360.0 0.5870018497349077
6362.0 0.5889662739122643
6364.0 0.5882935403858597
6366.0 0.5907003508636334
6368.0 0.5912490322326268
6370.0 0.591899660125088
6372.0 0.594008313793324
6374.0 0.5932989933234317
6376.0 0.5954125006904877
6378.0 0.5954494780807904
6380.0 0.5956152688475078
6382.0 0.5974358677881224
6384.0 0.5968679151273188
6386.0 0.599052523089688
6388.0 0.5990523200666699
6390.0 0.5997025588512733
6392.0 0.6016599649608456
6394.0 0.6010702477791768
6396.0 0.6033417981410056
6398.0 0.603294742414638
6400.0 0.6038632482523004
6402.0 0.6057563107537134
6404.0 0.6050832459970719
6406.0 0.6073801589441123
6408.0 0.6073679337856555
6410.0 0.6080276640465314
6412.0 0.6098021541619001
6414.0 0.6090480375472771
6416.0 0.6114967648208122
6418.0 0.6114665966197137
6420.0 0.6121694151149083
6422.0 0.613761530418207
6424.0 0.6130699608461058
6426.0 0.6156586826943294
6428.0 0.6155669399534205
6430.0 0.6162008006270532
6432.0 0.617750831975802
6434.0 0.6171750396638678
6436.0 0.6198218829900524
6438.0 0.6195504510977534
6440.0 0.6202388025959646
6442.0 0.6221795471942649
6444.0 0.6219468161630259
6446.0 0.6246026569919079
6448.0 0.6242534528416528
6450.0 0.6249980683349728
6452.0 0.6261927921072854
6454.0 0.6248666905945116
6456.0 0.6269538072097457
6458.0 0.626164413510237
6460.0 0.6268710904560977
6462.0 0.6284033232344136
6464.0 0.6279099076701845
6466.0 0.6306957889327675
6468.0 0.6305519159507149
6470.0 0.631315987249389
6472.0 0.6322281409723453
6474.0 0.631645720620774
6476.0 0.6331237275785607
6478.0 0.6323506177756046
6480.0 0.6321300021032187
6482.0 0.6319347625499072
6484.0 0.6306053573840368
6486.0 0.63015207592961
6488.0 0.6283797859845525
6490.0 0.627183898408805
6492.0 0.6269803652530046
6494.0 0.6259842535240654
6496.0 0.6269766289053529
6498.0 0.6254185356157155
6500.0 0.6250433622367922
6502.0 0.624883814559038
6504.0 0.6240329125171826
6506.0 0.6244073366284667
6508.0 0.6237642249478642
6510.0 0.6234491286589003
6512.0 0.6231078254715429
6514.0 0.6223408627233445
6516.0 0.6192866532075786
6518.0 0.6176979858174247
6520.0 0.6153949317258093
6522.0 0.6133422984189281
6524.0 0.6124088151825997
6526.0 0.6090224649372278
6528.0 0.6078219615793717
6530.0 0.6054267091251812
6532.0 0.6032698080708779
6534.0 0.6014883121538189
6536.0 0.5982618115591546
6538.0 0.5969708673751131
6540.0 0.5943240925742903
6542.0 0.5918999615628422
6544.0 0.5899927418761606
6546.0 0.5867169065044443
6548.0 0.5851878649425175
6550.0 0.5825291108809432
6552.0 0.5799996043877875
6554.0 0.5782591742515049
6556.0 0.5749395677338747
6558.0 0.5734293315347211
6560.0 0.5707183691466494
6562.0 0.5681640006561502
6564.0 0.5664629283386972
6566.0 0.5631705276679058
6568.0 0.5617118368595696
6570.0 0.5587846160000884
6572.0 0.556422104852905
6574.0 0.5546547290347209
6576.0 0.5514511829890829
6578.0 0.549928735243909
6580.0 0.5468987617383607
6582.0 0.5446433787724876
6584.0 0.5428858772653959
6586.0 0.5397376705035515
6588.0 0.5380276416687362
6590.0 0.5350808766026438
6592.0 0.5329290681736549
6594.0 0.531248282963708
6596.0 0.5282290227157501
6598.0 0.5262569965259202
6600.0 0.5232283503065565
6602.0 0.521035683540422
6604.0 0.519303631836058
6606.0 0.5162271640293211
6608.0 0.5148460910368735
6610.0 0.5121219517380237
6612.0 0.5101223857492625
6614.0 0.508254939297922
6616.0 0.5049603118250228
6618.0 0.5035643853056927
6620.0 0.49922628260813884
6622.0 0.4967503023123935
6624.0 0.49408469793222237
6626.0 0.48870927694007055
6628.0 0.4875327700609292
6630.0 0.4835461877221485
6632.0 0.48115618592256165
6634.0 0.4789637107747599
6636.0 0.47546281827443615
6638.0 0.4745072487415351
6640.0 0.4706755292032003
6642.0 0.4682933512593537
6644.0 0.46583711627901664
6646.0 0.4613692104834499
6648.0 0.4602755811401076
6650.0 0.4550298762767998
6652.0 0.45221214017725636
6654.0 0.449791546551229
6656.0 0.4449666683071763
6658.0 0.4436640130552759
6660.0 0.4385021834804205
6662.0 0.4360290269451409
6664.0 0.4338072462473101
6666.0 0.42986449559275774
6668.0 0.42887189020737615
6670.0 0.4247126717635068
6672.0 0.4228212533646868
6674.0 0.420278956921478
6676.0 0.4163821238298451
6678.0 0.41489854368146767
6680.0 0.4121918389299713
6682.0 0.41047084532438843
6684.0 0.40809183465782795
6686.0 0.4049053429350978
6688.0 0.403777989683961
6690.0 0.3985635819201558
6692.0 0.39618416309889404
6694.0 0.39343879662498676
6696.0 0.3893475973991271
6698.0 0.38847881450488586
6700.0 0.38556842683394127
6702.0 0.38415703546653585
6704.0 0.3817878546680241
6706.0 0.3785688303360776
6708.0 0.37773152228315415
6710.0 0.3752486777309947
6712.0 0.37417218517677947
6714.0 0.37238873716498894
6716.0 0.36993136282453015
6718.0 0.369051387469052
6720.0 0.3663169709074627
6722.0 0.3652604956637501
6724.0 0.3638762944700494
6726.0 0.36207651010219216
6728.0 0.361519001436181
6730.0 0.3605847246851017
6732.0 0.36003309612707657
6734.0 0.35953829706190804
6736.0 0.3586661047173022
6738.0 0.3577493173153517
6740.0 0.3563132239901362
6742.0 0.35474573559178235
6744.0 0.35435547292744546
6746.0 0.3540826658883927
6748.0 0.3543850962141424
6750.0 0.3538293207616095
6752.0 0.3534326193963323
6754.0 0.352915524762866
6756.0 0.35239249410716983
6758.0 0.3520474180352314
6760.0 0.35130289216532
6762.0 0.35099447335850964
6764.0 0.35051926565342467
6766.0 0.3499739449651448
6768.0 0.3496051347784258
6770.0 0.3489066330347464
6772.0 0.3486054911796678
6774.0 0.3481016754827658
6776.0 0.34753203777007946
6778.0 0.3472075406074617
6780.0 0.346510373950508
6782.0 0.346203260514705
6784.0 0.34567265628216376
6786.0 0.345106196099735
6788.0 0.34481855844633535
6790.0 0.34410905754732957
6792.0 0.3437805501310026
6794.0 0.3432354800488293
6796.0 0.3427140484934802
6798.0 0.3424244151128154
6800.0 0.3416854416822136
6802.0 0.34136573891125277
6804.0 0.3408146998189165
6806.0 0.3395663693031949
6808.0 0.33985853201210575
6810.0 0.33976070672514924
6812.0 0.34058987103671706
6814.0 0.3417539811600948
6816.0 0.342277717091387
6818.0 0.34177835157297665
6820.0 0.3402533934053346
6822.0 0.3388609309372519
6824.0 0.3371943529803329
6826.0 0.3361387220365877
6828.0 0.33527648592238235
6830.0 0.3352521005755453
6832.0 0.3355862824633727
6834.0 0.33610220806568714
6836.0 0.3350744911774719
6838.0 0.33413421427165607
6840.0 0.3329850999666591
6842.0 0.3330594973301145
6844.0 0.33253351072423837
6846.0 0.33170775185318424
6848.0 0.33063812187315855
6850.0 0.32946471727194104
6852.0 0.32883481771531065
6854.0 0.32814235515240775
6856.0 0.3275361094146646
6858.0 0.3268633797066399
6860.0 0.32660705636593834
6862.0 0.32635689196303197
6864.0 0.32605482431594085
6866.0 0.3256653643666851
6868.0 0.3252601784292806
6870.0 0.3251414485331937
6872.0 0.32476996934220415
6874.0 0.3244597600880444
6876.0 0.32399155495929377
6878.0 0.3237554403982129
6880.0 0.3233709225516703
6882.0 0.32293532561452365
6884.0 0.3223026691565902
6886.0 0.32211642849892735
6888.0 0.3220185694263315
6890.0 0.3218719555929408
6892.0 0.3218894538478759
6894.0 0.3214844726104025
6896.0 0.32085086586774864
6898.0 0.32025208871610505
6900.0 0.319990649309688
6902.0 0.3194061145635744
6904.0 0.31911633901025616
6906.0 0.3187286504706521
6908.0 0.3182697380212437
6910.0 0.3182540052828691
6912.0 0.31811863460314455
6914.0 0.31774630758124506
6916.0 0.3175673731636412
6918.0 0.3173870938281262
6920.0 0.3169388724777334
6922.0 0.3166969584545623
6924.0 0.3170543754649253
6926.0 0.317089021568956
6928.0 0.31702588226723316
6930.0 0.31733041336994405
6932.0 0.31698206366916504
6934.0 0.31743532640706384
6936.0 0.3177946449879697
6938.0 0.31762385892274214
6940.0 0.31722081855447
6942.0 0.3164275347629067
6944.0 0.31615617051060024
6946.0 0.31604875895851225
6948.0 0.31581997204827494
6950.0 0.3153958065813
6952.0 0.3151334449985784
6954.0 0.314358738160073
6956.0 0.31392683776888286
6958.0 0.31371050841952025
6960.0 0.31376502963787095
6962.0 0.3136986673582843
6964.0 0.3133962411695446
6966.0 0.31303694811916105
6968.0 0.3124260183482807
6970.0 0.31163815971954545
6972.0 0.31117254009361633
6974.0 0.31083023049156533
6976.0 0.31077262699851793
6978.0 0.3110802163645662
6980.0 0.311221051545607
6982.0 0.31117654586539917
6984.0 0.31087409304646313
6986.0 0.31012333347742316
6988.0 0.30907008898155214
6990.0 0.30840957808575403
6992.0 0.3080352309282445
6994.0 0.30761382380792945
6996.0 0.3069718527627222
6998.0 0.3058799807026446
7000.0 0.3044324899420368
7002.0 0.30374576204302406
7004.0 0.3026738488564256
7006.0 0.30262289673108916
7008.0 0.30258870771678587
7010.0 0.30197554513196917
7012.0 0.3014332961909994
7014.0 0.3008296495351716
7016.0 0.30042126047867845
7018.0 0.3000025865222028
7020.0 0.29978240613334567
7022.0 0.2999216316893064
7024.0 0.29988809108614095
7026.0 0.29984676542141236
7028.0 0.2994886262850385
7030.0 0.2987969328732101
7032.0 0.29861713681013496
7034.0 0.298039862080274
7036.0 0.29794179839347784
7038.0 0.2979877429569363
7040.0 0.2981157007939379
7042.0 0.29817350663259995
7044.0 0.2990293952037344
7046.0 0.29889954268578983
7048.0 0.2983943382572325
7050.0 0.29762869640468215
7052.0 0.29777908013466464
7054.0 0.296740560842411
7056.0 0.2969716329915666
7058.0 0.2968322895842438
7060.0 0.2963978296528299
7062.0 0.2965448107773649
7064.0 0.29668453904972514
7066.0 0.29692600521782186
7068.0 0.29698986381027886
7070.0 0.2970609485877448
7072.0 0.29688241195497916
7074.0 0.2971369767242967
7076.0 0.29745551123819275
7078.0 0.29737228046076797
7080.0 0.297285265583243
7082.0 0.2974332271189395
7084.0 0.2972190136817117
7086.0 0.2971015100023451
7088.0 0.2964519905594694
7090.0 0.29579630037052074
7092.0 0.2958688433178698
7094.0 0.294978969147255
7096.0 0.29481805768656766
7098.0 0.29479097308879587
7100.0 0.29518680780851225
7102.0 0.2953781257867971
7104.0 0.2968381399662663
7106.0 0.29724051117148087
7108.0 0.29822960081294736
7110.0 0.2987685083807676
7112.0 0.2984546636342047
7114.0 0.29998547270830334
7116.0 0.30065424137252367
7118.0 0.3018649803902165
7120.0 0.30252335594144303
7122.0 0.30219880365829027
7124.0 0.3025252637932478
7126.0 0.30203545278606525
7128.0 0.3019560894717859
7130.0 0.30236967461272857
7132.0 0.30267045950081023
7134.0 0.30345589583734633
7136.0 0.303117469493277
7138.0 0.30223579542467705
7140.0 0.30177886924268904
7142.0 0.3012078412879196
7144.0 0.3025348043696795
7146.0 0.30254237016377233
7148.0 0.30334370647638675
7150.0 0.3036346994731765
7152.0 0.3033919576291854
7154.0 0.3045418214412552
7156.0 0.30426202902080235
7158.0 0.3052669286195367
7160.0 0.30613072220362203
7162.0 0.30684499647414654
7164.0 0.3084686253911801
7166.0 0.3083728261195898
7168.0 0.30877711457283546
7170.0 0.30863491874815896
7172.0 0.30879233082758123
7174.0 0.30924635214214
7176.0 0.3094189683087103
7178.0 0.3091195553745113
7180.0 0.3082553641878019
7182.0 0.3082794260823045
7184.0 0.3087201314923839
7186.0 0.30831379691965616
7188.0 0.3081037166475277
7190.0 0.30773859409628407
7192.0 0.3083066668539038
7194.0 0.3095708824598123
7196.0 0.30996535412626697
7198.0 0.3106313430467473
7200.0 0.3109413769245263
7202.0 0.31124785276024036
7204.0 0.31214307597467
7206.0 0.3128314710896648
7208.0 0.31348762512092454
7210.0 0.31377971157840095
7212.0 0.3135829268457749
7214.0 0.31308063463732905
7216.0 0.31261791737704253
7218.0 0.313062830303196
7220.0 0.31346967781188045
7222.0 0.31395214850076353
7224.0 0.31377817890066745
7226.0 0.31280427424299484
7228.0 0.3118441383116926
7230.0 0.3123528862776969
7232.0 0.31328575959697413
7234.0 0.31339092766008936
7236.0 0.3131687350041786
7238.0 0.31261463351274865
7240.0 0.3121688610677905
7242.0 0.31199497533373544
7244.0 0.31216714903158765
7246.0 0.31181474875450726
7248.0 0.31216585258376994
7250.0 0.3120557165387252
7252.0 0.3120626645221133
7254.0 0.31169183639294074
7256.0 0.3108705320285655
7258.0 0.31128870511652607
7260.0 0.31122541521214125
7262.0 0.3109879074817598
7264.0 0.31002054975942783
7266.0 0.3093403762744002
7268.0 0.308821241743998
7270.0 0.3086503075416643
7272.0 0.30848170307503553
7274.0 0.3084253558486599
7276.0 0.3082030485308947
7278.0 0.30824731298868213
7280.0 0.30810954268813956
7282.0 0.3076348115426089
7284.0 0.3074776576384627
7286.0 0.3070705039565014
7288.0 0.3070210433149276
7290.0 0.306748720331901
7292.0 0.3064763112095981
7294.0 0.3062866426956288
7296.0 0.3053626960102756
7298.0 0.3055540030871623
7300.0 0.3051405839634426
7302.0 0.3046631840029351
7304.0 0.30410951486024446
7306.0 0.30280056427744967
7308.0 0.3020881693626681
7310.0 0.3015581314099488
7312.0 0.3006726594547897
7314.0 0.2998681945632087
7316.0 0.2992720103692171
7318.0 0.29832598483629474
7320.0 0.29761607965274256
7322.0 0.2967325503453884
7324.0 0.29634684197223643
7326.0 0.2960414271499571
7328.0 0.2961547187934593
7330.0 0.29587803094606235
7332.0 0.29579798600632246
7334.0 0.2960228768387407
7336.0 0.29572790601118554
7338.0 0.2963335963060892
7340.0 0.2960014735560655
7342.0 0.2959431532494704
7344.0 0.2962462177865816
7346.0 0.2961243692128434
7348.0 0.2968720161090859
7350.0 0.29741813657007843
7352.0 0.29720907517896095
7354.0 0.2968283074164627
7356.0 0.2963116413843112
7358.0 0.29686946155339833
7360.0 0.29652898864432237
7362.0 0.2965871762583162
7364.0 0.2970711258309739
7366.0 0.29671675326715596
7368.0 0.29715173923894017
7370.0 0.2967441893962096
7372.0 0.2974546483211602
7374.0 0.2977604452727726
7376.0 0.29735464111302534
7378.0 0.2974500033947463
7380.0 0.29642050862122815
7382.0 0.2959865202232114
7384.0 0.2960240597275691
7386.0 0.2961304152160168
7388.0 0.2971706336494951
7390.0 0.29709827431899394
7392.0 0.2970513228244384
7394.0 0.29677316149175004
7396.0 0.29563748980529414
7398.0 0.2970931107887535
7400.0 0.2970017408080672
7402.0 0.2983706447068932
7404.0 0.2993981457356641
7406.0 0.2993289531713361
7408.0 0.3005943358853484
7410.0 0.30011044266344156
7412.0 0.300214805736907
7414.0 0.2998771586241356
7416.0 0.2986797078937518
7418.0 0.29898422148632
7420.0 0.2978738766394948
7422.0 0.2970292091089914
7424.0 0.29509124882238746
7426.0 0.2938137799344507
7428.0 0.2930589994761456
7430.0 0.2915924069211017
7432.0 0.28957335525989975
7434.0 0.28721801897582366
7436.0 0.2856589162767195
7438.0 0.28407682004817236
7440.0 0.28330361607275073
7442.0 0.28301158857318603
7444.0 0.28313413907648904
7446.0 0.283597822339281
7448.0 0.2842669014406071
7450.0 0.28448907914670063
7452.0 0.2848359488197524
7454.0 0.2851993860763919
7456.0 0.2857342016405822
7458.0 0.2868035294131811
7460.0 0.2876046024426624
7462.0 0.2873274242019224
7464.0 0.2875978508160242
7466.0 0.28820645606127565
7468.0 0.28806407458743283
7470.0 0.2884989640924199
7472.0 0.28791213085659106
7474.0 0.28809601228160797
7476.0 0.28846413994510733
7478.0 0.2879356833278284
7480.0 0.28779082240752757
7482.0 0.2871403035090317
7484.0 0.2866332164409059
7486.0 0.2865433255397171
7488.0 0.28586166776082755
7490.0 0.286024451388028
7492.0 0.28542485538030804
7494.0 0.2852582560519869
7496.0 0.2851894561775721
7498.0 0.28453710628239137
7500.0 0.28468443383672204
7502.0 0.2840583478975591
7504.0 0.283923594423429
7506.0 0.2838461157834451
7508.0 0.2831986195180059
7510.0 0.2833375038968378
7512.0 0.28269394457784086
7514.0 0.28260296264524337
7516.0 0.28249395649463654
7518.0 0.2818528176306038
7520.0 0.28198898257832566
7522.0 0.28135141857555473
7524.0 0.2812728840626943
7526.0 0.2811320861334586
7528.0 0.2805058876866104
7530.0 0.28064707212449747
7532.0 0.28001714015935225
7534.0 0.2799310679850109
7536.0 0.27976709480925793
7538.0 0.27915729113616966
7540.0 0.2793353709289857
7542.0 0.2786594329593113
7544.0 0.27858413804374194
7546.0 0.27840210348893296
7548.0 0.2778316525253441
7550.0 0.27800799590729064
7552.0 0.27729444164099915
7554.0 0.2772372081134264
7556.0 0.27705012702182336
7558.0 0.27651123154246415
7560.0 0.2766623884031219
7562.0 0.2759294503176378
7564.0 0.2758994815818231
7566.0 0.27570337801391326
7568.0 0.27517770213477677
7570.0 0.2753154584625159
7572.0 0.27440527271090204
7574.0 0.2740447482142931
7576.0 0.2732887776951906
7578.0 0.27287162069870763
7580.0 0.2732443775164392
7582.0 0.27279708838902184
7584.0 0.27273960425994315
7586.0 0.2723120641136182
7588.0 0.27188358916888355
7590.0 0.27218702856009847
7592.0 0.27191006481861735
7594.0 0.2720872156915114
7596.0 0.2730773840173815
7598.0 0.2743917053340443
7600.0 0.27446382649168016
7602.0 0.2758893091828246
7604.0 0.27539180237651956
7606.0 0.2762280391110106
7608.0 0.2775078289671523
7610.0 0.2780154450568422
7612.0 0.28063933395161517
7614.0 0.2817512625256614
7616.0 0.2837148846336123
7618.0 0.28560862845496354
7620.0 0.2860364238031027
7622.0 0.2891824481176708
7624.0 0.2898130945465483
7626.0 0.29143658267786565
7628.0 0.2932351919229892
7630.0 0.2937971422469006
7632.0 0.2960748030708236
7634.0 0.29694819698133984
7636.0 0.2974616503718765
7638.0 0.2978698091411257
7640.0 0.297686930012583
7642.0 0.29820079183747555
7644.0 0.29904916724453273
7646.0 0.2997474970887932
7648.0 0.30047113941780074
7650.0 0.30161424334830905
7652.0 0.3045737286532719
7654.0 0.3046473770373304
7656.0 0.3063834086722008
7658.0 0.30802068205270555
7660.0 0.30753979757433036
7662.0 0.31133275845099884
7664.0 0.3111785392120203
7666.0 0.3128236071921096
7668.0 0.31423749882277785
7670.0 0.31383719941873306
7672.0 0.3135001844299417
7674.0 0.3130539205436358
7676.0 0.3123486221045166
7678.0 0.3114686983177075
7680.0 0.3110946479219157
7682.0 0.31005572807654996
7684.0 0.3094517146418379
7686.0 0.3094230534064014
7688.0 0.30960340589019864
7690.0 0.3098100694322617
7692.0 0.3128088235878177
7694.0 0.31287320511359434
7696.0 0.3153372227211908
7698.0 0.31717453859901096
7700.0 0.3172308187215607
7702.0 0.3198845515880034
7704.0 0.31947637537347506
7706.0 0.3202036846208585
7708.0 0.3206988595802783
7710.0 0.320305219034654
7712.0 0.3188342099163141
7714.0 0.3188203483698423
7716.0 0.317646195328945
7718.0 0.3163309485702398
7720.0 0.3156401097857745
7722.0 0.31300198432151277
7724.0 0.3125397632676916
7726.0 0.311227966701254
7728.0 0.31004882239809534
7730.0 0.3101014578422472
7732.0 0.3095856793939382
7734.0 0.3101874668663001
7736.0 0.31007951858460775
7738.0 0.3099822797868443
7740.0 0.3094031334313582
7742.0 0.307941350853596
7744.0 0.3072240394423528
7746.0 0.30640299331301785
7748.0 0.3060022434272228
7750.0 0.3056378426713028
7752.0 0.3048643694643228
7754.0 0.3043675555332055
7756.0 0.3032860163574395
7758.0 0.30241367966819477
7760.0 0.3014840515582981
7762.0 0.3002391188455858
7764.0 0.29960917719723895
7766.0 0.29849926735116206
7768.0 0.29751591486717427
7770.0 0.29665995568060777
7772.0 0.29547374300600665
7774.0 0.29484244986225144
7776.0 0.2936315198849529
7778.0 0.29265623515738165
7780.0 0.29188569025971306
7782.0 0.290714534966987
7784.0 0.29002346167607973
7786.0 0.2887126460664756
7788.0 0.28789850096251374
7790.0 0.2871087957380912
7792.0 0.2859323014943147
7794.0 0.2850807935230487
7796.0 0.2839431066066424
7798.0 0.2831356621838255
7800.0 0.282321733213986
7802.0 0.2809921962176202
7804.0 0.28032986736518595
7806.0 0.2791977236773103
7808.0 0.2782630555208009
7810.0 0.2772593990731332
7812.0 0.27611971781380906
7814.0 0.275491262630963
7816.0 0.273951681769403
7818.0 0.2724545661229612
7820.0 0.27095746231265305
7822.0 0.26948083925297195
7824.0 0.2683236171783051
7826.0 0.26655313311082485
7828.0 0.2655156344930389
7830.0 0.2639320265403907
7832.0 0.26130173804614953
7834.0 0.26042341078295833
7836.0 0.25743366435580334
7838.0 0.2558152830010729
7840.0 0.25369085668699504
7842.0 0.2506976099558408
7844.0 0.24944938639738126
7846.0 0.2475045921223951
7848.0 0.2466714540319311
7850.0 0.24598644702116337
7852.0 0.24455333327646248
7854.0 0.24369253938491733
7856.0 0.2421529078734578
7858.0 0.2411132759184626
7860.0 0.24023933046039858
7862.0 0.23978188718561494
7864.0 0.2385708952491925
7866.0 0.2384468973489313
7868.0 0.23748671107180588
7870.0 0.23710153086037847
7872.0 0.23636736559452015
7874.0 0.23539760757432468
7876.0 0.2323466505233202
7878.0 0.23153892204888116
7880.0 0.2297634915990435
7882.0 0.22691720090796888
7884.0 0.22626056749689488
7886.0 0.22236729902458052
7888.0 0.22147026889700133
7890.0 0.21963057754317164
7892.0 0.2172333876167613
7894.0 0.21705598142126192
7896.0 0.21469886875705993
7898.0 0.2142652443063317
7900.0 0.21317207060542046
7902.0 0.2116966636718431
7904.0 0.2114582505100496
7906.0 0.20920372039819662
7908.0 0.20884244587343337
7910.0 0.20832065286579157
7912.0 0.2079714229964789
7914.0 0.20817376105249388
7916.0 0.20852801673877935
7918.0 0.20844651633126535
7920.0 0.20829485074088452
7922.0 0.20790289660310043
7924.0 0.20723085609518402
7926.0 0.20630894034933017
7928.0 0.2057222161618831
7930.0 0.2046054895166172
7932.0 0.20363088493102452
7934.0 0.2033881016075719
7936.0 0.19904539128070323
7938.0 0.19793865841188793
7940.0 0.19527527847458948
7942.0 0.192374851957141
7944.0 0.19128028711518516
7946.0 0.18697854480504308
7948.0 0.18615398748151937
7950.0 0.18467453986742605
7952.0 0.18324322600120904
7954.0 0.18238643362757995
7956.0 0.18204768308823627
7958.0 0.18113001767482786
7960.0 0.18043823710183599
7962.0 0.1801511414498486
7964.0 0.17985828784495056
7966.0 0.17960241282657982
7968.0 0.17873855627948002
7970.0 0.1775399382825624
7972.0 0.17666066333370406
7974.0 0.17615487346188807
7976.0 0.17448528884952966
7978.0 0.17364109968087135
7980.0 0.17157458911041049
7982.0 0.17041321924535716
7984.0 0.16993708814203684
7986.0 0.16721061750213978
7988.0 0.1667892338884546
7990.0 0.1653231170542549
7992.0 0.16444023062043525
7994.0 0.16419572928571058
7996.0 0.16365426245672368
7998.0 0.16340293859960175
8000.0 0.16331677063381
8002.0 0.16338035170119827
8004.0 0.16328093299500382
8006.0 0.16218861649576316
8008.0 0.16167586323654665
8010.0 0.16182109508138418
8012.0 0.1621130408394441
8014.0 0.16267157460442472
8016.0 0.16401710133351646
8018.0 0.16467009624006182
8020.0 0.1654423738591384
8022.0 0.16616359265594927
8024.0 0.1665300485781776
8026.0 0.16760937732844944
8028.0 0.16789833448066607
8030.0 0.16769114768038432
8032.0 0.16769616988366076
8034.0 0.16792642638357738
8036.0 0.16708425236857943
8038.0 0.1680829032181755
8040.0 0.16863921537723864
8042.0 0.16937966023661594
8044.0 0.16990396822017276
8046.0 0.17108081994767893
8048.0 0.17161015123894474
8050.0 0.17211667421718804
8052.0 0.17265496923849757
8054.0 0.17363780477677876
8056.0 0.17431837835797365
8058.0 0.17524453031165008
8060.0 0.17579325455253267
8062.0 0.1762303938463397
8064.0 0.1768877484190897
8066.0 0.1778466932827987
8068.0 0.17867745739562932
8070.0 0.17993534779838283
8072.0 0.18091366080472118
8074.0 0.18152737972942842
8076.0 0.18225357554249988
8078.0 0.18288906450781262
8080.0 0.1842219011153042
8082.0 0.18545609094246177
8084.0 0.18634114536374924
8086.0 0.18800090571680644
8088.0 0.18832083043205222
8090.0 0.18866257970055433
8092.0 0.1890605939783213
8094.0 0.18949646711909823
8096.0 0.18965718803470322
8098.0 0.19006174372465537
8100.0 0.19048237390766914
8102.0 0.19123552726127052
8104.0 0.19217494421643
8106.0 0.19206657626257076
8108.0 0.19235085358600076
8110.0 0.19162299089917162
8112.0 0.19152388650876503
8114.0 0.19074366597872064
8116.0 0.1896415334050145
8118.0 0.1890159490911817
8120.0 0.18822956663958457
8122.0 0.1869135253223177
8124.0 0.1852749805410889
8126.0 0.18390411617287883
8128.0 0.1822049963027164
8130.0 0.18024322757194283
8132.0 0.1788412536286894
8134.0 0.17800728417494352
8136.0 0.17758378154309917
8138.0 0.17713687525556462
8140.0 0.17770094333030342
8142.0 0.177583024200869
8144.0 0.17753759881212297
8146.0 0.17762019220847444
8148.0 0.1776862557043265
8150.0 0.17658413662965453
8152.0 0.17601029156258619
8154.0 0.1747082648760463
8156.0 0.1723464202466344
8158.0 0.17124800246977653
8160.0 0.16791454771115108
8162.0 0.1664028729922699
8164.0 0.16411711543427998
8166.0 0.1614284794640488
8168.0 0.1602681987712181
8170.0 0.15657909625514715
8172.0 0.15512683276403974
8174.0 0.15196945672692463
8176.0 0.14795014721664132
8178.0 0.14680883822110535
8180.0 0.14136482260081748
8182.0 0.1406178508181181
8184.0 0.13873866362135273
8186.0 0.13591889621026187
8188.0 0.13552483829780546
8190.0 0.13217103505080216
8192.0 0.131454976196637
8194.0 0.12975224152038192
8196.0 0.12815501764361198
8198.0 0.1287583762869783
8200.0 0.12684003211428585
8202.0 0.12691113406836851
8204.0 0.12630861403891064
8206.0 0.12542462545835636
8208.0 0.12554888995871796
8210.0 0.12446303805563015
8212.0 0.12458016714610826
8214.0 0.12436471145831204
8216.0 0.12383360029308808
8218.0 0.12429938625757327
8220.0 0.12249337245441888
8222.0 0.12338336211691528
8224.0 0.12363078054931496
8226.0 0.12339674329390234
8228.0 0.1237668391432799
8230.0 0.12304064625493234
8232.0 0.1234094224798766
8234.0 0.12318610953680671
8236.0 0.12306316489773927
8238.0 0.12399259027998166
8240.0 0.12439609737622921
8242.0 0.1258555314575707
8244.0 0.12661398363498136
8246.0 0.12724445549042568
8248.0 0.12753618796543026
8250.0 0.1287559160986434
8252.0 0.12980680080869983
8254.0 0.13165081882476165
8256.0 0.13343042651339684
8258.0 0.1343307592619843
8260.0 0.13538695792638258
8262.0 0.13574405760358588
8264.0 0.13664086689094537
8266.0 0.13741438346725554
8268.0 0.13807777746883312
8270.0 0.13848931241574391
8272.0 0.13857927518947852
8274.0 0.13842184212412706
8276.0 0.1382862281757769
8278.0 0.1380044829443287
8280.0 0.13794931412990633
8282.0 0.13656475357001013
8284.0 0.13570088877976882
8286.0 0.13461876056182276
8288.0 0.1341300820595964
8290.0 0.13470290418401953
8292.0 0.13443304934319178
8294.0 0.13520210223747817
8296.0 0.13587019201693715
8298.0 0.13609183465755534
8300.0 0.13738495528427777
8302.0 0.13753929075610677
8304.0 0.13858898675919923
8306.0 0.13950386969355025
8308.0 0.13992484365812297
8310.0 0.1411838623956211
8312.0 0.14167174691831996
8314.0 0.14294537397649484
8316.0 0.1440674349647558
8318.0 0.14451513663914506
8320.0 0.1453425094939369
8322.0 0.14574777811956524
8324.0 0.14621735700029176
8326.0 0.1465411524954951
8328.0 0.14702146535385852
8330.0 0.14711299700639874
8332.0 0.14761706258865762
8334.0 0.14777159591412778
8336.0 0.1481692121018062
8338.0 0.14871330622398335
8340.0 0.14844142945686814
8342.0 0.1490921377929393
8344.0 0.14931424538049265
8346.0 0.1496627200895084
8348.0 0.15027456676813655
8350.0 0.15154763978443783
8352.0 0.15267621264743847
8354.0 0.15460548935900656
8356.0 0.15613194630984695
8358.0 0.15745249241985296
8360.0 0.15913834592167794
8362.0 0.16028479639917503
8364.0 0.16185620081675417
8366.0 0.16390191365699974
8368.0 0.16557981819088813
8370.0 0.16784737686751922
8372.0 0.1695830610665481
8374.0 0.17233807954382696
8376.0 0.17458333425717934
8378.0 0.17623882402948934
8380.0 0.17811943137108102
8382.0 0.1794957374992792
8384.0 0.18108586541075208
8386.0 0.18309245552556683
8388.0 0.1847441134445229
8390.0 0.18611323478814296
8392.0 0.18729737576516226
8394.0 0.18884226594604733
8396.0 0.19144433869288977
8398.0 0.19436922296388837
8400.0 0.19673341735706998
8402.0 0.19786408109705583
8404.0 0.20082736395797135
8406.0 0.20363319437895758
8408.0 0.20593158917269758
8410.0 0.20833966958603528
8412.0 0.20945577619618644
8414.0 0.21184450206876426
8416.0 0.21295686708310815
8418.0 0.21396293633907384
8420.0 0.21531755804245878
8422.0 0.21645211966668212
8424.0 0.21833407361543578
8426.0 0.21889570523420493
8428.0 0.21946516615606199
8430.0 0.22076168958992737
8432.0 0.2217553512944585
8434.0 0.22408355275498124
8436.0 0.22563222760230903
8438.0 0.22709332643282606
8440.0 0.22719623774220943
8442.0 0.2270118833937412
8444.0 0.22865966734130516
8446.0 0.2300363040197903
8448.0 0.23083180531321137
8450.0 0.23185293976025168
8452.0 0.23243346234867673
8454.0 0.233602757008907
8456.0 0.233578519026023
8458.0 0.23387008900699144
8460.0 0.23465686159969884
8462.0 0.23453236593615942
8464.0 0.23782137660101488
8466.0 0.23822950212689323
8468.0 0.24015274062192454
8470.0 0.24287396340580353
8472.0 0.24321952224961543
8474.0 0.24687696304091974
8476.0 0.24830550827716727
8478.0 0.2512583445381057
8480.0 0.2548283260563703
8482.0 0.25555830897662035
8484.0 0.2606059660284743
8486.0 0.26137831216360247
8488.0 0.26396835196018026
8490.0 0.26702314918932185
8492.0 0.2663051768295318
8494.0 0.2711810059301978
8496.0 0.2716093097481144
8498.0 0.27467009237978346
8500.0 0.27781441665527445
8502.0 0.27801630039344094
8504.0 0.2820596871351935
8506.0 0.281996041930997
8508.0 0.2829261956470933
8510.0 0.28470453288748443
8512.0 0.2848900115298045
8514.0 0.28812166975441994
8516.0 0.28852282089971915
8518.0 0.2897606419666548
8520.0 0.291468496249347
8522.0 0.29177199451454194
8524.0 0.29331540562506964
8526.0 0.2931533290888591
8528.0 0.2933227628427354
8530.0 0.29375827977094354
8532.0 0.29432171605599045
8534.0 0.2931828505640982
8536.0 0.29231870995484566
8538.0 0.29131625418884466
8540.0 0.29036541843921276
8542.0 0.29022331700941434
8544.0 0.29058681584946816
8546.0 0.2907797221207483
8548.0 0.2916499867044222
8550.0 0.2913347068285915
8552.0 0.2909908805947922
8554.0 0.2929827939017428
8556.0 0.2929311073240316
8558.0 0.2944520526729303
8560.0 0.2962329844104341
8562.0 0.2963976446478091
8564.0 0.29881510602001393
8566.0 0.29881510602001393
8568.0 0.30044085038267376
8570.0 0.30165538221506827
8572.0 0.3018700691198794
8574.0 0.30430552025789614
8576.0 0.30430552025789614
8578.0 0.3057408130205324
8580.0 0.3067397468970624
8582.0 0.30697036900804375
8584.0 0.3090870444270804
8586.0 0.3090870444270804
8588.0 0.3103439827746466
8590.0 0.31115822585514546
8592.0 0.31120792237152506
8594.0 0.31158853447820517
8596.0 0.31158853447820517
8598.0 0.3112127980699416
8600.0 0.3109864994833371
8602.0 0.3108311408699788
8604.0 0.3098160200617532
8606.0 0.3098160200617532
8608.0 0.3086059471343213
8610.0 0.3079292637186025
8612.0 0.3078608558114478
8614.0 0.30747312312113134
8616.0 0.30747312312113134
8618.0 0.30767107853102066
8620.0 0.3077736971154227
8622.0 0.3079267655892876
8624.0 0.30868911573861163
8626.0 0.30868911573861163
8628.0 0.3096727903983837
8630.0 0.31014461830300494
8632.0 0.31041617869106625
8634.0 0.31161687497274915
8636.0 0.31161687497274915
8638.0 0.31314043187421176
8640.0 0.3138151414807836
8642.0 0.3145676636514482
8644.0 0.31754618499762993
8646.0 0.31754618499762993
8648.0 0.32015997337389157
8650.0 0.3212259583944354
8652.0 0.32153056076365727
8654.0 0.3226172656611301
8656.0 0.3226172656611301
8658.0 0.32237461097129694
8660.0 0.3222837438412224
8662.0 0.3214883649626657
8664.0 0.3189159608568155
8666.0 0.3189159608568155
8668.0 0.3160902390130774
8670.0 0.3151219915493552
8672.0 0.31504762775765854
8674.0 0.3148285427687664
8676.0 0.3148285427687664
8678.0 0.31538354081007014
8680.0 0.3155568547654794
8682.0 0.31569963682263474
8684.0 0.3160844002681609
8686.0 0.3160844002681609
8688.0 0.31691261437439033
8690.0 0.3171472028399184
8692.0 0.3176571669755826
8694.0 0.31891856429781895
8696.0 0.31891856429781895
8698.0 0.3212833100114192
8700.0 0.3218874330577739
8702.0 0.3233806207898176
8704.0 0.32678097681033846
8706.0 0.32678097681033846
8708.0 0.3298333922309954
8710.0 0.3305320046193581
8712.0 0.33054691109324846
8714.0 0.3305782442258066
8716.0 0.3305782442258066
8718.0 0.32857952950868385
8720.0 0.3281730368552996
8722.0 0.3268028974547722
8724.0 0.32413864593170344
8726.0 0.32413864593170344
8728.0 0.321147857657745
8730.0 0.32061275051552734
8732.0 0.3196725115912579
8734.0 0.3179779599574317
8736.0 0.3179779599574317
8738.0 0.3172648462999554
8740.0 0.317154003999562
8742.0 0.3177093816346958
8744.0 0.3186385913400618
8746.0 0.3186385913400618
8748.0 0.31922813323248633
8750.0 0.31930646415961156
8752.0 0.3191042473855526
8754.0 0.3187897297276241
8756.0 0.3187897297276241
8758.0 0.32033765409178433
8760.0 0.32050972948673356
8762.0 0.32213622040712925
8764.0 0.3244906036031328
8766.0 0.3244906036031328
8768.0 0.3266288187258077
8770.0 0.32682185445550616
8772.0 0.3271770101061123
8774.0 0.32765591209588313
8776.0 0.32765591209588313
8778.0 0.3264114974022517
8780.0 0.3263241851893251
8782.0 0.3249760958339647
8784.0 0.3232814857481992
8786.0 0.3232814857481992
8788.0 0.3214795818404245
8790.0 0.3213880875311928
8792.0 0.320667720112763
8794.0 0.3198230831152121
8796.0 0.3198230831152121
8798.0 0.31874003432469283
8800.0 0.3187052905891293
8802.0 0.31842283276710254
8804.0 0.3181138026071372
8806.0 0.3181138026071372
8808.0 0.31792885194599524
8810.0 0.3179262559046004
8812.0 0.3179888389151962
8814.0 0.3180527429392085
8816.0 0.31804728101836954
8818.0 0.31644546461531425
8820.0 0.31644546461531425
8822.0 0.31532846379362395
8824.0 0.3142639008547635
8826.0 0.31428359842998943
8828.0 0.3152183059168733
8830.0 0.3152183059168733
8832.0 0.3163745940383149
8834.0 0.31740303708925705
8836.0 0.3174375635744195
8838.0 0.3183145326641289
8840.0 0.3183145326641289
8842.0 0.31840505903664373
8844.0 0.3184801804581509
8846.0 0.3183727266629063
8848.0 0.31653070323204624
8850.0 0.31653070323204624
8852.0 0.31482064619121497
8854.0 0.3134972859218761
8856.0 0.31330284208271625
8858.0 0.31081009937946197
8860.0 0.31081009937946197
8862.0 0.30954725485428997
8864.0 0.30863645323248035
8866.0 0.3085697606513617
8868.0 0.30789211625718776
8870.0 0.30789211625718776
8872.0 0.3074342083673696
8874.0 0.30712666580637676
8876.0 0.3069412021542394
8878.0 0.3053907703080681
8880.0 0.3053907703080681
8882.0 0.3046748379692135
8884.0 0.3042275237128409
8886.0 0.3042522017649869
8888.0 0.30442641085609307
8890.0 0.30442641085609307
8892.0 0.3041242336426336
8894.0 0.3039488119860241
8896.0 0.3036046597793944
8898.0 0.3015135607818548
8900.0 0.3015135607818548
8902.0 0.29946087778127145
8904.0 0.29835530125048426
8906.0 0.2977574409854567
8908.0 0.29458477229853336
8910.0 0.29458477229853336
8912.0 0.29234828092045984
8914.0 0.29123262418841955
8916.0 0.29089574897280096
8918.0 0.28931640173014456
8920.0 0.28931640173014456
8922.0 0.2887852787947423
8924.0 0.2885403848679905
8926.0 0.2885422844639386
8928.0 0.2885502251888321
8930.0 0.2885502251888321
8932.0 0.28845370885092875
8934.0 0.2884126713470895
8936.0 0.28840028376114074
8938.0 0.2883537620679266
8940.0 0.2883537620679266
8942.0 0.2881436443792984
8944.0 0.28806148646689134
8946.0 0.28788055642030413
8948.0 0.2872662691546911
8950.0 0.2872662691546911
8952.0 0.2872053902482448
8954.0 0.28718356931109934
8956.0 0.2873321008163452
8958.0 0.2877904070793238
8960.0 0.2877904070793238
8962.0 0.28775513389100243
8964.0 0.2877435873680143
8966.0 0.28756974758748644
8968.0 0.2870800855378492
8970.0 0.2870800855378492
8972.0 0.2863099014660484
8974.0 0.28608065594650695
8976.0 0.2857308932108549
8978.0 0.2848281206525616
8980.0 0.2848281206525616
8982.0 0.2825466279133256
8984.0 0.2819323254817207
8986.0 0.28067752806025187
8988.0 0.2777000676734232
8990.0 0.2777000676734232
8992.0 0.27578694227270373
8994.0 0.2753238223744291
8996.0 0.2749874864839073
8998.0 0.2742517483847095
9000.0 0.2742517483847095
9002.0 0.2744321320487635
9004.0 0.2744711012507544
9006.0 0.2748820465461551
9008.0 0.2757127596353915
9010.0 0.2757127596353915
9012.0 0.27694019471266956
9014.0 0.27717471408309574
9016.0 0.2778233563631496
9018.0 0.279037530208401
9020.0 0.279037530208401
9022.0 0.2802640056583472
9024.0 0.28046894840935954
9026.0 0.28087214297652446
9028.0 0.2815722442572147
9030.0 0.2815722442572147
9032.0 0.28268231463861326
9034.0 0.2828422521525485
9036.0 0.28315528523234534
9038.0 0.283660241721186
9040.0 0.283660241721186
9042.0 0.28247696664946514
9044.0 0.28233266739290763
9046.0 0.2813575376827457
9048.0 0.2798943935922055
9050.0 0.2798943935922055
9052.0 0.277042123143076
9054.0 0.27675501583783474
9056.0 0.2753244963770176
9058.0 0.2733258835711637
9060.0 0.2733258835711637
9062.0 0.271095171211711
9064.0 0.27091635211849263
9066.0 0.2704315643374174
9068.0 0.2698003760069155
9070.0 0.2698003760069155
9072.0 0.2711241467410853
9074.0 0.271204122195621
9076.0 0.2724000526709446
9078.0 0.2738520522827089
9080.0 0.2738520522827089
9082.0 0.2765920681912646
9084.0 0.2767054405117261
9086.0 0.2780052743805057
9088.0 0.2794776053838081
9090.0 0.2794776053838081
9092.0 0.2815359733989829
9094.0 0.2815833358617499
9096.0 0.2819933467215055
9098.0 0.2824267574753497
9100.0 0.2824267574753497
9102.0 0.2813501715939259
9104.0 0.28134448769848064
9106.0 0.27997107645797964
9108.0 0.2786160458870048
9110.0 0.2785678617822635
9112.0 0.27459685870966083
9114.0 0.27459685870966083
9116.0 0.27264659917432316
9118.0 0.2708507446740806
9120.0 0.2707532682493058
9122.0 0.2675158079810473
9124.0 0.2675158079810473
9126.0 0.26673359699254146
9128.0 0.26606147613889874
9130.0 0.26609747951568674
9132.0 0.2668362552182796
9134.0 0.2668362552182796
9136.0 0.26763228967673103
9138.0 0.2682703205630284
9140.0 0.26841624595564084
9142.0 0.27056079912506487
9144.0 0.27056079912506487
9146.0 0.27257802735864173
9148.0 0.2740853901007803
9150.0 0.2744306472500082
9152.0 0.27835046136710095
9154.0 0.27835046136710095
9156.0 0.279631244301374
9158.0 0.2805228628532588
9160.0 0.28057496858964
9162.0 0.2810535237913369
9164.0 0.2810535237913369
9166.0 0.27988792173728066
9168.0 0.27913265693554046
9170.0 0.27866431674681064
9172.0 0.27507532596961126
9174.0 0.27507532596961126
9176.0 0.27242560436835994
9178.0 0.2708293228109424
9180.0 0.2702117795475914
9182.0 0.2661746246734677
9184.0 0.2661746246734677
9186.0 0.26504531773391166
9188.0 0.26441363519145894
9190.0 0.264470835089683
9192.0 0.26479519345690816
9194.0 0.26479519345690816
9196.0 0.26601980905069855
9198.0 0.2666548093279527
9200.0 0.26714416154427373
9202.0 0.26958240352690604
9204.0 0.26958240352690604
9206.0 0.271538264528744
9208.0 0.2724766659340431
9210.0 0.2731077357417077
9212.0 0.2758991018049631
9214.0 0.2758991018049631
9216.0 0.27843035726359244
9218.0 0.2795516428994513
9220.0 0.2802003083618942
9222.0 0.2827687132545273
9224.0 0.2827687132545273
9226.0 0.2837530754246852
9228.0 0.28415464591053835
9230.0 0.2839698857004603
9232.0 0.28331050130185415
9234.0 0.28331050130185415
9236.0 0.2796688450011877
9238.0 0.27830473914590237
9240.0 0.27681870655406104
9242.0 0.27201100570309217
9244.0 0.27201100570309217
9246.0 0.2686811112393533
9248.0 0.26753974759255433
9250.0 0.26679774779914883
9252.0 0.26461103299281924
9254.0 0.26461103299281924
9256.0 0.26485347436943923
9258.0 0.2649292085643956
9260.0 0.2654815625859987
9262.0 0.26697047533608764
9264.0 0.26697047533608764
9266.0 0.2689780021702199
9268.0 0.26954682411916825
9270.0 0.2704164292364593
9272.0 0.27256802673314673
9274.0 0.27256802673314673
9276.0 0.2750214728246033
9278.0 0.275648487456777
9280.0 0.27663355002380347
9282.0 0.2788774126960835
9284.0 0.2788774126960835
9286.0 0.2816868838436598
9288.0 0.2823301467933333
9290.0 0.2831826620959338
9292.0 0.2849751240853204
9294.0 0.2849751240853204
9296.0 0.2858396021865874
9298.0 0.28601549202945353
9300.0 0.2854589783167079
9302.0 0.2843765425674421
9304.0 0.2843765425674421
9306.0 0.2810003200260982
9308.0 0.280395970994629
9310.0 0.27893577407999814
9312.0 0.2763034390951885
9314.0 0.2763034390951885
9316.0 0.27229780272958326
9318.0 0.2716748697933274
9320.0 0.270032902860664
9322.0 0.267285004506112
9324.0 0.267285004506112
9326.0 0.26405374839128726
9328.0 0.2636241716590363
9330.0 0.2628304441938643
9332.0 0.26159561102383017
9334.0 0.26159561102383017
9336.0 0.2610107098919341
9338.0 0.26094564602918785
9340.0 0.26118055538488344
9342.0 0.2615206762589015
9344.0 0.2615206762589015
9346.0 0.2632806468143411
9348.0 0.2634396601377698
9350.0 0.26403302191614775
9352.0 0.2648333235278176
9354.0 0.2648333235278176
9356.0 0.2658697237691638
9358.0 0.2659425119816331
9360.0 0.2672360671191454
9362.0 0.26886251926637905
9364.0 0.26886251926637905
9366.0 0.27281979046528837
9368.0 0.27302098797783353
9370.0 0.2746510926220652
9372.0 0.2765628644395251
9374.0 0.2765628644395251
9376.0 0.27966528003175656
9378.0 0.27976500178658054
9380.0 0.2806889826131261
9382.0 0.28170012962287644
9384.0 0.28170012962287644
9386.0 0.2826172562531341
9388.0 0.28263018580057886
9390.0 0.28267832355373557
9392.0 0.28272748916617446
9394.0 0.28272475863177793
9396.0 0.2819095840780502
9398.0 0.2819095840780502
9400.0 0.28029305731006343
9402.0 0.27875205006095277
9404.0 0.27865538928981165
9406.0 0.2740549451016257
9408.0 0.2740549451016257
9410.0 0.27155978553034965
9412.0 0.2693399707623402
9414.0 0.26917345317219565
9416.0 0.2649369736343771
9418.0 0.2649369736343771
9420.0 0.2637684968300622
9422.0 0.26279862677380356
9424.0 0.26274422290368316
9426.0 0.2618105343301695
9428.0 0.2618105343301695
9430.0 0.2613436645600389
9432.0 0.260982280631576
9434.0 0.2609788919487365
9436.0 0.26093541078068694
9438.0 0.26093541078068694
9440.0 0.26145838216584033
9442.0 0.26183565757900884
9444.0 0.2619492536662752
9446.0 0.2631043178987324
9448.0 0.2631043178987324
9450.0 0.2640683491463861
9452.0 0.26471597808861164
9454.0 0.26489880250324466
9456.0 0.2664281291582093
9458.0 0.2664281291582093
9460.0 0.26711600288563364
9462.0 0.2675458947250973
9464.0 0.2677126890685704
9466.0 0.26889078385247456
9468.0 0.26889078385247456
9470.0 0.2703635668504387
9472.0 0.2712187753259978
9474.0 0.27168669068000556
9476.0 0.27453118690363665
9478.0 0.27453118690363665
9480.0 0.2771008707978462
9482.0 0.27848526814585167
9484.0 0.27912631382864056
9486.0 0.28252967997138695
9488.0 0.28252967997138695
9490.0 0.28538897258122936
9492.0 0.28681569309041327
9494.0 0.2872062231120324
9496.0 0.28903787202715997
9498.0 0.28903787202715997
9500.0 0.28877327906593625
9502.0 0.28865124489150307
9504.0 0.28817246286975573
9506.0 0.28617028125844685
9508.0 0.28617028125844685
9510.0 0.2829243266960054
9512.0 0.28154379436836185
9514.0 0.28036772013359634
9516.0 0.27594937174869594
9518.0 0.27594937174869594
9520.0 0.2717330522633616
9522.0 0.27008394545178466
9524.0 0.26921839644885087
9526.0 0.26627871521089286
9528.0 0.26627871521089286
9530.0 0.26441873038662356
9532.0 0.26375184739918495
9534.0 0.263668019979521
9536.0 0.26340927984660534
9538.0 0.26340927984660534
9540.0 0.2645644909795586
9542.0 0.26494276596763916
9544.0 0.2653413731183397
9546.0 0.2664644944494438
9548.0 0.2664644944494438
9550.0 0.2681741363722229
9552.0 0.2686831839517024
9554.0 0.2695937131065628
9556.0 0.27194457815386636
9558.0 0.27194457815386636
9560.0 0.27491597220357705
9562.0 0.2757163199892478
9564.0 0.2768893799975445
9566.0 0.27967368692797545
9568.0 0.27967368692797545
9570.0 0.28287468843568797
9572.0 0.28364986628864064
9574.0 0.28425167115733385
9576.0 0.2855684909543745
9578.0 0.2855684909543745
9580.0 0.2861915996423856
9582.0 0.2863262680853375
9584.0 0.28634121209227786
9586.0 0.28637142909483715
9588.0 0.28637142909483715
9590.0 0.2850729138754489
9592.0 0.2848247034534805
9594.0 0.28351096416807103
9596.0 0.28105116739125996
9598.0 0.28105116739125996
9600.0 0.2769088206510033
9602.0 0.2762163014915301
9604.0 0.27417905135238146
9606.0 0.27064068707823835
9608.0 0.27064068707823835
9610.0 0.26577889272316846
9612.0 0.2650780311103256
9614.0 0.26364597684615193
9616.0 0.26133533239454076
9618.0 0.26133533239454076
9620.0 0.2588699378885301
9622.0 0.25856909982826126
9624.0 0.2577906400236412
9626.0 0.25662230038765216
9628.0 0.25662230038765216
9630.0 0.25575306384555757
9632.0 0.25566550420879686
9634.0 0.2558779452766022
9636.0 0.25617482475329506
9638.0 0.25617482475329506
9640.0 0.2566069796287547
9642.0 0.2566416523197736
9644.0 0.25615933385040907
9646.0 0.2555312076914198
9648.0 0.2555312076914198
9650.0 0.25478603113191917
9652.0 0.25474096127099716
9654.0 0.25515588639555337
9656.0 0.2556597757154136
9658.0 0.2556597757154136
9660.0 0.25786483680149686
9662.0 0.2579562175464314
9664.0 0.25930551033259086
9666.0 0.2608342308086262
9668.0 0.2608342308086262
9670.0 0.26346892716822645
9672.0 0.26352971566227623
9674.0 0.26511143873650356
9676.0 0.26678383321443055
9678.0 0.26678383321443055
9680.0 0.26893602906555736
9682.0 0.26894752176078396
9684.0 0.2688364116379982
9686.0 0.26872676230367937
9688.0 0.2686909008464336
9690.0 0.26572045170323433
9692.0 0.26572045170323433
9694.0 0.2631697565608212
9696.0 0.260820441082765
9698.0 0.26068447010846174
9700.0 0.2561589640114798
9702.0 0.2561589640114798
9704.0 0.2536414474971507
9706.0 0.25147773150621117
9708.0 0.25134458735420173
9710.0 0.24860882811833504
9712.0 0.24860882811833504
9714.0 0.2477954634192759
9716.0 0.24714338428869384
9718.0 0.24712706285997363
9720.0 0.24688695872327146
9722.0 0.24688695872327146
9724.0 0.24745084782799084
9726.0 0.2478723138142965
9728.0 0.2480001391015534
9730.0 0.2494525474320355
9732.0 0.2494525474320355
9734.0 0.2506849761188041
9736.0 0.2515431448287475
9738.0 0.2517549914659431
9740.0 0.25370197113685283
9742.0 0.25370197113685283
9744.0 0.2551866232800929
9746.0 0.2561488612405814
9748.0 0.2565359194000416
9750.0 0.25950376648971574
9752.0 0.25950376648971574
9754.0 0.2620663451184928
9756.0 0.26361052230035303
9758.0 0.2640434052852447
9760.0 0.266874824998323
9762.0 0.266874824998323
9764.0 0.2683255190738904
9766.0 0.26913718178916823
9768.0 0.26920825764128636
9770.0 0.2696114903252212
9772.0 0.2696114903252212
9774.0 0.26868864949711513
9776.0 0.26821000132428097
9778.0 0.2674438539919583
9780.0 0.26362481493378864
9782.0 0.26362481493378864
9784.0 0.25993409130643846
9786.0 0.258162837895076
9788.0 0.25772589635875554
9790.0 0.2557924353755525
9792.0 0.2557924353755525
9794.0 0.2551348135575563
9796.0 0.2548434209375188
9798.0 0.2547084556507414
9800.0 0.2541738591306783
9802.0 0.2541738591306783
9804.0 0.25417682394148916
9806.0 0.2541780337873208
9808.0 0.25444904331398743
9810.0 0.25541657830446546
9812.0 0.25541657830446546
9814.0 0.2566975456880551
9816.0 0.2571775201919052
9818.0 0.2575975989515597
9820.0 0.25895711335339305
9822.0 0.25895711335339305
9824.0 0.261094330125471
9826.0 0.26182711876270837
9828.0 0.262933271305087
9830.0 0.2661941952476392
9832.0 0.2661941952476392
9834.0 0.2704338657049677
9836.0 0.2717586968722643
9838.0 0.2735717344635489
9840.0 0.2784603976176667
9842.0 0.2784603976176667
9844.0 0.28243520999716204
9846.0 0.2835618432022783
9848.0 0.28437021146801633
9850.0 0.28637087883595175
9852.0 0.28637087883595175
9854.0 0.2852704556882103
9856.0 0.28498912245500513
9858.0 0.2831240201406623
9860.0 0.27887432659670186
9862.0 0.27887432659670186
9864.0 0.2742120161591591
9866.0 0.27314410180442605
9868.0 0.2716968208893257
9870.0 0.26865299716557356
9872.0 0.26865299716557356
9874.0 0.26692701225768944
9876.0 0.26657568764153655
9878.0 0.26641049812912143
9880.0 0.26608911392466195
9882.0 0.26608911392466195
9884.0 0.26765602978732844
9886.0 0.2679366403820395
9888.0 0.2695135690171522
9890.0 0.2723570801065731
9892.0 0.2723570801065731
9894.0 0.2766629500762148
9896.0 0.2773329173608306
9898.0 0.27939481683734624
9900.0 0.28284637073760993
9902.0 0.28284637073760993
9904.0 0.287749602061891
9906.0 0.2884018345265387
9908.0 0.2907085065350001
9910.0 0.2942979883172228
9912.0 0.2942979883172228
9914.0 0.29796538073470974
9916.0 0.2983736088889618
9918.0 0.2996399546878556
9920.0 0.3014739269297043
9922.0 0.3014739269297043
9924.0 0.30427875914284114
9926.0 0.3045323751042153
9928.0 0.30467641265050854
9930.0 0.30487073200241294
9932.0 0.30487073200241294
9934.0 0.298745795926637
9936.0 0.2983152113852717
9938.0 0.29474022614336143
9940.0 0.2902441274181961
9942.0 0.2902441274181961
9944.0 0.28561609321732584
9946.0 0.28538048684721434
9948.0 0.283509097991529
9950.0 0.2813138219250057
9952.0 0.2813138219250057
9954.0 0.28078345393370824
9956.0 0.2807663723909345
9958.0 0.2818906901207754
9960.0 0.28312136825622486
9962.0 0.28312136825622486
9964.0 0.2869344025819816
9966.0 0.2869883927895778
9968.0 0.28973875623799256
9970.0 0.2925485187156942
9972.0 0.2925734188159276
9974.0 0.300143124969712
9976.0 0.300143124969712
9978.0 0.3037396872190128
9980.0 0.3071690489183207
9982.0 0.30724675989951844
9984.0 0.3109563175532501
9986.0 0.3109563175532501
9988.0 0.31035310285266715
9990.0 0.3098163250424746
9992.0 0.3094952953301342
9994.0 0.3013143330882959
9996.0 0.3013143330882959
9998.0 0.2963582470609982
