# z obs_date
# 0 52280
3580.0 0.3420077310837356
3582.0 0.3415771053410046
3584.0 0.34300264727089314
3586.0 0.34555764160962676
3588.0 0.345055403048699
3590.0 0.3447235611389219
3592.0 0.3532532129080334
3594.0 0.35831713049283637
3596.0 0.35408861142957326
3598.0 0.3518850155654776
3600.0 0.3575113581669323
3602.0 0.36235079709322515
3604.0 0.3592138706345813
3606.0 0.36745965533886604
3608.0 0.36963636872473976
3610.0 0.3716022566773026
3612.0 0.3734948846772936
3614.0 0.37217150056274534
3616.0 0.37385278530674587
3618.0 0.3704194789258904
3620.0 0.3783751510352948
3622.0 0.3792166018510215
3624.0 0.3758490029659023
3626.0 0.3870035163365665
3628.0 0.3987962676950627
3630.0 0.41730468027184364
3632.0 0.42112144813213864
3634.0 0.413046385983139
3636.0 0.4117800127003407
3638.0 0.4142498098381609
3640.0 0.41755831431338114
3642.0 0.4172570276652454
3644.0 0.42113705992647527
3646.0 0.42776655060511204
3648.0 0.4240081019219555
3650.0 0.42804145638570823
3652.0 0.4370581727211488
3654.0 0.44273504750136156
3656.0 0.4377683241405076
3658.0 0.43360039354633956
3660.0 0.4312690251849923
3662.0 0.437772487199132
3664.0 0.43518582304186687
3666.0 0.4315879811010998
3668.0 0.43223954639210876
3670.0 0.428034979051428
3672.0 0.4269907302751255
3674.0 0.427488362515687
3676.0 0.4206202260208226
3678.0 0.4185265406670821
3680.0 0.41225195416938815
3682.0 0.40859219613321857
3684.0 0.4085282375877492
3686.0 0.40636101740237757
3688.0 0.4079375622510728
3690.0 0.408876669867013
3692.0 0.4098159414304966
3694.0 0.4060655173991905
3696.0 0.40285306798212234
3698.0 0.40257497177289314
3700.0 0.39513813859502567
3702.0 0.3941773677342557
3704.0 0.39274783750259834
3706.0 0.38935698412745456
3708.0 0.39251385536213224
3710.0 0.3905055145679358
3712.0 0.38722407933496855
3714.0 0.38519657324882917
3716.0 0.3815906897562512
3718.0 0.38159305341528016
3720.0 0.3771760969199273
3722.0 0.37393918672898235
3724.0 0.3651528138394804
3726.0 0.3634225144772168
3728.0 0.36561499123284635
3730.0 0.3679564832924051
3732.0 0.3657239542452542
3734.0 0.35915176786398145
3736.0 0.36063405273058674
3738.0 0.3633173700306474
3740.0 0.3635805074719093
3742.0 0.36001952534330844
3744.0 0.3517259005143566
3746.0 0.3471085581090244
3748.0 0.34729512667731144
3750.0 0.35163579337732254
3752.0 0.3510436443867089
3754.0 0.34777099467313005
3756.0 0.34606724622690754
3758.0 0.35146117229026813
3760.0 0.3470479393557291
3762.0 0.34451511347665226
3764.0 0.34346032857270914
3766.0 0.3416583400866618
3768.0 0.33984189827750194
3770.0 0.34802627576233974
3772.0 0.34731754561872014
3774.0 0.34100588464208226
3776.0 0.33767734993430243
3778.0 0.34343120660693166
3780.0 0.3417982546431847
3782.0 0.33777394510835457
3784.0 0.3399277530161308
3786.0 0.34515334513351176
3788.0 0.34637672905348094
3790.0 0.3505477771413327
3792.0 0.3491955534107144
3794.0 0.3490486105703586
3796.0 0.34911506744191234
3798.0 0.34635522217487635
3800.0 0.3604676013333389
3802.0 0.3568974086443446
3804.0 0.3612987431991001
3806.0 0.36461251233512515
3808.0 0.3642372018248581
3810.0 0.37463595806176425
3812.0 0.37550649562926136
3814.0 0.37932663888984525
3816.0 0.3815394570552882
3818.0 0.3821801557502622
3820.0 0.3984254722621606
3822.0 0.39857291358031316
3824.0 0.40437608056999486
3826.0 0.4104728071201273
3828.0 0.4140039406066542
3830.0 0.41538963920423755
3832.0 0.4178565816468096
3834.0 0.4204564816623104
3836.0 0.42042817098841584
3838.0 0.4199043607801593
3840.0 0.42976211447877594
3842.0 0.4343239549186126
3844.0 0.43867985538141147
3846.0 0.4454983371023026
3848.0 0.4452559151964572
3850.0 0.4443472859782713
3852.0 0.44325303600230914
3854.0 0.44587216560401166
3856.0 0.45358013159500743
3858.0 0.4551331025717958
3860.0 0.4613022243682796
3862.0 0.4586147789495618
3864.0 0.4673722704649085
3866.0 0.4724961641269721
3868.0 0.4689996830897573
3870.0 0.4805875984791479
3872.0 0.4819127773372348
3874.0 0.48286827798303866
3876.0 0.48611080276102037
3878.0 0.48988867753837695
3880.0 0.5059603841554327
3882.0 0.5047177620035788
3884.0 0.5248735091834221
3886.0 0.5338553614518685
3888.0 0.5334564446740867
3890.0 0.5528009825428958
3892.0 0.550108702236396
3894.0 0.5562853055385227
3896.0 0.5604390559836268
3898.0 0.5637622197119471
3900.0 0.5695722225810217
3902.0 0.5670969426369075
3904.0 0.5719247005278062
3906.0 0.5746906453029426
3908.0 0.584471913034035
3910.0 0.6044001952491306
3912.0 0.6046589691535953
3914.0 0.6174141698576746
3916.0 0.6230484904457979
3918.0 0.6230404867662437
3920.0 0.6284839747157753
3922.0 0.6340596416240011
3924.0 0.6474620314583307
3926.0 0.6474139314425986
3928.0 0.6478256638814051
3930.0 0.6604977323072688
3932.0 0.6630083753206802
3934.0 0.6716742852258581
3936.0 0.6750841125173735
3938.0 0.679931581766146
3940.0 0.6859786135072719
3942.0 0.6862245211173357
3944.0 0.6970783376717846
3946.0 0.7036977676177743
3948.0 0.70770787660143
3950.0 0.7173819172512782
3952.0 0.7165778735863991
3954.0 0.7064620813452654
3956.0 0.7046316004500169
3958.0 0.7038591834548136
3960.0 0.6900426223424122
3962.0 0.6896197238774006
3964.0 0.6776758347597138
3966.0 0.6746470428545849
3968.0 0.6714728045504865
3970.0 0.6579265364981538
3972.0 0.6555750587832302
3974.0 0.6434348037229334
3976.0 0.6404016336799753
3978.0 0.6356274529732502
3980.0 0.6232770799771505
3982.0 0.6232694480064763
3984.0 0.6106350820940649
3986.0 0.6073564002689572
3988.0 0.6036445960641358
3990.0 0.5975306332643474
3992.0 0.5986220017439075
3994.0 0.5952922538068955
3996.0 0.594098793742994
3998.0 0.5919235650679098
4000.0 0.583960747656103
4002.0 0.5806615108930385
4004.0 0.5741730892548264
4006.0 0.5749402801128395
4008.0 0.5707721782979208
4010.0 0.5663240974921372
4012.0 0.5675606419564447
4014.0 0.5700432125817275
4016.0 0.5699453667448092
4018.0 0.5698318398881864
4020.0 0.5681869100750587
4022.0 0.5674080948536376
4024.0 0.5678840800032731
4026.0 0.5666348364285363
4028.0 0.5674896108271797
4030.0 0.5684525325071046
4032.0 0.5689812023195958
4034.0 0.5620440204858649
4036.0 0.5578782266623754
4038.0 0.5591202276506371
4040.0 0.5581564010393665
4042.0 0.5535905296789922
4044.0 0.5537020204507177
4046.0 0.5551995738775835
4048.0 0.5494548957646066
4050.0 0.5398041080561301
4052.0 0.5389020712376127
4054.0 0.5274368988915263
4056.0 0.521556948972631
4058.0 0.5176628448653948
4060.0 0.5179188790483794
4062.0 0.519215153314444
4064.0 0.5178760748199481
4066.0 0.5173730116687001
4068.0 0.5112308338795895
4070.0 0.4960507624998198
4072.0 0.48434643050127857
4074.0 0.48028633664069986
4076.0 0.47920290361740864
4078.0 0.4758449715573322
4080.0 0.475250696693419
4082.0 0.4745467881121466
4084.0 0.467415243565766
4086.0 0.465099810072296
4088.0 0.45700715637245115
4090.0 0.4536171727640175
4092.0 0.45560903480698595
4094.0 0.4505540342713589
4096.0 0.4505208075418172
4098.0 0.44031762542879105
4100.0 0.4312480245160261
4102.0 0.4254162284346656
4104.0 0.4188368533683633
4106.0 0.4130455703900226
4108.0 0.39978930291107084
4110.0 0.3844307368628088
4112.0 0.3837527585788529
4114.0 0.3771330420842102
4116.0 0.3750944628702885
4118.0 0.35950193397834646
4120.0 0.35653924190895137
4122.0 0.36253085572639676
4124.0 0.3489545351671457
4126.0 0.3456935727412792
4128.0 0.345991212641974
4130.0 0.34216386439152485
4132.0 0.3358775106325473
4134.0 0.3366435033572429
4136.0 0.3362842962132524
4138.0 0.3358820000311356
4140.0 0.3281411345831822
4142.0 0.32796649067913086
4144.0 0.33128338945703917
4146.0 0.3319818025075824
4148.0 0.3259645400000653
4150.0 0.32351884501393063
4152.0 0.32761805171402014
4154.0 0.3338623336984575
4156.0 0.3370457954995542
4158.0 0.33952192591749086
4160.0 0.34172499415547963
4162.0 0.3397772328428369
4164.0 0.3461253438596795
4166.0 0.34946845530456866
4168.0 0.35943095997683644
4170.0 0.3652577253125595
4172.0 0.36565633282329957
4174.0 0.3690339029950031
4176.0 0.37097230037434215
4178.0 0.3819814095860798
4180.0 0.3815771867463099
4182.0 0.3798344424268082
4184.0 0.37836692513348313
4186.0 0.378046109646644
4188.0 0.3790277236657786
4190.0 0.3827873644181684
4192.0 0.3892869659864432
4194.0 0.39795175820278383
4196.0 0.396952616684528
4198.0 0.3865600482020606
4200.0 0.383799772538285
4202.0 0.3821376275444738
4204.0 0.37746472195564895
4206.0 0.3789537841694256
4208.0 0.3781998618394484
4210.0 0.37925468931083695
4212.0 0.38047503768972424
4214.0 0.3782434196094008
4216.0 0.37643680911908256
4218.0 0.37369216825065404
4220.0 0.3714701643687631
4222.0 0.3711116800918962
4224.0 0.3692452896327607
4226.0 0.3749209045353447
4228.0 0.37835039046135766
4230.0 0.3712340125679073
4232.0 0.3710664013748212
4234.0 0.3758475980774321
4236.0 0.3755222318958456
4238.0 0.3796076470907659
4240.0 0.37771411192228965
4242.0 0.3754245513223156
4244.0 0.3771686287813354
4246.0 0.37932317804062937
4248.0 0.38062266068725886
4250.0 0.37921597466965046
4252.0 0.3794151123062347
4254.0 0.3814573323496068
4256.0 0.3788323340306637
4258.0 0.3749508789219
4260.0 0.374803222013818
4262.0 0.3769222915840577
4264.0 0.3748408782666322
4266.0 0.3739702436671808
4268.0 0.3741742620675639
4270.0 0.36915657616285724
4272.0 0.36599045588629603
4274.0 0.37030198103405326
4276.0 0.37236874296446365
4278.0 0.37244983448210145
4280.0 0.36901754924084984
4282.0 0.3682485406110398
4284.0 0.3731465541823318
4286.0 0.3716161967078423
4288.0 0.3717293976185264
4290.0 0.36907991683752944
4292.0 0.36199033767756883
4294.0 0.36249890473306123
4296.0 0.3661622934353377
4298.0 0.3653891883462808
4300.0 0.36554087550575126
4302.0 0.36426938090881644
4304.0 0.3658290410046615
4306.0 0.36746246458359744
4308.0 0.37053732669813916
4310.0 0.3721318553394875
4312.0 0.37200170595496207
4314.0 0.37221960886891875
4316.0 0.3724743205719094
4318.0 0.3735108315441878
4320.0 0.3730815502167606
4322.0 0.37808932482030533
4324.0 0.3802154309956329
4326.0 0.37974659875848604
4328.0 0.38669222384258245
4330.0 0.38725212745744736
4332.0 0.38675329972704087
4334.0 0.39075580788941616
4336.0 0.39405637585897374
4338.0 0.3939106006102337
4340.0 0.39491887330260905
4342.0 0.38598357883032797
4344.0 0.37788008662714995
4346.0 0.3804832770344454
4348.0 0.37740685147896147
4350.0 0.3714736573692769
4352.0 0.37002283199170305
4354.0 0.36792848571158127
4356.0 0.36526714107854935
4358.0 0.36292564539781913
4360.0 0.3573424853737712
4362.0 0.3573038575579156
4364.0 0.3562655964184159
4366.0 0.3602130388777924
4368.0 0.3593736472855963
4370.0 0.3555513880398373
4372.0 0.35857203502467183
4374.0 0.36016479608176427
4376.0 0.35538404556195186
4378.0 0.3599342262927523
4380.0 0.35666215965395975
4382.0 0.35955520851372036
4384.0 0.36382496539354925
4386.0 0.3636287420172822
4388.0 0.367431608134891
4390.0 0.3711679711718421
4392.0 0.3770295622751053
4394.0 0.38208881772818065
4396.0 0.3827662834936614
4398.0 0.39307651005466093
4400.0 0.38965442776443654
4402.0 0.39430942133280106
4404.0 0.3984672464405152
4406.0 0.4091407146559807
4408.0 0.4270181770044006
4410.0 0.4245202235870969
4412.0 0.4336292541106972
4414.0 0.44286221613516297
4416.0 0.44288733346545334
4418.0 0.4591183866696855
4420.0 0.4681996454150667
4422.0 0.4767752413439854
4424.0 0.4812664515605058
4426.0 0.4838565192195347
4428.0 0.5029023368698323
4430.0 0.5063127053167162
4432.0 0.5154195617594864
4434.0 0.5229793753070218
4436.0 0.5386270432316422
4438.0 0.5522058282653182
4440.0 0.5508277811750795
4442.0 0.5598576251057652
4444.0 0.5714780163249383
4446.0 0.5734536476459642
4448.0 0.5861611208732166
4450.0 0.5952810131204546
4452.0 0.6095364222159506
4454.0 0.61249939805566
4456.0 0.6172025966023357
4458.0 0.6313373290922318
4460.0 0.6358181389950136
4462.0 0.6404736331115184
4464.0 0.6425061710423698
4466.0 0.6493094253387176
4468.0 0.6577743962892958
4470.0 0.6562907910762621
4472.0 0.6641183893241868
4474.0 0.6831707733296615
4476.0 0.6890808297926434
4478.0 0.69544308354276
4480.0 0.6980723157756406
4482.0 0.7074711855302661
4484.0 0.7082551506068443
4486.0 0.7052245064381765
4488.0 0.7124979497652069
4490.0 0.7220979778223182
4492.0 0.7288361712409971
4494.0 0.7296237798904844
4496.0 0.7412731238552899
4498.0 0.7530134601323333
4500.0 0.7529276639217235
4502.0 0.7619665661798848
4504.0 0.7711020605961868
4506.0 0.7739734656684512
4508.0 0.7798298492570851
4510.0 0.7836984907266649
4512.0 0.8046445428257186
4514.0 0.8106165868214251
4516.0 0.8146050264042739
4518.0 0.828951472326425
4520.0 0.8381091839647031
4522.0 0.8483666329709186
4524.0 0.8546006725246079
4526.0 0.8615466530959816
4528.0 0.8691423561984793
4530.0 0.8685129361204293
4532.0 0.8698023175916192
4534.0 0.8824344065784755
4536.0 0.8944754820307613
4538.0 0.9104879268555023
4540.0 0.9138238126510255
4542.0 0.9341928880328264
4544.0 0.9380419909691875
4546.0 0.9398043396185995
4548.0 0.945343467676069
4550.0 0.9542545749393162
4552.0 0.9497284738939084
4554.0 0.9467968823096942
4556.0 0.9491006685157399
4558.0 0.9475472325010226
4560.0 0.950589375953164
4562.0 0.9420362031200935
4564.0 0.9400472929315095
4566.0 0.942164963480431
4568.0 0.9369678838438024
4570.0 0.9391532918037157
4572.0 0.9291151244439875
4574.0 0.9275328020655441
4576.0 0.9235422010025855
4578.0 0.9185417721024822
4580.0 0.9115667854873314
4582.0 0.8962827645872452
4584.0 0.8959583802436096
4586.0 0.8987991281677659
4588.0 0.8952149751551577
4590.0 0.8954800489219343
4592.0 0.8956445548659451
4594.0 0.8927373319137343
4596.0 0.8926634559856808
4598.0 0.8957808114908846
4600.0 0.8955211231139651
4602.0 0.8988807461591446
4604.0 0.894549501456331
4606.0 0.8930465719428725
4608.0 0.8950532295675404
4610.0 0.8994518424054424
4612.0 0.9021113306855488
4614.0 0.9029485682830559
4616.0 0.9009878665702632
4618.0 0.8983265382545982
4620.0 0.8954735522513911
4622.0 0.8885304819397758
4624.0 0.886519590907397
4626.0 0.8923815164536683
4628.0 0.8886643399134249
4630.0 0.8859269907392764
4632.0 0.8796864052983641
4634.0 0.8800481422455292
4636.0 0.8759884643694735
4638.0 0.87138010835455
4640.0 0.8679145421314812
4642.0 0.8550888549924808
4644.0 0.8541560487434016
4646.0 0.844314973370452
4648.0 0.8252686879347031
4650.0 0.8222460647185714
4652.0 0.8043909319650743
4654.0 0.8004068081275275
4656.0 0.7820297224033983
4658.0 0.7733871587534319
4660.0 0.7714265834890283
4662.0 0.7647583214054184
4664.0 0.7536007954408229
4666.0 0.7437379151117325
4668.0 0.734336720223968
4670.0 0.7302662922225689
4672.0 0.7181809469970265
4674.0 0.719938826983729
4676.0 0.7152063777542722
4678.0 0.7036098920778012
4680.0 0.6963613939911952
4682.0 0.6870506834153901
4684.0 0.6835194171230224
4686.0 0.6810276375583033
4688.0 0.6760431443509911
4690.0 0.6735218149859864
4692.0 0.6670609570717018
4694.0 0.6608974329331361
4696.0 0.6580947723819023
4698.0 0.6532855165350883
4700.0 0.6484981482898038
4702.0 0.6517115873166456
4704.0 0.6527227658081369
4706.0 0.6542777801346856
4708.0 0.6565918978364649
4710.0 0.6558767630605485
4712.0 0.6588105890306483
4714.0 0.6586649967064382
4716.0 0.6664113724855255
4718.0 0.6713677830861636
4720.0 0.6692473919438624
4722.0 0.6719393419142415
4724.0 0.6809996160601001
4726.0 0.6819105194883092
4728.0 0.6811860442976644
4730.0 0.6826124177945826
4732.0 0.688679226857307
4734.0 0.6853457951070602
4736.0 0.6820824234526817
4738.0 0.683555348569161
4740.0 0.6869047548374416
4742.0 0.6822147499982889
4744.0 0.6817675873492395
4746.0 0.6808826593185099
4748.0 0.6826963099653004
4750.0 0.6820493051575616
4752.0 0.6770448003488304
4754.0 0.6777068757880095
4756.0 0.6806282199752977
4758.0 0.6799407353737483
4760.0 0.6792217065455234
4762.0 0.6826437916285809
4764.0 0.6826648356587305
4766.0 0.6837658513111196
4768.0 0.6850406564135734
4770.0 0.6912776996315366
4772.0 0.6902547061544811
4774.0 0.6857995267994063
4776.0 0.6894032959254043
4778.0 0.6893517526484385
4780.0 0.6916731704275554
4782.0 0.6996590558145053
4784.0 0.7051687857218207
4786.0 0.7155848342195765
4788.0 0.7173207757087181
4790.0 0.718439484412039
4792.0 0.7304328042891565
4794.0 0.7363709636454266
4796.0 0.7448982055661251
4798.0 0.7484801987100825
4800.0 0.7555014356825126
4802.0 0.7617827020353154
4804.0 0.7632112343035545
4806.0 0.7669853476887241
4808.0 0.7775046335785938
4810.0 0.7791582375381905
4812.0 0.779331499314654
4814.0 0.7811729214224913
4816.0 0.7844651928648091
4818.0 0.7856411277982583
4820.0 0.785561011292092
4822.0 0.7858533206057176
4824.0 0.7917820759649191
4826.0 0.781705999528564
4828.0 0.7785505128782079
4830.0 0.7698058486145338
4832.0 0.7566506332689208
4834.0 0.7582976030289943
4836.0 0.7440300629672892
4838.0 0.7354978082446659
4840.0 0.7305805190272164
4842.0 0.7187300193258912
4844.0 0.7133648892958228
4846.0 0.6938972888606592
4848.0 0.6897316761761627
4850.0 0.6829572881137219
4852.0 0.66821205957467
4854.0 0.6581122357258132
4856.0 0.655455825511842
4858.0 0.6540765617711359
4860.0 0.64792689460664
4862.0 0.6382477608535754
4864.0 0.6342439836887291
4866.0 0.6293655980234798
4868.0 0.6264123820317311
4870.0 0.6272191519972548
4872.0 0.63007854418041
4874.0 0.6295877997181543
4876.0 0.6300806282956148
4878.0 0.629989182980885
4880.0 0.6296985551021402
4882.0 0.629943664634573
4884.0 0.6341586044145042
4886.0 0.6399068725113158
4888.0 0.6395239509134167
4890.0 0.643193867567308
4892.0 0.6509943679163087
4894.0 0.6526152898773829
4896.0 0.6622583859310395
4898.0 0.6667999269419024
4900.0 0.669711942004875
4902.0 0.6731242361795785
4904.0 0.6767845747478721
4906.0 0.6849474487166651
4908.0 0.6900998575112378
4910.0 0.6934745828437349
4912.0 0.6978201003148015
4914.0 0.7028024505538366
4916.0 0.7064240816983532
4918.0 0.7079659696063499
4920.0 0.7110355187219461
4922.0 0.7180292988156924
4924.0 0.7195595036353954
4926.0 0.7212043885410294
4928.0 0.722293968079818
4930.0 0.7248283385175905
4932.0 0.7254705675669958
4934.0 0.7273180111347773
4936.0 0.7262608375406973
4938.0 0.726379921011503
4940.0 0.7248370402155424
4942.0 0.7205088176148291
4944.0 0.7190178022800264
4946.0 0.7119760488926975
4948.0 0.7121020119557504
4950.0 0.7079402581847255
4952.0 0.6940241109775103
4954.0 0.691581857271933
4956.0 0.6801099594352752
4958.0 0.6784042754630955
4960.0 0.6627756087074862
4962.0 0.6532998207328984
4964.0 0.6519838726293278
4966.0 0.6371873015637881
4968.0 0.6273710578924588
4970.0 0.6218608570718867
4972.0 0.6159192088795439
4974.0 0.6071546299093458
4976.0 0.5923347078747042
4978.0 0.590342238715678
4980.0 0.5816340324748077
4982.0 0.5714312471445968
4984.0 0.5701775344526723
4986.0 0.563282942641969
4988.0 0.5586246700583642
4990.0 0.5540630254538693
4992.0 0.5510855232248294
4994.0 0.5464280111630658
4996.0 0.5430508362179851
4998.0 0.5396692430558794
5000.0 0.5363812212489532
5002.0 0.5322877986654782
5004.0 0.5290749711639089
5006.0 0.5294746503890088
5008.0 0.5281654091528016
5010.0 0.5274941371796941
5012.0 0.5306051796614765
5014.0 0.5313113513964804
5016.0 0.5330261138249112
5018.0 0.5320105832132022
5020.0 0.53841847997195
5022.0 0.5403266970232985
5024.0 0.5403666529597577
5026.0 0.5452238857521652
5028.0 0.5488154021111679
5030.0 0.5476102434151596
5032.0 0.5447697713908588
5034.0 0.54440431255152
5036.0 0.553289632563607
5038.0 0.5530734819386426
5040.0 0.5580186413136756
5042.0 0.5674806880581511
5044.0 0.5765671046397217
5046.0 0.5820535638796748
5048.0 0.5823180786909573
5050.0 0.5869201308222958
5052.0 0.5891344071996449
5054.0 0.5895733960542092
5056.0 0.5940066910173386
5058.0 0.6007757789337729
5060.0 0.6098416974175127
5062.0 0.6120667355713675
5064.0 0.6133719196037546
5066.0 0.6212832537100493
5068.0 0.6223390145548939
5070.0 0.6228160967394838
5072.0 0.6247500924994853
5074.0 0.6339973049581751
5076.0 0.6361306067830464
5078.0 0.6350994058356846
5080.0 0.6388009345960487
5082.0 0.6453869012289906
5084.0 0.6455712020281751
5086.0 0.6486095793624466
5088.0 0.6523769255150803
5090.0 0.6525889895808307
5092.0 0.6529791427700858
5094.0 0.652560854165807
5096.0 0.6563394279811015
5098.0 0.6580838038305559
5100.0 0.6601418320716574
5102.0 0.6606344987997133
5104.0 0.6640957660677022
5106.0 0.6698336097266279
5108.0 0.6714066109744611
5110.0 0.6760367022492545
5112.0 0.6811994822683678
5114.0 0.6797827909740419
5116.0 0.6747385447468814
5118.0 0.6752929537382627
5120.0 0.6739249883584965
5122.0 0.6745676137193327
5124.0 0.6756399389367912
5126.0 0.6775806579169481
5128.0 0.6778690649171889
5130.0 0.6784715808372286
5132.0 0.6778979678380356
5134.0 0.6800683098251071
5136.0 0.6814973983821025
5138.0 0.6834403319300101
5140.0 0.6850820624985586
5142.0 0.6818514924594221
5144.0 0.6816084132425829
5146.0 0.6845240291653217
5148.0 0.6841470527448573
5150.0 0.6860398186850547
5152.0 0.6865972525285888
5154.0 0.6868466926259131
5156.0 0.6898327053104668
5158.0 0.6912957071542215
5160.0 0.6946896934499119
5162.0 0.6949541118595861
5164.0 0.6968794594099127
5166.0 0.6992565828851584
5168.0 0.7001395418517639
5170.0 0.7044781514150257
5172.0 0.7144658767475106
5174.0 0.7189029578143464
5176.0 0.7207780151836368
5178.0 0.7205492282743542
5180.0 0.7338177809785218
5182.0 0.735055154417325
5184.0 0.7390536293468405
5186.0 0.7442549961041927
5188.0 0.7481468486520017
5190.0 0.749475039825588
5192.0 0.7509501852496732
5194.0 0.757586955666805
5196.0 0.7657617263795885
5198.0 0.7662767845659368
5200.0 0.7746082956489976
5202.0 0.7802753468887214
5204.0 0.7875186136596248
5206.0 0.7910698752411166
5208.0 0.792667059182959
5210.0 0.8069997550191773
5212.0 0.8106739237295563
5214.0 0.8118363053640131
5216.0 0.8117580316853424
5218.0 0.8158969876838267
5220.0 0.815923785104137
5222.0 0.8158847576647432
5224.0 0.8194860239594102
5226.0 0.8251052954205527
5228.0 0.8229096148582897
5230.0 0.822239339350387
5232.0 0.8258326572725887
5234.0 0.8331692377312738
5236.0 0.8354096096660404
5238.0 0.8403945754415523
5240.0 0.8436293311056258
5242.0 0.8444840976280074
5244.0 0.8442292047655618
5246.0 0.8434093635734605
5248.0 0.8523951893992261
5250.0 0.8551522908664781
5252.0 0.8555246347256062
5254.0 0.8538787388143494
5256.0 0.860065464457914
5258.0 0.8614625321790247
5260.0 0.8617952626585489
5262.0 0.8622343394822619
5264.0 0.865870986570206
5266.0 0.8655251146372266
5268.0 0.8651478109341366
5270.0 0.8634241185410546
5272.0 0.8655358479141352
5274.0 0.8639890956319124
5276.0 0.8624263784610281
5278.0 0.8639655072041976
5280.0 0.8592051144585691
5282.0 0.8603746613357182
5284.0 0.8599436960413472
5286.0 0.8583735102034906
5288.0 0.8575169130730834
5290.0 0.8551038025197865
5292.0 0.8546451054202294
5294.0 0.8451748906112043
5296.0 0.8433331270280382
5298.0 0.8459878630442363
5300.0 0.8448855455918504
5302.0 0.837802516019118
5304.0 0.8359341327793495
5306.0 0.836329301642574
5308.0 0.8316978057404119
5310.0 0.8230417421485403
5312.0 0.8232317605884382
5314.0 0.821180618343653
5316.0 0.8177470977503553
5318.0 0.8161592704361794
5320.0 0.81686922975916
5322.0 0.8144188206340703
5324.0 0.8140168321372431
5326.0 0.8148388235503587
5328.0 0.8145093939983009
5330.0 0.8147027551768676
5332.0 0.815052466651931
5334.0 0.8148556056516878
5336.0 0.8155588110151097
5338.0 0.8155931082966139
5340.0 0.8168589124878795
5342.0 0.814866917648387
5344.0 0.8109184598259943
5346.0 0.8123828084489116
5348.0 0.8165814019692725
5350.0 0.8212376086589607
5352.0 0.8194626270794295
5354.0 0.8263958459111226
5356.0 0.829321355641417
5358.0 0.8270683844271772
5360.0 0.8278176581312187
5362.0 0.8330746566193534
5364.0 0.840360092508167
5366.0 0.8418926518809837
5368.0 0.8440367608377122
5370.0 0.8534855792712606
5372.0 0.8534206119170128
5374.0 0.8500545645961485
5376.0 0.8511490133996039
5378.0 0.8610503695734916
5380.0 0.862272303598627
5382.0 0.8610554997460053
5384.0 0.8644124835245339
5386.0 0.8698815245954966
5388.0 0.8707012251103222
5390.0 0.8740305036475374
5392.0 0.8738182825729703
5394.0 0.8695379467395108
5396.0 0.869041790113578
5398.0 0.8713458971916569
5400.0 0.8722245493177049
5402.0 0.8727863732250268
5404.0 0.8710671269727281
5406.0 0.8730738168914457
5408.0 0.8758315221488553
5410.0 0.8742989514562484
5412.0 0.8734077570694424
5414.0 0.8711463459339597
5416.0 0.8701360369791307
5418.0 0.871061868315622
5420.0 0.8736976094192239
5422.0 0.873348120811032
5424.0 0.8759254453640835
5426.0 0.8802050299192188
5428.0 0.8829247429238158
5430.0 0.8793810596048393
5432.0 0.8778534386296599
5434.0 0.8707206052549583
5436.0 0.8702535630987
5438.0 0.8673771834878061
5440.0 0.8665641689362834
5442.0 0.8696033904559012
5444.0 0.8654141402712746
5446.0 0.8552718410571137
5448.0 0.8535715519374635
5450.0 0.8542018887973629
5452.0 0.854874756867353
5454.0 0.8526849365622176
5456.0 0.8526240646325004
5458.0 0.853579862992126
5460.0 0.8551729055937466
5462.0 0.8534667279411574
5464.0 0.8458447023607019
5466.0 0.8447292482935453
5468.0 0.8429358025892314
5470.0 0.8424565029054185
5472.0 0.843383534182419
5474.0 0.8475926972309741
5476.0 0.849402399189543
5478.0 0.8529197736567925
5480.0 0.8556750598296651
5482.0 0.8555567294793779
5484.0 0.8568456249793224
5486.0 0.8575198481265175
5488.0 0.8615504799221663
5490.0 0.8687053266603099
5492.0 0.8699883955747227
5494.0 0.8739619087535478
5496.0 0.875622818848714
5498.0 0.8808259043799582
5500.0 0.88553181274862
5502.0 0.8862270116187102
5504.0 0.8950262431623952
5506.0 0.8983237360418334
5508.0 0.905596414608206
5510.0 0.9102040867491711
5512.0 0.9122244866952098
5514.0 0.9205248296322677
5516.0 0.9236905632842112
5518.0 0.9268022668919172
5520.0 0.9294494562891941
5522.0 0.9357391341662407
5524.0 0.9404571374103728
5526.0 0.9418453817592147
5528.0 0.9441504858237616
5530.0 0.9553645774645835
5532.0 0.9569334131428017
5534.0 0.9681651841165817
5536.0 0.9701590059486852
5538.0 0.9730143585405869
5540.0 0.9770060522025502
5542.0 0.9795992165884462
5544.0 0.9900303908921493
5546.0 0.9934596517789156
5548.0 0.9934031589196989
5550.0 0.9928683148254116
5552.0 0.9962796660777232
5554.0 0.9936893406599341
5556.0 0.9928526957446268
5558.0 0.993868325387673
5560.0 1.0
5562.0 0.9971645558922115
5564.0 0.9964237294467984
5566.0 0.9952839836181193
5568.0 0.9966780529210748
5570.0 0.9918745113187173
5572.0 0.9889484690591969
5574.0 0.9893188704866732
5576.0 0.9909846255808661
5578.0 0.9873330706162359
5580.0 0.9844124525174933
5582.0 0.987317182659476
5584.0 0.9913985110603869
5586.0 0.9892327702317764
5588.0 0.9827807809460215
5590.0 0.983105023318404
5592.0 0.9818015741758583
5594.0 0.9773089525520553
5596.0 0.9736716843359873
5598.0 0.969283843030255
5600.0 0.9666872532481636
5602.0 0.9640764174390642
5604.0 0.957710353138874
5606.0 0.9579848987684921
5608.0 0.9526285279340867
5610.0 0.9483173149180417
5612.0 0.9433215964524615
5614.0 0.9340227949538251
5616.0 0.9306449078807538
5618.0 0.9239744152588911
5620.0 0.9167612514344335
5622.0 0.9085344824446638
5624.0 0.8973659550454153
5626.0 0.8932409974467796
5628.0 0.876461314883172
5630.0 0.8661443834656436
5632.0 0.8607467229267548
5634.0 0.8460854641071804
5636.0 0.8336222900233015
5638.0 0.8132970734095513
5640.0 0.8004836464278343
5642.0 0.788483646718001
5644.0 0.7664562290579033
5646.0 0.7565618538836263
5648.0 0.7454838337027405
5650.0 0.7373607580954274
5652.0 0.7253680114177711
5654.0 0.7161669233206368
5656.0 0.7074157104289164
5658.0 0.6946239466905366
5660.0 0.6843831229182709
5662.0 0.678856445519697
5664.0 0.6716090028244678
5666.0 0.6636230532249672
5668.0 0.6608309566195609
5670.0 0.6581613025401019
5672.0 0.6573877937057724
5674.0 0.6545853753797629
5676.0 0.6502766145235254
5678.0 0.6482857836868252
5680.0 0.6473666099931374
5682.0 0.6482556275082786
5684.0 0.6526356674337925
5686.0 0.6530947811087601
5688.0 0.6589967428701673
5690.0 0.661341352768575
5692.0 0.6651893418011705
5694.0 0.670994085135329
5696.0 0.67612486940322
5698.0 0.6840435402763196
5700.0 0.6893391130577095
5702.0 0.6938567692669164
5704.0 0.7003027276731271
5706.0 0.7021799798562243
5708.0 0.7044693009032775
5710.0 0.7079874627328807
5712.0 0.7092086671344041
5714.0 0.7081142853356595
5716.0 0.7099241908177113
5718.0 0.7036115524049706
5720.0 0.704906996157217
5722.0 0.7056454248385006
5724.0 0.7057772250546224
5726.0 0.7056232859172271
5728.0 0.6955861001124057
5730.0 0.6968087779832189
5732.0 0.6955383178881187
5734.0 0.6890637958506309
5736.0 0.6888320794194908
5738.0 0.6788402126859384
5740.0 0.6773695979531982
5742.0 0.6665365541851793
5744.0 0.6586287687589557
5746.0 0.6596713460192101
5748.0 0.6570888106082318
5750.0 0.6482739646557591
5752.0 0.6449969405441913
5754.0 0.6425255609331036
5756.0 0.6408000534257646
5758.0 0.6240231425678384
5760.0 0.622316532677198
5762.0 0.6223421674242913
5764.0 0.6196733253910017
5766.0 0.6125724317126778
5768.0 0.6152512052878935
5770.0 0.6189172723644437
5772.0 0.6201758327150131
5774.0 0.6179880712190039
5776.0 0.6172748595559723
5778.0 0.6240599250372979
5780.0 0.6227256605433964
5782.0 0.6239850060881126
5784.0 0.6254572425272099
5786.0 0.6250981156737998
5788.0 0.6313129047182338
5790.0 0.6320201353610174
5792.0 0.635874451988052
5794.0 0.6392884620894631
5796.0 0.6440677706746039
5798.0 0.6532828110731019
5800.0 0.6543453633788967
5802.0 0.6597102444968119
5804.0 0.668107538276766
5806.0 0.6687941069649046
5808.0 0.6749022568928587
5810.0 0.6746213214148553
5812.0 0.675514135122198
5814.0 0.6757465335346576
5816.0 0.6757690039876278
5818.0 0.6913004493330397
5820.0 0.6960276767928409
5822.0 0.6988499323399288
5824.0 0.6997509446613139
5826.0 0.7029404217144374
5828.0 0.7075787156858319
5830.0 0.7082209978777049
5832.0 0.7124504958379246
5834.0 0.7243808459214054
5836.0 0.7254494452558632
5838.0 0.7246791314882959
5840.0 0.7261432112388304
5842.0 0.7342229240187192
5844.0 0.73797873945144
5846.0 0.7387635278113459
5848.0 0.7447633461699411
5850.0 0.7475448769218914
5852.0 0.7509520208065386
5854.0 0.7536759105072968
5856.0 0.7578798066170355
5858.0 0.7700058759633653
5860.0 0.7707110902584553
5862.0 0.7749524088255857
5864.0 0.782540292707193
5866.0 0.7840486778416644
5868.0 0.7844596866315756
5870.0 0.7851882548975985
5872.0 0.7916469917862359
5874.0 0.7935074563766201
5876.0 0.795082872626471
5878.0 0.7976676747252487
5880.0 0.8050847629968572
5882.0 0.8074622053683349
5884.0 0.807850053391236
5886.0 0.814113357279967
5888.0 0.8211990603362137
5890.0 0.821726332345086
5892.0 0.8201138123413617
5894.0 0.8221141339689404
5896.0 0.8225407022777808
5898.0 0.8178216013321128
5900.0 0.819117129401165
5902.0 0.8161567203683903
5904.0 0.8136823983647681
5906.0 0.8112465581531618
5908.0 0.8053785740560465
5910.0 0.8017703482250667
5912.0 0.7970882517222978
5914.0 0.7952187383778012
5916.0 0.7915933608908186
5918.0 0.7859024979978015
5920.0 0.7848283669939234
5922.0 0.7785603719045883
5924.0 0.7722966488524791
5926.0 0.7665661480950906
5928.0 0.7626931731532129
5930.0 0.7620285065090979
5932.0 0.7583454414107753
5934.0 0.7548533730837377
5936.0 0.7523644748444392
5938.0 0.7490622591894175
5940.0 0.743636243396863
5942.0 0.7427712139950938
5944.0 0.7430144805818357
5946.0 0.7434380932588441
5948.0 0.7409591744191939
5950.0 0.740502786688023
5952.0 0.7390710362080644
5954.0 0.7360828789746606
5956.0 0.7326993220675209
5958.0 0.7305972986841445
5960.0 0.7282512426239144
5962.0 0.7301627916850524
5964.0 0.7339971184913104
5966.0 0.7334626617059538
5968.0 0.7331252278553275
5970.0 0.731431363970626
5972.0 0.728590384565973
5974.0 0.7277279175692754
5976.0 0.7277917854044124
5978.0 0.7332111959379387
5980.0 0.7344715687966884
5982.0 0.7336812417316676
5984.0 0.7330449037592051
5986.0 0.7291180363959575
5988.0 0.7262274622541982
5990.0 0.724165442433038
5992.0 0.7204089132825142
5994.0 0.723244695903997
5996.0 0.7212286464489878
5998.0 0.7196494316768999
6000.0 0.7204293664559327
6002.0 0.7163617292847174
6004.0 0.7164535320748019
6006.0 0.7140952859896901
6008.0 0.7056850112016777
6010.0 0.7018590568850231
6012.0 0.6982528274925799
6014.0 0.7004244883059914
6016.0 0.6927801023687209
6018.0 0.6860616792884138
6020.0 0.6865090390784023
6022.0 0.6843257377764279
6024.0 0.6771786457556956
6026.0 0.6750070362597191
6028.0 0.6745738498470915
6030.0 0.6738079970135762
6032.0 0.6685692955456016
6034.0 0.6679165279212372
6036.0 0.6664436237397879
6038.0 0.6632182453943934
6040.0 0.6582414623965095
6042.0 0.6555790423778605
6044.0 0.6559023720530605
6046.0 0.6553073047505882
6048.0 0.6538952320273033
6050.0 0.6544899113944707
6052.0 0.6488851924244194
6054.0 0.6467182696273739
6056.0 0.6392760024959117
6058.0 0.6323542409337957
6060.0 0.6321072204760041
6062.0 0.6176968364168879
6064.0 0.6173560593866201
6066.0 0.6123760016962567
6068.0 0.6072250920066459
6070.0 0.6003496129273974
6072.0 0.58605047511327
6074.0 0.5862443576218158
6076.0 0.5793177122305426
6078.0 0.5671620788625187
6080.0 0.5647803015132006
6082.0 0.5530825513923548
6084.0 0.5445189457640892
6086.0 0.5248442375502939
6088.0 0.5150395351035797
6090.0 0.5143420245102128
6092.0 0.4999222411692796
6094.0 0.49350796019691673
6096.0 0.49130775881042976
6098.0 0.487769745160699
6100.0 0.47565058670502575
6102.0 0.46656316422243266
6104.0 0.4655126925166237
6106.0 0.4644680983315698
6108.0 0.45257697288932847
6110.0 0.45067576584361674
6112.0 0.44984158106731714
6114.0 0.4466367402945095
6116.0 0.43518417464182857
6118.0 0.43439373915737833
6120.0 0.43416607101083604
6122.0 0.4278471634908291
6124.0 0.4230511878532201
6126.0 0.4211901353610404
6128.0 0.4198175198140974
6130.0 0.4168162744728454
6132.0 0.4155953663511092
6134.0 0.41489440700185876
6136.0 0.4153189889685543
6138.0 0.41334415484937354
6140.0 0.4116514129632022
6142.0 0.41537949451048123
6144.0 0.41460854336024144
6146.0 0.41637295344858366
6148.0 0.4171604518311472
6150.0 0.4165002657416324
6152.0 0.4190667846334141
6154.0 0.4207336969733179
6156.0 0.4218358293488418
6158.0 0.42199795429935344
6160.0 0.42350127455356973
6162.0 0.43199919684092697
6164.0 0.4311208836568952
6166.0 0.43366150966837985
6168.0 0.43902655903584714
6170.0 0.441790412626402
6172.0 0.44456437221554634
6174.0 0.44234540977828835
6176.0 0.44924293670145443
6178.0 0.4542936800667498
6180.0 0.45282559682584195
6182.0 0.45436509634427225
6184.0 0.45746310968264725
6186.0 0.46106424453852285
6188.0 0.4638013377291238
6190.0 0.46575585278489096
6192.0 0.47578071501557784
6194.0 0.4768935540165409
6196.0 0.47634773801868224
6198.0 0.4789514049359606
6200.0 0.4844295041895686
6202.0 0.4863764298828901
6204.0 0.4863322123098096
6206.0 0.49214006440040325
6208.0 0.49690650016998045
6210.0 0.499486716438817
6212.0 0.5034564084234825
6214.0 0.5064172997752758
6216.0 0.5109822088794572
6218.0 0.5119725882475711
6220.0 0.5142296199421099
6222.0 0.5216978882380848
6224.0 0.523723837842471
6226.0 0.5276208816930431
6228.0 0.5288161954863769
6230.0 0.533241778771365
6232.0 0.5342585935141121
6234.0 0.534361938901775
6236.0 0.5367200780241996
6238.0 0.5386377777112523
6240.0 0.5416365966174466
6242.0 0.5475672784093701
6244.0 0.549381074431609
6246.0 0.5564588753029023
6248.0 0.5587230918528031
6250.0 0.5578728449032387
6252.0 0.5677665719439228
6254.0 0.573836060723492
6256.0 0.5784480114354628
6258.0 0.5806374953570175
6260.0 0.5814071253401256
6262.0 0.5864137580665387
6264.0 0.5870986200373861
6266.0 0.5916991274800388
6268.0 0.5992823618292427
6270.0 0.6021543450629532
6272.0 0.6029851773222455
6274.0 0.6060879307870343
6276.0 0.6138165855759934
6278.0 0.6139293750171854
6280.0 0.6138314339362346
6282.0 0.6167432990643692
6284.0 0.6192173355007686
6286.0 0.6226709352774119
6288.0 0.6242441221899969
6290.0 0.6292984425971212
6292.0 0.6343744893019886
6294.0 0.6348069408682847
6296.0 0.6397008456355581
6298.0 0.6439091295802839
6300.0 0.6472635278542417
6302.0 0.6485390358466248
6304.0 0.6477656846801177
6306.0 0.653755205171248
6308.0 0.6538819835279721
6310.0 0.6585508216287654
6312.0 0.6650717310246119
6314.0 0.669195664247387
6316.0 0.6745363736135506
6318.0 0.6744641523247036
6320.0 0.6774999517016506
6322.0 0.6830480818905166
6324.0 0.6838528926830969
6326.0 0.6880951521801074
6328.0 0.6905574597690292
6330.0 0.6941638983602926
6332.0 0.6960284107053645
6334.0 0.6968777480526858
6336.0 0.7058740509588575
6338.0 0.7091752712661554
6340.0 0.7128184624807605
6342.0 0.7153314152499229
6344.0 0.7195457052438535
6346.0 0.7192890643685131
6348.0 0.719662633524276
6350.0 0.7208236912231024
6352.0 0.724531294627383
6354.0 0.7255364095778126
6356.0 0.7285125683280056
6358.0 0.7293986880033136
6360.0 0.7323154777954455
6362.0 0.734225192007097
6364.0 0.7356440114076409
6366.0 0.7347578613443677
6368.0 0.7324650708707673
6370.0 0.7341422020006261
6372.0 0.7379133396061807
6374.0 0.7399930053282852
6376.0 0.7425592880016131
6378.0 0.745191820643426
6380.0 0.7462168858123274
6382.0 0.7463503052953173
6384.0 0.7464506087248982
6386.0 0.7482733241244323
6388.0 0.7500989373790385
6390.0 0.7517876028806152
6392.0 0.752878443460248
6394.0 0.7562541775948933
6396.0 0.7596917972292686
6398.0 0.7624563441346389
6400.0 0.7645794623460404
6402.0 0.7662374595928495
6404.0 0.7662319979499879
6406.0 0.7665171016615571
6408.0 0.7674425275158121
6410.0 0.7694059294439809
6412.0 0.7722763229855881
6414.0 0.775438677329279
6416.0 0.7775038952834323
6418.0 0.7793885529698641
6420.0 0.7787270000474462
6422.0 0.7771413124814159
6424.0 0.7775919066677598
6426.0 0.7810803882022864
6428.0 0.7813722403229522
6430.0 0.7820253867793596
6432.0 0.7833084184184801
6434.0 0.7851561778803485
6436.0 0.7910691393162875
6438.0 0.7933581253985847
6440.0 0.7920022542785514
6442.0 0.7913211420000379
6444.0 0.7908327639108039
6446.0 0.7891293327212512
6448.0 0.7899554202185112
6450.0 0.7947325470431952
6452.0 0.8007308169272109
6454.0 0.8016591078940016
6456.0 0.802901375874489
6458.0 0.8008803638348821
6460.0 0.8015217303071063
6462.0 0.8025263986342749
6464.0 0.8024552086410512
6466.0 0.8014156917617349
6468.0 0.8044364621705413
6470.0 0.8054572053034843
6472.0 0.8054473397331106
6474.0 0.8073635652290845
6476.0 0.8072913450975162
6478.0 0.8079966628510908
6480.0 0.8069227664719708
6482.0 0.8072224046871683
6484.0 0.8089705531818983
6486.0 0.8092653219472585
6488.0 0.8076628467193843
6490.0 0.8054942881129848
6492.0 0.8054398826291946
6494.0 0.8050856265408045
6496.0 0.8003215952919607
6498.0 0.7997815770175815
6500.0 0.7981090188228649
6502.0 0.7985615237114431
6504.0 0.7988729421309982
6506.0 0.7997126507421802
6508.0 0.7979853052421866
6510.0 0.7949542246526619
6512.0 0.794393355269483
6514.0 0.7943050489342837
6516.0 0.7932978405948333
6518.0 0.7929177655223923
6520.0 0.7875707817307743
6522.0 0.7852553528290002
6524.0 0.7827883214674348
6526.0 0.7797277006917278
6528.0 0.778013743374113
6530.0 0.776291484032758
6532.0 0.7755978218595984
6534.0 0.7740050719244643
6536.0 0.7712672649243072
6538.0 0.7696724162351832
6540.0 0.7655742635678117
6542.0 0.7659649370632883
6544.0 0.7659170441499656
6546.0 0.76483497996025
6548.0 0.7639278776615684
6550.0 0.7551621605940355
6552.0 0.7515264756095467
6554.0 0.7487440932111132
6556.0 0.7455121299617178
6558.0 0.7409839625084182
6560.0 0.7372075563242056
6562.0 0.7375876557466312
6564.0 0.734848862502141
6566.0 0.7291629827504092
6568.0 0.7275295449819027
6570.0 0.7215791328123445
6572.0 0.7190547568390168
6574.0 0.7159905030644015
6576.0 0.7134335332548483
6578.0 0.7121598226390047
6580.0 0.7110304940535571
6582.0 0.7095372259887218
6584.0 0.7068282253264012
6586.0 0.7030593046094135
6588.0 0.6997267200173299
6590.0 0.6926282732947615
6592.0 0.6908739494504346
6594.0 0.6877045010764271
6596.0 0.6833040642930953
6598.0 0.6819495953194071
6600.0 0.6797369545109632
6602.0 0.6776047152331701
6604.0 0.6710938939695322
6606.0 0.6695945519970481
6608.0 0.6688760135915125
6610.0 0.6638104253688321
6612.0 0.6628814667578287
6614.0 0.6607072449107849
6616.0 0.6562174131298801
6618.0 0.6545973092221923
6620.0 0.6531614426383627
6622.0 0.6505744512253334
6624.0 0.6473686721252585
6626.0 0.6443277571840506
6628.0 0.6421907302610673
6630.0 0.638167165147137
6632.0 0.636198606891569
6634.0 0.6328043344333967
6636.0 0.631266958381771
6638.0 0.6304007501658592
6640.0 0.6267336751896952
6642.0 0.6236724799683957
6644.0 0.6198871531166978
6646.0 0.6164239876933264
6648.0 0.6158422870267863
6650.0 0.6116162836783493
6652.0 0.6106522191458277
6654.0 0.6078947431159749
6656.0 0.6038512439535766
6658.0 0.5993671287598533
6660.0 0.5949932319582758
6662.0 0.5922902308007036
6664.0 0.5886577347500187
6666.0 0.585835204962685
6668.0 0.5865636760354995
6670.0 0.5862477406508497
6672.0 0.5848663853495856
6674.0 0.5823584973539148
6676.0 0.5794899175684035
6678.0 0.5777692175430309
6680.0 0.5676606321749554
6682.0 0.5651945546442472
6684.0 0.5638243944043347
6686.0 0.5635895343462888
6688.0 0.562084195775879
6690.0 0.5634863900979616
6692.0 0.5611287001590726
6694.0 0.557372307329569
6696.0 0.5542702115150692
6698.0 0.5525864993981456
6700.0 0.5463259866557088
6702.0 0.5435719345342845
6704.0 0.540823180603472
6706.0 0.5402969157409435
6708.0 0.5418911874206008
6710.0 0.544432617861553
6712.0 0.54480316119949
6714.0 0.5445522385415914
6716.0 0.5425849019207877
6718.0 0.5418840988200799
6720.0 0.540177342724523
6722.0 0.5387968145081313
6724.0 0.5370672274912043
6726.0 0.535074874568776
6728.0 0.534497779175257
6730.0 0.5332960417541164
6732.0 0.5342405716619071
6734.0 0.5328625356460708
6736.0 0.5310887610380091
6738.0 0.5304976514126195
6740.0 0.5290215847464448
6742.0 0.5274678397767327
6744.0 0.5281649896132887
6746.0 0.5286968239124266
6748.0 0.5278810405988414
6750.0 0.5271231738718104
6752.0 0.5263397640786245
6754.0 0.5251998026471213
6756.0 0.5262546367755414
6758.0 0.5269689543846066
6760.0 0.5232246994054818
6762.0 0.5231730798030267
6764.0 0.5183341138624954
6766.0 0.5155652853486425
6768.0 0.5147994812567587
6770.0 0.5130770586073633
6772.0 0.5115808046882719
6774.0 0.5114732473902305
6776.0 0.5113701249420378
6778.0 0.5112385804299158
6780.0 0.5091924318320827
6782.0 0.5097492538385344
6784.0 0.508011960892649
6786.0 0.5052050210020266
6788.0 0.5023224048469593
6790.0 0.5006066855655277
6792.0 0.5011098582109277
6794.0 0.49907799010951737
6796.0 0.49848246665833934
6798.0 0.4983799120509635
6800.0 0.49740735188802965
6802.0 0.4956204700106783
6804.0 0.4964728115706792
6806.0 0.49545821028187265
6808.0 0.49391919332782863
6810.0 0.4912055406303708
6812.0 0.48911135448366405
6814.0 0.4904107045144978
6816.0 0.4908943734642713
6818.0 0.4888567378108627
6820.0 0.4878633795259115
6822.0 0.48800275753103833
6824.0 0.48832052571931467
6826.0 0.48465945067934973
6828.0 0.4847486964715764
6830.0 0.4867356598056315
6832.0 0.4872421164458979
6834.0 0.4819973409584273
6836.0 0.4824926954095296
6838.0 0.4849609952301311
6840.0 0.4878456298231948
6842.0 0.48296712905981143
6844.0 0.4810467998672203
6846.0 0.4795533897647835
6848.0 0.4780501748644717
6850.0 0.47644394490284536
6852.0 0.47578098858167484
6854.0 0.47523722556211606
6856.0 0.48335253759420904
6858.0 0.48519256036949104
6860.0 0.485602082034147
6862.0 0.48360393030222365
6864.0 0.4838863860861941
6866.0 0.4827899962474755
6868.0 0.4835789193704092
6870.0 0.4870355242033633
6872.0 0.4900081556809514
6874.0 0.48972576339385465
6876.0 0.4888231603852994
6878.0 0.4901760608199739
6880.0 0.48983822775054714
6882.0 0.48930485902375564
6884.0 0.4865083500573314
6886.0 0.486708632866342
6888.0 0.48878734853195693
6890.0 0.49014409276932264
6892.0 0.4907116190838532
6894.0 0.49022651724432925
6896.0 0.4911086514286108
6898.0 0.4924839825229387
6900.0 0.4911464288936572
6902.0 0.4900326201217047
6904.0 0.48801727018671504
6906.0 0.4876300592156017
6908.0 0.4880972657526925
6910.0 0.48675050123503943
6912.0 0.4888013322891716
6914.0 0.4869846772767254
6916.0 0.48518555284707826
6918.0 0.4853916502086695
6920.0 0.4858108569268618
6922.0 0.48640926227456627
6924.0 0.48931688146231617
6926.0 0.4890391082761636
6928.0 0.4916671619591411
6930.0 0.4952147318932726
6932.0 0.49675663876822
6934.0 0.5027163763516006
6936.0 0.5021602001443946
6938.0 0.5004370878339384
6940.0 0.4993704584045906
6942.0 0.49962852588036094
6944.0 0.497418901355344
6946.0 0.4967945845591914
6948.0 0.4957645072366145
6950.0 0.49599167061841626
6952.0 0.4970271154457294
6954.0 0.49747071180175967
6956.0 0.4980035646954114
6958.0 0.4961589281787946
6960.0 0.4941365360134721
6962.0 0.4923774498002823
6964.0 0.49138614945255304
6966.0 0.4916787241434407
6968.0 0.4934403842332083
6970.0 0.4943477206986781
6972.0 0.49467662542604773
6974.0 0.49549484869090865
6976.0 0.4948522582145992
6978.0 0.4943222235201076
6980.0 0.4936976651033208
6982.0 0.49503778165026974
6984.0 0.4922356500951262
6986.0 0.4923760602958907
6988.0 0.494544535712673
6990.0 0.4946462651091435
6992.0 0.49232433829291156
6994.0 0.4921167063897953
6996.0 0.49205647714734957
6998.0 0.4921823911849112
7000.0 0.4935071792393013
7002.0 0.4941098801208753
7004.0 0.49343728266218345
7006.0 0.492907429000099
7008.0 0.4908901784410894
7010.0 0.4894920016420311
7012.0 0.4888183765613221
7014.0 0.4906017454507037
7016.0 0.4906657956798926
7018.0 0.4931378431277388
7020.0 0.495081861956388
7022.0 0.49482724351193813
7024.0 0.4941514563164359
7026.0 0.4950181541450761
7028.0 0.49620234174474315
7030.0 0.49582190217958194
7032.0 0.496256964033709
7034.0 0.4975803462413953
7036.0 0.4976383742604811
7038.0 0.4969839337384467
7040.0 0.49691190855893824
7042.0 0.49714068822216095
7044.0 0.49486665547668257
7046.0 0.4934291558319978
7048.0 0.4927500727914916
7050.0 0.49291616106173797
7052.0 0.4926297580511444
7054.0 0.49353532458101634
7056.0 0.4936736818505006
7058.0 0.49734791806559747
7060.0 0.4975070906892185
7062.0 0.49789239612867664
7064.0 0.49838746249273275
7066.0 0.49954371613547077
7068.0 0.49760708534009085
7070.0 0.49598128572164957
7072.0 0.4960426987553726
7074.0 0.49646062488624976
7076.0 0.4974484343934789
7078.0 0.5028513248905332
7080.0 0.5052219187659212
7082.0 0.5078856024426922
7084.0 0.5141038170268827
7086.0 0.5148429140670859
7088.0 0.5180401151148732
7090.0 0.5195894108443656
7092.0 0.5200295765099966
7094.0 0.5213122152892558
7096.0 0.5205708464822074
7098.0 0.5196618507264069
7100.0 0.5196961049618949
7102.0 0.5190293410336644
7104.0 0.518712125469154
7106.0 0.5222511792309713
7108.0 0.5244416289264794
7110.0 0.5270224031298498
7112.0 0.5304025032435626
7114.0 0.532272415037594
7116.0 0.5320394701561145
7118.0 0.53585180256869
7120.0 0.5375050901478573
7122.0 0.5373344644855892
7124.0 0.5368054506587415
7126.0 0.5356929818699087
7128.0 0.5368520181782329
7130.0 0.5371335550471888
7132.0 0.5386914870315398
7134.0 0.5405243315976653
7136.0 0.5393919921363811
7138.0 0.5400567015288787
7140.0 0.53898430739864
7142.0 0.537611368305947
7144.0 0.5355098784396023
7146.0 0.5344759971570692
7148.0 0.5328776297634893
7150.0 0.5338177518012773
7152.0 0.5316501001700923
7154.0 0.5271993037609543
7156.0 0.5249244564363499
7158.0 0.5233912061148598
7160.0 0.5221035024151016
7162.0 0.5229382433578432
7164.0 0.5238320802755836
7166.0 0.5250431719939288
7168.0 0.5252029995566511
7170.0 0.5259738603127142
7172.0 0.5260431355275841
7174.0 0.5261732107037356
7176.0 0.5279080623277592
7178.0 0.5277905179562381
7180.0 0.530377903067411
7182.0 0.535145378019484
7184.0 0.5383684560454949
7186.0 0.5422325452574103
7188.0 0.5442120448996153
7190.0 0.5458137890018722
7192.0 0.5467409726571923
7194.0 0.5466919300868013
7196.0 0.5473314218439607
7198.0 0.5490407463567761
7200.0 0.5475886315110541
7202.0 0.5462161629344706
7204.0 0.5446998397326446
7206.0 0.542735951941836
7208.0 0.5423289710438938
7210.0 0.5406803944086979
7212.0 0.5385068095396712
7214.0 0.5370797700435662
7216.0 0.5362703075456832
7218.0 0.5334902822079481
7220.0 0.5343170554885102
7222.0 0.5358106386789582
7224.0 0.5352875722940331
7226.0 0.5357697023015483
7228.0 0.5395907374882253
7230.0 0.5392423913016469
7232.0 0.5399017306971216
7234.0 0.5393270830833727
7236.0 0.538496650069093
7238.0 0.5368028974352376
7240.0 0.535767925482137
7242.0 0.5359058852233588
7244.0 0.5376960353582673
7246.0 0.5378963636444118
7248.0 0.5358834805285791
7250.0 0.5323390055922436
7252.0 0.5259366798607155
7254.0 0.5238201133591771
7256.0 0.5244064830797129
7258.0 0.5255205668120674
7260.0 0.5261783535599858
7262.0 0.5291015794410142
7264.0 0.5301543219675635
7266.0 0.5312652680354571
7268.0 0.5316334682489103
7270.0 0.5318465435227834
7272.0 0.5319302681216214
7274.0 0.5306481442726456
7276.0 0.5303591878837541
7278.0 0.5294814657153625
7280.0 0.5297173254807355
7282.0 0.5317585184588692
7284.0 0.5323933350110167
7286.0 0.5344754173517738
7288.0 0.5351557633136822
7290.0 0.5330364347988308
7292.0 0.5344961904943595
7294.0 0.5359456472344564
7296.0 0.5355810388745167
7298.0 0.5349277796239008
7300.0 0.5357521116220804
7302.0 0.5333036911520368
7304.0 0.5313511444484315
7306.0 0.5304044065330983
7308.0 0.5292775921274164
7310.0 0.5288040832229182
7312.0 0.5301154034706055
7314.0 0.5303169414923847
7316.0 0.5305903680584777
7318.0 0.5312922695556163
7320.0 0.5328611080245255
7322.0 0.5321146141622639
7324.0 0.5308905985655965
7326.0 0.5312571577970454
7328.0 0.5305630419382489
7330.0 0.5306673188159966
7332.0 0.5307780488469805
7334.0 0.5310506515685406
7336.0 0.5299321821923724
7338.0 0.5251606065216099
7340.0 0.5213153776377504
7342.0 0.5178074964059862
7344.0 0.5198389305519484
7346.0 0.5222234525437741
7348.0 0.5208162547029728
7350.0 0.5193737613432103
7352.0 0.5177916020835173
7354.0 0.5152090888288939
7356.0 0.5132649695000033
7358.0 0.509825319747613
7360.0 0.5097161388122188
7362.0 0.50522759295679
7364.0 0.50130688015903
7366.0 0.4969220342446187
7368.0 0.4896568543390706
7370.0 0.48826652127250036
7372.0 0.484703205599208
7374.0 0.48179336445394355
7376.0 0.4794840898446551
7378.0 0.4770075206544168
7380.0 0.473500064515043
7382.0 0.4693550875945883
7384.0 0.46591354674647756
7386.0 0.46546249718288785
7388.0 0.46446115722769843
7390.0 0.4615020966330488
7392.0 0.45668432936752323
7394.0 0.4547089889362843
7396.0 0.44877118293772306
7398.0 0.44131055467616903
7400.0 0.4387893478372479
7402.0 0.4315390371197796
7404.0 0.42853470888983203
7406.0 0.42621790041289953
7408.0 0.42495968394278305
7410.0 0.4245324655340079
7412.0 0.42147039497012884
7414.0 0.4207186443787936
7416.0 0.4167270754360336
7418.0 0.4072154737875405
7420.0 0.40665964031558754
7422.0 0.3967777939667478
7424.0 0.3944394930472515
7426.0 0.38684032742096663
7428.0 0.3819970006575259
7430.0 0.3786639192785153
7432.0 0.37159461465001253
7434.0 0.36633713215550157
7436.0 0.36280264593938205
7438.0 0.35555882358124974
7440.0 0.35353090967243184
7442.0 0.3465546383293094
7444.0 0.3430268062434636
7446.0 0.3352775683315874
7448.0 0.3310200443880007
7450.0 0.32910996429104905
7452.0 0.3197967417075261
7454.0 0.31664505779897634
7456.0 0.30876642501004337
7458.0 0.30120898224365206
7460.0 0.2979550668977238
7462.0 0.29064413067197237
7464.0 0.28542061221658865
7466.0 0.28134409566241175
7468.0 0.2763358402944068
7470.0 0.27541541594633695
7472.0 0.27687635154851375
7474.0 0.2761817461285061
7476.0 0.2736646998851394
7478.0 0.27200145414303445
7480.0 0.26780360547962845
7482.0 0.2679185421837694
7484.0 0.2648033060675495
7486.0 0.26693656339149036
7488.0 0.269496527604807
7490.0 0.26857954031347553
7492.0 0.2688679347305381
7494.0 0.2684219809593993
7496.0 0.26750086601899076
7498.0 0.2653900428926537
7500.0 0.2627126853783966
7502.0 0.2654459520494229
7504.0 0.2673122737926579
7506.0 0.2708254461001666
7508.0 0.2729606010910222
7510.0 0.2735433343982813
7512.0 0.27593468759746864
7514.0 0.2777331173601257
7516.0 0.2788045051967117
7518.0 0.2794547822069814
7520.0 0.2792239496795416
7522.0 0.28690185018845926
7524.0 0.2898638835230164
7526.0 0.2970051706740005
7528.0 0.3008839346910339
7530.0 0.3012850174535189
7532.0 0.3035156552709915
7534.0 0.30472695298320285
7536.0 0.3058270264214415
7538.0 0.3061553506190232
7540.0 0.3080487048196234
7542.0 0.31010352666797625
7544.0 0.3115872757727314
7546.0 0.3103701427801133
7548.0 0.3100604207266351
7550.0 0.3105175273565234
7552.0 0.31181188344086
7554.0 0.31474176119532915
7556.0 0.31892905822155804
7558.0 0.3178365604391599
7560.0 0.30831253567292144
7562.0 0.31760116345031986
7564.0 0.3179188418148325
7566.0 0.3111517336151897
7568.0 0.2995836277891463
7570.0 0.30537929585180873
7572.0 0.2956518682665323
7574.0 0.2886642464882892
7576.0 0.28285494902182007
7578.0 0.27955616595624116
7580.0 0.28190671941592993
7582.0 0.29170450277351984
7584.0 0.2987091306395433
7586.0 0.3014971537243109
7588.0 0.30851797630031974
7590.0 0.3161356049573877
7592.0 0.3202323480651911
7594.0 0.32083710063362175
7596.0 0.32150118280250467
7598.0 0.32051153404479765
7600.0 0.3224550729658903
7602.0 0.32630409380115416
7604.0 0.32573736067899256
7606.0 0.3321065986788811
7608.0 0.3350045427853584
7610.0 0.34106451326981196
7612.0 0.3514679244685721
7614.0 0.35862737263799505
7616.0 0.3625930249904447
7618.0 0.3699575366749251
7620.0 0.37732341812092435
7622.0 0.38436425236997773
7624.0 0.3845629566076836
7626.0 0.39460582128350946
7628.0 0.4049609146201003
7630.0 0.4105907293442367
7632.0 0.42434153697215804
7634.0 0.4286076169431373
7636.0 0.4385311457393042
7638.0 0.44125768713238706
7640.0 0.44491617825467605
7642.0 0.4487875951903192
7644.0 0.4529747583044245
7646.0 0.45361401890579284
7648.0 0.45781947533560124
7650.0 0.46112359654436574
7652.0 0.4662255876972276
7654.0 0.4678350753488432
7656.0 0.47829559801749355
7658.0 0.4836029154133503
7660.0 0.48999568006337096
7662.0 0.4943684517829452
7664.0 0.4933298428435032
7666.0 0.5011280932644104
7668.0 0.5060657245231766
7670.0 0.5087941144316508
7672.0 0.5104665545547175
7674.0 0.5142974328613737
7676.0 0.5158724592768968
7678.0 0.5218151814248326
7680.0 0.5248085582844975
7682.0 0.5277327286532072
7684.0 0.5284279037007554
7686.0 0.5340962556049722
7688.0 0.5352170528110921
7690.0 0.5360896519688876
7692.0 0.537384439135216
7694.0 0.5409222747379913
7696.0 0.5458399392691219
7698.0 0.5491609655440426
7700.0 0.5540524652494675
7702.0 0.5593646996312158
7704.0 0.558831364882296
7706.0 0.5558733733268444
7708.0 0.5555773645745817
7710.0 0.555467770754009
7712.0 0.5551654334174426
7714.0 0.5563762366278261
7716.0 0.5625101513582751
7718.0 0.5663724224386337
7720.0 0.5675200884291602
7722.0 0.5663186803225613
7724.0 0.5675715392813574
7726.0 0.5677937243681432
7728.0 0.5679500084373391
7730.0 0.5650539122897296
7732.0 0.5614730156449832
7734.0 0.5611719219305417
7736.0 0.5614128211193871
7738.0 0.5630014482804093
7740.0 0.565114296752798
7742.0 0.5663765802717088
7744.0 0.5665617984442363
7746.0 0.5663621875075606
7748.0 0.5649476398927442
7750.0 0.5653502747947879
7752.0 0.5670624578705196
7754.0 0.5671920972182409
7756.0 0.5699390379524449
7758.0 0.5721321338737592
7760.0 0.5741240128742758
7762.0 0.5738778097856713
7764.0 0.5724885036553029
7766.0 0.5750927053379015
7768.0 0.5718118947873758
7770.0 0.5715191937768499
7772.0 0.5688037033586928
7774.0 0.5675426353742581
7776.0 0.5667795373529416
7778.0 0.5672332005024519
7780.0 0.5648564853752989
7782.0 0.5620334282665093
7784.0 0.5596127004925665
7786.0 0.5591575236871611
7788.0 0.559853811490965
7790.0 0.5622457361165634
7792.0 0.5670798121671897
7794.0 0.5717026093525792
7796.0 0.5707805836335241
7798.0 0.5688469167176279
7800.0 0.5676756119430976
7802.0 0.5661541527408991
7804.0 0.5654490865225796
7806.0 0.5647604487273066
7808.0 0.5651613147711539
7810.0 0.5636048670567295
7812.0 0.5618480840583896
7814.0 0.5613004624995395
7816.0 0.5559652029688003
7818.0 0.5566696957863462
7820.0 0.5563525993657351
7822.0 0.5545497670512692
7824.0 0.5546760195836392
7826.0 0.5549889042457246
7828.0 0.5534183482198307
7830.0 0.5497230696271571
7832.0 0.5472395656261007
7834.0 0.545682352435735
7836.0 0.5410879646911335
7838.0 0.5375482002196882
7840.0 0.53271825967498
7842.0 0.5320423093019475
7844.0 0.5313795054976432
7846.0 0.5259821977937507
7848.0 0.5249731985651017
7850.0 0.5229956978709418
7852.0 0.5220914966393678
7854.0 0.5225358418314928
7856.0 0.5209743433099082
7858.0 0.5212142236216865
7860.0 0.5187531806910408
7862.0 0.5159488746551727
7864.0 0.5163311971548823
7866.0 0.5139699705125769
7868.0 0.5155993652201357
7870.0 0.5180060435785893
7872.0 0.5169450690271679
7874.0 0.5134913433985094
7876.0 0.5120556346013698
7878.0 0.5127654873643284
7880.0 0.509407850826013
7882.0 0.5081386497197483
7884.0 0.509994280086146
7886.0 0.5077517259283594
7888.0 0.5069486055871206
7890.0 0.49967216483455584
7892.0 0.4968483352667971
7894.0 0.4941380414045369
7896.0 0.4865692483507617
7898.0 0.4846227606218152
7900.0 0.4739923903464958
7902.0 0.4701337762188918
7904.0 0.4686502682445789
7906.0 0.46451922331501644
7908.0 0.46155402724521954
7910.0 0.45901202336129915
7912.0 0.45841605009188413
7914.0 0.4576316580684585
7916.0 0.4547436553579435
7918.0 0.45350492177225915
7920.0 0.4518694251955742
7922.0 0.45038320228999706
7924.0 0.44874138795336316
7926.0 0.4441886818189953
7928.0 0.443568780136364
7930.0 0.4427865254326206
7932.0 0.44184183265850047
7934.0 0.44092545958344465
7936.0 0.44170283427970936
7938.0 0.43923147293997894
7940.0 0.43842792205336634
7942.0 0.4380011926212323
7944.0 0.43845068520846253
7946.0 0.4380306358800636
7948.0 0.4378124185362433
7950.0 0.4340164242245055
7952.0 0.43212771222698615
7954.0 0.4293356285632263
7956.0 0.42927344277091145
7958.0 0.4289402694634486
7960.0 0.4295382160157306
7962.0 0.42843555935507893
7964.0 0.42688161277099246
7966.0 0.42555486375879054
7968.0 0.4284564602401356
7970.0 0.4296532299490932
7972.0 0.42949034827141214
7974.0 0.4280220680973029
7976.0 0.4290096129088644
7978.0 0.4287871786307894
7980.0 0.4260199583332367
7982.0 0.4250750385418239
7984.0 0.41913676220797236
7986.0 0.4161368339681462
7988.0 0.4156647543845024
7990.0 0.4154330620555216
7992.0 0.4134195915443144
7994.0 0.41403848213012295
7996.0 0.41460217936529586
7998.0 0.41522890869788476
8000.0 0.41869456039361275
8002.0 0.4196684048446781
8004.0 0.4210223588858175
8006.0 0.4231401701139868
8008.0 0.4243053828121067
8010.0 0.42663391440842363
8012.0 0.4272408618022715
8014.0 0.42497196278028515
8016.0 0.4227562595786266
8018.0 0.42036578337702507
8020.0 0.4124809652553757
8022.0 0.4120213765657887
8024.0 0.4094719792759762
8026.0 0.4085876997009444
8028.0 0.40985838646771267
8030.0 0.4083339810709585
8032.0 0.4083520554921793
8034.0 0.40837314716354334
8036.0 0.40938172687140456
8038.0 0.40875088016639666
8040.0 0.4105971384632372
8042.0 0.41135656836903
8044.0 0.4105622104912505
8046.0 0.4095624089604465
8048.0 0.41002319447754054
8050.0 0.4038215576501917
8052.0 0.40254962928734184
8054.0 0.3980360364783663
8056.0 0.3925807675026368
8058.0 0.3921570630067999
8060.0 0.3919037076941892
8062.0 0.3934966389364312
8064.0 0.3934284569720171
8066.0 0.39279144588248766
8068.0 0.3901762547436846
8070.0 0.3821063020516867
8072.0 0.38072214071767946
8074.0 0.37761958850663874
8076.0 0.3727170344084246
8078.0 0.3717489264995127
8080.0 0.3617015557830791
8082.0 0.36069317466916045
8084.0 0.3514708655205401
8086.0 0.34629033779387847
8088.0 0.3426867069063405
8090.0 0.33202290483750896
8092.0 0.32697782427012784
8094.0 0.31925776816593704
8096.0 0.31484410867382134
8098.0 0.3129299345292869
8100.0 0.304701397280427
8102.0 0.3008730400173938
8104.0 0.2931511384887519
8106.0 0.28544272561198897
8108.0 0.2821195371946571
8110.0 0.2717987022174704
8112.0 0.2700341604097959
8114.0 0.26219664196093034
8116.0 0.25821202219689615
8118.0 0.25361971272845607
8120.0 0.24923654367367795
8122.0 0.24608393540844237
8124.0 0.2421554109606973
8126.0 0.23827982511083817
8128.0 0.23670817436472738
8130.0 0.22875847084098322
8132.0 0.22666503536271165
8134.0 0.21694632370531264
8136.0 0.21015682717679457
8138.0 0.20533352244032624
8140.0 0.19684476802452158
8142.0 0.19303837768464804
8144.0 0.18863833033717442
8146.0 0.18528178853560606
8148.0 0.18106710314444305
8150.0 0.17450290902298193
8152.0 0.1712767428771262
8154.0 0.1662528918977921
8156.0 0.16400029578751205
8158.0 0.16376282509078435
8160.0 0.16348746783014134
8162.0 0.16193431403760344
8164.0 0.16073092037888814
8166.0 0.1591441388678145
8168.0 0.1565938865883681
8170.0 0.15389915909550522
8172.0 0.1524299222589225
8174.0 0.15556057967841475
8176.0 0.15617798966478535
8178.0 0.15640816559609186
8180.0 0.1606792736672854
8182.0 0.1607261905176998
8184.0 0.1618104972926137
8186.0 0.16122643441112536
8188.0 0.1601893439639419
8190.0 0.15872989617001587
8192.0 0.15913141275178339
8194.0 0.15817834625428961
8196.0 0.15738386063476664
8198.0 0.1577705671274734
8200.0 0.1586994798774198
8202.0 0.16004988461180994
8204.0 0.16344931074572505
8206.0 0.16657534800655419
8208.0 0.16792681507806076
8210.0 0.16913231313216726
8212.0 0.16937961344150093
8214.0 0.17233039403856992
8216.0 0.17304812061446082
8218.0 0.17535201529943165
8220.0 0.18028541842287535
8222.0 0.18193878486664308
8224.0 0.18601310627213036
8226.0 0.18879594967705862
8228.0 0.1908841884141494
8230.0 0.19282759967054552
8232.0 0.1937330903525238
8234.0 0.19389102617584844
8236.0 0.1950185109129978
8238.0 0.1954823819861528
8240.0 0.19583674340280993
8242.0 0.19634647262972305
8244.0 0.19540779069623854
8246.0 0.19472831576973032
8248.0 0.19275587627082105
8250.0 0.19145446141435102
8252.0 0.19086363058886582
8254.0 0.19450425341647076
8256.0 0.1963697720063411
8258.0 0.19980168705864995
8260.0 0.20406809582289573
8262.0 0.20513024730688326
8264.0 0.2057147799278688
8266.0 0.20433622767120374
8268.0 0.2013135410077903
8270.0 0.20129292992438502
8272.0 0.2029208865089135
8274.0 0.20566876206359413
8276.0 0.20653470279876013
8278.0 0.20740892517513373
8280.0 0.20901312044584006
8282.0 0.20905262605974806
8284.0 0.21061624184773842
8286.0 0.21090744687505414
8288.0 0.21104601091109243
8290.0 0.21080532487485526
8292.0 0.21092934781316264
8294.0 0.2141768567317025
8296.0 0.2140686243001047
8298.0 0.21413740716279292
8300.0 0.21541002930007003
8302.0 0.21630684659181973
8304.0 0.21614631140427318
8306.0 0.2131460130465517
8308.0 0.209002715576186
8310.0 0.204379038685996
8312.0 0.20439956126260456
8314.0 0.20696102410209763
8316.0 0.2089236779394039
8318.0 0.20993384411443475
8320.0 0.20995592666474341
8322.0 0.2117025786444239
8324.0 0.21301030396809698
8326.0 0.21335505667890994
8328.0 0.2177224841566842
8330.0 0.22239956179749829
8332.0 0.22312314904386266
8334.0 0.2297657493692524
8336.0 0.23011686676295573
8338.0 0.23147735358393806
8340.0 0.2335618195490737
8342.0 0.23286170716930596
8344.0 0.24019129939228942
8346.0 0.2401571123480098
8348.0 0.24263660091777345
8350.0 0.24480426337581576
8352.0 0.24585738339753657
8354.0 0.24739249894131446
8356.0 0.25035751511941756
8358.0 0.2518950331984474
8360.0 0.25501866163183107
8362.0 0.25642536333458876
8364.0 0.2576103474721583
8366.0 0.2583505884370587
8368.0 0.26127674488756286
8370.0 0.2655689980368428
8372.0 0.26839295155097237
8374.0 0.2787556421708285
8376.0 0.2809969841489511
8378.0 0.28536947440372123
8380.0 0.28785062663149297
8382.0 0.28985192879618327
8384.0 0.2949029723528959
8386.0 0.2969799876790254
8388.0 0.30199717686073835
8390.0 0.3054870616521347
8392.0 0.30815062189504633
8394.0 0.3233855250497024
8396.0 0.3245360273835985
8398.0 0.33621046423882467
8400.0 0.3419121750848006
8402.0 0.34445485041148943
8404.0 0.35318026399266017
8406.0 0.3564498716324806
8408.0 0.3607492990072181
8410.0 0.36475126537778146
8412.0 0.36650980373559944
8414.0 0.3701259246903923
8416.0 0.3714607464541695
8418.0 0.3778611416458275
8420.0 0.38444308773219427
8422.0 0.38941653639762047
8424.0 0.3974861382829623
8426.0 0.3998918164399146
8428.0 0.4022969508678718
8430.0 0.4037371026372217
8432.0 0.40643750736520073
8434.0 0.4131316546186519
8436.0 0.4144644499934834
8438.0 0.4205048751869659
8440.0 0.4246207404302602
8442.0 0.42712883953827685
8444.0 0.43539647534240633
8446.0 0.43669342626093044
8448.0 0.4416819350215721
8450.0 0.44250916577563
8452.0 0.44214430502265667
8454.0 0.4438684655926239
8456.0 0.4448564695442417
8458.0 0.44909466722704344
8460.0 0.4535483972333876
8462.0 0.4570780747629207
8464.0 0.4614104254188001
8466.0 0.4628005163521506
8468.0 0.4669153155954545
8470.0 0.4698714952913453
8472.0 0.4712659758045101
8474.0 0.469672136172595
8476.0 0.47000628032754
8478.0 0.4744400918435658
8480.0 0.4761828680394637
8482.0 0.4820383966585984
8484.0 0.490996395244806
8486.0 0.49199245273017117
8488.0 0.5007687505901632
8490.0 0.5041693040965665
8492.0 0.5084643288721499
8494.0 0.5187848812460621
8496.0 0.5212049961991208
8498.0 0.5268321329525085
8500.0 0.5284330703460692
8502.0 0.5279772006505895
8504.0 0.5271219780744322
8506.0 0.5282987034863939
8508.0 0.533610210665979
8510.0 0.5373929854311106
8512.0 0.5377378757039073
8514.0 0.5354142008958617
8516.0 0.5349015896472231
8518.0 0.5361609048813187
8520.0 0.5378116715089073
8522.0 0.5419683751026728
8524.0 0.5499342777379496
8526.0 0.54955580503293
8528.0 0.5418284293656258
8530.0 0.5396190258482018
8532.0 0.5420684197596356
8534.0 0.5496849509968518
8536.0 0.5561729202925747
8538.0 0.5666877693332217
8540.0 0.5697843104691854
8542.0 0.56960113845545
8544.0 0.5694451268768417
8546.0 0.5712708206107485
8548.0 0.568887641030595
8550.0 0.5686688140990863
8552.0 0.564250940281091
8554.0 0.556481118923724
8556.0 0.5544755081848805
8558.0 0.5514879570456706
8560.0 0.5496232769555397
8562.0 0.550707148860435
8564.0 0.5531063582403868
8566.0 0.5543196413001785
8568.0 0.5659896834639435
8570.0 0.5692726406206114
8572.0 0.5728133101117922
8574.0 0.5767090174420719
8576.0 0.5769402117110455
8578.0 0.5709571849120479
8580.0 0.5707517063319761
8582.0 0.5691010635511777
8584.0 0.568086653426295
8586.0 0.5711633597386425
8588.0 0.5828117201659698
8590.0 0.5851513180217727
8592.0 0.5887539564866464
8594.0 0.5909571251978122
8596.0 0.5905153617729314
8598.0 0.588792324445446
8600.0 0.5864983779084295
8602.0 0.5813657961585584
8604.0 0.5773030419605443
8606.0 0.5761568153309778
8608.0 0.567474363806135
8610.0 0.5674993364998638
8612.0 0.5716464161428202
8614.0 0.5757678022896776
8616.0 0.5740384597999253
8618.0 0.5891735649914831
8620.0 0.5891572711884162
8622.0 0.5861249461773641
8624.0 0.5828219773692817
8626.0 0.5839554833671589
8628.0 0.5653613464431758
8630.0 0.565166062325573
8632.0 0.5642856525844697
8634.0 0.5607169897572527
8636.0 0.5573297607211298
8638.0 0.5573329151988593
8640.0 0.5538532002267245
8642.0 0.5514083754688478
8644.0 0.5497127048361764
8646.0 0.5517460102949671
8648.0 0.5535260860910083
8650.0 0.5562083914023707
8652.0 0.5554210111073409
8654.0 0.5530577067946632
8656.0 0.5504073596534945
8658.0 0.5454960367222438
8660.0 0.5449661245607684
8662.0 0.5462160143260163
8664.0 0.5481515967224592
8666.0 0.5486829045078684
8668.0 0.5478316530758081
8670.0 0.5444164495247462
8672.0 0.539921595851474
8674.0 0.5371530627027059
8676.0 0.5356246412997926
8678.0 0.5319451736651819
8680.0 0.5324730229745656
8682.0 0.5285160891995735
8684.0 0.5267009462835291
8686.0 0.5260033841322233
8688.0 0.5238278453150373
8690.0 0.5223577804569672
8692.0 0.5205265969993526
8694.0 0.5174833085657764
8696.0 0.5162548892245904
8698.0 0.5132620624165015
8700.0 0.5125894936885774
8702.0 0.509375601071257
8704.0 0.5064838332222747
8706.0 0.5038699731616061
8708.0 0.5011017504131426
8710.0 0.4991781942570407
8712.0 0.49674219061047387
8714.0 0.49551702244080426
8716.0 0.49374943268934746
8718.0 0.4926790433844695
8720.0 0.49030865015847597
8722.0 0.4881416192553071
8724.0 0.4865357950625072
8726.0 0.4853163465638266
8728.0 0.4841489266549178
8730.0 0.48311856693657784
8732.0 0.48015720694946623
8734.0 0.479423848712951
8736.0 0.4779980875017282
8738.0 0.4779237740291782
8740.0 0.478159225583124
8742.0 0.47456811086320577
8744.0 0.4710005037023832
8746.0 0.46662585298508485
8748.0 0.46093000133658635
8750.0 0.45680401397804565
8752.0 0.4530642508993163
8754.0 0.45190914308661256
8756.0 0.4509857825831592
8758.0 0.4498686770367563
8760.0 0.4499210341585898
8762.0 0.4522380561222088
8764.0 0.4540262597976072
8766.0 0.4542516947387337
8768.0 0.4527199498405453
8770.0 0.4538977362591557
8772.0 0.4530746493569325
8774.0 0.45472500143861616
8776.0 0.45453942911579914
8778.0 0.453489632536541
8780.0 0.45243025488454175
8782.0 0.4499234691639295
8784.0 0.44964055716710505
8786.0 0.45181578877604794
8788.0 0.4542123160370809
8790.0 0.4584088689325621
8792.0 0.4590923215522784
8794.0 0.458209072936059
8796.0 0.4561386530758232
8798.0 0.4518383031394114
8800.0 0.44870712082056224
8802.0 0.44492463398145754
8804.0 0.44267184642981094
8806.0 0.44062910016809526
8808.0 0.4400509066669729
8810.0 0.44139199156626907
8812.0 0.44143298194968644
8814.0 0.442878333789458
8816.0 0.4420187731468221
8818.0 0.4404835444001698
8820.0 0.4400246966661286
8822.0 0.4383635102787291
8824.0 0.43550065231288515
8826.0 0.4334918920192841
8828.0 0.42862262659934675
8830.0 0.42698269192118776
8832.0 0.4248079538770906
8834.0 0.4244582259659009
8836.0 0.4213373026026443
8838.0 0.4201060460047033
8840.0 0.4187911388286893
8842.0 0.41885906815032675
8844.0 0.4178984858714883
8846.0 0.4179138147402373
8848.0 0.416114877455309
8850.0 0.4157085554679683
8852.0 0.4113758928848779
8854.0 0.4103394304947384
8856.0 0.4108022638338472
8858.0 0.41110527871714336
8860.0 0.40857438595989193
8862.0 0.40357642720557174
8864.0 0.3990912448151181
8866.0 0.3949222258817793
8868.0 0.3932268942852774
8870.0 0.3934373755353265
8872.0 0.3937060217793639
8874.0 0.3915643520370693
8876.0 0.3918591973189029
8878.0 0.3931966011510867
8880.0 0.3934625712456197
8882.0 0.3903828754258671
8884.0 0.389130209268887
8886.0 0.38317504550367526
8888.0 0.3789162070362763
8890.0 0.37477094082375406
8892.0 0.37113904875294484
8894.0 0.37007632729683926
8896.0 0.3703762842723103
8898.0 0.3699795990097822
8900.0 0.37032401023585104
8902.0 0.3705386647233693
8904.0 0.37097739801562674
8906.0 0.3716710883677433
8908.0 0.3723010256713769
8910.0 0.37270871797844296
8912.0 0.36918600729543755
8914.0 0.36803592692593595
8916.0 0.36493513171908215
8918.0 0.36171294060105125
8920.0 0.3594759326100562
8922.0 0.35672744882420687
8924.0 0.3543247257056539
8926.0 0.35247386923315716
8928.0 0.3512784788675182
8930.0 0.35092598685587817
8932.0 0.35113290338689673
8934.0 0.3513843116125418
8936.0 0.3505006467666112
8938.0 0.34960885400242925
8940.0 0.3491498859431214
8942.0 0.3506756357924624
8944.0 0.3505227900501937
8946.0 0.3501622275208074
8948.0 0.34916345234558405
8950.0 0.34806664988815916
8952.0 0.346263212182356
8954.0 0.3462545562304064
8956.0 0.3447230051771109
8958.0 0.34348432798479944
8960.0 0.34499426010437273
8962.0 0.34330941481733024
8964.0 0.34354312377202106
8966.0 0.3418865936336909
8968.0 0.33985951188235397
8970.0 0.337872834290405
8972.0 0.335822168816035
8974.0 0.3357058025971191
8976.0 0.33610808252519064
8978.0 0.3382101922023042
8980.0 0.33975153769547317
8982.0 0.3389475513924209
8984.0 0.3393950572785988
8986.0 0.34252230483689905
8988.0 0.34442845750066287
8990.0 0.3475254295745643
8992.0 0.3481079676849622
8994.0 0.3483391992350284
8996.0 0.34677201794845264
8998.0 0.34567704244701103
9000.0 0.34585146891341484
9002.0 0.34656844710803314
9004.0 0.34788688491706204
9006.0 0.35050026866589945
9008.0 0.3510269410330098
9010.0 0.3511096010394085
9012.0 0.34906607305834253
9014.0 0.3465860401251904
9016.0 0.3448723921755847
9018.0 0.34429109529551644
9020.0 0.34419221970113945
9022.0 0.3449932630024539
9024.0 0.3453725396253799
9026.0 0.3441843629899746
9028.0 0.34432526596439567
9030.0 0.34390453143653027
9032.0 0.34276880610213356
9034.0 0.3425287727789906
9036.0 0.3430790043613846
9038.0 0.3433902913207679
9040.0 0.34458742155056465
9042.0 0.3457991926782541
9044.0 0.3465338926213859
9046.0 0.34770760271593437
9048.0 0.3478379130366114
9050.0 0.3469044567340363
9052.0 0.34525936086050674
9054.0 0.3446132209135802
9056.0 0.34351046498057436
9058.0 0.34420163935966297
9060.0 0.34614833409341605
9062.0 0.3467529778249706
9064.0 0.3480587430200656
9066.0 0.35016689248508165
9068.0 0.352918461056705
9070.0 0.35588913909218095
9072.0 0.35886815632358676
9074.0 0.3571305346932663
9076.0 0.35462503155690067
9078.0 0.3500914918133141
9080.0 0.34671163412293216
9082.0 0.345000816834578
9084.0 0.3447996948704857
9086.0 0.34665056349080875
9088.0 0.34774737550759033
9090.0 0.3492952319340864
9092.0 0.35136685005679286
9094.0 0.35351943966150473
9096.0 0.3555654191098148
9098.0 0.3585412092033316
9100.0 0.3591554428971945
9102.0 0.35772231306896324
9104.0 0.3565301255429406
9106.0 0.35314759022982956
9108.0 0.3531152808363426
9110.0 0.3544179084789804
9112.0 0.3569306193256708
9114.0 0.3597177044161629
9116.0 0.3607437938887857
9118.0 0.36095157878978834
9120.0 0.3601012491794145
9122.0 0.3598100311588383
9124.0 0.3601199811832265
9126.0 0.3613306707414703
9128.0 0.3633795562027291
9130.0 0.36519114433611427
9132.0 0.36416798064888467
9134.0 0.36144091302971804
9136.0 0.3591358469958795
9138.0 0.3567886339776436
9140.0 0.3567620679932033
9142.0 0.35845701243507505
9144.0 0.3624980014396124
9146.0 0.3671166463455417
9148.0 0.3714226433105529
9150.0 0.373258822097183
9152.0 0.3700579663820446
9154.0 0.36791241430833405
9156.0 0.3661596031933333
9158.0 0.36642781786620837
9160.0 0.36748558825591476
9162.0 0.36952308049507787
9164.0 0.3721695336920284
9166.0 0.3734805551491077
9168.0 0.3727286294396323
9170.0 0.3731331973349116
9172.0 0.3735276207092152
9174.0 0.374580058151961
9176.0 0.3736650151581624
9178.0 0.37238932558451165
9180.0 0.3704607522629103
9182.0 0.36791748068650404
9184.0 0.36682174136870344
9186.0 0.3671398298481319
9188.0 0.3682970795532877
9190.0 0.3695025249324128
9192.0 0.3703064685040561
9194.0 0.3710829214128962
9196.0 0.36950682551192365
9198.0 0.36911295960522356
9200.0 0.36810895844252534
9202.0 0.36727139160225286
9204.0 0.3667051023340961
9206.0 0.3671700445029349
9208.0 0.3673191964351324
9210.0 0.36885887099071896
9212.0 0.37060305283590167
9214.0 0.37177378054398424
9216.0 0.3726302549629847
9218.0 0.37349119030446076
9220.0 0.37384354907838574
9222.0 0.3743168196918646
9224.0 0.374909948966967
9226.0 0.37511580935089234
9228.0 0.3754353823334842
9230.0 0.37582652981616393
9232.0 0.3760205700117623
9234.0 0.3758520588093634
9236.0 0.374334819569653
9238.0 0.37183509289811445
9240.0 0.37029382574483666
9242.0 0.36925732846827775
9244.0 0.3691402461169728
9246.0 0.36774926433789684
9248.0 0.366044776704406
9250.0 0.3657449747054998
9252.0 0.36567675159736907
9254.0 0.36527865348316185
9256.0 0.3668617028247947
9258.0 0.3665508634049554
9260.0 0.36692346498971296
9262.0 0.3677835646581359
9264.0 0.3679515513887655
9266.0 0.36645513813348946
9268.0 0.3656732993239665
9270.0 0.3641112467949042
9272.0 0.3628639220528645
9274.0 0.361984806366084
9276.0 0.36160015783028804
9278.0 0.36067414395436265
9280.0 0.3592424326484989
9282.0 0.3578134177280361
9284.0 0.3572645537625863
9286.0 0.3574005128086396
9288.0 0.3578925441659838
9290.0 0.3579882074149657
9292.0 0.35805818834756936
9294.0 0.35723848086421534
9296.0 0.3539031100196557
9298.0 0.3520425205477639
9300.0 0.3515684969001228
9302.0 0.35108131471355014
9304.0 0.35120403430054375
9306.0 0.35377420704087414
9308.0 0.3546492936341073
9310.0 0.35656995763217564
9312.0 0.35771453226841965
9314.0 0.3569945873427562
9316.0 0.3555329241182397
9318.0 0.3546970100418458
9320.0 0.3524591829406611
9322.0 0.3515564380264957
9324.0 0.35207646761594746
9326.0 0.35372542777781424
9328.0 0.35509277001663536
9330.0 0.35888670600535566
9332.0 0.3617163883817337
9334.0 0.3640577895239403
9336.0 0.36593022583671164
9338.0 0.36699620418449935
9340.0 0.3674542995007267
9342.0 0.3676898596859295
9344.0 0.366796793176376
9346.0 0.36384489825637023
9348.0 0.3606719442932322
9350.0 0.3581568285543037
9352.0 0.35537370511283933
9354.0 0.3556204182912953
9356.0 0.3581394236440519
9358.0 0.3614871005045488
9360.0 0.36373786198646413
9362.0 0.36661786321315903
9364.0 0.36861287095765666
9366.0 0.3688254117281851
9368.0 0.3697571386690927
9370.0 0.3720603065791558
9372.0 0.37261191396046206
9374.0 0.37304749475177096
9376.0 0.3733356403942958
9378.0 0.37267364426860344
9380.0 0.3734897106814883
9382.0 0.3735292739159391
9384.0 0.372720794701962
9386.0 0.3717284058214379
9388.0 0.36926793609458447
9390.0 0.3662806107290311
9392.0 0.3650261833248342
9394.0 0.36395134031449977
9396.0 0.36363715167043514
9398.0 0.36375231548153286
9400.0 0.3620337663111827
9402.0 0.36363388656783946
9404.0 0.3659961176299326
9406.0 0.36707030972632987
9408.0 0.3669742620034716
9410.0 0.36787229976468305
9412.0 0.36600372955916255
9414.0 0.3646888536417534
9416.0 0.36458346616903675
9418.0 0.36414609700629685
9420.0 0.36362783418353894
9422.0 0.3650645535685179
9424.0 0.3643893516737663
9426.0 0.36285354960079436
9428.0 0.3633252467518377
9430.0 0.36280538431166043
9432.0 0.36476813374231515
9434.0 0.3669204081032094
9436.0 0.36844831140001816
9438.0 0.3690766424430359
9440.0 0.3711037194024274
9442.0 0.3704251845674503
9444.0 0.3695778223966913
9446.0 0.36837755909942554
9448.0 0.36637177278462335
9450.0 0.3643620638912506
9452.0 0.36229128636089797
9454.0 0.36183865226513623
9456.0 0.3621119310275779
9458.0 0.36393269696684044
9460.0 0.36518125113871314
9462.0 0.36701811450608357
9464.0 0.3680338420846606
9466.0 0.3679375700007856
9468.0 0.3682384257769771
9470.0 0.36770355207140903
9472.0 0.36811683423382596
9474.0 0.3676561472766321
9476.0 0.36723817860318425
9478.0 0.36738956182742677
9480.0 0.3668394190057414
9482.0 0.36634869384255936
9484.0 0.3648156138476234
9486.0 0.3636563174624549
9488.0 0.36358209447053386
9490.0 0.36189202237639245
9492.0 0.3617626595962465
9494.0 0.3609394999267923
9496.0 0.3593792836051144
9498.0 0.3586779978969437
9500.0 0.36097688654824983
9502.0 0.36449629998204386
9504.0 0.3685189771405331
9506.0 0.37012232512993465
9508.0 0.3710769789257227
9510.0 0.37126476576079875
9512.0 0.3718447019301662
9514.0 0.37172649711110095
9516.0 0.3711087488248876
9518.0 0.37007521874668137
9520.0 0.36754337303457363
9522.0 0.3669374349334817
9524.0 0.3653950195108899
9526.0 0.3643149203052644
9528.0 0.36275110419252143
9530.0 0.3604203594126748
9532.0 0.35812139988587544
9534.0 0.35705672838009445
9536.0 0.3567364637081932
9538.0 0.35650593130782515
9540.0 0.3565697982922838
9542.0 0.35714220118519513
9544.0 0.3570817907536148
9546.0 0.3569223289500403
9548.0 0.3568611679428396
9550.0 0.3562255492110408
9552.0 0.35511261274888156
9554.0 0.3549229131085074
9556.0 0.3551822393854547
9558.0 0.35699696982034673
9560.0 0.3595809811437868
9562.0 0.36221419190336474
9564.0 0.36141480042164886
9566.0 0.3595529401984458
9568.0 0.35798807269044525
9570.0 0.35443562447733
9572.0 0.35445234814798104
9574.0 0.3541300826050092
9576.0 0.35575930356649377
9578.0 0.3581042687152622
9580.0 0.3606639613062878
9582.0 0.36187254982808187
9584.0 0.36115325313051516
9586.0 0.35934467141512233
9588.0 0.35638100810012474
9590.0 0.3535479033720989
9592.0 0.3513269145045112
9594.0 0.35214375986624563
9596.0 0.3547972655878368
9598.0 0.35819897856367416
9600.0 0.3603433677038997
9602.0 0.3609155501698389
9604.0 0.3590842695447387
9606.0 0.3572591843112854
9608.0 0.35620566968828354
9610.0 0.3555156850075277
9612.0 0.35390879254230917
9614.0 0.35215274007806463
9616.0 0.3496927007381493
9618.0 0.3470159570194657
9620.0 0.3457626519267401
9622.0 0.34538341136253964
9624.0 0.3453905794479669
9626.0 0.3460922079054224
9628.0 0.3469097848233147
9630.0 0.3478327947023376
9632.0 0.34837173312059305
9634.0 0.3476423984298184
9636.0 0.34757725957234775
9638.0 0.34782995909558995
9640.0 0.34821544009249866
9642.0 0.3483025141374109
9644.0 0.3486107097062199
9646.0 0.34893398500151085
9648.0 0.34918893796388256
9650.0 0.34977634212989206
9652.0 0.3503259167591588
9654.0 0.350938662055958
9656.0 0.35144118402475893
9658.0 0.3517699686946792
9660.0 0.3502216204882365
9662.0 0.349319413771852
9664.0 0.3459983636803343
9666.0 0.34476190329518247
9668.0 0.34612640492844976
9670.0 0.34837030143661835
9672.0 0.3497560470818908
9674.0 0.3526308941118824
9676.0 0.3523178108904278
9678.0 0.3523212815682935
9680.0 0.35304225865641004
9682.0 0.3530594867953711
9684.0 0.3526037480189418
9686.0 0.35125468674667903
9688.0 0.34800093447149194
9690.0 0.343069458946812
9692.0 0.33949538719120925
9694.0 0.3366446832069035
9696.0 0.3352001085938262
9698.0 0.33423794059917605
9700.0 0.3333743126651194
9702.0 0.3338499337220952
9704.0 0.3339706201459955
9706.0 0.3349359042870917
9708.0 0.3349971553318838
9710.0 0.334469933723625
9712.0 0.33300273875710545
9714.0 0.3301072224564933
9716.0 0.3285175224649558
9718.0 0.32838754442470325
9720.0 0.33106302895455925
9722.0 0.3332727326484686
9724.0 0.33723768796541975
9726.0 0.3380685631314673
9728.0 0.33685191251953034
9730.0 0.33560053596025397
9732.0 0.3348156954006277
9734.0 0.33531207088744974
9736.0 0.3384943380088683
9738.0 0.3431450698975643
9740.0 0.34791653535296946
9742.0 0.3507719051731963
9744.0 0.35328149076531057
9746.0 0.3539946231193954
9748.0 0.3541418033361129
9750.0 0.35284645974387613
9752.0 0.3503210547310888
9754.0 0.3469617133735206
9756.0 0.3446758474898226
9758.0 0.34371578135710357
9760.0 0.34278825126927404
9762.0 0.34173106140836046
9764.0 0.34049890445067876
9766.0 0.3391933743978571
9768.0 0.33983565202637084
9770.0 0.34091903343562063
9772.0 0.34259283661284634
9774.0 0.34496321064700275
9776.0 0.3452949373564688
9778.0 0.3458757475694532
9780.0 0.3454553812587747
9782.0 0.345713196538325
9784.0 0.34679897928756376
9786.0 0.3490924717286981
9788.0 0.34979443317734155
9790.0 0.34867187422183504
9792.0 0.34792071285611953
9794.0 0.3450750792155007
9796.0 0.3450034679297879
9798.0 0.3488181880023412
9800.0 0.3514443590660404
9802.0 0.35198962271641177
9804.0 0.3549202220758136
9806.0 0.3514568479067317
9808.0 0.35001061217243723
9810.0 0.3490485148274087
9812.0 0.3497445408768852
9814.0 0.35157515724263255
9816.0 0.3534685059247566
9818.0 0.3551461332661012
9820.0 0.35713677972762115
9822.0 0.3584887420952695
9824.0 0.35760098596383316
9826.0 0.35867084172152985
9828.0 0.3615076393705543
9830.0 0.3638449297891057
9832.0 0.3656072443953339
9834.0 0.3660714988551286
9836.0 0.36551075772881786
9838.0 0.36517779490665625
9840.0 0.3648078987144414
9842.0 0.3652168532161602
9844.0 0.3666174677970738
9846.0 0.3658019223174323
9848.0 0.3665203567952737
9850.0 0.3671036755047927
9852.0 0.368063237069025
9854.0 0.36955388365527186
9856.0 0.3698542922412035
9858.0 0.3665932102223239
9860.0 0.36170329444154475
9862.0 0.3575743016274386
9864.0 0.35534798133167905
9866.0 0.3555693949613618
9868.0 0.3616821231795803
9870.0 0.36416438496653986
9872.0 0.36234218686997505
9874.0 0.3565831232704767
9876.0 0.3464341746446695
9878.0 0.3431930700376978
9880.0 0.3441794196764786
9882.0 0.3525012615004192
9884.0 0.3622758222454075
9886.0 0.35652037750443427
9888.0 0.3564414809474361
9890.0 0.3560954193155217
9892.0 0.35576931866617106
9894.0 0.35540116829083557
9896.0 0.35554278727437966
9898.0 0.3562871231149927
9900.0 0.3570281849197671
9902.0 0.3577111183157342
9904.0 0.3580757601907857
9906.0 0.3579340254595007
9908.0 0.35773344797654033
9910.0 0.35758298032022706
9912.0 0.35785237774162876
9914.0 0.3583148621720559
9916.0 0.3585629301188926
9918.0 0.3586770056936125
9920.0 0.35815975210349477
9922.0 0.35741106631104197
9924.0 0.3565472525227981
9926.0 0.3561239978785364
9928.0 0.3563045108312159
9930.0 0.3565499681709898
9932.0 0.35679739258449755
9934.0 0.3567593698249215
9936.0 0.3563650077639755
9938.0 0.3559777014433219
9940.0 0.35559494574887085
9942.0 0.3553394620387792
9944.0 0.3553624085011872
9946.0 0.3554266502033485
9948.0 0.3555079250895969
9950.0 0.35597726792559514
9952.0 0.3569528261087044
9954.0 0.3575583469015314
9956.0 0.35808709715316733
9958.0 0.3580594142288954
9960.0 0.35783623455491315
9962.0 0.3576023807510102
9964.0 0.3574469560462199
9966.0 0.35757593632303
9968.0 0.3577568307985182
9970.0 0.35789684506401687
9972.0 0.35777805349681424
9974.0 0.3569596812699742
9976.0 0.35609413609745183
9978.0 0.35523500513201095
9980.0 0.35516383695252063
9982.0 0.3560796623537613
9984.0 0.357033238174805
9986.0 0.3579733978404238
9988.0 0.3580825326370759
9990.0 0.3571386327261226
9992.0 0.35659124185878194
9994.0 0.35607919061055776
9996.0 0.35581987356551015
9998.0 0.35586229876606357
