# z obs_date
# 0 52280
3580.0 0.559582786283929
3582.0 0.4450642672031837
3584.0 0.40321278850431314
3586.0 0.44694213046558673
3588.0 0.36648102975629304
3590.0 0.3988539632212698
3592.0 0.5222816421510501
3594.0 0.49114711795343957
3596.0 0.5037406778881255
3598.0 0.5102022028004497
3600.0 0.5486079741383681
3602.0 0.5726628696789335
3604.0 0.5402847178733006
3606.0 0.5144915291237325
3608.0 0.6260396005614609
3610.0 0.6372442943116767
3612.0 0.6422132260582329
3614.0 0.6149174197615368
3616.0 0.5530790467465336
3618.0 0.5010835638673656
3620.0 0.4571419406561682
3622.0 0.47050998747527706
3624.0 0.5049298038973652
3626.0 0.4896311164652462
3628.0 0.4527827582896792
3630.0 0.39077724470558145
3632.0 0.42122555884509333
3634.0 0.4045032260319561
3636.0 0.43563445206104506
3638.0 0.4372673659991966
3640.0 0.39519366915512233
3642.0 0.45146699362410775
3644.0 0.47190607442809895
3646.0 0.45731066150872696
3648.0 0.47850135446855147
3650.0 0.5199067988968475
3652.0 0.5289935579354325
3654.0 0.6128074049898676
3656.0 0.64960117697281
3658.0 0.6019886617530931
3660.0 0.5396809856175158
3662.0 0.5314466713863086
3664.0 0.5957953744670055
3666.0 0.6125644111432553
3668.0 0.608642744650842
3670.0 0.6082608955907702
3672.0 0.565321031813934
3674.0 0.5845331818724315
3676.0 0.5589047997067413
3678.0 0.5473860490514711
3680.0 0.5456462733979665
3682.0 0.5564729999199237
3684.0 0.5299024165612407
3686.0 0.5308209740053136
3688.0 0.4703985411964289
3690.0 0.39438110672655574
3692.0 0.391634694093963
3694.0 0.31548626607370284
3696.0 0.35855537103023183
3698.0 0.4233021667327822
3700.0 0.37654081765830005
3702.0 0.432484730903239
3704.0 0.47221099304202135
3706.0 0.4253314843728631
3708.0 0.45796408896932733
3710.0 0.5324107844579409
3712.0 0.5579552023388948
3714.0 0.6569975359966295
3716.0 0.6571807474908845
3718.0 0.5652999565457794
3720.0 0.5728697173817014
3722.0 0.6736616616645897
3724.0 0.7381421316434685
3726.0 0.6747482591532408
3728.0 0.7519388714864498
3730.0 0.8235429412485572
3732.0 0.7930518768125163
3734.0 0.7664814524843361
3736.0 0.7605543560746862
3738.0 0.7352134144332034
3740.0 0.6398990455018801
3742.0 0.5450244669788376
3744.0 0.5475336303159518
3746.0 0.5782987590113388
3748.0 0.5902523546206977
3750.0 0.6004481944369618
3752.0 0.5769681460012347
3754.0 0.5794786608663739
3756.0 0.621437811296355
3758.0 0.6104357366992941
3760.0 0.6019573985565841
3762.0 0.5581364061275236
3764.0 0.5254739207533062
3766.0 0.5226501065011998
3768.0 0.5380729328682985
3770.0 0.552765981652698
3772.0 0.5649211573352364
3774.0 0.512301865151636
3776.0 0.5053860459295602
3778.0 0.5951145631114177
3780.0 0.6035327894188482
3782.0 0.6178348809956339
3784.0 0.6128086403739684
3786.0 0.6193636539196518
3788.0 0.5936616060720241
3790.0 0.5773311918828329
3792.0 0.5620994828199215
3794.0 0.5682412688428164
3796.0 0.5653475763167849
3798.0 0.536458455789329
3800.0 0.5250158513198242
3802.0 0.5603968545181914
3804.0 0.5968809043040835
3806.0 0.6332872178004827
3808.0 0.6689881539648791
3810.0 0.6363660423617666
3812.0 0.6185863809087435
3814.0 0.5914709288433537
3816.0 0.643700210262131
3818.0 0.6809427408679062
3820.0 0.6710790550257295
3822.0 0.6832804068555226
3824.0 0.6550604103947336
3826.0 0.6621870426638404
3828.0 0.6413402775861198
3830.0 0.5549588651231053
3832.0 0.5117396268935894
3834.0 0.543186973224894
3836.0 0.5152555849588869
3838.0 0.5638426120289809
3840.0 0.5349739084835414
3842.0 0.49165882646035597
3844.0 0.4460808446827989
3846.0 0.4832958909507538
3848.0 0.5084656320950924
3850.0 0.5125636017656937
3852.0 0.5250884787288765
3854.0 0.5118900383012531
3856.0 0.520426267847803
3858.0 0.5515683628269441
3860.0 0.538704149116658
3862.0 0.46252512928676126
3864.0 0.435794261064888
3866.0 0.39387508555439926
3868.0 0.35961432168917534
3870.0 0.4174709944918186
3872.0 0.4796927168340144
3874.0 0.5010855024513914
3876.0 0.5050164968650813
3878.0 0.4693252649920956
3880.0 0.49214322014101786
3882.0 0.43730400803795555
3884.0 0.33389340377111687
3886.0 0.34772275493670063
3888.0 0.3394873076626301
3890.0 0.35639389690231615
3892.0 0.43608288952662994
3894.0 0.4566666657549592
3896.0 0.43729817982086033
3898.0 0.42027517218850263
3900.0 0.4163470148713372
3902.0 0.40520377667037155
3904.0 0.3977258579616495
3906.0 0.42317854863645704
3908.0 0.458419229443751
3910.0 0.4553973141036642
3912.0 0.4652883842161233
3914.0 0.46469778000561485
3916.0 0.47729160631351664
3918.0 0.5455846531919608
3920.0 0.5133008085642059
3922.0 0.4590514370930404
3924.0 0.4546284173885466
3926.0 0.42068522940505965
3928.0 0.3950843009881778
3930.0 0.4343903242570168
3932.0 0.4248297268198594
3934.0 0.4944817230151022
3936.0 0.5609247711085391
3938.0 0.5637623642780464
3940.0 0.5389191008294117
3942.0 0.52220381421383
3944.0 0.5058897118801311
3946.0 0.5321393969615452
3948.0 0.6046448709793866
3950.0 0.6091988617528694
3952.0 0.6135151897319939
3954.0 0.620377730702212
3956.0 0.6231607079143584
3958.0 0.6115898172147689
3960.0 0.6489868543787684
3962.0 0.6385131886755033
3964.0 0.6489158129937128
3966.0 0.6554479593981644
3968.0 0.6163479188236372
3970.0 0.6090961486955189
3972.0 0.5947445127750779
3974.0 0.5964140701269759
3976.0 0.6090328716585731
3978.0 0.5952661955579344
3980.0 0.5887444017562881
3982.0 0.6352579061688702
3984.0 0.6241567043206679
3986.0 0.5915298333809239
3988.0 0.5653327422044248
3990.0 0.6047948532806836
3992.0 0.6308591760041905
3994.0 0.6420458627096409
3996.0 0.6385129204117379
3998.0 0.6533682863690291
4000.0 0.6878497524979704
4002.0 0.6684689297566686
4004.0 0.6289244887315452
4006.0 0.6229165954773681
4008.0 0.6497534477699187
4010.0 0.6773006851348379
4012.0 0.6881338953720096
4014.0 0.6743652720423827
4016.0 0.6777467990892659
4018.0 0.7068565157730585
4020.0 0.7206068490220243
4022.0 0.7170719277240213
4024.0 0.7136085754912329
4026.0 0.6863905586088198
4028.0 0.6669993448026631
4030.0 0.709778583850268
4032.0 0.6893623453460476
4034.0 0.6813075251478982
4036.0 0.7069342505042804
4038.0 0.728592229030738
4040.0 0.728505384435364
4042.0 0.7000506564122032
4044.0 0.6536539622670511
4046.0 0.6689903237360924
4048.0 0.6820753176874291
4050.0 0.6834967314122475
4052.0 0.6886126630174236
4054.0 0.6766180824924741
4056.0 0.6596144076424093
4058.0 0.6455540746103334
4060.0 0.6426595353369767
4062.0 0.6538738494401578
4064.0 0.6342308859917157
4066.0 0.637415500485718
4068.0 0.6673437573962189
4070.0 0.6921520672370978
4072.0 0.717637019661536
4074.0 0.7234810805432266
4076.0 0.7004702968007885
4078.0 0.7162861465925714
4080.0 0.7500418383072693
4082.0 0.7414083579658205
4084.0 0.7879053827459434
4086.0 0.8105691938263199
4088.0 0.8362796454418595
4090.0 0.8438638746403901
4092.0 0.8413897090798012
4094.0 0.8138600691088105
4096.0 0.7850553488958218
4098.0 0.7911677078856035
4100.0 0.7800112889189293
4102.0 0.751292718744008
4104.0 0.7674940039211912
4106.0 0.7306738357319938
4108.0 0.7156909424616416
4110.0 0.7465719017056535
4112.0 0.7587442245865755
4114.0 0.7265608795160234
4116.0 0.7231033029302022
4118.0 0.6770155413295246
4120.0 0.6700914796827734
4122.0 0.6624854431336183
4124.0 0.6475128128267003
4126.0 0.6013012384201244
4128.0 0.6152352655217134
4130.0 0.6173467532185151
4132.0 0.5985191937947922
4134.0 0.5866891097711877
4136.0 0.6083573505536906
4138.0 0.6046012253148186
4140.0 0.6323925789523216
4142.0 0.649767384505578
4144.0 0.6628430703599943
4146.0 0.6566713363261653
4148.0 0.6382998965452036
4150.0 0.6283901131862424
4152.0 0.6237030728117232
4154.0 0.6110316782129004
4156.0 0.6156508499994127
4158.0 0.6260317036381406
4160.0 0.6687749798164764
4162.0 0.6618284207137937
4164.0 0.670774707102263
4166.0 0.6870062611358546
4168.0 0.6846278407553649
4170.0 0.7281809914016047
4172.0 0.7483377894275736
4174.0 0.7096819836399274
4176.0 0.7137812438251698
4178.0 0.7278028600158062
4180.0 0.7316265335217633
4182.0 0.6829664311217184
4184.0 0.6679033969499757
4186.0 0.6780327058663229
4188.0 0.6458596787693756
4190.0 0.5947583401678933
4192.0 0.5954084094994742
4194.0 0.5788614613458757
4196.0 0.615955536768136
4198.0 0.6280715562580234
4200.0 0.6051231217681361
4202.0 0.5988560694284438
4204.0 0.608530782967628
4206.0 0.6193367056593574
4208.0 0.6438629637645519
4210.0 0.634999377859627
4212.0 0.5932968478542732
4214.0 0.5817119501161324
4216.0 0.5745708667495374
4218.0 0.5614108090191227
4220.0 0.5535883481312589
4222.0 0.563815914207588
4224.0 0.558215804168833
4226.0 0.552825729217198
4228.0 0.5691598091352107
4230.0 0.559381312301025
4232.0 0.5381748983250225
4234.0 0.530694223173914
4236.0 0.5305687027955099
4238.0 0.5110876642824059
4240.0 0.4768238607437042
4242.0 0.4652409289602012
4244.0 0.46233648184279763
4246.0 0.479276984174685
4248.0 0.47332329106959986
4250.0 0.46418874033548047
4252.0 0.459657550472419
4254.0 0.45161018647700285
4256.0 0.4424970953930429
4258.0 0.42209501819398426
4260.0 0.41244597720943293
4262.0 0.4244297417932609
4264.0 0.4724596695966656
4266.0 0.5037851023985507
4268.0 0.47697155725491597
4270.0 0.4768831377879937
4272.0 0.4846271506323202
4274.0 0.4814829886670492
4276.0 0.48449666991738816
4278.0 0.49354710667020085
4280.0 0.4983984691770163
4282.0 0.49751690139711474
4284.0 0.4938182789005848
4286.0 0.485221404706429
4288.0 0.4812162192347969
4290.0 0.4805399282414299
4292.0 0.49462289456745073
4294.0 0.4571730588533958
4296.0 0.43844265982992225
4298.0 0.4494112092431263
4300.0 0.48745474405985045
4302.0 0.4949733274521394
4304.0 0.5275540979618855
4306.0 0.5510773866612783
4308.0 0.5841537378204441
4310.0 0.5975415952693401
4312.0 0.6110378793542696
4314.0 0.6293315683512835
4316.0 0.6389736501857637
4318.0 0.6588999136625862
4320.0 0.6466071378640991
4322.0 0.6353444264276615
4324.0 0.6051652768422617
4326.0 0.5550257363048966
4328.0 0.5385017925635778
4330.0 0.5279697505835126
4332.0 0.5143936554515005
4334.0 0.4740591946261223
4336.0 0.4485169084554697
4338.0 0.4874384291052639
4340.0 0.5012276941219229
4342.0 0.5185092594032782
4344.0 0.5118136643499285
4346.0 0.5145355854398113
4348.0 0.5236051205121763
4350.0 0.5360045547780231
4352.0 0.553478185649469
4354.0 0.5501607175975578
4356.0 0.5290746603356521
4358.0 0.5117311941265836
4360.0 0.5020856975278551
4362.0 0.5190801082474988
4364.0 0.5335795608096376
4366.0 0.5410180802524228
4368.0 0.5508941407493528
4370.0 0.541597201002477
4372.0 0.5504232264947417
4374.0 0.5681324347642626
4376.0 0.5871973872824825
4378.0 0.6014346983926689
4380.0 0.5772230262310539
4382.0 0.5515747045832702
4384.0 0.5544511938876358
4386.0 0.5369492884384836
4388.0 0.5249513838570562
4390.0 0.5315842972078972
4392.0 0.5394469872211328
4394.0 0.5322963963826121
4396.0 0.5585522395389951
4398.0 0.5378858965508085
4400.0 0.5352016678790715
4402.0 0.5604332685729154
4404.0 0.5632084521718768
4406.0 0.5418812037697389
4408.0 0.5399831649424515
4410.0 0.5158849110290391
4412.0 0.4959829836086201
4414.0 0.49895888897414625
4416.0 0.5118411648620766
4418.0 0.5518324872790731
4420.0 0.5850562129945514
4422.0 0.5841065925904279
4424.0 0.5594304182301333
4426.0 0.5553011237656377
4428.0 0.5711817700215968
4430.0 0.5546813288910185
4432.0 0.5494172490768363
4434.0 0.5430485521816654
4436.0 0.5418608467547371
4438.0 0.5544916457746787
4440.0 0.5434336257931859
4442.0 0.5266340142838523
4444.0 0.5183345987192649
4446.0 0.513640824951967
4448.0 0.4967115589907231
4450.0 0.4778619760362932
4452.0 0.5018711587905652
4454.0 0.5187496015971506
4456.0 0.5165822186258576
4458.0 0.5488677820079452
4460.0 0.5617978607450076
4462.0 0.5598037258829135
4464.0 0.5510226103367766
4466.0 0.5568897847053429
4468.0 0.5681952322581129
4470.0 0.5590826907156602
4472.0 0.5395140064291758
4474.0 0.5342453320920845
4476.0 0.5184736215552763
4478.0 0.5196304825080529
4480.0 0.5584510566253142
4482.0 0.5536604528579062
4484.0 0.5312557317331844
4486.0 0.5158165123266447
4488.0 0.5045353754262576
4490.0 0.4964260273936899
4492.0 0.49290817290392125
4494.0 0.48012784998380165
4496.0 0.46843635172059
4498.0 0.48176460943767446
4500.0 0.5226957013928276
4502.0 0.5302873148805708
4504.0 0.5312487574026642
4506.0 0.5199329584844143
4508.0 0.5139860889517097
4510.0 0.5164791876289503
4512.0 0.5295814223464739
4514.0 0.5314031518392995
4516.0 0.5267571645080782
4518.0 0.49416829002270596
4520.0 0.46829010848793723
4522.0 0.46060859766379686
4524.0 0.4630739715958992
4526.0 0.46101768909810853
4528.0 0.45121722300344624
4530.0 0.47343075443393834
4532.0 0.5102434174511447
4534.0 0.5237814972513507
4536.0 0.5484984536335091
4538.0 0.5723558338462174
4540.0 0.5988856213714233
4542.0 0.6238680960571792
4544.0 0.6237643450556122
4546.0 0.6146668822188344
4548.0 0.6197025266290284
4550.0 0.6334002656865215
4552.0 0.6776407842146231
4554.0 0.6875313335917013
4556.0 0.7020789545631505
4558.0 0.7075376031022208
4560.0 0.7372114148696663
4562.0 0.74231709449563
4564.0 0.7355618664775382
4566.0 0.7442620183826797
4568.0 0.7538150489838835
4570.0 0.7580191577815545
4572.0 0.7833291313945698
4574.0 0.8048354151902692
4576.0 0.8014014362714877
4578.0 0.8204858027978116
4580.0 0.8106861682080895
4582.0 0.8242205415137419
4584.0 0.8281007556204736
4586.0 0.82491760704066
4588.0 0.8356319829933335
4590.0 0.8343406304498378
4592.0 0.8248586095476692
4594.0 0.8354815503896994
4596.0 0.8228643641983222
4598.0 0.8125006759906657
4600.0 0.8084972357331912
4602.0 0.7779292095802522
4604.0 0.7771146158358739
4606.0 0.7749939434105121
4608.0 0.7704485123976167
4610.0 0.766466092369394
4612.0 0.7980269180534786
4614.0 0.8243585505193944
4616.0 0.841929103769704
4618.0 0.8525327618517361
4620.0 0.8791841939618532
4622.0 0.8897441517416042
4624.0 0.894902134272093
4626.0 0.8822607966674831
4628.0 0.8766019015186978
4630.0 0.8693910357336526
4632.0 0.8717204557345554
4634.0 0.8694150809120288
4636.0 0.8834667057224952
4638.0 0.8668144096724191
4640.0 0.8243416284737803
4642.0 0.8016340308702794
4644.0 0.8109087153179199
4646.0 0.8236983345714731
4648.0 0.8066585572750831
4650.0 0.7819579858127742
4652.0 0.7609612730977271
4654.0 0.767531829978577
4656.0 0.7879288011537302
4658.0 0.7995660718535031
4660.0 0.7939694858654777
4662.0 0.7985706616259315
4664.0 0.8210633882638576
4666.0 0.8863236452275107
4668.0 0.8907569394195325
4670.0 0.8774639093081044
4672.0 0.8736326660740418
4674.0 0.8746225524197713
4676.0 0.8781865694764593
4678.0 0.8570665140615713
4680.0 0.8384869729604373
4682.0 0.8429447673946477
4684.0 0.8341708852555849
4686.0 0.8285902074323045
4688.0 0.8381945544067958
4690.0 0.8379734460908164
4692.0 0.8278097816998627
4694.0 0.8274366978034973
4696.0 0.8133828523773444
4698.0 0.8238062976704724
4700.0 0.8372260251415433
4702.0 0.824780975938906
4704.0 0.8160614303686212
4706.0 0.8023661369337065
4708.0 0.7739823512845356
4710.0 0.7590524527978832
4712.0 0.7359200551912514
4714.0 0.7330944477043327
4716.0 0.750860656556653
4718.0 0.7488423321887347
4720.0 0.7420531782539185
4722.0 0.7296733464172818
4724.0 0.7375514044835002
4726.0 0.7214498090383299
4728.0 0.7076811291098135
4730.0 0.6847366451477064
4732.0 0.6761679080944759
4734.0 0.6782098200336727
4736.0 0.6608864270670267
4738.0 0.6457324095152591
4740.0 0.6495891131144377
4742.0 0.6750651950764538
4744.0 0.6907897074190119
4746.0 0.6744319830393593
4748.0 0.6632776810997848
4750.0 0.6769633219688233
4752.0 0.6739836889512641
4754.0 0.688964619380474
4756.0 0.7002590239159137
4758.0 0.7164226855733099
4760.0 0.7252012747417543
4762.0 0.7279112483265772
4764.0 0.7453739625976548
4766.0 0.7604960983783505
4768.0 0.7656400591457213
4770.0 0.7567133890483417
4772.0 0.755109159282722
4774.0 0.7458227149625297
4776.0 0.7099258886375878
4778.0 0.7106190609300013
4780.0 0.7015761734109986
4782.0 0.6807326325363215
4784.0 0.6743713656524607
4786.0 0.6703978066890264
4788.0 0.6526995024857764
4790.0 0.6384185266200197
4792.0 0.6303987739854626
4794.0 0.6375152455216722
4796.0 0.6239846051842618
4798.0 0.6394346081175222
4800.0 0.6354320772046447
4802.0 0.6305847595044096
4804.0 0.6169097112148041
4806.0 0.5954231959683757
4808.0 0.6018523194156723
4810.0 0.6177583107271077
4812.0 0.6187238059539577
4814.0 0.6231321662712898
4816.0 0.6227883246687154
4818.0 0.6387083913952818
4820.0 0.6610991191156986
4822.0 0.6658903991641373
4824.0 0.6736818649760195
4826.0 0.7074844990032333
4828.0 0.7244482641984799
4830.0 0.7311848661732386
4832.0 0.7322535326935474
4834.0 0.7312897523199676
4836.0 0.7425417735546965
4838.0 0.7559404337243502
4840.0 0.7627140442775773
4842.0 0.7725744733513285
4844.0 0.7835036101323191
4846.0 0.7982119152034552
4848.0 0.8090542306731558
4850.0 0.8159388541426005
4852.0 0.8229949493282563
4854.0 0.8379960530803906
4856.0 0.8527474424810477
4858.0 0.8637616950567427
4860.0 0.8608652856398262
4862.0 0.8607837334065468
4864.0 0.8623749792086928
4866.0 0.855115448638054
4868.0 0.8390290750105875
4870.0 0.8241833866131989
4872.0 0.7994524855572193
4874.0 0.7954794943875733
4876.0 0.7925075065265271
4878.0 0.8005641944643519
4880.0 0.7998883646128773
4882.0 0.8242691328343487
4884.0 0.8358301635536952
4886.0 0.8342351341813395
4888.0 0.8262197808956789
4890.0 0.8188246044802447
4892.0 0.8206812525703828
4894.0 0.8304482607372815
4896.0 0.8281913516827477
4898.0 0.8103577899072586
4900.0 0.8164409552475744
4902.0 0.8111694458155313
4904.0 0.8100732801078969
4906.0 0.8157907855174512
4908.0 0.7951088765018566
4910.0 0.8032024493537934
4912.0 0.8262709024960113
4914.0 0.8310590500806004
4916.0 0.8343764793653462
4918.0 0.8309594980082823
4920.0 0.8336001747811307
4922.0 0.8237004509976419
4924.0 0.794826667917083
4926.0 0.7808847878268909
4928.0 0.7874688292701508
4930.0 0.8019117970051609
4932.0 0.7957318574678031
4934.0 0.7991218513862723
4936.0 0.8045488645386667
4938.0 0.8063612853139462
4940.0 0.8035796041420651
4942.0 0.7838657015296904
4944.0 0.7647001687619568
4946.0 0.7442709518852328
4948.0 0.7324527226938152
4950.0 0.7218060293461851
4952.0 0.7248746198038186
4954.0 0.7168207031453717
4956.0 0.7010252406929102
4958.0 0.6936625958957418
4960.0 0.6935624967221363
4962.0 0.6943502648575021
4964.0 0.6942914814448143
4966.0 0.6937982201842438
4968.0 0.6956377757156135
4970.0 0.711838958665648
4972.0 0.7431504782343072
4974.0 0.7545653693006739
4976.0 0.7345147836509406
4978.0 0.716200185628344
4980.0 0.7242357830838002
4982.0 0.740572591999649
4984.0 0.7581948542705914
4986.0 0.7638923342761568
4988.0 0.750905691385701
4990.0 0.7407841976099808
4992.0 0.7404921189710894
4994.0 0.7415885500333566
4996.0 0.7447053356654864
4998.0 0.7369161724551511
5000.0 0.7417497469226062
5002.0 0.759881236003846
5004.0 0.7748052748145459
5006.0 0.796340676869058
5008.0 0.7988843066230487
5010.0 0.804332652580446
5012.0 0.8124745153409237
5014.0 0.8172890358733225
5016.0 0.8232623299725471
5018.0 0.829319278344328
5020.0 0.8240615861536073
5022.0 0.8385660965638243
5024.0 0.843551735324654
5026.0 0.8415678317645916
5028.0 0.8451823976897809
5030.0 0.8418707315072828
5032.0 0.8453084892156236
5034.0 0.8399825165710539
5036.0 0.8334441200724974
5038.0 0.8355795396437173
5040.0 0.8322636304653752
5042.0 0.8245183672910673
5044.0 0.8156952162976173
5046.0 0.8066145585841634
5048.0 0.8034354575799646
5050.0 0.8106742331310209
5052.0 0.8150210477814201
5054.0 0.806941993026022
5056.0 0.7806505249217027
5058.0 0.7590927972493335
5060.0 0.7311569520599286
5062.0 0.7013271036962726
5064.0 0.7024728828366674
5066.0 0.7136562252622459
5068.0 0.6950277439151246
5070.0 0.6732410817338006
5072.0 0.6704097134396734
5074.0 0.6791633656261453
5076.0 0.6836678377680279
5078.0 0.7023344853695345
5080.0 0.7058287959915115
5082.0 0.6909065947442052
5084.0 0.6861957087259819
5086.0 0.6772840747482253
5088.0 0.6646427506583135
5090.0 0.6847879939082364
5092.0 0.6934238276895881
5094.0 0.68223319819124
5096.0 0.6604461497289246
5098.0 0.6403890571072204
5100.0 0.6381498786073128
5102.0 0.6313946658049345
5104.0 0.6413935162079206
5106.0 0.629275966814258
5108.0 0.602993314700791
5110.0 0.6058495954185084
5112.0 0.6189474768038051
5114.0 0.6201327543494384
5116.0 0.6133882947084636
5118.0 0.6083604241009481
5120.0 0.5979603014324517
5122.0 0.5895666947569371
5124.0 0.5977998940965928
5126.0 0.6049191444160323
5128.0 0.6007796232530652
5130.0 0.5902744873615188
5132.0 0.5650940606743429
5134.0 0.5425621896805177
5136.0 0.5528720718192166
5138.0 0.5528331353874759
5140.0 0.5365473529964493
5142.0 0.5444524240970858
5144.0 0.5555434353653408
5146.0 0.571623528724641
5148.0 0.597620601529685
5150.0 0.5954350964601893
5152.0 0.574532952657749
5154.0 0.5745167431333563
5156.0 0.5881527502985208
5158.0 0.5949098834647409
5160.0 0.5967590255601772
5162.0 0.6075206451145299
5164.0 0.6269166394922927
5166.0 0.6411022365377371
5168.0 0.6517482651506715
5170.0 0.6493595721157307
5172.0 0.654561922380769
5174.0 0.6635952970420342
5176.0 0.6867092816197048
5178.0 0.7055602120901898
5180.0 0.7283909877549204
5182.0 0.7351193990775412
5184.0 0.7320194688555992
5186.0 0.7209416205207609
5188.0 0.7161770061886048
5190.0 0.7108805436283647
5192.0 0.7313154687084026
5194.0 0.7453670886352814
5196.0 0.7524716198663675
5198.0 0.7512607342205502
5200.0 0.7457679249227088
5202.0 0.7313954985982827
5204.0 0.7269549333307905
5206.0 0.7171630011406217
5208.0 0.704176513717654
5210.0 0.6986226034907314
5212.0 0.7074199454720798
5214.0 0.7208934598113517
5216.0 0.7509964718404993
5218.0 0.7871307563749794
5220.0 0.7710393384282616
5222.0 0.7722044239147272
5224.0 0.7685432595946694
5226.0 0.7609855940182149
5228.0 0.7730965944453816
5230.0 0.7761598164724711
5232.0 0.7836978939081338
5234.0 0.7955693930584926
5236.0 0.8022069595282727
5238.0 0.7923397342559658
5240.0 0.7833206651960705
5242.0 0.7744718114827882
5244.0 0.7576083275953035
5246.0 0.7391369064738809
5248.0 0.7246879020689493
5250.0 0.7071686892468859
5252.0 0.6946780441371347
5254.0 0.7013551550794491
5256.0 0.6998465762470212
5258.0 0.7020124802456679
5260.0 0.7139062848900972
5262.0 0.7065394947005839
5264.0 0.7155064264057445
5266.0 0.7035783350872524
5268.0 0.7050967819827333
5270.0 0.6996954086959393
5272.0 0.6857512915933796
5274.0 0.6917574243521529
5276.0 0.7071191062629556
5278.0 0.733625489259666
5280.0 0.740840394582702
5282.0 0.7246060996555742
5284.0 0.7325163502514217
5286.0 0.7252538125461246
5288.0 0.7115337584350954
5290.0 0.7042465334464599
5292.0 0.6980351400777145
5294.0 0.6997090792554685
5296.0 0.701467992671168
5298.0 0.684692787505131
5300.0 0.6811137605112026
5302.0 0.6950277219419992
5304.0 0.7138909200195829
5306.0 0.7270765817566581
5308.0 0.7182635217485392
5310.0 0.6946504596393399
5312.0 0.6972748673694965
5314.0 0.7016461053922862
5316.0 0.728107261848115
5318.0 0.7328602269829385
5320.0 0.7483713686073632
5322.0 0.7395922205795922
5324.0 0.7455850648059849
5326.0 0.758593363536431
5328.0 0.7846239263788022
5330.0 0.7890626780734946
5332.0 0.7983012249375282
5334.0 0.7904196391229119
5336.0 0.7900180424566776
5338.0 0.7859051080063119
5340.0 0.7776085328540163
5342.0 0.76554660430184
5344.0 0.7630935558838615
5346.0 0.7587520652074308
5348.0 0.7553502790751164
5350.0 0.760653279050622
5352.0 0.7623327362274656
5354.0 0.7360548578582456
5356.0 0.7277915072553784
5358.0 0.7533155377637237
5360.0 0.753933095161662
5362.0 0.7411402545144631
5364.0 0.7361927918251121
5366.0 0.7359855644458874
5368.0 0.7388091164363865
5370.0 0.7538872140705746
5372.0 0.7569718031967966
5374.0 0.762101425231433
5376.0 0.7762604931224164
5378.0 0.78842944027019
5380.0 0.8006073043610593
5382.0 0.8189525865082075
5384.0 0.829179324744695
5386.0 0.8152945240580797
5388.0 0.8028423146772055
5390.0 0.792568418576934
5392.0 0.7862799293993864
5394.0 0.7691793835841347
5396.0 0.7741753710405603
5398.0 0.7847489820961217
5400.0 0.7839087436497876
5402.0 0.7890635012877772
5404.0 0.7828834790811418
5406.0 0.7709001384074791
5408.0 0.7563162552829813
5410.0 0.7515779289934696
5412.0 0.7555403011454181
5414.0 0.7485664386778071
5416.0 0.740656654133656
5418.0 0.7447878710211006
5420.0 0.7553204523318083
5422.0 0.7792496660067472
5424.0 0.7931505212959237
5426.0 0.8013205882910049
5428.0 0.8050032440977554
5430.0 0.8066207953663789
5432.0 0.8030639976410991
5434.0 0.8109933573142777
5436.0 0.8102420669494809
5438.0 0.8124551459701432
5440.0 0.8214903193505987
5442.0 0.8244379010347872
5444.0 0.803017274645148
5446.0 0.8068664403369302
5448.0 0.8008535531505864
5450.0 0.7863517679894602
5452.0 0.7919711695910746
5454.0 0.7896402963018901
5456.0 0.7752515259390046
5458.0 0.7784858635467412
5460.0 0.7747977190811788
5462.0 0.7410713953101171
5464.0 0.7261211828053347
5466.0 0.7446175257454717
5468.0 0.7454816380220654
5470.0 0.7490506749551732
5472.0 0.7468119911763168
5474.0 0.7489951803665454
5476.0 0.7670531125621207
5478.0 0.7753446167438282
5480.0 0.778501556111014
5482.0 0.7758847297457577
5484.0 0.7848004324904905
5486.0 0.7829260094261249
5488.0 0.7737567381768314
5490.0 0.7615243178235219
5492.0 0.7673766341095243
5494.0 0.7636914514973221
5496.0 0.7518929275118373
5498.0 0.7394131733542258
5500.0 0.7291992723828532
5502.0 0.7260896444147662
5504.0 0.7432348335904904
5506.0 0.7619500705521475
5508.0 0.7635313856838174
5510.0 0.762120249279331
5512.0 0.7712385488285683
5514.0 0.7755372154135757
5516.0 0.7700979824208694
5518.0 0.7821761302824737
5520.0 0.7949282003745953
5522.0 0.8174144796675638
5524.0 0.856145293437421
5526.0 0.8784903190024737
5528.0 0.9245878923531372
5530.0 0.954456620983454
5532.0 0.9874398444621676
5534.0 0.9939156595541108
5536.0 0.9591963873511511
5538.0 0.923515315277275
5540.0 0.9020731220071407
5542.0 0.8907596088864972
5544.0 0.8721629013759628
5546.0 0.877592506353744
5548.0 0.8706976585212673
5550.0 0.8484178746832224
5552.0 0.8234495951885562
5554.0 0.8151901978870462
5556.0 0.8107358774434609
5558.0 0.8096929109009109
5560.0 0.797358810026523
5562.0 0.7813751940592208
5564.0 0.7656584088107391
5566.0 0.7583531921030849
5568.0 0.7460347249459451
5570.0 0.7373761050599543
5572.0 0.7330305994682766
5574.0 0.7506429932225049
5576.0 0.7548110450290572
5578.0 0.7517404100512377
5580.0 0.7374604185697077
5582.0 0.7177194330994936
5584.0 0.7028687721669534
5586.0 0.7092339061246766
5588.0 0.7224192599970694
5590.0 0.7261724465800787
5592.0 0.7345712376150281
5594.0 0.7183852484708204
5596.0 0.7042715248782769
5598.0 0.6857445090212686
5600.0 0.6766167428488594
5602.0 0.6671163154481676
5604.0 0.6777525061581711
5606.0 0.686290207820118
5608.0 0.6833885062712881
5610.0 0.6829638497811418
5612.0 0.6782582025989332
5614.0 0.680385091752254
5616.0 0.6936704020861176
5618.0 0.6976040368335141
5620.0 0.6897229285006925
5622.0 0.6864494303075624
5624.0 0.6647982335593572
5626.0 0.6678784827692896
5628.0 0.6792969973887434
5630.0 0.6692184542411264
5632.0 0.6709603676750511
5634.0 0.6712686817548689
5636.0 0.6745457816918918
5638.0 0.685389396085043
5640.0 0.6909610000538677
5642.0 0.7159952750016922
5644.0 0.7178344880962256
5646.0 0.7241017728533027
5648.0 0.7384263874433681
5650.0 0.7251657485863133
5652.0 0.719523084456154
5654.0 0.7363321216945449
5656.0 0.7210165217037786
5658.0 0.7343258626111184
5660.0 0.7489128910770539
5662.0 0.7394602559827645
5664.0 0.7322619865655681
5666.0 0.7561795710765433
5668.0 0.7664713712778546
5670.0 0.7518528847620065
5672.0 0.7533445557155007
5674.0 0.7612141274591111
5676.0 0.7884339715615825
5678.0 0.7997800182080523
5680.0 0.8001922369883538
5682.0 0.7966902331692542
5684.0 0.7915578500802134
5686.0 0.7992956596858216
5688.0 0.8108225884353302
5690.0 0.7944894480339679
5692.0 0.7806357560065632
5694.0 0.7948643658849597
5696.0 0.8129268401717425
5698.0 0.7992273911734397
5700.0 0.7629175498806277
5702.0 0.7500907754990425
5704.0 0.7540050605267272
5706.0 0.7570087506772891
5708.0 0.7862897867033186
5710.0 0.809993440906608
5712.0 0.7960563288101153
5714.0 0.7674109339430059
5716.0 0.7745230684259641
5718.0 0.7954421065913506
5720.0 0.7689447759935503
5722.0 0.7564489636723472
5724.0 0.7591608983332621
5726.0 0.7538517488481691
5728.0 0.745516028818931
5730.0 0.7482625483211022
5732.0 0.757963149088658
5734.0 0.7632748283210371
5736.0 0.7617717657378495
5738.0 0.7668192603150212
5740.0 0.7815103439370331
5742.0 0.7998414848416145
5744.0 0.8029608198243435
5746.0 0.7760993168431795
5748.0 0.7605517979091861
5750.0 0.7415818475748356
5752.0 0.7254744216787793
5754.0 0.7202276492966638
5756.0 0.7332104616468462
5758.0 0.7419622478738261
5760.0 0.7412517274930733
5762.0 0.7540136482994558
5764.0 0.7448611807848676
5766.0 0.725569007300149
5768.0 0.7337589507452877
5770.0 0.7489218032788447
5772.0 0.7590157059114144
5774.0 0.7430146170306979
5776.0 0.7281892988031609
5778.0 0.7274636675594094
5780.0 0.7151283980218128
5782.0 0.7080670482331031
5784.0 0.6957133532633519
5786.0 0.6748850822958001
5788.0 0.6504980393815699
5790.0 0.6459044017941066
5792.0 0.6558631682986171
5794.0 0.6743861307815799
5796.0 0.6672638733833081
5798.0 0.6477271497346125
5800.0 0.6164960406588564
5802.0 0.6177398702720075
5804.0 0.6117461041960127
5806.0 0.5874064693993873
5808.0 0.5846239892205854
5810.0 0.5741282253233901
5812.0 0.5834808537525394
5814.0 0.5944861706549481
5816.0 0.5943143305001918
5818.0 0.5948986320359975
5820.0 0.601764291992539
5822.0 0.6005941290666349
5824.0 0.6095540783721979
5826.0 0.614665866503632
5828.0 0.6025849036341486
5830.0 0.6031921690016314
5832.0 0.6096141192684523
5834.0 0.5963732552555883
5836.0 0.588202725905845
5838.0 0.5787605158743304
5840.0 0.5707200704250351
5842.0 0.5807340171223687
5844.0 0.5709023171263572
5846.0 0.5702149835699254
5848.0 0.576165218008656
5850.0 0.5694029738306737
5852.0 0.5738158923967216
5854.0 0.5844890162572943
5856.0 0.6012403285819277
5858.0 0.6120241858021545
5860.0 0.6213873318851098
5862.0 0.6342773032150734
5864.0 0.6442091125435693
5866.0 0.6608885218757197
5868.0 0.6677630692996225
5870.0 0.672390280377457
5872.0 0.6808578622848623
5874.0 0.6913164157833807
5876.0 0.6972605626729698
5878.0 0.7034442149749096
5880.0 0.7080452987499954
5882.0 0.7138506899305537
5884.0 0.7274871071420056
5886.0 0.7418745691041126
5888.0 0.7465791789944447
5890.0 0.7420761159693756
5892.0 0.7496510792270099
5894.0 0.7549987118336973
5896.0 0.7504533002984419
5898.0 0.7488147622597391
5900.0 0.7590839431703165
5902.0 0.7698152041825168
5904.0 0.7926471188932992
5906.0 0.7829854077561821
5908.0 0.7872996884710447
5910.0 0.800621965140837
5912.0 0.8209076860232613
5914.0 0.8100171105094449
5916.0 0.8009415651528473
5918.0 0.803577813882553
5920.0 0.8248010706335746
5922.0 0.820998794077293
5924.0 0.8173096531715006
5926.0 0.7922928852982032
5928.0 0.7661840570045356
5930.0 0.7851644318808931
5932.0 0.8144831907072081
5934.0 0.8058767894805684
5936.0 0.7915418676792662
5938.0 0.8002815574712864
5940.0 0.782647361617923
5942.0 0.7841159320657098
5944.0 0.7931776278489273
5946.0 0.7740978209149021
5948.0 0.7624568050896188
5950.0 0.7501072227671524
5952.0 0.7398618353808755
5954.0 0.7471605991387086
5956.0 0.7437293270690705
5958.0 0.7273263826084135
5960.0 0.7084072679063931
5962.0 0.7075576546198115
5964.0 0.7104881050746781
5966.0 0.7222718591270093
5968.0 0.7382700439323348
5970.0 0.7288006531415276
5972.0 0.7224600803288019
5974.0 0.7140795715283357
5976.0 0.7082585989563558
5978.0 0.7121830260503232
5980.0 0.7160608863123071
5982.0 0.7316877635310617
5984.0 0.7338104903724634
5986.0 0.7339018746682313
5988.0 0.7534526045559732
5990.0 0.76331485067274
5992.0 0.7661529452976509
5994.0 0.7734572211006506
5996.0 0.7825764187021621
5998.0 0.7680201640240708
6000.0 0.7680386964643355
6002.0 0.7431476299091473
6004.0 0.711367288046745
6006.0 0.6922164782870427
6008.0 0.6949010267483074
6010.0 0.7110544692380296
6012.0 0.7200135768423624
6014.0 0.7143319600988614
6016.0 0.7051590303716486
6018.0 0.7045844478518782
6020.0 0.6994511223433076
6022.0 0.6909172012113985
6024.0 0.6890530933157736
6026.0 0.6813661458121405
6028.0 0.6874637428140384
6030.0 0.6817094891969347
6032.0 0.6699959436395967
6034.0 0.6823821443883136
6036.0 0.7043965036867254
6038.0 0.7194410719165534
6040.0 0.7220432296988704
6042.0 0.7112160624714192
6044.0 0.7093975547577515
6046.0 0.7241600002032126
6048.0 0.7117545823200147
6050.0 0.7054888082856831
6052.0 0.705880090158454
6054.0 0.711721518382634
6056.0 0.7181769559793498
6058.0 0.7205550882298278
6060.0 0.7087921759910045
6062.0 0.7005786181002989
6064.0 0.6929624157214217
6066.0 0.7025862634459712
6068.0 0.7059985464894158
6070.0 0.6975592538277816
6072.0 0.6906097013541485
6074.0 0.6936288928127127
6076.0 0.7081345734387743
6078.0 0.7067964717926909
6080.0 0.6938567667991795
6082.0 0.6820489645542394
6084.0 0.6717906820532042
6086.0 0.6773954075991523
6088.0 0.6799635611795822
6090.0 0.6924304580380924
6092.0 0.7121298707136823
6094.0 0.7184152814870263
6096.0 0.7160479650500585
6098.0 0.7048831563044202
6100.0 0.6891074018633948
6102.0 0.675573839319343
6104.0 0.6740197123895308
6106.0 0.6625635210470198
6108.0 0.6536293252141671
6110.0 0.6527088011864615
6112.0 0.650522434291445
6114.0 0.6553358471990662
6116.0 0.6458799263898629
6118.0 0.6413330818232595
6120.0 0.6265393379311631
6122.0 0.6108383977003025
6124.0 0.5985152181301739
6126.0 0.6078973712738719
6128.0 0.6194056408462546
6130.0 0.6515527596005011
6132.0 0.6665650857717281
6134.0 0.6788126010732268
6136.0 0.6823877454497936
6138.0 0.6893704932995877
6140.0 0.6955001711839827
6142.0 0.6979365648130906
6144.0 0.7072459760212596
6146.0 0.7277453789035097
6148.0 0.7280895424575976
6150.0 0.7206704713173001
6152.0 0.716629039471248
6154.0 0.7088448420323616
6156.0 0.69963756097073
6158.0 0.7007316682600807
6160.0 0.695011583942906
6162.0 0.7061796473296991
6164.0 0.705041493602422
6166.0 0.6985713439381865
6168.0 0.6814608122021796
6170.0 0.6716927296151987
6172.0 0.6615634418013464
6174.0 0.6499160789421546
6176.0 0.642669855288664
6178.0 0.6450299033276078
6180.0 0.6374916786130811
6182.0 0.6328234419674444
6184.0 0.6431515990192948
6186.0 0.6462647879323575
6188.0 0.6497113149678942
6190.0 0.6502363395282663
6192.0 0.6397019142172038
6194.0 0.6259286152426655
6196.0 0.6187473590419438
6198.0 0.6257674136349556
6200.0 0.6242913106678656
6202.0 0.6118451867209983
6204.0 0.6237501893597623
6206.0 0.6361769286916983
6208.0 0.6440709609503804
6210.0 0.6450867221490971
6212.0 0.6232277506228021
6214.0 0.6180709373734504
6216.0 0.6378889584437696
6218.0 0.6221918081929202
6220.0 0.6106909069131374
6222.0 0.6002795025774108
6224.0 0.5982709541154402
6226.0 0.6122078267930353
6228.0 0.6128817986767018
6230.0 0.596892533059817
6232.0 0.5946626004334535
6234.0 0.595826244481629
6236.0 0.6042986338136218
6238.0 0.6279602756293852
6240.0 0.647788813406107
6242.0 0.6561784898676658
6244.0 0.6510757711357787
6246.0 0.6622580931961038
6248.0 0.6637562322161572
6250.0 0.6561190697528868
6252.0 0.6455147624146423
6254.0 0.6644218064150912
6256.0 0.6853492619432255
6258.0 0.688760024052938
6260.0 0.6634318882521937
6262.0 0.6625552740454475
6264.0 0.6699173994246428
6266.0 0.6618564933487313
6268.0 0.6590547079492816
6270.0 0.6525340003602205
6272.0 0.6563126128232709
6274.0 0.6712811617270895
6276.0 0.6896508689476498
6278.0 0.6986691661425661
6280.0 0.69546923909107
6282.0 0.6885781973343178
6284.0 0.6837875952068253
6286.0 0.6616938060638459
6288.0 0.6375353499825567
6290.0 0.6338976848966439
6292.0 0.6439430086997562
6294.0 0.6581372029766349
6296.0 0.6541692689116089
6298.0 0.644435089960053
6300.0 0.6357453419982146
6302.0 0.6336043285552047
6304.0 0.643208956777106
6306.0 0.6649510806904749
6308.0 0.6740360932464041
6310.0 0.6879078446426942
6312.0 0.694509842794724
6314.0 0.6925189121149898
6316.0 0.6695816319536321
6318.0 0.6619235144541884
6320.0 0.6426713661514118
6322.0 0.6378401604372981
6324.0 0.6391836205835911
6326.0 0.6461890173971502
6328.0 0.6461258434646046
6330.0 0.6596515429237209
6332.0 0.6658701489775483
6334.0 0.6542225058702171
6336.0 0.6557458030768207
6338.0 0.6561963150951293
6340.0 0.6525733168978585
6342.0 0.6649381837856578
6344.0 0.6700425031167084
6346.0 0.6731100164315117
6348.0 0.6888180387689825
6350.0 0.6703082094494142
6352.0 0.6590154960781914
6354.0 0.6664026512013093
6356.0 0.6542497892162504
6358.0 0.6521097297683476
6360.0 0.6540812984186724
6362.0 0.6628968811770991
6364.0 0.6676546071745483
6366.0 0.6720680286623281
6368.0 0.6645076116685436
6370.0 0.6617557021788333
6372.0 0.6611604261034884
6374.0 0.6536626496273835
6376.0 0.6320373114599855
6378.0 0.6325469993724823
6380.0 0.6364965553458755
6382.0 0.6303767020616441
6384.0 0.6164656396123641
6386.0 0.620003618504809
6388.0 0.631273928428039
6390.0 0.6392249393290798
6392.0 0.6272582543939875
6394.0 0.6160071919362875
6396.0 0.6158703119722359
6398.0 0.6171853266796962
6400.0 0.618454949585006
6402.0 0.6233419205510305
6404.0 0.6154990729270503
6406.0 0.61140352815235
6408.0 0.6083752790826115
6410.0 0.5963198696421945
6412.0 0.5957248181458903
6414.0 0.5919478420817873
6416.0 0.5919262576056609
6418.0 0.5934338555290988
6420.0 0.5913518767312235
6422.0 0.5927956263849824
6424.0 0.5942628568877624
6426.0 0.5923077496143034
6428.0 0.5843359604537021
6430.0 0.5753330885042645
6432.0 0.5710105584531752
6434.0 0.5759286831819288
6436.0 0.5812746010280517
6438.0 0.5860183941154199
6440.0 0.5748679702308392
6442.0 0.5634160955410046
6444.0 0.5527304729588559
6446.0 0.5491315344337054
6448.0 0.5547238635379268
6450.0 0.560064040274235
6452.0 0.5617294501809802
6454.0 0.5446806986038577
6456.0 0.5185156200886364
6458.0 0.5048473173652805
6460.0 0.5027082086865294
6462.0 0.4919703188093705
6464.0 0.4627961900121121
6466.0 0.4463532517192979
6468.0 0.42263181627052593
6470.0 0.3927013659617108
6472.0 0.39043715404211
6474.0 0.3991311066528025
6476.0 0.40535372365036065
6478.0 0.40676072878393743
6480.0 0.4224204444269436
6482.0 0.42560407509785514
6484.0 0.4358474785930515
6486.0 0.4541467147700907
6488.0 0.4678864413193306
6490.0 0.47423155422033747
6492.0 0.48305484681703054
6494.0 0.4975995500383875
6496.0 0.5250900537511637
6498.0 0.5365011071629139
6500.0 0.5546767733681562
6502.0 0.5704837754994047
6504.0 0.5869566519296742
6506.0 0.5967435505362533
6508.0 0.5978527526416835
6510.0 0.6156412062839934
6512.0 0.6375741933559708
6514.0 0.6604778855946205
6516.0 0.6958363781227311
6518.0 0.7235358654813598
6520.0 0.7362021711546812
6522.0 0.7591568051110222
6524.0 0.772348010607919
6526.0 0.7929347597814635
6528.0 0.8032005510009742
6530.0 0.808162802734181
6532.0 0.8119896482121763
6534.0 0.8282910160600065
6536.0 0.8279376515245497
6538.0 0.8382476729043337
6540.0 0.8467527028985895
6542.0 0.8777689196059827
6544.0 0.8861422261042466
6546.0 0.9009213325282555
6548.0 0.911009832518965
6550.0 0.9345576634516896
6552.0 0.9607161313357974
6554.0 0.9828568647356788
6556.0 0.9950602975767295
6558.0 0.9888109069926815
6560.0 0.9801137126857211
6562.0 0.9713548971373973
6564.0 0.9661240748273653
6566.0 0.9653263542979107
6568.0 0.9573173588999724
6570.0 0.9607901807817626
6572.0 0.9702498008686298
6574.0 0.9765290922213798
6576.0 0.9727912806096417
6578.0 0.965006542956908
6580.0 0.9621542971287738
6582.0 0.9512613651016807
6584.0 0.9552748227401294
6586.0 0.9686651977541464
6588.0 0.9852198981575472
6590.0 1.0
6592.0 0.978090746829794
6594.0 0.9486130758119553
6596.0 0.9244613764774019
6598.0 0.9155496398392594
6600.0 0.9207104470347062
6602.0 0.932040038365081
6604.0 0.9260187545141625
6606.0 0.9279793466084416
6608.0 0.9328962982119298
6610.0 0.9194068722015231
6612.0 0.9206449098714125
6614.0 0.9202202105891816
6616.0 0.9027264239295235
6618.0 0.8981263426369858
6620.0 0.8982682709037375
6622.0 0.9020816599390731
6624.0 0.8907350207180734
6626.0 0.8828795917972203
6628.0 0.8783579317590136
6630.0 0.8591909766924014
6632.0 0.8383304731408305
6634.0 0.818112036584662
6636.0 0.7914083368158759
6638.0 0.777674661298835
6640.0 0.7658284910837452
6642.0 0.7492177069838953
6644.0 0.7393325356366984
6646.0 0.729183469110657
6648.0 0.7042301001971712
6650.0 0.6939120372370491
6652.0 0.6938070256871038
6654.0 0.6964021949026479
6656.0 0.6967507653632958
6658.0 0.6952579634840365
6660.0 0.6873508338168308
6662.0 0.6861449440101421
6664.0 0.6867387000678553
6666.0 0.6916657247075599
6668.0 0.6867952632404295
6670.0 0.6868200919062273
6672.0 0.6864759064449697
6674.0 0.6928190526073063
6676.0 0.6808355220560018
6678.0 0.6645158938181338
6680.0 0.6538481308212742
6682.0 0.6471771693475394
6684.0 0.6391117258956702
6686.0 0.6390325828372267
6688.0 0.645801205507188
6690.0 0.6438011655156454
6692.0 0.644061706869351
6694.0 0.6396600718205236
6696.0 0.635764273072012
6698.0 0.6450173359268163
6700.0 0.64632373993145
6702.0 0.6375663427988744
6704.0 0.6259175712861392
6706.0 0.624879232353942
6708.0 0.6236842709448
6710.0 0.6286160504941656
6712.0 0.6283165369850952
6714.0 0.6443712275605947
6716.0 0.647001815086247
6718.0 0.6521890216212676
6720.0 0.6688881509736223
6722.0 0.6716666217771579
6724.0 0.6634963800341664
6726.0 0.6357299985204491
6728.0 0.6151715067144178
6730.0 0.6095086994589668
6732.0 0.6015102675518332
6734.0 0.6129030903915821
6736.0 0.611303895068303
6738.0 0.6063894887356855
6740.0 0.6007310357675145
6742.0 0.5948872682521248
6744.0 0.5853965288465869
6746.0 0.586804757582196
6748.0 0.5907013681341778
6750.0 0.5870635522280571
6752.0 0.5838171319728999
6754.0 0.5917758615929594
6756.0 0.5981599924252767
6758.0 0.6069785254405484
6760.0 0.6036784082253018
6762.0 0.5918704083653014
6764.0 0.5827714607707386
6766.0 0.5762602921242614
6768.0 0.5739779035677993
6770.0 0.5754786637996493
6772.0 0.5779958368796176
6774.0 0.5789959234804731
6776.0 0.5798293358331681
6778.0 0.5872994102461008
6780.0 0.5870518833813646
6782.0 0.5820573033848734
6784.0 0.565625416335652
6786.0 0.5585835116756278
6788.0 0.5526425525926886
6790.0 0.5470462842445083
6792.0 0.5457014483835171
6794.0 0.5520369450687828
6796.0 0.5556058688645766
6798.0 0.5659642677240773
6800.0 0.564618401052022
6802.0 0.5523427091659185
6804.0 0.55161220074674
6806.0 0.5559018899003804
6808.0 0.5514645510355612
6810.0 0.540596810496029
6812.0 0.5344911589987649
6814.0 0.5314960474253629
6816.0 0.5287447165799781
6818.0 0.526643289920716
6820.0 0.5249939343490645
6822.0 0.5231093903095139
6824.0 0.5188805190897997
6826.0 0.5292797494579694
6828.0 0.5418671800916682
6830.0 0.5627044966232763
6832.0 0.5608352621881468
6834.0 0.550998207096754
6836.0 0.5404188032529033
6838.0 0.5297310860485259
6840.0 0.5272417899683137
6842.0 0.5348818319459949
6844.0 0.5413801295251435
6846.0 0.5385503072093134
6848.0 0.5402738679538028
6850.0 0.5428378093331502
6852.0 0.5419668465948434
6854.0 0.5418779464989297
6856.0 0.5538656488937066
6858.0 0.5554276231659182
6860.0 0.5458600912674267
6862.0 0.530275409364179
6864.0 0.5355913514660967
6866.0 0.5460303467017945
6868.0 0.5481696502493849
6870.0 0.5504940377128151
6872.0 0.547806300870305
6874.0 0.5377553038650214
6876.0 0.5436608188165745
6878.0 0.5416963692416016
6880.0 0.534727216811836
6882.0 0.5378644971846557
6884.0 0.548586650172912
6886.0 0.5507615931212156
6888.0 0.5419956831944512
6890.0 0.5539653129026866
6892.0 0.5568115884116733
6894.0 0.550798005491493
6896.0 0.5408481299857322
6898.0 0.5287840248355816
6900.0 0.5173068938438783
6902.0 0.5133707548782813
6904.0 0.5192466810482329
6906.0 0.525774192647337
6908.0 0.5356855555182714
6910.0 0.5266639875302218
6912.0 0.5182292066150815
6914.0 0.5207888530839728
6916.0 0.5308000966841441
6918.0 0.5307946457600138
6920.0 0.5301797002037635
6922.0 0.5258356693322561
6924.0 0.535951915823428
6926.0 0.541486311132698
6928.0 0.5403171918739085
6930.0 0.5278642444574291
6932.0 0.5252679483419608
6934.0 0.5162043338129022
6936.0 0.5152946362088043
6938.0 0.5137081696549674
6940.0 0.5185730902386947
6942.0 0.5333404163889984
6944.0 0.5397002094887421
6946.0 0.5449293360139084
6948.0 0.555498849771562
6950.0 0.5465937259054441
6952.0 0.5448221359109889
6954.0 0.551621161941841
6956.0 0.5530357067126633
6958.0 0.5503860751159507
6960.0 0.5507650811594443
6962.0 0.5479067019299677
6964.0 0.5385922859279921
6966.0 0.521570171276262
6968.0 0.5084164872475325
6970.0 0.5110128291638734
6972.0 0.5220013778500878
6974.0 0.5198191254493673
6976.0 0.5264780771600037
6978.0 0.537990126634409
6980.0 0.544962001937589
6982.0 0.5478234059975339
6984.0 0.5465852719645883
6986.0 0.5395683544019455
6988.0 0.5328866965635368
6990.0 0.5414110307369663
6992.0 0.5664346081431901
6994.0 0.5782320942550059
6996.0 0.5801948366990722
6998.0 0.5789386522993942
7000.0 0.5811060479430619
7002.0 0.5751783178041184
7004.0 0.5744183573596958
7006.0 0.580569159717971
7008.0 0.5855647184834691
7010.0 0.5919048667590542
7012.0 0.5916916554370438
7014.0 0.5825688844517881
7016.0 0.5826545323489182
7018.0 0.5785323076815435
7020.0 0.5752094397465763
7022.0 0.5794890039669123
7024.0 0.5737595260124522
7026.0 0.572713180247598
7028.0 0.5710705025020918
7030.0 0.5760683255325839
7032.0 0.5757928169010891
7034.0 0.5755943419558984
7036.0 0.5696547873885996
7038.0 0.5606565767172856
7040.0 0.5535354592466816
7042.0 0.5537719867576066
7044.0 0.5458624626485528
7046.0 0.550502593590991
7048.0 0.5464507472826293
7050.0 0.5395372660642054
7052.0 0.5440288339791824
7054.0 0.5381403601331698
7056.0 0.5202192477355853
7058.0 0.5166728556788918
7060.0 0.5202494275052573
7062.0 0.521467100331678
7064.0 0.5349967070114344
7066.0 0.5549373431634338
7068.0 0.5612452657681927
7070.0 0.5519831903143151
7072.0 0.5456380659014534
7074.0 0.5437138503694711
7076.0 0.5481702056456004
7078.0 0.5444602217163251
7080.0 0.5445456167712165
7082.0 0.5426916449969388
7084.0 0.557330613874928
7086.0 0.5689196922319241
7088.0 0.5728970668756511
7090.0 0.5782102184904007
7092.0 0.571258782597705
7094.0 0.5448121209631173
7096.0 0.5277133945447128
7098.0 0.5308135235688402
7100.0 0.5424680292883717
7102.0 0.5532894710592642
7104.0 0.5526189749515905
7106.0 0.5534831896985835
7108.0 0.5419014123857069
7110.0 0.5331740719592258
7112.0 0.5191939618427592
7114.0 0.5153970068451231
7116.0 0.520565323536879
7118.0 0.52334338480043
7120.0 0.5167077085098946
7122.0 0.5053468688450246
7124.0 0.5060800001497835
7126.0 0.5039312280795266
7128.0 0.5087903926818741
7130.0 0.5022256657065344
7132.0 0.4963754475683793
7134.0 0.49556474146157564
7136.0 0.502640471942225
7138.0 0.5062408415876457
7140.0 0.5086049524696404
7142.0 0.5105049934160112
7144.0 0.4977907664183011
7146.0 0.4865948287617241
7148.0 0.49074266207970646
7150.0 0.5135568413356044
7152.0 0.5305894164538955
7154.0 0.5349608581697038
7156.0 0.5332704197586727
7158.0 0.5399091463454542
7160.0 0.5534781876587722
7162.0 0.5511394319390274
7164.0 0.5444767003051981
7166.0 0.5374902647910437
7168.0 0.5232497831783113
7170.0 0.5209314813631941
7172.0 0.5152478424239055
7174.0 0.5168960925468665
7176.0 0.5150320686480956
7178.0 0.5185514573617023
7180.0 0.5247828990916772
7182.0 0.5207917406611379
7184.0 0.5244796069760893
7186.0 0.5220635302118094
7188.0 0.5132650683834237
7190.0 0.5147498247982752
7192.0 0.5100980087028436
7194.0 0.5080547845661412
7196.0 0.49750140902354145
7198.0 0.4961419570835478
7200.0 0.5002850524793698
7202.0 0.5045068979399839
7204.0 0.5188026869503426
7206.0 0.5343042098027937
7208.0 0.5378406065558846
7210.0 0.5408844049332326
7212.0 0.5508149179255802
7214.0 0.5676867369924612
7216.0 0.5720386205726163
7218.0 0.5752950651345846
7220.0 0.5723718492855877
7222.0 0.5709256567903164
7224.0 0.5567939546421001
7226.0 0.5708313894930249
7228.0 0.5759738605195223
7230.0 0.5506555795546769
7232.0 0.5324908269861555
7234.0 0.5358497846666824
7236.0 0.5254040944766517
7238.0 0.5076378377646859
7240.0 0.505002183241891
7242.0 0.5093764515381277
7244.0 0.5114620375095126
7246.0 0.5123039468888382
7248.0 0.5120773789252417
7250.0 0.5039545170395213
7252.0 0.4885490351295691
7254.0 0.4899938606356172
7256.0 0.49395172978775687
7258.0 0.490721753978125
7260.0 0.4965944833918618
7262.0 0.4949520199936548
7264.0 0.4923025583034461
7266.0 0.5011680099596498
7268.0 0.5020179381475477
7270.0 0.49286029488413463
7272.0 0.48926015710521686
7274.0 0.4968599768309932
7276.0 0.515196580858434
7278.0 0.5267473207753203
7280.0 0.5342391811329301
7282.0 0.5269981161391024
7284.0 0.5046713926637606
7286.0 0.49410940402194675
7288.0 0.4969827393068118
7290.0 0.4976780273560481
7292.0 0.4997038040408864
7294.0 0.5057976815375809
7296.0 0.5064368163640159
7298.0 0.5225341024582965
7300.0 0.5345384707491725
7302.0 0.5386557120319158
7304.0 0.5277440554238689
7306.0 0.527798249278351
7308.0 0.5318127759908272
7310.0 0.5385451937879284
7312.0 0.5520242164932361
7314.0 0.5536775890531958
7316.0 0.564295050259759
7318.0 0.5700765973737927
7320.0 0.5611244479811504
7322.0 0.5628324387472764
7324.0 0.5542147254715856
7326.0 0.5427638271224735
7328.0 0.5421847956921815
7330.0 0.5333906908377278
7332.0 0.5396819645115646
7334.0 0.5330523470175978
7336.0 0.524954300731951
7338.0 0.5255809848413321
7340.0 0.5334343890207264
7342.0 0.5283853062053935
7344.0 0.5286107929087625
7346.0 0.5294545989601696
7348.0 0.5289435745993655
7350.0 0.5306110529520529
7352.0 0.5403234171953569
7354.0 0.5470425568126235
7356.0 0.5419921018107517
7358.0 0.5410691752159547
7360.0 0.5418697382724901
7362.0 0.5507470830639873
7364.0 0.5487606375731151
7366.0 0.5419452121966283
7368.0 0.5446292856453276
7370.0 0.5421200246843536
7372.0 0.5440459455454724
7374.0 0.5333587375470662
7376.0 0.5029183827654153
7378.0 0.4964503912741616
7380.0 0.48584943470912173
7382.0 0.4819435317707922
7384.0 0.4911005329840527
7386.0 0.5047420819501051
7388.0 0.5301408662617545
7390.0 0.5310392074896083
7392.0 0.5079638917055684
7394.0 0.4984805563317084
7396.0 0.4984560710907917
7398.0 0.4974677173942498
7400.0 0.5021618998524702
7402.0 0.5159611543122512
7404.0 0.5243589057001503
7406.0 0.5211378348637421
7408.0 0.5194724006203173
7410.0 0.520582598006889
7412.0 0.5174937809529823
7414.0 0.5185112763371599
7416.0 0.5241746694010145
7418.0 0.5024281073005686
7420.0 0.4967889352951924
7422.0 0.49772288529681125
7424.0 0.5000062059044305
7426.0 0.5004813739202225
7428.0 0.49613058249768327
7430.0 0.49168443860983146
7432.0 0.47600038299996267
7434.0 0.47457088789210516
7436.0 0.47953796965180967
7438.0 0.47090391814999405
7440.0 0.47788289203204937
7442.0 0.4823865236868339
7444.0 0.4929802818370441
7446.0 0.49086871688839695
7448.0 0.5068174003247916
7450.0 0.5186334393380044
7452.0 0.507736006049907
7454.0 0.5098174779850981
7456.0 0.5288241592495587
7458.0 0.5298346245640406
7460.0 0.5335568823706077
7462.0 0.5286715478575392
7464.0 0.5247373666239765
7466.0 0.5209213977749282
7468.0 0.5003727745875244
7470.0 0.48555687204201664
7472.0 0.49107488210292666
7474.0 0.4916042723256045
7476.0 0.4931647880083104
7478.0 0.49226950857260654
7480.0 0.49007424685206674
7482.0 0.496738688319344
7484.0 0.4992802621409903
7486.0 0.495436593047388
7488.0 0.48811918486402184
7490.0 0.47765634434387916
7492.0 0.47570415071421235
7494.0 0.4682775576689039
7496.0 0.4671218702981688
7498.0 0.48447997702714796
7500.0 0.48651524126604456
7502.0 0.4846949937438366
7504.0 0.4826918428784335
7506.0 0.4748830163064005
7508.0 0.4723221543087524
7510.0 0.47229412260653747
7512.0 0.4759075519557827
7514.0 0.4739863831236421
7516.0 0.4635691501711383
7518.0 0.46224993844773554
7520.0 0.45649511179497915
7522.0 0.4556435605924616
7524.0 0.4594296817331759
7526.0 0.46016232806753693
7528.0 0.4568782799371242
7530.0 0.4542017227743886
7532.0 0.45049902654439394
7534.0 0.4409928976435445
7536.0 0.4349798660696447
7538.0 0.42559055238326576
7540.0 0.41674780350527035
7542.0 0.4105589633903071
7544.0 0.4082963416501051
7546.0 0.3968671846118821
7548.0 0.39234906829337646
7550.0 0.3913839053856948
7552.0 0.38824903446491427
7554.0 0.3866416496256577
7556.0 0.38500525732423174
7558.0 0.39289114169947786
7560.0 0.39245158260489077
7562.0 0.39243774575719165
7564.0 0.391534849415203
7566.0 0.3915563940756643
7568.0 0.3890199916343551
7570.0 0.37711270568742905
7572.0 0.381704040110208
7574.0 0.39071567401681634
7576.0 0.3874728872349297
7578.0 0.38670080925762096
7580.0 0.38793417563076515
7582.0 0.3941055780178689
7584.0 0.39475826590981833
7586.0 0.389049110575641
7588.0 0.3888616978721875
7590.0 0.39213761841570705
7592.0 0.4020738148132655
7594.0 0.40181739691317925
7596.0 0.40355879731173283
7598.0 0.4074585331880327
7600.0 0.4143174965571752
7602.0 0.4252193128838344
7604.0 0.43327695182930964
7606.0 0.43774027029614876
7608.0 0.4353335865823653
7610.0 0.4352614240664425
7612.0 0.4392008689536107
7614.0 0.4349047181061058
7616.0 0.4241632578506924
7618.0 0.42416585962223574
7620.0 0.4275179383078717
7622.0 0.43110715622898604
7624.0 0.438503390360238
7626.0 0.43700259801409147
7628.0 0.4356272128420852
7630.0 0.4448214328711742
7632.0 0.4541519537623434
7634.0 0.4535085838319442
7636.0 0.45508321101116384
7638.0 0.4531899320989952
7640.0 0.44260696299874663
7642.0 0.4413039692453894
7644.0 0.44906778525240215
7646.0 0.46721610636211985
7648.0 0.47404068983468167
7650.0 0.4672907386781002
7652.0 0.46982717405587265
7654.0 0.46937095167196197
7656.0 0.462249860391934
7658.0 0.4764784153289803
7660.0 0.48532999732591886
7662.0 0.47107274367836016
7664.0 0.4693066630614969
7666.0 0.4709260617814705
7668.0 0.4558678244466373
7670.0 0.4576604141699006
7672.0 0.47252748643488335
7674.0 0.4648073154355706
7676.0 0.4533613508673334
7678.0 0.44268502753506694
7680.0 0.43943024433206257
7682.0 0.4444655548616276
7684.0 0.45669806503351257
7686.0 0.45274582076520475
7688.0 0.45206679490089924
7690.0 0.4566781415289929
7692.0 0.4543597419985289
7694.0 0.46465842338708985
7696.0 0.4822248667862181
7698.0 0.4670706177227105
7700.0 0.46107914143973966
7702.0 0.4676384006934038
7704.0 0.4684095263902483
7706.0 0.46670241665779394
7708.0 0.4662688328614839
7710.0 0.46435695479491046
7712.0 0.46414607835647864
7714.0 0.44338595021031624
7716.0 0.43110560012450694
7718.0 0.4266554768686644
7720.0 0.43792899734549107
7722.0 0.4420586159677196
7724.0 0.4522679878528643
7726.0 0.4565895026499173
7728.0 0.4551128028861253
7730.0 0.46222961987283134
7732.0 0.46248723242594914
7734.0 0.4559720222743267
7736.0 0.4617601070823611
7738.0 0.4639767028822085
7740.0 0.4621869073654439
7742.0 0.45698429567628146
7744.0 0.45492619798702594
7746.0 0.4577077053916949
7748.0 0.46385796351505554
7750.0 0.4665839449773314
7752.0 0.46873752111014994
7754.0 0.4683148702493545
7756.0 0.4694816260584922
7758.0 0.4728496731629584
7760.0 0.4734905617906787
7762.0 0.47427842949886967
7764.0 0.4748521713525599
7766.0 0.47630414265712157
7768.0 0.4762012095389759
7770.0 0.4779820531660648
7772.0 0.47814580433811144
7774.0 0.47922421203699966
7776.0 0.4791950074413505
7778.0 0.4799719881559456
7780.0 0.4800505845355538
7782.0 0.4806820856105646
7784.0 0.481597459325662
7786.0 0.48194509520882645
7788.0 0.48360293078127825
7790.0 0.4838682087890964
7792.0 0.48538904027030083
7794.0 0.48399685979023727
7796.0 0.4864408969149228
7798.0 0.4805018771119638
7800.0 0.4851822683233007
7802.0 0.4876506354215709
7804.0 0.4844760964318882
7806.0 0.48265588572352514
7808.0 0.48681217863458726
7810.0 0.4847970473367091
7812.0 0.47509312392696035
7814.0 0.471976067929223
7816.0 0.47889764299959436
7818.0 0.48156501087145215
7820.0 0.47532058730142385
7822.0 0.4773587323713024
7824.0 0.47977857068259244
7826.0 0.4720486889010332
7828.0 0.4728558552714584
7830.0 0.4534694943879312
7832.0 0.4521430799350787
7834.0 0.44656679066200666
7836.0 0.43570798109278447
7838.0 0.4233714969091358
7840.0 0.4284123584970898
7842.0 0.43468436669365745
7844.0 0.4386207072593221
7846.0 0.43783829423702464
7848.0 0.4268210970386435
7850.0 0.41215345182481944
7852.0 0.4099777520720335
7854.0 0.41178335690946805
7856.0 0.4091853277559914
7858.0 0.40944836862238865
7860.0 0.4107052706215495
7862.0 0.41618228276573693
7864.0 0.42768822009313584
7866.0 0.4356815331117805
7868.0 0.4386017002159119
7870.0 0.43748607213930046
7872.0 0.4416292544768485
7874.0 0.44759406869193863
7876.0 0.44242784791560164
7878.0 0.426296728410098
7880.0 0.42218492046827577
7882.0 0.40814252075652335
7884.0 0.40806158214710336
7886.0 0.43640040504142935
7888.0 0.43289206116688544
7890.0 0.4389989847550875
7892.0 0.448660761073033
7894.0 0.44049828291107823
7896.0 0.4264636675049205
7898.0 0.42569236803126237
7900.0 0.4300769272164719
7902.0 0.4333843866041573
7904.0 0.4344977701646584
7906.0 0.4330645958167857
7908.0 0.4377254017783226
7910.0 0.43531946449832687
7912.0 0.4299711817193725
7914.0 0.44905589381925953
7916.0 0.4536696597120188
7918.0 0.44057709044313575
7920.0 0.43866699596576014
7922.0 0.44377561927281417
7924.0 0.43180863882161674
7926.0 0.42478257018089244
7928.0 0.43276349512274875
7930.0 0.4434680983710384
7932.0 0.4516743387097597
7934.0 0.4508558040226265
7936.0 0.426807615334229
7938.0 0.40375128098825563
7940.0 0.410121108208472
7942.0 0.41817391516020586
7944.0 0.4283682559038125
7946.0 0.44367514969130384
7948.0 0.4425093949047443
7950.0 0.44649853669017114
7952.0 0.4513896969108939
7954.0 0.4511697205528149
7956.0 0.44396221657770935
7958.0 0.4243038647586628
7960.0 0.42769743414475453
7962.0 0.43971989136004974
7964.0 0.4423334005431047
7966.0 0.4409464572791311
7968.0 0.44693214006421567
7970.0 0.44186304372691937
7972.0 0.4432409207329855
7974.0 0.44467467584575693
7976.0 0.44223013215969137
7978.0 0.4457828767892576
7980.0 0.4354860622832433
7982.0 0.42243062390479763
7984.0 0.41722001389047064
7986.0 0.42114498045967913
7988.0 0.42211839482674557
7990.0 0.43064466021109776
7992.0 0.4349556921518485
7994.0 0.44401323209240656
7996.0 0.44867191029218956
7998.0 0.44356575230730155
8000.0 0.4372230833638445
8002.0 0.42867290428634985
8004.0 0.4193927289267497
8006.0 0.41455783646073585
8008.0 0.4184972686754594
8010.0 0.4179351489829013
8012.0 0.4163512342351767
8014.0 0.415954090294279
8016.0 0.42038631701083445
8018.0 0.41781017809595034
8020.0 0.4178534316151563
8022.0 0.4126272416390681
8024.0 0.4102373524806299
8026.0 0.4151232465949128
8028.0 0.4112564397902742
8030.0 0.4072769193772728
8032.0 0.41833611540003873
8034.0 0.41508073261414824
8036.0 0.4179262401308342
8038.0 0.4187672202707343
8040.0 0.41419497381955156
8042.0 0.40978017788444643
8044.0 0.4202337091821767
8046.0 0.4257907879836314
8048.0 0.43212350658353094
8050.0 0.42826300612651214
8052.0 0.4234261334159368
8054.0 0.4268299130055564
8056.0 0.43573228785931833
8058.0 0.42317341042556855
8060.0 0.4142647893972074
8062.0 0.40832668654819215
8064.0 0.41045205150205116
8066.0 0.42347535938005054
8068.0 0.4251935991566923
8070.0 0.4156983574057558
8072.0 0.42089011029400686
8074.0 0.4190538899703913
8076.0 0.42240822632363473
8078.0 0.425557315753185
8080.0 0.42505902578234084
8082.0 0.42446867605443483
8084.0 0.41702220423894704
8086.0 0.4095438762867461
8088.0 0.4078547807291228
8090.0 0.40895295684023086
8092.0 0.414214438150349
8094.0 0.40846627671311636
8096.0 0.39685818859955824
8098.0 0.3933287776097602
8100.0 0.39892073982439874
8102.0 0.40171310230404056
8104.0 0.40310385809555416
8106.0 0.40315009068312335
8108.0 0.4110409373524498
8110.0 0.42155120771458165
8112.0 0.42132939355916044
8114.0 0.41240336186259674
8116.0 0.4051692048063548
8118.0 0.4117488347284775
8120.0 0.41902065692454793
8122.0 0.4140916234602477
8124.0 0.40488129349213076
8126.0 0.4044195594872489
8128.0 0.41013485148038237
8130.0 0.4118844417407785
8132.0 0.41209360650149157
8134.0 0.4061431481267416
8136.0 0.4054609135273372
8138.0 0.4152405095765402
8140.0 0.4283182547031491
8142.0 0.4297701317362819
8144.0 0.4235639640759718
8146.0 0.41434200648080166
8148.0 0.4137603743773791
8150.0 0.41636473437170246
8152.0 0.413317046315124
8154.0 0.40869566013455777
8156.0 0.40140895104368535
8158.0 0.39719506367099394
8160.0 0.3924897142029711
8162.0 0.3833189630580707
8164.0 0.3711374790322561
8166.0 0.37431240631411083
8168.0 0.3829252493975792
8170.0 0.3861837245219665
8172.0 0.3859651738691684
8174.0 0.39083912135126303
8176.0 0.40009999746050273
8178.0 0.41166177000176424
8180.0 0.4126714746449769
8182.0 0.41345590239709407
8184.0 0.42214820741446074
8186.0 0.4262242932217858
8188.0 0.4171677401907231
8190.0 0.4039217407665028
8192.0 0.39977550915256493
8194.0 0.4045492699006108
8196.0 0.41655207600273414
8198.0 0.4263414160278314
8200.0 0.42350465157494044
8202.0 0.41761249462676764
8204.0 0.4146865214298758
8206.0 0.4181807722950053
8208.0 0.41689236153107556
8210.0 0.4103918293942444
8212.0 0.407301482586497
8214.0 0.41140760016895384
8216.0 0.41395083911574787
8218.0 0.4080328652208415
8220.0 0.4111009756320152
8222.0 0.41447117310167964
8224.0 0.3988986465052211
8226.0 0.39358533957471425
8228.0 0.4002989037085479
8230.0 0.40458990090080404
8232.0 0.40328309961877007
8234.0 0.40264870698849875
8236.0 0.4030141206001835
8238.0 0.406374316927201
8240.0 0.40117555072681776
8242.0 0.39145623317359396
8244.0 0.38546720979717086
8246.0 0.3921677825588559
8248.0 0.41053547659848183
8250.0 0.41396410906049996
8252.0 0.4192081606742151
8254.0 0.4171371199282034
8256.0 0.41398459312126806
8258.0 0.4132956538098336
8260.0 0.41426076340912443
8262.0 0.4113446839715037
8264.0 0.4142351233384986
8266.0 0.4029931408577209
8268.0 0.3974185052013458
8270.0 0.40029655588739377
8272.0 0.404480541511122
8274.0 0.40153126747241924
8276.0 0.3956861304146782
8278.0 0.39948859630441985
8280.0 0.41088363734587013
8282.0 0.40768058744811186
8284.0 0.40486322498362987
8286.0 0.40926092062110847
8288.0 0.4253059601633323
8290.0 0.4325488340764728
8292.0 0.42640151829038336
8294.0 0.4224912712571407
8296.0 0.4174580904274397
8298.0 0.41885130447508917
8300.0 0.4253392317117354
8302.0 0.41853994403880745
8304.0 0.4097775784776043
8306.0 0.4101494857131343
8308.0 0.3923042219794627
8310.0 0.38919653975365004
8312.0 0.39409082637098863
8314.0 0.3966224514754927
8316.0 0.4030635397336392
8318.0 0.409715546673456
8320.0 0.408371259346614
8322.0 0.4130252133311008
8324.0 0.41408687718089754
8326.0 0.42055429069515515
8328.0 0.42126727416091037
8330.0 0.41951262342391044
8332.0 0.41078398850061326
8334.0 0.40874761049252245
8336.0 0.4224139635168752
8338.0 0.42498868711467225
8340.0 0.41689932164200777
8342.0 0.41164428527744557
8344.0 0.4181937760669275
8346.0 0.4187724146972315
8348.0 0.40539739490975335
8350.0 0.3903443241377073
8352.0 0.3909935934530668
8354.0 0.3848996149102281
8356.0 0.3802241737232928
8358.0 0.38120955716874255
8360.0 0.38424717326980196
8362.0 0.39670266018916395
8364.0 0.4056645177545878
8366.0 0.3923203070980393
8368.0 0.3651792543357645
8370.0 0.3638957769746206
8372.0 0.35733470779182835
8374.0 0.35326638155100276
8376.0 0.35017342849571326
8378.0 0.34968453084261336
8380.0 0.3481124930499001
8382.0 0.34905240034724766
8384.0 0.35430075823927293
8386.0 0.3553301779823749
8388.0 0.34912261797136895
8390.0 0.34239490465310235
8392.0 0.34677390496354343
8394.0 0.35594519902231037
8396.0 0.35603509315688364
8398.0 0.3512296561410577
8400.0 0.345557343586102
8402.0 0.33973259852856585
8404.0 0.33007596935452355
8406.0 0.3318388507964291
8408.0 0.3285693441636474
8410.0 0.30222106223368966
8412.0 0.29828845812177335
8414.0 0.30159851078506517
8416.0 0.3093056910765276
8418.0 0.31329572929302846
8420.0 0.3098627128331753
8422.0 0.30520841806621934
8424.0 0.298951511309738
8426.0 0.2973433802386911
8428.0 0.2959864892606976
8430.0 0.3041460477092903
8432.0 0.31892545276877704
8434.0 0.32401212518718936
8436.0 0.3216658166188363
8438.0 0.322428118425057
8440.0 0.3146836502409807
8442.0 0.3037878763441568
8444.0 0.3027560300677977
8446.0 0.29719578779787126
8448.0 0.29460274390952135
8450.0 0.29990673796295825
8452.0 0.30270470728335575
8454.0 0.30344178277241046
8456.0 0.3104127982491057
8458.0 0.31685266933204975
8460.0 0.33221894836728477
8462.0 0.3299328493041133
8464.0 0.3242152561404781
8466.0 0.3277152458197582
8468.0 0.33358770370581897
8470.0 0.33576652426271697
8472.0 0.33948991448058063
8474.0 0.34623156084630274
8476.0 0.35112757246571036
8478.0 0.36296418582211715
8480.0 0.37654091326943284
8482.0 0.37832731155611243
8484.0 0.3803537697972292
8486.0 0.37889327894998454
8488.0 0.3911454529242458
8490.0 0.40118978514679077
8492.0 0.39682478459947046
8494.0 0.3859692797673033
8496.0 0.38149164331222474
8498.0 0.3754624394416546
8500.0 0.3817551331279932
8502.0 0.3849632304363353
8504.0 0.3854635442433087
8506.0 0.3883703586221124
8508.0 0.39324720312854466
8510.0 0.39534216391911625
8512.0 0.4063967640895551
8514.0 0.4110419470211845
8516.0 0.4127434979850285
8518.0 0.4112504503162729
8520.0 0.41909938820027015
8522.0 0.4213888393566962
8524.0 0.42153326993727647
8526.0 0.4198846394918384
8528.0 0.4083144723639381
8530.0 0.39590522596501304
8532.0 0.3996385074129478
8534.0 0.4053551957623873
8536.0 0.40495826653779526
8538.0 0.39734539840592736
8540.0 0.3868718907220141
8542.0 0.3924418748158693
8544.0 0.39508802799295234
8546.0 0.38391083042259067
8548.0 0.37848136999747417
8550.0 0.3806209150977721
8552.0 0.3948518222074386
8554.0 0.40312928089880556
8556.0 0.393985056944459
8558.0 0.3877033002751973
8560.0 0.39168362035874443
8562.0 0.39024189467550546
8564.0 0.3906185860792877
8566.0 0.3928335026643194
8568.0 0.3907251000296826
8570.0 0.3773840653819305
8572.0 0.3580755260749534
8574.0 0.3611207744710885
8576.0 0.34221026325895537
8578.0 0.3242202570221652
8580.0 0.3233347010459389
8582.0 0.3358317179195886
8584.0 0.35306931703130345
8586.0 0.3745916861418056
8588.0 0.3731604068826725
8590.0 0.35313958863250516
8592.0 0.34711303959541756
8594.0 0.34565048040363
8596.0 0.3417152423281918
8598.0 0.3444795640137159
8600.0 0.35284676969152445
8602.0 0.3519091048503497
8604.0 0.34474014927307717
8606.0 0.35602543971402023
8608.0 0.3665942247371509
8610.0 0.3589163632536665
8612.0 0.3545065249823782
8614.0 0.3582866390514355
8616.0 0.36431693704643303
8618.0 0.38071904214002117
8620.0 0.3845185039705828
8622.0 0.387526414048083
8624.0 0.38965311292120913
8626.0 0.39634876126644275
8628.0 0.39352247808628515
8630.0 0.39225294643071634
8632.0 0.3969919357055187
8634.0 0.400321149525519
8636.0 0.4042941728713959
8638.0 0.40945008643340114
8640.0 0.4163932596011822
8642.0 0.4239774022171543
8644.0 0.4222301547579117
8646.0 0.4300369154725768
8648.0 0.42581840021484435
8650.0 0.43368262273312524
8652.0 0.43852318377644195
8654.0 0.4456018445074314
8656.0 0.45362231513800155
8658.0 0.44965778594223393
8660.0 0.43877710269093395
8662.0 0.43838408267970813
8664.0 0.4413018071520462
8666.0 0.44377064689336077
8668.0 0.44548242309607267
8670.0 0.4450965889758676
8672.0 0.44164991603366055
8674.0 0.4476008635101554
8676.0 0.45123621061585295
8678.0 0.4525603478619565
8680.0 0.4543163648061109
8682.0 0.4459073168444617
8684.0 0.4459650785752086
8686.0 0.4458583374744666
8688.0 0.43968486149558383
8690.0 0.442062899451645
8692.0 0.46143490022225264
8694.0 0.45350239882985577
8696.0 0.44124540299220794
8698.0 0.44915089754672544
8700.0 0.46083117620510894
8702.0 0.44507934569168645
8704.0 0.43841890093172603
8706.0 0.4360704077716672
8708.0 0.43099581926670266
8710.0 0.4174059433341782
8712.0 0.4042289570348797
8714.0 0.3997404948306351
8716.0 0.3954382835217904
8718.0 0.3946840530398756
8720.0 0.3995990441542095
8722.0 0.4128106365044918
8724.0 0.4069758887595024
8726.0 0.4063413095979292
8728.0 0.4132175609033952
8730.0 0.4149894533794332
8732.0 0.4074117229046478
8734.0 0.396387125788141
8736.0 0.3948143184214672
8738.0 0.3966964407267378
8740.0 0.39811963510264287
8742.0 0.3933359204902048
8744.0 0.38928266478129847
8746.0 0.38346990455748403
8748.0 0.38916053989565014
8750.0 0.40709606728012787
8752.0 0.4097904338213069
8754.0 0.4064652535424457
8756.0 0.41504056046012094
8758.0 0.41532391422215104
8760.0 0.3991831219263729
8762.0 0.3990221399876181
8764.0 0.40646081799149175
8766.0 0.4094610237407419
8768.0 0.40450552942501955
8770.0 0.39033833663047623
8772.0 0.38856369704743027
8774.0 0.39864219812092294
8776.0 0.39662180144683656
8778.0 0.38849470107004086
8780.0 0.3900954732652463
8782.0 0.39971129661881805
8784.0 0.411572443437149
8786.0 0.4090646491599736
8788.0 0.39521087490330425
8790.0 0.38730969021252776
8792.0 0.3955718724948704
8794.0 0.39957851805231787
8796.0 0.39242157345656353
8798.0 0.38607475803953784
8800.0 0.3868497154607086
8802.0 0.3896935573053789
8804.0 0.38480978349327705
8806.0 0.3802779989004082
8808.0 0.3852126158975188
8810.0 0.392643699223301
8812.0 0.3921297789407672
8814.0 0.3926111630470761
8816.0 0.3913507375258721
8818.0 0.3966616774330252
8820.0 0.3942640634717948
8822.0 0.3879092571945752
8824.0 0.3941441983765263
8826.0 0.39517410417116894
8828.0 0.3827439661154589
8830.0 0.3765446858245639
8832.0 0.3842300767638871
8834.0 0.38807207640643554
8836.0 0.3871270271264733
8838.0 0.3972186305772907
8840.0 0.4117197200459608
8842.0 0.4068634335986475
8844.0 0.39675807695609144
8846.0 0.39600787601283377
8848.0 0.3965585198420733
8850.0 0.3860338556703982
8852.0 0.37098755490422575
8854.0 0.363572245942091
8856.0 0.3678390677632932
8858.0 0.37499413418442507
8860.0 0.37770835529934865
8862.0 0.3777510679175343
8864.0 0.3839240899008857
8866.0 0.3887268726470644
8868.0 0.37949407348137076
8870.0 0.3779355913683686
8872.0 0.3827105353998744
8874.0 0.37088621031637387
8876.0 0.35125511021435685
8878.0 0.35545277546599385
8880.0 0.3675501232113668
8882.0 0.3702678994887011
8884.0 0.3612505420555287
8886.0 0.36118281135147823
8888.0 0.369521080576111
8890.0 0.3876675056653623
8892.0 0.3826892612718902
8894.0 0.3663366346052996
8896.0 0.3619084211269513
8898.0 0.3751746835265928
8900.0 0.3755216516971443
8902.0 0.3660750957340465
8904.0 0.3661893106080016
8906.0 0.37410034785133184
8908.0 0.37815548253768666
8910.0 0.38313929463619184
8912.0 0.3854168937161387
8914.0 0.3786965539196804
8916.0 0.37294477993446956
8918.0 0.3666793722723805
8920.0 0.3579762896259824
8922.0 0.35690109951930443
8924.0 0.37100098461056363
8926.0 0.3837010881658491
8928.0 0.38098862091356783
8930.0 0.3760666111810082
8932.0 0.3714873539702582
8934.0 0.3592278790574279
8936.0 0.3556048741682618
8938.0 0.3601865241858378
8940.0 0.3593265915403
8942.0 0.35967809891708663
8944.0 0.3633200056444079
8946.0 0.3561056463697546
8948.0 0.3411005283003808
8950.0 0.35046003817907306
8952.0 0.3720788856378713
8954.0 0.38372820923271045
8956.0 0.3798154699151717
8958.0 0.3691672087647323
8960.0 0.3633299179376172
8962.0 0.3622695418461949
8964.0 0.37051069146875254
8966.0 0.38822211148722746
8968.0 0.385984565533248
8970.0 0.36933448595722496
8972.0 0.3697223453048477
8974.0 0.3726251735855319
8976.0 0.3728597907987974
8978.0 0.3756770995809489
8980.0 0.37406391964753666
8982.0 0.364247372330443
8984.0 0.3689009029403822
8986.0 0.3820165372826919
8988.0 0.38482754162994337
8990.0 0.3769114357236841
8992.0 0.3676487111255494
8994.0 0.3687101576701865
8996.0 0.36980083732820934
8998.0 0.36306797816330943
9000.0 0.35394409210094413
9002.0 0.35713707695567054
9004.0 0.36873063896604913
9006.0 0.3791967011855841
9008.0 0.37985815462386735
9010.0 0.3755086401659702
9012.0 0.3652657886500343
9014.0 0.3591768993167875
9016.0 0.36461251571159475
9018.0 0.36719068857251347
9020.0 0.3674165363286663
9022.0 0.3797790201076622
9024.0 0.3849154428868187
9026.0 0.3721013583211759
9028.0 0.36341578508493977
9030.0 0.3619646435368899
9032.0 0.3630974791115844
9034.0 0.3666549451249532
9036.0 0.36650916406684286
9038.0 0.36073536711252513
9040.0 0.359382369545762
9042.0 0.3658228033520927
9044.0 0.36287585454717364
9046.0 0.3589501748086066
9048.0 0.36054774150126523
9050.0 0.3656867330929149
9052.0 0.36472720440753237
9054.0 0.3605035670650142
9056.0 0.36133431884180967
9058.0 0.3597119018969825
9060.0 0.3562212540383642
9062.0 0.3552332277828126
9064.0 0.35629459412345676
9066.0 0.3572172519753133
9068.0 0.3599823685593489
9070.0 0.35775010538396074
9072.0 0.3598142219092934
9074.0 0.35987425106328996
9076.0 0.3603562342019836
9078.0 0.36077648275333896
9080.0 0.3620658160234069
9082.0 0.36294693425597596
9084.0 0.363327187867507
9086.0 0.36333282511716997
9088.0 0.36204414096623894
9090.0 0.3630635230673703
9092.0 0.36354286287482174
9094.0 0.36333896969206353
9096.0 0.36293560060917607
9098.0 0.36185011387880545
9100.0 0.3609857909232216
9102.0 0.35983448444556776
9104.0 0.35985064711754683
9106.0 0.35801331964090527
9108.0 0.3569394048483759
9110.0 0.35767857861476166
9112.0 0.3567105746348741
9114.0 0.35687598510739327
9116.0 0.35644849673609974
9118.0 0.35608843321532363
9120.0 0.35636373120664916
9122.0 0.35626500737299466
9124.0 0.356683902786684
9126.0 0.35647520715184455
9128.0 0.35651426790886337
9130.0 0.3564516710463693
9132.0 0.35691406959385874
9134.0 0.3548632106318607
9136.0 0.3557843481991044
9138.0 0.3554390192749424
9140.0 0.35549250179745145
9142.0 0.3565834681638226
9144.0 0.3565752965633515
9146.0 0.35685691134784986
9148.0 0.35654324116733227
9150.0 0.3564326399288635
9152.0 0.3555323962088152
9154.0 0.3550033281667054
9156.0 0.3549733680164352
9158.0 0.35403355565481387
9160.0 0.3538003214528548
9162.0 0.3531942632741879
9164.0 0.35357802725509374
9166.0 0.3541544359763082
9168.0 0.3545570504193421
9170.0 0.354026521760646
9172.0 0.3553419500780368
9174.0 0.3572398642504164
9176.0 0.35728534046860805
9178.0 0.3579383164750162
9180.0 0.3574499458931284
9182.0 0.3592195760658379
9184.0 0.3597301995953173
9186.0 0.3604213036034334
9188.0 0.36083499448101286
9190.0 0.3629179221002044
9192.0 0.3637727678487531
9194.0 0.3631548671743043
9196.0 0.3637089905423954
9198.0 0.364041476289105
9200.0 0.3635733634042639
9202.0 0.3617740860970105
9204.0 0.3618093652653187
9206.0 0.36232514951303285
9208.0 0.3625318134241935
9210.0 0.36104742753143465
9212.0 0.3614597712832083
9214.0 0.3599606947108987
9216.0 0.3601808047315262
9218.0 0.3588702737515085
9220.0 0.3583752277880982
9222.0 0.35827600250994923
9224.0 0.3586640405239709
9226.0 0.35962877163678525
9228.0 0.3589899294755525
9230.0 0.36078635671627335
9232.0 0.3604268305162638
9234.0 0.3611161965095499
9236.0 0.35950741119812285
9238.0 0.3606200121220381
9240.0 0.3604192671277916
9242.0 0.3635061657972359
9244.0 0.3625603082006535
9246.0 0.3651244195527373
9248.0 0.3665576122834546
9250.0 0.3656133038399797
9252.0 0.3667443653023546
9254.0 0.3616586509326983
9256.0 0.3613870024259697
9258.0 0.3618457192957413
9260.0 0.3631893984292486
9262.0 0.3614394172301601
9264.0 0.35887687183352285
9266.0 0.3564857802427588
9268.0 0.3565730250994966
9270.0 0.35552524601935176
9272.0 0.3551356431383249
9274.0 0.3557138287726151
9276.0 0.3546715390905157
9278.0 0.35598305877380965
9280.0 0.3559746041075666
9282.0 0.3576507530710905
9284.0 0.35750936981435827
9286.0 0.3584676825071519
9288.0 0.3577342276182669
9290.0 0.3580346387280971
9292.0 0.35848307388609485
9294.0 0.35836428843518325
9296.0 0.35862232910957337
9298.0 0.3587382134666455
9300.0 0.35648629253929337
9302.0 0.35759568537221936
9304.0 0.35835398859027184
9306.0 0.35300198845399783
9308.0 0.3523284538547802
9310.0 0.35312085371352137
9312.0 0.3528788971967071
9314.0 0.35258102079808606
9316.0 0.34872627901730235
9318.0 0.3534767276387277
9320.0 0.35184130506951206
9322.0 0.35222112391927834
9324.0 0.35243050145301147
9326.0 0.3532272948104043
9328.0 0.3526815253194906
9330.0 0.35208617366925576
9332.0 0.3516372484419251
9334.0 0.3522143996985573
9336.0 0.3540241122698216
9338.0 0.35525455047639215
9340.0 0.35568746780331656
9342.0 0.3582468885004665
9344.0 0.35972302333320066
9346.0 0.3587213206268376
9348.0 0.3592567633617395
9350.0 0.3545530272042993
9352.0 0.3551127016168657
9354.0 0.357003112170386
9356.0 0.357615331347719
9358.0 0.3542820790012345
9360.0 0.3559537388154431
9362.0 0.3562260432796008
9364.0 0.3572666306423492
9366.0 0.3578557832790639
9368.0 0.35590469587114004
9370.0 0.3584553693830019
9372.0 0.3570704968829383
9374.0 0.3563965917840948
9376.0 0.3580611844276803
9378.0 0.35821095049002283
9380.0 0.35725890640201646
9382.0 0.3551861021101506
9384.0 0.3539204541317238
9386.0 0.351700146004356
9388.0 0.35254250988931995
9390.0 0.35407742878687104
9392.0 0.35644306708311924
9394.0 0.35670984736787575
9396.0 0.3597983725708273
9398.0 0.3601660051013246
9400.0 0.36602507516689614
9402.0 0.3654465746152908
9404.0 0.3629440250067487
9406.0 0.36425170720152017
9408.0 0.3612375470264949
9410.0 0.3580906878041243
9412.0 0.35619071056440743
9414.0 0.3554367824740491
9416.0 0.3548339105868116
9418.0 0.35524053471852013
9420.0 0.35589574234000654
9422.0 0.3580867243975834
9424.0 0.3561214509501393
9426.0 0.3562424818715444
9428.0 0.3590883198290224
9430.0 0.362341037993977
9432.0 0.3635763397676421
9434.0 0.3607146169359397
9436.0 0.35818855701444
9438.0 0.35691269890070615
9440.0 0.35917721971151306
9442.0 0.3583977364481691
9444.0 0.3567456115673757
9446.0 0.3566559131668794
9448.0 0.35846867423549894
9450.0 0.35780500857259184
9452.0 0.3571350316511519
9454.0 0.3568305045419997
9456.0 0.3583449457114316
9458.0 0.3570189335626932
9460.0 0.35786299724828624
9462.0 0.3572982271497874
9464.0 0.3570899207574331
9466.0 0.3558985329897015
9468.0 0.3561030549077497
9470.0 0.356037449981373
9472.0 0.3561375895834627
9474.0 0.3554725293724457
9476.0 0.3551187137519316
9478.0 0.35452517755505214
9480.0 0.3595799766999318
9482.0 0.3554098132165608
9484.0 0.3572051429933321
9486.0 0.35789549386112335
9488.0 0.360798686329491
9490.0 0.36384860855091455
9492.0 0.36498153773203684
9494.0 0.3686211874431298
9496.0 0.3673494895417037
9498.0 0.36384993561321877
9500.0 0.36290984967420276
9502.0 0.3616087352715873
9504.0 0.36009961204039087
9506.0 0.3593997900576543
9508.0 0.35678093048353987
9510.0 0.35756348615713635
9512.0 0.3583683936701748
9514.0 0.35647191011358315
9516.0 0.35829752698362205
9518.0 0.35581049752148647
9520.0 0.35476089126252425
9522.0 0.3534735524797861
9524.0 0.35545306719333764
9526.0 0.35544059811865075
9528.0 0.35713481460195307
9530.0 0.35752081071600217
9532.0 0.35738165575689324
9534.0 0.3553822622579407
9536.0 0.3563363734366179
9538.0 0.3582696308172181
9540.0 0.3566145677908225
9542.0 0.357503368330099
9544.0 0.35724129071544775
9546.0 0.35595262364186586
9548.0 0.3567414995841516
9550.0 0.3560485395602453
9552.0 0.3526980497754706
9554.0 0.35295865879572674
9556.0 0.3552271643748205
9558.0 0.3556476613974189
9560.0 0.3574419903315998
9562.0 0.35833436841740307
9564.0 0.3580480931059961
9566.0 0.3569657134723
9568.0 0.3576320047215287
9570.0 0.3581162078012304
9572.0 0.3569669426684803
9574.0 0.3552780678256241
9576.0 0.3553744916769199
9578.0 0.355264613064364
9580.0 0.356640179713254
9582.0 0.3564054609619651
9584.0 0.3575023196517883
9586.0 0.3579737688501889
9588.0 0.359593784952715
9590.0 0.35735507392010524
9592.0 0.35810589694629497
9594.0 0.35809219942946885
9596.0 0.3578782816284366
9598.0 0.3562274890118754
9600.0 0.35762298912873713
9602.0 0.35778221399555343
9604.0 0.3572951014565039
9606.0 0.35527999840888747
9608.0 0.35645084982997294
9610.0 0.35696708213183204
9612.0 0.35658602136123574
9614.0 0.35697012170282894
9616.0 0.35752366269422836
9618.0 0.35358791213457524
9620.0 0.3535557253222074
9622.0 0.35262077752627224
9624.0 0.3541719029291252
9626.0 0.3539935127354016
9628.0 0.3561533914205339
9630.0 0.35695832376808695
9632.0 0.3574963994362377
9634.0 0.35804809677955307
9636.0 0.3566412332835957
9638.0 0.35728625421374993
9640.0 0.35685564007351933
9642.0 0.35786716504846694
9644.0 0.3557221503626973
9646.0 0.35505278715035976
9648.0 0.35286306831129954
9650.0 0.35397715523117806
9652.0 0.3539348436613299
9654.0 0.3560785239177006
9656.0 0.3548737910722897
9658.0 0.35586273622841136
9660.0 0.3564898508274244
9662.0 0.3546510231304716
9664.0 0.3562332641827976
9666.0 0.3529963490075039
9668.0 0.3530652724997428
9670.0 0.3562721486945582
9672.0 0.35539610608250155
9674.0 0.3579766857774006
9676.0 0.3574470757267417
9678.0 0.35897829149378613
9680.0 0.357118133343731
9682.0 0.3558724577936037
9684.0 0.3563879220856261
9686.0 0.35784281214973296
9688.0 0.35713437814569654
9690.0 0.35668554616824005
9692.0 0.3582342510322792
9694.0 0.3565274801148977
9696.0 0.35576006559724094
9698.0 0.35580770453813243
9700.0 0.35576054816731895
9702.0 0.3559549289389274
9704.0 0.35383717503652246
9706.0 0.3521287612820024
9708.0 0.3510472526882069
9710.0 0.3503826027782794
9712.0 0.3538115195195543
9714.0 0.35405166830935314
9716.0 0.35826132325725574
9718.0 0.35261329197849384
9720.0 0.3571777695889638
9722.0 0.36008627451232283
9724.0 0.35514270960893335
9726.0 0.35548071570524165
9728.0 0.3570719278648996
9730.0 0.3567331136075151
9732.0 0.3559570524673532
9734.0 0.35499606532902406
9736.0 0.3548078992823025
9738.0 0.3585453500319978
9740.0 0.35750805851780143
9742.0 0.3558383453430065
9744.0 0.3542325910726294
9746.0 0.3533515548975671
9748.0 0.3536775070808148
9750.0 0.3529862344217406
9752.0 0.3527101511209008
9754.0 0.3524792102691805
9756.0 0.3526880927690662
9758.0 0.35237758300434435
9760.0 0.3521648990602784
9762.0 0.3535800536283497
9764.0 0.35357940296991386
9766.0 0.3545285006708057
9768.0 0.35424103213822256
9770.0 0.3546513859068997
9772.0 0.3567721977364404
9774.0 0.3557527380145153
9776.0 0.35858081551531745
9778.0 0.3573147494171142
9780.0 0.3571407051777805
9782.0 0.3565791108584168
9784.0 0.3565924998130627
9786.0 0.3575119419414199
9788.0 0.35797609566313426
9790.0 0.358965862124821
9792.0 0.3623006824351251
9794.0 0.3645742188441147
9796.0 0.3660588273930122
9798.0 0.36002776253831964
9800.0 0.3615844274567042
9802.0 0.35745987969659787
9804.0 0.35391868456606185
9806.0 0.3539744894009681
9808.0 0.3549152045853141
9810.0 0.3557846356239223
9812.0 0.35451224829081474
9814.0 0.35316591154371046
9816.0 0.351864389591059
9818.0 0.35518883205676904
9820.0 0.358073841942342
9822.0 0.35643216962379876
9824.0 0.35620261428870204
9826.0 0.35697680309498875
9828.0 0.3564496167086315
9830.0 0.3568052153565787
9832.0 0.35482859259112376
9834.0 0.3543527939051361
9836.0 0.35314079950772387
9838.0 0.35449402028118104
9840.0 0.3569619942958668
9842.0 0.3502785440020206
9844.0 0.352812862333597
9846.0 0.3535733366692644
9848.0 0.3553858793526214
9850.0 0.356846409264046
9852.0 0.3562567606189076
9854.0 0.35470179415590214
9856.0 0.3539801915941615
9858.0 0.3536984337668912
9860.0 0.35390193214701055
9862.0 0.3556966045920424
9864.0 0.35717117771686346
9866.0 0.3579286331794461
9868.0 0.3513635823664346
9870.0 0.3550787340867327
9872.0 0.348500904838762
9874.0 0.34614050543488745
9876.0 0.34474333192182055
9878.0 0.3462303011156644
9880.0 0.34564757015760866
9882.0 0.3507067796932769
9884.0 0.35028968406565897
9886.0 0.3521852514986566
9888.0 0.35248900882138595
9890.0 0.3509538008954597
9892.0 0.35286150249731363
9894.0 0.3548386588706467
9896.0 0.354663629017097
9898.0 0.35429630191277706
9900.0 0.3531655906075611
9902.0 0.3511046484948952
9904.0 0.3463205150049435
9906.0 0.34734212121177205
9908.0 0.3491073084946367
9910.0 0.35114981747663326
9912.0 0.3553925872754795
9914.0 0.3550275428949976
9916.0 0.3554895763583188
9918.0 0.3562672280142152
9920.0 0.35691901272873444
9922.0 0.3559579809249387
9924.0 0.3526820655079708
9926.0 0.35589081345259466
9928.0 0.35556383975637557
9930.0 0.35662708091807427
9932.0 0.35715493798176307
9934.0 0.35741802003955603
9936.0 0.3565699359934581
9938.0 0.3627381353078671
9940.0 0.3583092925804754
9942.0 0.3551888534308009
9944.0 0.35611201029600986
9946.0 0.3553117901571255
9948.0 0.3514917761882873
9950.0 0.350374094808639
9952.0 0.35249998329981813
9954.0 0.3533484514418238
9956.0 0.35292400410327757
9958.0 0.3536662268631364
9960.0 0.3559029252218895
9962.0 0.3577428183551852
9964.0 0.357191494599189
9966.0 0.35397507857526034
9968.0 0.35456958608116335
9970.0 0.35369457298215284
9972.0 0.35312302160494746
9974.0 0.353828450316803
9976.0 0.35198790771898775
9978.0 0.35205334389907367
9980.0 0.35639153951884167
9982.0 0.3536508539003607
9984.0 0.36002138988261173
9986.0 0.3596813158208103
9988.0 0.3569993118810644
9990.0 0.3582035783884827
9992.0 0.3573375990902377
9994.0 0.3543845298067218
9996.0 0.352856443913506
9998.0 0.356757558464351
