# z obs_date
# 0 52280
3580.0 0.7089273175262504
3582.0 0.7094835111490844
3584.0 0.7180821743679208
3586.0 0.7188577211141189
3588.0 0.7191921572004601
3590.0 0.7180400564749221
3592.0 0.7304113407808885
3594.0 0.7325311743412894
3596.0 0.7473303389958239
3598.0 0.7460000146077969
3600.0 0.7539054639804847
3602.0 0.7541044812486812
3604.0 0.7534814601923904
3606.0 0.7524943778663684
3608.0 0.7616032094810687
3610.0 0.7631298555281267
3612.0 0.7712896809635328
3614.0 0.7721565769793871
3616.0 0.7732920078378441
3618.0 0.7739549597512344
3620.0 0.7627877211990941
3622.0 0.7612378052821551
3624.0 0.7510874877869543
3626.0 0.7527044697990073
3628.0 0.7539335182539717
3630.0 0.7564433067341426
3632.0 0.7630920523105725
3634.0 0.7633416298285367
3636.0 0.7623914638730213
3638.0 0.7648392870825512
3640.0 0.7673515136049313
3642.0 0.7664785226806018
3644.0 0.7774559205359508
3646.0 0.7777068931389922
3648.0 0.7831273296673005
3650.0 0.7858370008384917
3652.0 0.7953921752195022
3654.0 0.796830131308785
3656.0 0.8055281722030151
3658.0 0.8061955089184191
3660.0 0.8055816024086767
3662.0 0.8046289562269102
3664.0 0.8037356958950824
3666.0 0.8035914067604899
3668.0 0.7985400810698099
3670.0 0.7981020752439131
3672.0 0.8014224829160783
3674.0 0.8020938750921409
3676.0 0.8046752647893933
3678.0 0.8048289742498075
3680.0 0.8001258571061315
3682.0 0.8009762214070492
3684.0 0.8008435391996317
3686.0 0.7988665368250354
3688.0 0.7900011728138219
3690.0 0.7901187057616308
3692.0 0.785030384578494
3694.0 0.780775994995532
3696.0 0.7704548934072716
3698.0 0.7671772027197004
3700.0 0.7564703453950854
3702.0 0.7561481526324868
3704.0 0.7525088919165137
3706.0 0.7477918778643391
3708.0 0.7336810698611468
3710.0 0.7296356437645701
3712.0 0.7177961539533777
3714.0 0.7139745640172509
3716.0 0.7048495358792799
3718.0 0.7002137307078833
3720.0 0.6882882036978051
3722.0 0.6808456875563359
3724.0 0.6637935406000856
3726.0 0.66006604576661
3728.0 0.6529623019012178
3730.0 0.6528544794981419
3732.0 0.6505579966509091
3734.0 0.6449928177247055
3736.0 0.6331937709268142
3738.0 0.6316634856577441
3740.0 0.6254698270124649
3742.0 0.6257055987872346
3744.0 0.6305912783163807
3746.0 0.6293075345500307
3748.0 0.6258404923249332
3750.0 0.6267188204875344
3752.0 0.6296273275062124
3754.0 0.6269933482599142
3756.0 0.6239005030820545
3758.0 0.6248562221941889
3760.0 0.626704396250503
3762.0 0.6281809758952663
3764.0 0.630648484305423
3766.0 0.6303588404148754
3768.0 0.6300262166411642
3770.0 0.6304211746801361
3772.0 0.6317139280016978
3774.0 0.6324853788057587
3776.0 0.6314010255312791
3778.0 0.6317829937349985
3780.0 0.6332641599181733
3782.0 0.6291916990195662
3784.0 0.625475471359777
3786.0 0.6206288334125385
3788.0 0.611839977074649
3790.0 0.6064236443569145
3792.0 0.6025133775843309
3794.0 0.5982014001453334
3796.0 0.5939298027817701
3798.0 0.5922972241852921
3800.0 0.5921377778022487
3802.0 0.5941492569238798
3804.0 0.5957588976341085
3806.0 0.5986579837813281
3808.0 0.6004537080689044
3810.0 0.6077752104398244
3812.0 0.6142145038455007
3814.0 0.6172002198877382
3816.0 0.6199395644911073
3818.0 0.6209552391254181
3820.0 0.6209622962494941
3822.0 0.6210699524550731
3824.0 0.6228176927992766
3826.0 0.6219861772059223
3828.0 0.620720976604962
3830.0 0.6215541722088498
3832.0 0.6232400288538903
3834.0 0.6269354418336155
3836.0 0.6304184038057689
3838.0 0.6390216045501874
3840.0 0.6451228620445001
3842.0 0.6540030219288967
3844.0 0.6586722085461253
3846.0 0.6757335344183184
3848.0 0.6868326668798224
3850.0 0.6987726047663394
3852.0 0.705478981325937
3854.0 0.7213632420478848
3856.0 0.7314994402288849
3858.0 0.7483652107267691
3860.0 0.7566473473088082
3862.0 0.7772276610312759
3864.0 0.7872226388641438
3866.0 0.8014253407722357
3868.0 0.8078862884589408
3870.0 0.8205649173592235
3872.0 0.8254373374290088
3874.0 0.837060335162273
3876.0 0.8415781936406914
3878.0 0.8555718205620466
3880.0 0.8602471082804548
3882.0 0.8682458199398675
3884.0 0.8716566394117584
3886.0 0.8741321090078333
3888.0 0.8756678460054306
3890.0 0.8854347321206909
3892.0 0.888557487253803
3894.0 0.8970718726620335
3896.0 0.9004209024673769
3898.0 0.8969023946911535
3900.0 0.8954366899206636
3902.0 0.8966056184787995
3904.0 0.8964312909212842
3906.0 0.8922935557183234
3908.0 0.8910773233502497
3910.0 0.8877683912128238
3912.0 0.8871506767129518
3914.0 0.8901736729038552
3916.0 0.8917248403902955
3918.0 0.8928400610616709
3920.0 0.8952663435511038
3922.0 0.895406338627907
3924.0 0.8950108161030553
3926.0 0.8930808724081345
3928.0 0.8908262780392521
3930.0 0.8649337968895262
3932.0 0.8611044409910289
3934.0 0.8509320617751237
3936.0 0.8521924578669453
3938.0 0.8738856007541922
3940.0 0.8777582714334987
3942.0 0.8805926013131549
3944.0 0.8799514627687572
3946.0 0.8753068245045168
3948.0 0.8742650333552192
3950.0 0.8833855096405513
3952.0 0.8847799146586987
3954.0 0.890778968365377
3956.0 0.8908875462080597
3958.0 0.8855968152180272
3960.0 0.8850773832552568
3962.0 0.8763994090345311
3964.0 0.8759245675807307
3966.0 0.8531213758868438
3968.0 0.8514244501102028
3970.0 0.8481791283673364
3972.0 0.847714400346013
3974.0 0.8490254641179951
3976.0 0.8493958658476629
3978.0 0.8415546382337179
3980.0 0.8408454369234907
3982.0 0.8209413050834805
3984.0 0.81964058899064
3986.0 0.808319290616449
3988.0 0.8087938910088528
3990.0 0.8066726333053967
3992.0 0.805511593169844
3994.0 0.8049951447609908
3996.0 0.8048009729118274
3998.0 0.8103991620006183
4000.0 0.8095723911934084
4002.0 0.8062414893153257
4004.0 0.8053841605317159
4006.0 0.7994100091825476
4008.0 0.798534915501144
4010.0 0.7913528368067246
4012.0 0.7906744507669438
4014.0 0.7876607084454451
4016.0 0.7861789684821195
4018.0 0.7845796763962101
4020.0 0.7848260242081838
4022.0 0.7844722902771281
4024.0 0.7850515177240526
4026.0 0.7884557395852319
4028.0 0.7886485699058442
4030.0 0.7890526351740945
4032.0 0.7897734754505805
4034.0 0.7927405374299487
4036.0 0.7951423357555958
4038.0 0.8052757756005922
4040.0 0.8071972504468712
4042.0 0.8165640613122438
4044.0 0.8190094042319099
4046.0 0.8266563931313891
4048.0 0.8282016153521238
4050.0 0.836434260691842
4052.0 0.8387704082238697
4054.0 0.844828399222244
4056.0 0.8451669585773741
4058.0 0.8529009625612101
4060.0 0.8507379711046258
4062.0 0.852386328515317
4064.0 0.8540441681044225
4066.0 0.8588260224834717
4068.0 0.8577754798759836
4070.0 0.8582551439181616
4072.0 0.8580653774100215
4074.0 0.8566127706910325
4076.0 0.8563919062023282
4078.0 0.8581085683753156
4080.0 0.8560635883406557
4082.0 0.8523636139168905
4084.0 0.8512338405295956
4086.0 0.8490161603246345
4088.0 0.8489848860504079
4090.0 0.8483653377876462
4092.0 0.8448317048741291
4094.0 0.8407353100559304
4096.0 0.8389700604871607
4098.0 0.8358529601493825
4100.0 0.8335913973731075
4102.0 0.8304594770564555
4104.0 0.8316519108085265
4106.0 0.8332777086828949
4108.0 0.8304308735592478
4110.0 0.8271042676250726
4112.0 0.8264102032743168
4114.0 0.825796660547601
4116.0 0.825264538420053
4118.0 0.8255062235475454
4120.0 0.8257877062508391
4122.0 0.8243676200850975
4124.0 0.8209489642578223
4126.0 0.8165024313606842
4128.0 0.8125791336239111
4130.0 0.8085715395232145
4132.0 0.8065100759251133
4134.0 0.805024919025637
4136.0 0.8063912102890737
4138.0 0.8067681730696196
4140.0 0.8047242669869078
4142.0 0.803261900196834
4144.0 0.8058959075544256
4146.0 0.807077950878493
4148.0 0.8080660074117214
4150.0 0.8076408629647581
4152.0 0.8096444315546739
4154.0 0.8118714168784135
4156.0 0.8146425217119909
4158.0 0.8164255548787523
4160.0 0.8212303384952334
4162.0 0.8250179216062672
4164.0 0.8313574113655746
4166.0 0.8365044011080274
4168.0 0.8408916990786909
4170.0 0.8432193219191331
4172.0 0.8461676250635427
4174.0 0.847922452511619
4176.0 0.8520983783264788
4178.0 0.8553074821078681
4180.0 0.8549424705095829
4182.0 0.8547479056960393
4184.0 0.8519008649308597
4186.0 0.8505288854393906
4188.0 0.8431403802310455
4190.0 0.8381823875585491
4192.0 0.8319912821944454
4194.0 0.8278269567245236
4196.0 0.8213679891787875
4198.0 0.8183704685847324
4200.0 0.811499472192712
4202.0 0.8063851717831401
4204.0 0.8011936777026673
4206.0 0.7995652583978277
4208.0 0.7954872755773942
4210.0 0.7934960004825711
4212.0 0.7877185436481529
4214.0 0.785423783016982
4216.0 0.7823451666558697
4218.0 0.7811104172458523
4220.0 0.776294895154752
4222.0 0.7743234083051911
4224.0 0.7705072766793469
4226.0 0.7685354968657169
4228.0 0.7634774113793221
4230.0 0.7624178374496349
4232.0 0.7563949214960911
4234.0 0.7544347554114896
4236.0 0.7496220942509593
4238.0 0.7483572618891472
4240.0 0.7457339981505152
4242.0 0.7446716510080728
4244.0 0.7380102610743375
4246.0 0.7364086935715768
4248.0 0.730141203219774
4250.0 0.7293424386092339
4252.0 0.7232273324277204
4254.0 0.7212031242892561
4256.0 0.7101742414159774
4258.0 0.7084521558484399
4260.0 0.7026115027869362
4262.0 0.7017081504017044
4264.0 0.6973827353073856
4266.0 0.6974607699904588
4268.0 0.6904342141587415
4270.0 0.6889603606938917
4272.0 0.6829204010420425
4274.0 0.6828811823974189
4276.0 0.6778839701875868
4278.0 0.6787303621638613
4280.0 0.6697061104068589
4282.0 0.6696379116531628
4284.0 0.6615126803173114
4286.0 0.6618093234266644
4288.0 0.6611773188753628
4290.0 0.6627148099233733
4292.0 0.6565949399637588
4294.0 0.6576106137602679
4296.0 0.6518081167614092
4298.0 0.652459330076503
4300.0 0.6500140524468225
4302.0 0.6515209999208523
4304.0 0.6481446688546428
4306.0 0.6470299306855853
4308.0 0.646147678078981
4310.0 0.6472325450868638
4312.0 0.6448715094588461
4314.0 0.6456311692776935
4316.0 0.645109574817467
4318.0 0.6441747794166963
4320.0 0.6390704510737171
4322.0 0.6394674244566179
4324.0 0.6457409413145855
4326.0 0.6452077447145157
4328.0 0.6501578781541801
4330.0 0.6493815316901526
4332.0 0.6457955031403012
4334.0 0.6438440174039676
4336.0 0.636468400232283
4338.0 0.6362679881071026
4340.0 0.642361316162622
4342.0 0.6409419064733176
4344.0 0.643973030404187
4346.0 0.6432901599251517
4348.0 0.6413946214220685
4350.0 0.641338580883076
4352.0 0.6429816614007444
4354.0 0.6414633012196689
4356.0 0.6373852872139051
4358.0 0.6351540669521841
4360.0 0.6351385350916994
4362.0 0.6339353265174591
4364.0 0.635396988584197
4366.0 0.6360023098637805
4368.0 0.637563323509656
4370.0 0.6379982596299937
4372.0 0.6426016965912964
4374.0 0.6427991130651272
4376.0 0.6490999604296284
4378.0 0.6492323897113366
4380.0 0.653707407646416
4382.0 0.6549597024927193
4384.0 0.6607896419027476
4386.0 0.6618785450801657
4388.0 0.6658365383702786
4390.0 0.6654244217326576
4392.0 0.6628794462866207
4394.0 0.6616069487794782
4396.0 0.660305888693041
4398.0 0.6613367368330112
4400.0 0.664946152819596
4402.0 0.6663070429500668
4404.0 0.6689361492318187
4406.0 0.6698430613751402
4408.0 0.6743124804643738
4410.0 0.6757835502600086
4412.0 0.6787407765892186
4414.0 0.6801756485651665
4416.0 0.6811486840983109
4418.0 0.6815466315580024
4420.0 0.684946275259361
4422.0 0.686908738187673
4424.0 0.6908012488428064
4426.0 0.6933104186303485
4428.0 0.6983101760598625
4430.0 0.7013141020985273
4432.0 0.7060505083653698
4434.0 0.7086359726152515
4436.0 0.7151816589604183
4438.0 0.7203681588248095
4440.0 0.7291897844657041
4442.0 0.7329542543134485
4444.0 0.7394439208888667
4446.0 0.7426918854089061
4448.0 0.7471034979994968
4450.0 0.7501807558083764
4452.0 0.7557902792517278
4454.0 0.7591692129120446
4456.0 0.7638326184308285
4458.0 0.7671477245579783
4460.0 0.7704702836555365
4462.0 0.7749877908966013
4464.0 0.7814991434525995
4466.0 0.7861355352626761
4468.0 0.7923201243006073
4470.0 0.7977064732727817
4472.0 0.801729856976637
4474.0 0.8080957660671687
4476.0 0.816478805058522
4478.0 0.8230516365083854
4480.0 0.8321269592042237
4482.0 0.8391359409302839
4484.0 0.8456915173358119
4486.0 0.8492540222080847
4488.0 0.8530155791364217
4490.0 0.8561454220521024
4492.0 0.8590879300386769
4494.0 0.8593042951004655
4496.0 0.8599242004423143
4498.0 0.8637233743532906
4500.0 0.8664616341411934
4502.0 0.8693893224143383
4504.0 0.8729412893024735
4506.0 0.876835521437566
4508.0 0.8811531769818055
4510.0 0.886379016555097
4512.0 0.8907443181749475
4514.0 0.8968922186321094
4516.0 0.9017973526521763
4518.0 0.9053999422806394
4520.0 0.9107175604261376
4522.0 0.9151559684316035
4524.0 0.917169784288571
4526.0 0.9203922526649352
4528.0 0.9244979008407942
4530.0 0.9314899528808573
4532.0 0.9364443126160403
4534.0 0.9411062894089104
4536.0 0.9459887263673052
4538.0 0.9492362267953407
4540.0 0.9514075910207417
4542.0 0.950641136705451
4544.0 0.9504414542993784
4546.0 0.9510399662334623
4548.0 0.9520649102312778
4550.0 0.9529144278880206
4552.0 0.954089063043094
4554.0 0.9563223676636461
4556.0 0.9584053832840905
4558.0 0.9601812677733357
4560.0 0.9618081870794183
4562.0 0.9661243413760742
4564.0 0.9677442537276715
4566.0 0.9710503950203889
4568.0 0.972300391725015
4570.0 0.9716321538555367
4572.0 0.9711050594795152
4574.0 0.9761835302707192
4576.0 0.9779133980753689
4578.0 0.9813845867508751
4580.0 0.9820507448561191
4582.0 0.9830158865197932
4584.0 0.9840405984569426
4586.0 0.9877467933862221
4588.0 0.990154212754445
4590.0 0.9941772033201064
4592.0 0.9959136215660095
4594.0 0.9986535064553996
4596.0 1.0
4598.0 0.9926956432476749
4600.0 0.9914582371907332
4602.0 0.9820452993419471
4604.0 0.9810527116593114
4606.0 0.9911822675268639
4608.0 0.9943627839505579
4610.0 0.9908897667648405
4612.0 0.9890917338651224
4614.0 0.9836962081140401
4616.0 0.9830413735640035
4618.0 0.9866159798156247
4620.0 0.9882920700668106
4622.0 0.9817172308894228
4624.0 0.9793572572477263
4626.0 0.976434166016065
4628.0 0.9744857242489784
4630.0 0.9725805577617541
4632.0 0.9716035716087398
4634.0 0.9674876252233983
4636.0 0.9644399791348629
4638.0 0.9510819948096514
4640.0 0.9491379682993358
4642.0 0.9278957550773607
4644.0 0.9243997885663267
4646.0 0.9109935685874571
4648.0 0.9085457171473356
4650.0 0.8948624083920979
4652.0 0.8921756054844553
4654.0 0.8804000620489141
4656.0 0.8774712375136039
4658.0 0.864705310607822
4660.0 0.8620043629850118
4662.0 0.8437232321983296
4664.0 0.841286386577748
4666.0 0.828600401430878
4668.0 0.8263788270117468
4670.0 0.8088617517303579
4672.0 0.8074901860695274
4674.0 0.7910980153733027
4676.0 0.78928682624403
4678.0 0.7802713137886219
4680.0 0.7788046003440879
4682.0 0.7718537392565405
4684.0 0.7705234230755008
4686.0 0.7608693987791987
4688.0 0.7594571279820301
4690.0 0.7517698675526115
4692.0 0.7484545984537104
4694.0 0.7368063331313316
4696.0 0.7370615979315338
4698.0 0.7345617497649539
4700.0 0.7335808246548834
4702.0 0.7280637889146202
4704.0 0.7278563591476328
4706.0 0.7230433785699182
4708.0 0.721462343484017
4710.0 0.7190661842615621
4712.0 0.7188543136903731
4714.0 0.718686403306181
4716.0 0.7177345255695238
4718.0 0.7170624328053621
4720.0 0.715001309568455
4722.0 0.710743939394577
4724.0 0.7082076156780824
4726.0 0.6996894545221929
4728.0 0.6985567472570652
4730.0 0.6957994420656824
4732.0 0.6926318602952546
4734.0 0.6879869250869555
4736.0 0.6876701636833482
4738.0 0.6869813767491191
4740.0 0.6835471479089049
4742.0 0.6703193335041147
4744.0 0.6680532686535664
4746.0 0.6605734416974092
4748.0 0.6582386083920021
4750.0 0.6508273862197189
4752.0 0.6442584075327382
4754.0 0.6315922708923206
4756.0 0.6335043855189537
4758.0 0.633273862278495
4760.0 0.6324635568953932
4762.0 0.631471402866422
4764.0 0.6328772797448844
4766.0 0.6351880661210855
4768.0 0.6351376475204094
4770.0 0.6341342436617213
4772.0 0.6351002558425071
4774.0 0.6354738890293928
4776.0 0.6374747791238004
4778.0 0.6396753319709472
4780.0 0.6401195904079938
4782.0 0.6397885916110114
4784.0 0.6436879757510067
4786.0 0.6494938973818846
4788.0 0.6499678128848927
4790.0 0.6503835229893767
4792.0 0.6551542729790288
4794.0 0.6621443985022846
4796.0 0.6641957766908443
4798.0 0.6666848611724963
4800.0 0.6696340550334944
4802.0 0.673261321983184
4804.0 0.6735810075841682
4806.0 0.6751379120973192
4808.0 0.6776245544368136
4810.0 0.6813909087101282
4812.0 0.6835614947665521
4814.0 0.6866091336177541
4816.0 0.6854594317488065
4818.0 0.6844182936173935
4820.0 0.6825863557922159
4822.0 0.6815658496728179
4824.0 0.6813200597265606
4826.0 0.6815571935951906
4828.0 0.6758522838710097
4830.0 0.6701918795503369
4832.0 0.6685510776502946
4834.0 0.6672031476160805
4836.0 0.6621321733726925
4838.0 0.6572686056644671
4840.0 0.6522149283222216
4842.0 0.6478887030595084
4844.0 0.6456298591015299
4846.0 0.643900867503031
4848.0 0.6431914049815478
4850.0 0.6430993155324229
4852.0 0.6424446147458708
4854.0 0.6414054867952311
4856.0 0.63864059294718
4858.0 0.637692141709229
4860.0 0.6374320998720082
4862.0 0.6370587498477269
4864.0 0.6347307795829563
4866.0 0.634464415989952
4868.0 0.6339445779202222
4870.0 0.6339462689570405
4872.0 0.6327596478885864
4874.0 0.6323933032409023
4876.0 0.6379822225308984
4878.0 0.6419558876297451
4880.0 0.64260943466395
4882.0 0.6435561713745953
4884.0 0.6457989543802101
4886.0 0.6478982410685841
4888.0 0.6531245903856449
4890.0 0.6568124192941842
4892.0 0.6620931957033528
4894.0 0.66551447411327
4896.0 0.6642660887106872
4898.0 0.6635890225946987
4900.0 0.6612247879681648
4902.0 0.6605339859624373
4904.0 0.6621053195451565
4906.0 0.6625718217803948
4908.0 0.662858404858946
4910.0 0.6624608251429803
4912.0 0.6566526760692413
4914.0 0.6547356076878071
4916.0 0.6539235520149078
4918.0 0.6538703908134346
4920.0 0.6522924873640537
4922.0 0.6511283173776785
4924.0 0.6448388127132825
4926.0 0.6416375565691259
4928.0 0.6381411674619352
4930.0 0.6368874373575146
4932.0 0.6340612782642947
4934.0 0.6321384485184313
4936.0 0.6344576962607124
4938.0 0.6338201506688415
4940.0 0.6266528536595857
4942.0 0.6234159559076367
4944.0 0.6205800030559238
4946.0 0.6182080098329262
4948.0 0.6218471245162817
4950.0 0.6215631262287356
4952.0 0.6211441920847286
4954.0 0.6199477087022862
4956.0 0.6205056959010662
4958.0 0.6198455926847022
4960.0 0.6168407788904539
4962.0 0.6150716919979113
4964.0 0.6111608327970236
4966.0 0.6094996619532744
4968.0 0.5993986856091704
4970.0 0.5969228618776291
4972.0 0.598070570734374
4974.0 0.5976490952155538
4976.0 0.5924294580564398
4978.0 0.591292273683203
4980.0 0.5865984495972388
4982.0 0.5855155380505369
4984.0 0.5810955621141587
4986.0 0.580344194439335
4988.0 0.5769685173670077
4990.0 0.5763307014881737
4992.0 0.5719827016336713
4994.0 0.5717312574093798
4996.0 0.573008293398654
4998.0 0.5727736652070603
5000.0 0.571642368312192
5002.0 0.5719596514953105
5004.0 0.5729732452872522
5006.0 0.5725119211049471
5008.0 0.5760111863572669
5010.0 0.5761550992935535
5012.0 0.5802002442174403
5014.0 0.580143517514686
5016.0 0.5783530956765733
5018.0 0.5781768894809924
5020.0 0.581778237824642
5022.0 0.5816643747115846
5024.0 0.5873538315645807
5026.0 0.5874459418637488
5028.0 0.5934918625137227
5030.0 0.5938341790523073
5032.0 0.5953750657641129
5034.0 0.5956442453265962
5036.0 0.599240406277207
5038.0 0.5997539174880168
5040.0 0.6018960146309781
5042.0 0.6022545022969
5044.0 0.6036036248136957
5046.0 0.6041500339253942
5048.0 0.6101688274525334
5050.0 0.6111769491786112
5052.0 0.6206556972138875
5054.0 0.6219209220294528
5056.0 0.6277477690216701
5058.0 0.6286380283122254
5060.0 0.6344704558115838
5062.0 0.6352937055822095
5064.0 0.6381399107357582
5066.0 0.6398768441232074
5068.0 0.6468371831881156
5070.0 0.6481382186902085
5072.0 0.652286099194151
5074.0 0.6543000452239718
5076.0 0.6607514125098033
5078.0 0.6626181969554698
5080.0 0.6694392915917509
5082.0 0.6711968969020196
5084.0 0.6763030118683673
5086.0 0.6769251044456468
5088.0 0.6790461834978944
5090.0 0.6808203277618389
5092.0 0.6881147845408938
5094.0 0.6906219521527108
5096.0 0.6984886902045799
5098.0 0.6998371620546483
5100.0 0.70430231196434
5102.0 0.7056959498471516
5104.0 0.7071898186564661
5106.0 0.7089040174019294
5108.0 0.7132818274215257
5110.0 0.7152020402690422
5112.0 0.720534400206289
5114.0 0.7228828697049103
5116.0 0.7276486182182068
5118.0 0.7298356537441433
5120.0 0.7341666182433996
5122.0 0.7364546114749458
5124.0 0.7408336334724823
5126.0 0.7415372400079053
5128.0 0.7426811688083805
5130.0 0.742304843145745
5132.0 0.7409886693361416
5134.0 0.7414998198804554
5136.0 0.7422824399802508
5138.0 0.7446095682070801
5140.0 0.7478261349452485
5142.0 0.7484502501052686
5144.0 0.7496620995189914
5146.0 0.7524108335985353
5148.0 0.756038459229915
5150.0 0.7574285142381582
5152.0 0.7587726564622689
5154.0 0.7598778884126556
5156.0 0.7617588100127761
5158.0 0.7605763921049358
5160.0 0.7586375834591902
5162.0 0.7581804879253182
5164.0 0.7577520864788659
5166.0 0.758937620415683
5168.0 0.7602279884030215
5170.0 0.7636881888269962
5172.0 0.768724525028394
5174.0 0.7654708414061729
5176.0 0.7669424621977763
5178.0 0.7647252490472987
5180.0 0.7653898203541365
5182.0 0.7762720456924229
5184.0 0.8026231825427387
5186.0 0.8045583466676751
5188.0 0.804426914667313
5190.0 0.8044224965073381
5192.0 0.8024455457367582
5194.0 0.7958176293080109
5196.0 0.795928698261793
5198.0 0.7903798229802971
5200.0 0.7902163913156486
5202.0 0.7887601095858304
5204.0 0.7837247095514032
5206.0 0.78630842165292
5208.0 0.7968657718810704
5210.0 0.7998126880267966
5212.0 0.8023677075683938
5214.0 0.8036573206483466
5216.0 0.8031154357557039
5218.0 0.7957999673372749
5220.0 0.7938089262521598
5222.0 0.7942878899048178
5224.0 0.7920789586258041
5226.0 0.7927376936373712
5228.0 0.788723678331156
5230.0 0.7891360224295522
5232.0 0.7903646355855422
5234.0 0.7886908764736408
5236.0 0.7869195201506093
5238.0 0.786228729312202
5240.0 0.7835530047336049
5242.0 0.7755252888166984
5244.0 0.7704324635287707
5246.0 0.7665914802065202
5248.0 0.7610933207567724
5250.0 0.7576671278416018
5252.0 0.7542031541565763
5254.0 0.7485209571369202
5256.0 0.7474992479050572
5258.0 0.7409327480518992
5260.0 0.7397987168189024
5262.0 0.7378534456641556
5264.0 0.7398706621148097
5266.0 0.732579962997233
5268.0 0.7268619647179996
5270.0 0.7231648302833003
5272.0 0.7202884451585297
5274.0 0.7144861429862895
5276.0 0.7136185102962683
5278.0 0.7073181923129431
5280.0 0.7067709845731988
5282.0 0.7044148666125057
5284.0 0.7033047666608953
5286.0 0.6998764048432684
5288.0 0.7043259042349529
5290.0 0.7020541718690105
5292.0 0.7010823697471589
5294.0 0.6995766860173847
5296.0 0.6992112603785229
5298.0 0.6942502237014713
5300.0 0.6943462065073064
5302.0 0.6908206305193313
5304.0 0.6888704837688212
5306.0 0.6875148595063475
5308.0 0.685047137290094
5310.0 0.6808180937286741
5312.0 0.6819548125361731
5314.0 0.6847262919172976
5316.0 0.6849758102283213
5318.0 0.6853339119107117
5320.0 0.6858766541569045
5322.0 0.686510338269892
5324.0 0.6866299004071235
5326.0 0.6832797493385196
5328.0 0.6813023040511815
5330.0 0.6772475220413835
5332.0 0.6745676019176744
5334.0 0.6719470094209841
5336.0 0.6713106387661899
5338.0 0.6719099017666222
5340.0 0.6710689667672369
5342.0 0.6773314972153999
5344.0 0.6777035469539022
5346.0 0.6787948968319868
5348.0 0.6770786382178943
5350.0 0.6780782809032991
5352.0 0.6764974816369966
5354.0 0.6809348154301683
5356.0 0.680555716241854
5358.0 0.6785827757319933
5360.0 0.6794960444731823
5362.0 0.6800010508626761
5364.0 0.6812128760713698
5366.0 0.6848695746384671
5368.0 0.6898759045699354
5370.0 0.6917870283117051
5372.0 0.6918767565336084
5374.0 0.6933995991708565
5376.0 0.694528981333096
5378.0 0.6995836948278723
5380.0 0.7005394685967775
5382.0 0.6977695676763112
5384.0 0.6986495499389073
5386.0 0.6972117631978342
5388.0 0.6988827593613183
5390.0 0.7073821025161631
5392.0 0.7131694371360279
5394.0 0.7213505853968009
5396.0 0.7233818507042566
5398.0 0.7263075628998018
5400.0 0.7277390636530946
5402.0 0.725093485618963
5404.0 0.7263066652632396
5406.0 0.7244385304933322
5408.0 0.7240882606455852
5410.0 0.7191340654876668
5412.0 0.7188551232425106
5414.0 0.7135626177804736
5416.0 0.7149911972915155
5418.0 0.7155956873231951
5420.0 0.7165340814435623
5422.0 0.7188573032972825
5424.0 0.7210918774638321
5426.0 0.7264260991269995
5428.0 0.729299651202023
5430.0 0.7362168903586933
5432.0 0.7365256399755011
5434.0 0.737188614784034
5436.0 0.7372560697320235
5438.0 0.736683356358748
5440.0 0.7359700331053891
5442.0 0.7317782680793287
5444.0 0.7288819721701456
5446.0 0.7218117142237745
5448.0 0.720506808630867
5450.0 0.7127030468720924
5452.0 0.7109258667245991
5454.0 0.708494014480249
5456.0 0.7078068806520171
5458.0 0.7077080265566611
5460.0 0.7069897230522814
5462.0 0.704762109450015
5464.0 0.7046755794054955
5466.0 0.7038249300884776
5468.0 0.7022213956085156
5470.0 0.6986211437883706
5472.0 0.7025053932523729
5474.0 0.7067417872801632
5476.0 0.7076717941776234
5478.0 0.7098539684845825
5480.0 0.7092952144449913
5482.0 0.7076943812200137
5484.0 0.7068594806445152
5486.0 0.7055083077373656
5488.0 0.7084513650555293
5490.0 0.7136332532437097
5492.0 0.7159554110361693
5494.0 0.7209904698255006
5496.0 0.7210291127673755
5498.0 0.7211018610429972
5500.0 0.7214182990325471
5502.0 0.721434170137332
5504.0 0.7221069053324887
5506.0 0.7227795071265356
5508.0 0.7224365284994213
5510.0 0.7219027912252146
5512.0 0.72346854569945
5514.0 0.7264100588944602
5516.0 0.7258121633901342
5518.0 0.7259259798091282
5520.0 0.7260680691801361
5522.0 0.726098442375385
5524.0 0.7293823552429113
5526.0 0.7319786377541555
5528.0 0.7326898703967061
5530.0 0.7343038060906509
5532.0 0.7336734921929456
5534.0 0.7335137859192286
5536.0 0.7327100414051734
5538.0 0.7319173673382878
5540.0 0.7380455260061289
5542.0 0.7432478295246367
5544.0 0.7463530143230359
5546.0 0.7486634582504574
5548.0 0.7484283674744286
5550.0 0.7475319811027527
5552.0 0.7477424631930064
5554.0 0.7474757247654379
5556.0 0.7473558281515071
5558.0 0.7473428364864703
5560.0 0.745461442543568
5562.0 0.7437441776867352
5564.0 0.7442652329930936
5566.0 0.7444102559522097
5568.0 0.7431718824798141
5570.0 0.7415119006326656
5572.0 0.7392960949603548
5574.0 0.7372606060270465
5576.0 0.7347977234276141
5578.0 0.7327593908451353
5580.0 0.7337501922012087
5582.0 0.733720771719214
5584.0 0.7330111403543473
5586.0 0.7317925053726108
5588.0 0.7277687944929682
5590.0 0.7250421695388081
5592.0 0.7240660073111209
5594.0 0.7228592192567008
5596.0 0.7176902804726033
5598.0 0.7147054154814652
5600.0 0.7112568403565187
5602.0 0.7091196451727626
5604.0 0.7067835251585112
5606.0 0.7050846435881387
5608.0 0.7045187103645822
5610.0 0.7033428272851141
5612.0 0.6985641165854479
5614.0 0.6957628763934867
5616.0 0.6903157668228929
5618.0 0.6874897205733008
5620.0 0.6829860267053021
5622.0 0.680036323722053
5624.0 0.673454185753824
5626.0 0.6702687893306983
5628.0 0.671337548130225
5630.0 0.6698977848951533
5632.0 0.6644592316540135
5634.0 0.66164583748103
5636.0 0.656794994288672
5638.0 0.6542542449478198
5640.0 0.655086263320377
5642.0 0.6540834449200197
5644.0 0.6465317793334868
5646.0 0.6441101068264116
5648.0 0.6392666885821802
5650.0 0.6372175340316504
5652.0 0.6327573341547521
5654.0 0.6313261907557672
5656.0 0.6320469526665554
5658.0 0.6316739070623234
5660.0 0.6228273020412899
5662.0 0.6212673970973427
5664.0 0.6197075870159012
5666.0 0.6193423636344333
5668.0 0.6204835634805357
5670.0 0.6203254398352576
5672.0 0.6173824964238652
5674.0 0.6172275073713461
5676.0 0.6118348580205701
5678.0 0.6117472024635161
5680.0 0.6067392278678199
5682.0 0.6068321158700237
5684.0 0.6070603359477649
5686.0 0.6078460384393434
5688.0 0.6126307612850397
5690.0 0.6134986722387867
5692.0 0.6090494402098016
5694.0 0.610049835610624
5696.0 0.604594367750053
5698.0 0.6056438481167656
5700.0 0.6023824554059689
5702.0 0.6026956715402106
5704.0 0.606618143901309
5706.0 0.6071986657973134
5708.0 0.609238732871403
5710.0 0.6107588929676618
5712.0 0.6150741499015663
5714.0 0.6157982163785797
5716.0 0.6152288433536807
5718.0 0.6174960302149722
5720.0 0.6225891801530616
5722.0 0.6241509571454052
5724.0 0.6279864711693733
5726.0 0.6293894334186513
5728.0 0.6342282328315632
5730.0 0.6351981579848787
5732.0 0.6370645892800357
5734.0 0.6389988432654886
5736.0 0.6451126182822102
5738.0 0.6466451819158971
5740.0 0.6518516011891261
5742.0 0.6524895774994061
5744.0 0.6515162942489131
5746.0 0.6515603603464875
5748.0 0.6496048803695351
5750.0 0.6504991731557366
5752.0 0.653792853945954
5754.0 0.6547043277551072
5756.0 0.658065638906974
5758.0 0.6585336467245021
5760.0 0.6579508923808864
5762.0 0.6598191757693502
5764.0 0.6629086560630721
5766.0 0.6638225997683627
5768.0 0.6647496624392273
5770.0 0.6664950489181839
5772.0 0.67232205431632
5774.0 0.6729144828783342
5776.0 0.673594533603199
5778.0 0.6736578168847528
5780.0 0.6735718914613672
5782.0 0.6745726229454809
5784.0 0.6770379338804828
5786.0 0.6780997300419584
5788.0 0.6824140275964969
5790.0 0.6819725702610234
5792.0 0.682017896173161
5794.0 0.6814535420255317
5796.0 0.6803216747342354
5798.0 0.6812542052413308
5800.0 0.683853884744719
5802.0 0.6842486152993993
5804.0 0.6843705446766565
5806.0 0.6872752380492614
5808.0 0.6940130849575462
5810.0 0.6954218224620244
5812.0 0.6989914613300607
5814.0 0.6997104536987794
5816.0 0.7006204168348209
5818.0 0.7006547731755304
5820.0 0.7011730513988018
5822.0 0.7015951981080446
5824.0 0.7015052181137474
5826.0 0.7013786785218519
5828.0 0.7008417626747417
5830.0 0.7020281781839831
5832.0 0.7039429482484002
5834.0 0.7066710948180879
5836.0 0.7104317283938666
5838.0 0.7108309769537008
5840.0 0.7114407746567071
5842.0 0.7107963086482314
5844.0 0.7087989231795764
5846.0 0.7012741613394577
5848.0 0.6915005816382627
5850.0 0.6886999147343252
5852.0 0.6860596314758793
5854.0 0.6924375300559639
5856.0 0.7000742653555871
5858.0 0.7026935312830829
5860.0 0.706182982588188
5862.0 0.7046904118373706
5864.0 0.7032778493219465
5866.0 0.7032268494795088
5868.0 0.702724906818987
5870.0 0.7020603312327133
5872.0 0.702379178076611
5874.0 0.704114582266951
5876.0 0.7057328900922792
5878.0 0.7049900494031629
5880.0 0.7041325749353204
5882.0 0.6970857624754606
5884.0 0.6899154773785009
5886.0 0.6737012853109816
5888.0 0.6610341901214569
5890.0 0.6478387187555208
5892.0 0.63726592038413
5894.0 0.6338257943889297
5896.0 0.6318836123557369
5898.0 0.6357676821205286
5900.0 0.6400710895474448
5902.0 0.6460428885503016
5904.0 0.6489073156286371
5906.0 0.6530166190173092
5908.0 0.6549150698126557
5910.0 0.6548920174216669
5912.0 0.6545501598186237
5914.0 0.654365629884529
5916.0 0.6541827175409263
5918.0 0.6531696070723724
5920.0 0.6518602313957028
5922.0 0.6489488219504669
5924.0 0.6468972887789701
5926.0 0.6465977003680956
5928.0 0.6460278764943883
5930.0 0.6434930384397561
5932.0 0.6416215454292483
5934.0 0.6363001195183513
5936.0 0.6328911734585463
5938.0 0.6341803069876569
5940.0 0.6340430784649681
5942.0 0.6283135084005398
5944.0 0.6251145045844309
5946.0 0.616080253750335
5948.0 0.6119527457442899
5950.0 0.6129191386351599
5952.0 0.6129133565962752
5954.0 0.6091021062971655
5956.0 0.6075929654483144
5958.0 0.6054917620583906
5960.0 0.6052549850432348
5962.0 0.6029983189049545
5964.0 0.6018673625549052
5966.0 0.6016007736739015
5968.0 0.60175289590188
5970.0 0.6018887161211434
5972.0 0.6021026048620881
5974.0 0.5973841618210014
5976.0 0.5965751023600528
5978.0 0.595301510012138
5980.0 0.5948692650566954
5982.0 0.5975111517306126
5984.0 0.597611946797426
5986.0 0.5923400031143132
5988.0 0.5913131961339616
5990.0 0.5872432172946093
5992.0 0.5860978331337119
5994.0 0.5862284016924902
5996.0 0.586415589163835
5998.0 0.5796423549921585
6000.0 0.5778791616555742
6002.0 0.5798100744359017
6004.0 0.5793575782860525
6006.0 0.5775885801888411
6008.0 0.577350008067679
6010.0 0.5719616337490013
6012.0 0.5708283590402745
6014.0 0.5696171011848349
6016.0 0.5694042548750143
6018.0 0.5649987462767666
6020.0 0.563707530367819
6022.0 0.5632400820955376
6024.0 0.5625548953971632
6026.0 0.5606529142193301
6028.0 0.5593370184685416
6030.0 0.5551772890296459
6032.0 0.554563032620468
6034.0 0.5573554742980158
6036.0 0.5571914245790909
6038.0 0.5534625301894629
6040.0 0.5533026158527891
6042.0 0.5490820689477872
6044.0 0.5486493703820177
6046.0 0.544278223390702
6048.0 0.5443449022970043
6050.0 0.5453097763050316
6052.0 0.545287921840692
6054.0 0.5423546043952735
6056.0 0.5431827209209054
6058.0 0.5389029497814873
6060.0 0.5396680921318281
6062.0 0.5410992825487437
6064.0 0.5409850490838911
6066.0 0.5363065057225291
6068.0 0.5359938098896176
6070.0 0.5318964868747684
6072.0 0.5318461642093674
6074.0 0.5286660242339281
6076.0 0.5281819758397239
6078.0 0.5225881421220087
6080.0 0.5224328542060229
6082.0 0.5172568269159342
6084.0 0.5159365251662823
6086.0 0.5089136618725825
6088.0 0.5083313157217199
6090.0 0.503521969652235
6092.0 0.502992846001236
6094.0 0.49854400300631047
6096.0 0.49781447821327063
6098.0 0.49452179049170714
6100.0 0.49378597122967094
6102.0 0.4888689930490948
6104.0 0.4874717758429656
6106.0 0.4804369410816004
6108.0 0.47752063568463793
6110.0 0.47048925278409226
6112.0 0.468688237816776
6114.0 0.4618140080628487
6116.0 0.4614868588725392
6118.0 0.4568140472969283
6120.0 0.4553697422591885
6122.0 0.4497071714848094
6124.0 0.4485311355046205
6126.0 0.4426769673779166
6128.0 0.4405206031569201
6130.0 0.4332764822482467
6132.0 0.431652295705596
6134.0 0.42783561069321696
6136.0 0.427840957305016
6138.0 0.4261604455629248
6140.0 0.4243407285360579
6142.0 0.41898561981037147
6144.0 0.417036382463202
6146.0 0.4127838876647903
6148.0 0.4132381195245496
6150.0 0.4145145491401646
6152.0 0.4154938293340881
6154.0 0.4173300808282209
6156.0 0.4181603622557662
6158.0 0.4189836420514329
6160.0 0.41972465506972545
6162.0 0.42178154781640304
6164.0 0.42226698820234015
6166.0 0.42204762315283584
6168.0 0.42327759527916164
6170.0 0.42607958059442597
6172.0 0.42754620413153716
6174.0 0.43044424507362655
6176.0 0.4320365171137069
6178.0 0.4338577725402257
6180.0 0.43389569225390195
6182.0 0.4341986866242713
6184.0 0.4347157720225514
6186.0 0.4355225619454876
6188.0 0.43590572008370027
6190.0 0.43791625486688207
6192.0 0.43855257655769336
6194.0 0.4393777184821484
6196.0 0.4408092232085988
6198.0 0.4431334922486867
6200.0 0.4436994231614027
6202.0 0.4446921728182754
6204.0 0.4431268258810064
6206.0 0.44188166204746687
6208.0 0.445368628480636
6210.0 0.44946301492983776
6212.0 0.4525586015291028
6214.0 0.4551814728551084
6216.0 0.4565710652884028
6218.0 0.4586724610191239
6220.0 0.45889270803789267
6222.0 0.4593488846324914
6224.0 0.4617055579367892
6226.0 0.46348174361866995
6228.0 0.46438690180313486
6230.0 0.46506572348089237
6232.0 0.4648336634658515
6234.0 0.4645205675816054
6236.0 0.4625841560296583
6238.0 0.4608911438114386
6240.0 0.4615241154861241
6242.0 0.4624735758103735
6244.0 0.4675083907626257
6246.0 0.4710520680432785
6248.0 0.4710332594807157
6250.0 0.4708492975958525
6252.0 0.4686418333700775
6254.0 0.4672305666334613
6256.0 0.4687983118252142
6258.0 0.4696146828434688
6260.0 0.47044825640009014
6262.0 0.47070505870466595
6264.0 0.47177039347176714
6266.0 0.47279838993209733
6268.0 0.4729583529620999
6270.0 0.47348849357716577
6272.0 0.47499192488908204
6274.0 0.47614364324756925
6276.0 0.4771508783434886
6278.0 0.47761941585746603
6280.0 0.4772531102989575
6282.0 0.47661060124682386
6284.0 0.4750113858194618
6286.0 0.4743396363256876
6288.0 0.47564994916976117
6290.0 0.4765828645654693
6292.0 0.47650565312619947
6294.0 0.47679836180956114
6296.0 0.475547027381562
6298.0 0.47527686199732294
6300.0 0.4760514050774088
6302.0 0.476235834358188
6304.0 0.47607884343852946
6306.0 0.47590366614434815
6308.0 0.47453008070590946
6310.0 0.47423181165397366
6312.0 0.475130785839511
6314.0 0.4760228862454701
6316.0 0.47480401235369213
6318.0 0.4747376238600788
6320.0 0.4750353020222885
6322.0 0.47514649177552604
6324.0 0.47834851189840455
6326.0 0.4791769230553353
6328.0 0.47925226704008056
6330.0 0.48054458340840006
6332.0 0.4790414041511046
6334.0 0.4796640270361211
6336.0 0.4806882488851799
6338.0 0.48174839333017316
6340.0 0.48434358878218603
6342.0 0.4850734742866206
6344.0 0.48290038729256585
6346.0 0.4828781037460564
6348.0 0.48469568289309195
6350.0 0.4862597711589603
6352.0 0.488391070071732
6354.0 0.4895518774628917
6356.0 0.4893679304361511
6358.0 0.48951343283318033
6360.0 0.48832233683218346
6362.0 0.48911198357810715
6364.0 0.49064806193317506
6366.0 0.4919920817491202
6368.0 0.49260651556784013
6370.0 0.4934355846374625
6372.0 0.49263435019561824
6374.0 0.49379566912216644
6376.0 0.4932850669341644
6378.0 0.493674386422604
6380.0 0.49539124015382396
6382.0 0.4960751211227107
6384.0 0.4968148968929177
6386.0 0.4970057780023144
6388.0 0.49772129326523334
6390.0 0.49755060144677843
6392.0 0.49632781241982876
6394.0 0.4972814951941565
6396.0 0.49867301092074773
6398.0 0.4996275144779519
6400.0 0.4986783325102817
6402.0 0.4989133415204619
6404.0 0.5011176102327981
6406.0 0.5013370614018465
6408.0 0.5001374278510172
6410.0 0.5002634036293445
6412.0 0.5000816720474951
6414.0 0.500055663448352
6416.0 0.5028226315343739
6418.0 0.5041034383268496
6420.0 0.5047084859120061
6422.0 0.5063255316667432
6424.0 0.5105089048872018
6426.0 0.5097587217474132
6428.0 0.5092832578655829
6430.0 0.5091866494474241
6432.0 0.5065172743450568
6434.0 0.5062107636651999
6436.0 0.5045557466201983
6438.0 0.5042739504746567
6440.0 0.504743997806735
6442.0 0.5050431566861908
6444.0 0.5047707773197744
6446.0 0.5043345395142964
6448.0 0.502468955759286
6450.0 0.5021726787560318
6452.0 0.500590248605031
6454.0 0.5022501282104719
6456.0 0.5049379056542247
6458.0 0.5044224050355506
6460.0 0.5036673673034788
6462.0 0.5036848390864813
6464.0 0.5039720876773575
6466.0 0.5033857905375205
6468.0 0.5023563058524015
6470.0 0.5018573466855116
6472.0 0.4990448451116989
6474.0 0.49885948298497684
6476.0 0.49801271365753325
6478.0 0.49862162461217924
6480.0 0.5007417397459021
6482.0 0.5010374995351012
6484.0 0.5017415954059746
6486.0 0.49951623565139336
6488.0 0.49528701815256576
6490.0 0.49503104469382525
6492.0 0.49371195726808564
6494.0 0.49271137743339766
6496.0 0.4904729412587832
6498.0 0.4901261989267855
6500.0 0.4893575159703875
6502.0 0.48808364164062934
6504.0 0.4858290810840288
6506.0 0.4844085326333606
6508.0 0.48252835180233317
6510.0 0.4834093790539987
6512.0 0.485857845153438
6514.0 0.48421150333076124
6516.0 0.48193360605401836
6518.0 0.4803659204456017
6520.0 0.4775893563410924
6522.0 0.4776592665271418
6524.0 0.47792947808476094
6526.0 0.47696021388651494
6528.0 0.4758310035023648
6530.0 0.47432690376835396
6532.0 0.4723916487515123
6534.0 0.47114911572068574
6536.0 0.4698056082985729
6538.0 0.46827867949097507
6540.0 0.4659837184034708
6542.0 0.46593874323012324
6544.0 0.46629311579614374
6546.0 0.4648555995769626
6548.0 0.46341503839685405
6550.0 0.4613323292370339
6552.0 0.4588219820858108
6554.0 0.45606135570999246
6556.0 0.4538602037621296
6558.0 0.45410104363726067
6560.0 0.4540337634997246
6562.0 0.45424878032153515
6564.0 0.4544513334169282
6566.0 0.4519902782919644
6568.0 0.4493423500142652
6570.0 0.4458606599294532
6572.0 0.44238410274969925
6574.0 0.439698932225427
6576.0 0.4369949261054823
6578.0 0.43527494420117624
6580.0 0.4341091378386075
6582.0 0.43291163971852326
6584.0 0.4317911175677659
6586.0 0.43099044745998094
6588.0 0.4299476437057215
6590.0 0.4272932895454876
6592.0 0.4255084355583155
6594.0 0.424327136225016
6596.0 0.4235030092797634
6598.0 0.42101370837126073
6600.0 0.41868410543681983
6602.0 0.41496217260717233
6604.0 0.4123678988363472
6606.0 0.4099609478143673
6608.0 0.4088362374040645
6610.0 0.4075945008850215
6612.0 0.40696124223840363
6614.0 0.40443853534125007
6616.0 0.4023396728111633
6618.0 0.4024272830738766
6620.0 0.40185368885424116
6622.0 0.40149002035832215
6624.0 0.4010982991049335
6626.0 0.3980340090937322
6628.0 0.39614390523082726
6630.0 0.39369383135464314
6632.0 0.3919311285439345
6634.0 0.39012274626837834
6636.0 0.38878918000258367
6638.0 0.3847030534840133
6640.0 0.3824909937681264
6642.0 0.38158574074795343
6644.0 0.380634957365357
6646.0 0.37861162757359546
6648.0 0.37751165268683895
6650.0 0.3734814510757175
6652.0 0.3713504409601384
6654.0 0.3690809773712477
6656.0 0.368013294271626
6658.0 0.36923686836582625
6660.0 0.36918001997698024
6662.0 0.3697615031797224
6664.0 0.36950324427226683
6666.0 0.3682979210029579
6668.0 0.3672026842058936
6670.0 0.36136464293485204
6672.0 0.35942560849028077
6674.0 0.35757799849088734
6676.0 0.356658682884811
6678.0 0.3566293099741993
6680.0 0.3563990955696618
6682.0 0.3570108553341816
6684.0 0.3564593575639425
6686.0 0.35539009493116835
6688.0 0.3547024407604444
6690.0 0.35077183629826153
6692.0 0.34959211495434106
6694.0 0.3509540317268764
6696.0 0.35101732507017214
6698.0 0.35093223888064506
6700.0 0.3507205364015548
6702.0 0.34733575587744997
6704.0 0.34651492357656877
6706.0 0.3438292414824397
6708.0 0.3428845983404531
6710.0 0.34131417888655374
6712.0 0.34088742993185184
6714.0 0.34086276003208216
6716.0 0.34052222978887897
6718.0 0.3403385777238873
6720.0 0.3401865456618528
6722.0 0.3390218010837383
6724.0 0.33764878001780335
6726.0 0.336329631037511
6728.0 0.33621341897475915
6730.0 0.3340351380454326
6732.0 0.3339688055862655
6734.0 0.3315439440357043
6736.0 0.33143763832320156
6738.0 0.3303460590799014
6740.0 0.330323367829442
6742.0 0.3285580828198128
6744.0 0.3287837993880937
6746.0 0.32835530915397
6748.0 0.32808069160146525
6750.0 0.3293923351996027
6752.0 0.3291126006255647
6754.0 0.3258533752233388
6756.0 0.3252609374158911
6758.0 0.32293240003116735
6760.0 0.32261989214852965
6762.0 0.32309796306829025
6764.0 0.32267598487220844
6766.0 0.32050387236583217
6768.0 0.32001508420275615
6770.0 0.3175721499558176
6772.0 0.31733622073265283
6774.0 0.31913202671073243
6776.0 0.3184819820227901
6778.0 0.3168349858094747
6780.0 0.3152578332123385
6782.0 0.3116388398995127
6784.0 0.31038238786854394
6786.0 0.3089214994152557
6788.0 0.3084786898106695
6790.0 0.30753468838021314
6792.0 0.307021526669704
6794.0 0.3066564239185722
6796.0 0.3064246081698922
6798.0 0.3053369119136866
6800.0 0.3049436848341942
6802.0 0.30308338503822707
6804.0 0.30239131802618835
6806.0 0.3036073161271566
6808.0 0.30327969851929903
6810.0 0.3021008183094264
6812.0 0.3018509524314352
6814.0 0.3019618876653598
6816.0 0.30189235182128743
6818.0 0.3014388971310804
6820.0 0.301601812720434
6822.0 0.30060720723553835
6824.0 0.3006381304722841
6826.0 0.3006773988990901
6828.0 0.3003081494853776
6830.0 0.2985289827221081
6832.0 0.2987465925966163
6834.0 0.29392098683811707
6836.0 0.2943671790567079
6838.0 0.29520271695759465
6840.0 0.2955805612025252
6842.0 0.29541681603174824
6844.0 0.2948595248728522
6846.0 0.2938083060816304
6848.0 0.29395398519566607
6850.0 0.29368621830712616
6852.0 0.2922007092694911
6854.0 0.28962646432414785
6856.0 0.28957377156070707
6858.0 0.2896185337579872
6860.0 0.2893953418290263
6862.0 0.2888920908796243
6864.0 0.28819583260467546
6866.0 0.28670851601839
6868.0 0.2869640010368168
6870.0 0.2872732552116359
6872.0 0.2877303280340489
6874.0 0.2883729013811952
6876.0 0.28712543946483016
6878.0 0.28562261148420875
6880.0 0.28560026274580796
6882.0 0.2856221624768483
6884.0 0.2847436690470867
6886.0 0.2841419008665991
6888.0 0.28422946344642247
6890.0 0.2842227595636823
6892.0 0.2829520467288459
6894.0 0.28154236640911523
6896.0 0.28059443439971943
6898.0 0.2797080108980184
6900.0 0.2791896101844923
6902.0 0.2785280484629063
6904.0 0.2783849312100406
6906.0 0.2783334711831957
6908.0 0.2784560827718525
6910.0 0.27816578832399264
6912.0 0.27684488991651574
6914.0 0.27504321538259197
6916.0 0.2725955510917439
6918.0 0.27003004948017933
6920.0 0.26844363802987325
6922.0 0.26727239693652105
6924.0 0.2683899316255848
6926.0 0.2695366923435012
6928.0 0.27131659242418926
6930.0 0.2725041252420655
6932.0 0.27280117755357436
6934.0 0.27312005927960625
6936.0 0.27196392980741974
6938.0 0.2715455115726541
6940.0 0.2706364813464812
6942.0 0.27036148574441266
6944.0 0.2704240376236938
6946.0 0.2695247178376277
6948.0 0.26753155879505214
6950.0 0.26625606280161174
6952.0 0.266562922427241
6954.0 0.26679376125171794
6956.0 0.26587701641707023
6958.0 0.265321236679763
6960.0 0.2654548985999657
6962.0 0.26552749447105223
6964.0 0.26585403527036616
6966.0 0.2657537202959351
6968.0 0.26296779884227706
6970.0 0.2624076343636743
6972.0 0.2622700210056073
6974.0 0.2621314113809028
6976.0 0.26143420840057224
6978.0 0.26120450708820125
6980.0 0.2604916827821211
6982.0 0.25976404607511
6984.0 0.26094234328076377
6986.0 0.26145782794354366
6988.0 0.2615516677089489
6990.0 0.2618075891091836
6992.0 0.2607120870051906
6994.0 0.2605778008621643
6996.0 0.26074406984910703
6998.0 0.26032540559822376
7000.0 0.26034630048364377
7002.0 0.26036243589538866
7004.0 0.2599405068334623
7006.0 0.2597589903493371
7008.0 0.2582690966580142
7010.0 0.25808211979709145
7012.0 0.2567514886179738
7014.0 0.2565967830601808
7016.0 0.25652921686342217
7018.0 0.25682272121148886
7020.0 0.25565880921192213
7022.0 0.2558961231674067
7024.0 0.2562000985087574
7026.0 0.2561585235799319
7028.0 0.25794368844750604
7030.0 0.25843283061346334
7032.0 0.2569611027164341
7034.0 0.257200999898702
7036.0 0.25630833164148814
7038.0 0.25621380076385336
7040.0 0.25768926405585596
7042.0 0.25760437062393204
7044.0 0.2581614918444725
7046.0 0.257901665139419
7048.0 0.25606815694336227
7050.0 0.2559603954712729
7052.0 0.2523614465430123
7054.0 0.2515013699677634
7056.0 0.2513827831925783
7058.0 0.2517575381525026
7060.0 0.25170772594952767
7062.0 0.25202287064658874
7064.0 0.2510956408483977
7066.0 0.2508958854392927
7068.0 0.2525037928912045
7070.0 0.2528507961691742
7072.0 0.25220659458011324
7074.0 0.25221315264901945
7076.0 0.2507605324419154
7078.0 0.25063771671681784
7080.0 0.25137172594513285
7082.0 0.251416614353574
7084.0 0.25244733671785996
7086.0 0.252587644284506
7088.0 0.25169046970287723
7090.0 0.2520662721904144
7092.0 0.2519348407402111
7094.0 0.2522647961975141
7096.0 0.2526713989257616
7098.0 0.2525416257979773
7100.0 0.25236402145668757
7102.0 0.2526264780154031
7104.0 0.2521353823756744
7106.0 0.25270962257032137
7108.0 0.2536064557967454
7110.0 0.2540652799111891
7112.0 0.2560941919569728
7114.0 0.25689741182940556
7116.0 0.2583320850419841
7118.0 0.25978025260073434
7120.0 0.26185719204293856
7122.0 0.2625364383214058
7124.0 0.26307800594759406
7126.0 0.2630709770005339
7128.0 0.2624193559595744
7130.0 0.2629837818925872
7132.0 0.260516391056973
7134.0 0.26034693541498605
7136.0 0.26074496861857455
7138.0 0.2613631051032348
7140.0 0.2618648605237809
7142.0 0.2624485892380966
7144.0 0.2619972060974867
7146.0 0.2619882265728998
7148.0 0.2602749631380905
7150.0 0.26086472765755025
7152.0 0.2618826830856257
7154.0 0.2621344664606913
7156.0 0.2631656034909835
7158.0 0.26265058610198816
7160.0 0.26121489290626276
7162.0 0.26013607415870976
7164.0 0.2585035587472086
7166.0 0.25913870840366054
7168.0 0.2608020417745551
7170.0 0.26151198578643836
7172.0 0.2633834056988134
7174.0 0.26352544697825414
7176.0 0.26319377602300514
7178.0 0.26329257748894697
7180.0 0.26317621647710115
7182.0 0.2640876365793569
7184.0 0.2654485899775067
7186.0 0.26485267566354803
7188.0 0.26366058197750375
7190.0 0.26215178821442037
7192.0 0.2606865713249185
7194.0 0.2600944189077796
7196.0 0.25958988195781496
7198.0 0.2604031404656905
7200.0 0.2616747437631154
7202.0 0.2612410023545152
7204.0 0.26020904420945107
7206.0 0.2585131486806035
7208.0 0.25634831591939455
7210.0 0.255646643746835
7212.0 0.25473431075424074
7214.0 0.25433779044374755
7216.0 0.25360066916197727
7218.0 0.25329468230535346
7220.0 0.2525254331551659
7222.0 0.25258971078241094
7224.0 0.25289427911376067
7226.0 0.25257660688994443
7228.0 0.252223121538551
7230.0 0.250801001359196
7232.0 0.24886047600796016
7234.0 0.24837987301170633
7236.0 0.24778781715096984
7238.0 0.24907840248232774
7240.0 0.25046503907323614
7242.0 0.25113112957628064
7244.0 0.25247069002803413
7246.0 0.250859631451554
7248.0 0.24901847495053148
7250.0 0.2484321803930629
7252.0 0.2481313482743198
7254.0 0.24940161908892106
7256.0 0.2502620986455009
7258.0 0.2497420132671233
7260.0 0.24922980661110117
7262.0 0.24878924677331982
7264.0 0.24893386048454386
7266.0 0.2495166268289108
7268.0 0.2501008652654004
7270.0 0.24922462976458992
7272.0 0.24823949870075382
7274.0 0.2482185191655411
7276.0 0.24819914201121032
7278.0 0.2485807279909495
7280.0 0.24909130613303948
7282.0 0.24914837081930377
7284.0 0.24963770437420307
7286.0 0.2505686826159654
7288.0 0.25133749466679356
7290.0 0.25122916250802274
7292.0 0.25121881008738234
7294.0 0.2520536470407388
7296.0 0.2530970082410353
7298.0 0.25402578656285585
7300.0 0.25462263097423893
7302.0 0.2543505564075473
7304.0 0.25440641212130555
7306.0 0.25341963725553157
7308.0 0.25326291065981726
7310.0 0.2538667005030131
7312.0 0.25467637527803666
7314.0 0.25607573336872236
7316.0 0.2569848973051687
7318.0 0.25731218802644745
7320.0 0.25750602243124643
7322.0 0.25706475443830884
7324.0 0.2570830583971854
7326.0 0.2560183414108155
7328.0 0.25581103910182507
7330.0 0.25609419700828173
7332.0 0.2569325822826535
7334.0 0.2586412235551712
7336.0 0.2598767101537631
7338.0 0.2607514421059126
7340.0 0.2612440244249185
7342.0 0.2601159280338208
7344.0 0.2595582325698253
7346.0 0.25776861149098734
7348.0 0.25751707303015275
7350.0 0.2570347294757751
7352.0 0.25672409596401796
7354.0 0.2566373883159623
7356.0 0.25726940311336655
7358.0 0.25519284399185194
7360.0 0.25470932923619277
7362.0 0.2526536939795097
7364.0 0.2523253596978423
7366.0 0.2525731459474738
7368.0 0.25311525669804064
7370.0 0.25341246547846497
7372.0 0.25387143683978347
7374.0 0.2554981276448429
7376.0 0.25583017905564104
7378.0 0.25609120158881943
7380.0 0.25562970990912914
7382.0 0.2530529643101727
7384.0 0.25203499114638306
7386.0 0.25141755769740737
7388.0 0.25084044418476936
7390.0 0.2508183776830853
7392.0 0.25054742109820644
7394.0 0.2502999518287882
7396.0 0.2500102135127185
7398.0 0.2478516864998916
7400.0 0.24707387625216273
7402.0 0.24505045888380342
7404.0 0.2439025066071167
7406.0 0.2437664942187417
7408.0 0.24292565645073383
7410.0 0.2429196874147757
7412.0 0.24293062355954131
7414.0 0.2412425460569152
7416.0 0.24137892111575987
7418.0 0.2397808145142181
7420.0 0.23912245706763888
7422.0 0.23727464295625364
7424.0 0.23631688207014842
7426.0 0.2352585810360434
7428.0 0.23477151337890995
7430.0 0.2347125834415248
7432.0 0.23390378061667852
7434.0 0.2320136667610459
7436.0 0.23131655422579042
7438.0 0.22786294230442547
7440.0 0.22691714238198285
7442.0 0.2254906721487333
7444.0 0.22481870896827671
7446.0 0.2250163435759238
7448.0 0.22415718682487504
7450.0 0.22293448473255809
7452.0 0.22187112449428342
7454.0 0.219708334015687
7456.0 0.21883256527618664
7458.0 0.2173625894072989
7460.0 0.2149554455283937
7462.0 0.21377169940156024
7464.0 0.21389742300877643
7466.0 0.21536878268386334
7468.0 0.21559917471020384
7470.0 0.21576084955538075
7472.0 0.21517051346178442
7474.0 0.2128442129187304
7476.0 0.21237092685862904
7478.0 0.21188961421435262
7480.0 0.21154370723067667
7482.0 0.20992936504886323
7484.0 0.20968925804670546
7486.0 0.2085523892602569
7488.0 0.2077327130255264
7490.0 0.20658487077927268
7492.0 0.20503167974018283
7494.0 0.20298528560315696
7496.0 0.20014204954977813
7498.0 0.1948475533679262
7500.0 0.19046984039383227
7502.0 0.1852394793287383
7504.0 0.18162565130580427
7506.0 0.1785775840338731
7508.0 0.17535490587715483
7510.0 0.17239648430673604
7512.0 0.16985166829494242
7514.0 0.1711390865014125
7516.0 0.17190275520813694
7518.0 0.1728695727827952
7520.0 0.17254480252132598
7522.0 0.17187364201509872
7524.0 0.17316644125380057
7526.0 0.17441763781293146
7528.0 0.1762039489639083
7530.0 0.17856781430177324
7532.0 0.1791588885907969
7534.0 0.179554669320021
7536.0 0.1803991939054678
7538.0 0.18097043484906897
7540.0 0.17921365583149382
7542.0 0.1793412994991926
7544.0 0.1780718923336596
7546.0 0.17732881915967078
7548.0 0.17828351565550674
7550.0 0.17866473258340784
7552.0 0.1802752947390331
7554.0 0.1812096068782516
7556.0 0.18273319482672254
7558.0 0.18501113986355333
7560.0 0.18838378940556366
7562.0 0.19071828006634858
7564.0 0.19407772587470426
7566.0 0.19750666331085148
7568.0 0.1979449745379762
7570.0 0.19251184565999616
7572.0 0.19420479997989798
7574.0 0.19524116189993876
7576.0 0.1952769561561007
7578.0 0.19679007876078536
7580.0 0.19834354585458422
7582.0 0.19938555922578002
7584.0 0.19985308710607697
7586.0 0.20053749954431582
7588.0 0.20117171449962098
7590.0 0.2021394915035546
7592.0 0.20369018466551386
7594.0 0.20584482515294633
7596.0 0.20752079642429003
7598.0 0.2092047301400069
7600.0 0.21083931433175632
7602.0 0.210792519555822
7604.0 0.2112309695788642
7606.0 0.21174965932284395
7608.0 0.21345485645037787
7610.0 0.2155070723551548
7612.0 0.21779551528454064
7614.0 0.21998306903269466
7616.0 0.22257980222254467
7618.0 0.22427746364323742
7620.0 0.22640627518006984
7622.0 0.2279783875538275
7624.0 0.2319657713669277
7626.0 0.23277234063738236
7628.0 0.23167349070426574
7630.0 0.23088950181905338
7632.0 0.22940339374419239
7634.0 0.2284709187390981
7636.0 0.22891737788937944
7638.0 0.2292571558490907
7640.0 0.22983040836668883
7642.0 0.23049819393258836
7644.0 0.23057470486034926
7646.0 0.2307419177376974
7648.0 0.23199783162323154
7650.0 0.2328334441310778
7652.0 0.23379821510697474
7654.0 0.234693207206785
7656.0 0.2352580332610851
7658.0 0.235760970815095
7660.0 0.23632107415021225
7662.0 0.2361259220490271
7664.0 0.23631693057553232
7666.0 0.2365259356918693
7668.0 0.2359159921469686
7670.0 0.23568739374212527
7672.0 0.23856794634634992
7674.0 0.23966464483865063
7676.0 0.23862001521043538
7678.0 0.2386617061929021
7680.0 0.23999790556637934
7682.0 0.24058138582127736
7684.0 0.24163505926048
7686.0 0.24183131068673389
7688.0 0.24198300253175964
7690.0 0.24194089633822607
7692.0 0.242778629738474
7694.0 0.24326582268543728
7696.0 0.24254611449534935
7698.0 0.24209070768631905
7700.0 0.24259645865652524
7702.0 0.24270386711774344
7704.0 0.24251549578646422
7706.0 0.2421851704783029
7708.0 0.24454938256041572
7710.0 0.2457844319548102
7712.0 0.24635566375686282
7714.0 0.2464757991773102
7716.0 0.2490377837430938
7718.0 0.24962121162007483
7720.0 0.2493506705210769
7722.0 0.2490585244634458
7724.0 0.2478570603608564
7726.0 0.2469719178112929
7728.0 0.24748271068072003
7730.0 0.24750546495511336
7732.0 0.247042304620026
7734.0 0.24505228843491939
7736.0 0.24559237764066358
7738.0 0.24536545208575475
7740.0 0.2450647649000941
7742.0 0.24516982958274275
7744.0 0.24544523692567513
7746.0 0.2452190377668259
7748.0 0.24389856560937123
7750.0 0.24357599569971466
7752.0 0.24274049343319717
7754.0 0.24300132180418793
7756.0 0.24213754786908182
7758.0 0.2422875719266577
7760.0 0.24433796322801632
7762.0 0.24440136349600164
7764.0 0.24373098556953435
7766.0 0.2422778044313836
7768.0 0.2425668048299502
7770.0 0.24112069495314345
7772.0 0.23925526834849423
7774.0 0.23896055597659588
7776.0 0.2383837067933703
7778.0 0.23811135624716917
7780.0 0.2406111289831701
7782.0 0.2396572301547129
7784.0 0.23865650898481122
7786.0 0.23768162355447153
7788.0 0.2386189909292956
7790.0 0.2382602029499747
7792.0 0.23715413773372043
7794.0 0.23714278798243235
7796.0 0.2373283892396472
7798.0 0.23681028738914794
7800.0 0.23726021376930784
7802.0 0.23681522087313586
7804.0 0.24008108486415627
7806.0 0.23952926337740738
7808.0 0.23932297072394867
7810.0 0.23925801897000354
7812.0 0.2379189924004943
7814.0 0.23759032602751162
7816.0 0.23583760761816186
7818.0 0.23404089129751632
7820.0 0.2322040857126598
7822.0 0.2316862048304891
7824.0 0.23004578860804487
7826.0 0.22887197828769712
7828.0 0.22647985351723104
7830.0 0.22579398630720168
7832.0 0.22655663405504572
7834.0 0.22614537578730803
7836.0 0.2261297024722752
7838.0 0.22503437109633811
7840.0 0.2217129240473542
7842.0 0.22102882345619265
7844.0 0.22203220793289813
7846.0 0.2212973385133208
7848.0 0.2196482700423932
7850.0 0.218523895759823
7852.0 0.21609780117467184
7854.0 0.2150143323389611
7856.0 0.2124352794000637
7858.0 0.21260900337256533
7860.0 0.2131797162422224
7862.0 0.21323283828969963
7864.0 0.21419363385990747
7866.0 0.2136715157832301
7868.0 0.21304681331593953
7870.0 0.21279931066129915
7872.0 0.21249930744651185
7874.0 0.21284286136754518
7876.0 0.21356273021223976
7878.0 0.2130249683239329
7880.0 0.21273086980343034
7882.0 0.2116617293090882
7884.0 0.2096982921987271
7886.0 0.21020259745921888
7888.0 0.2115588830951665
7890.0 0.21117839999130086
7892.0 0.2114427713991748
7894.0 0.21136341948704004
7896.0 0.21133116887867476
7898.0 0.21214477119279554
7900.0 0.21388432690071735
7902.0 0.21335592553393898
7904.0 0.21275774271700118
7906.0 0.2114312471246008
7908.0 0.20973958964520048
7910.0 0.2069660068873915
7912.0 0.20292079318604914
7914.0 0.20278368842646594
7916.0 0.2028506755890442
7918.0 0.20162991718281537
7920.0 0.20061977500352435
7922.0 0.2014916788455068
7924.0 0.20250978525665345
7926.0 0.2010505362831631
7928.0 0.19759994088597066
7930.0 0.19605967101610297
7932.0 0.19430041495030453
7934.0 0.19341800877288093
7936.0 0.19254828743675179
7938.0 0.19020192725044863
7940.0 0.18780911898655386
7942.0 0.188529927119652
7944.0 0.18919123031575039
7946.0 0.18943275188826753
7948.0 0.18958475186254664
7950.0 0.18816189535484729
7952.0 0.18656474883686402
7954.0 0.18589706766153946
7956.0 0.18526303616253031
7958.0 0.18519846225335365
7960.0 0.18553983997888795
7962.0 0.1846343543870276
7964.0 0.18386887384571146
7966.0 0.182747368424722
7968.0 0.1817878405182812
7970.0 0.1827683178423915
7972.0 0.1835097100980939
7974.0 0.18304675287179553
7976.0 0.18273956648164288
7978.0 0.18193790479852123
7980.0 0.18114724804553592
7982.0 0.18093351471871943
7984.0 0.1806816994521244
7986.0 0.1809420060076517
7988.0 0.18120623261095553
7990.0 0.18124560897516187
7992.0 0.18131498413178002
7994.0 0.1813223375865695
7996.0 0.181263824832485
7998.0 0.18368656642235873
8000.0 0.1851555913248957
8002.0 0.18642033003233466
8004.0 0.18704352905064786
8006.0 0.18497947731381992
8008.0 0.18380795922527532
8010.0 0.18160935230852335
8012.0 0.17972131188618284
8014.0 0.1792145414938005
8016.0 0.17909475967504615
8018.0 0.17873102856119924
8020.0 0.17799393316561593
8022.0 0.1764634563964025
8024.0 0.17602903943496193
8026.0 0.17565328660314997
8028.0 0.1755195183830978
8030.0 0.17410867999920296
8032.0 0.1732535644130924
8034.0 0.1703032235459099
8036.0 0.16889721481564865
8038.0 0.16716528453723245
8040.0 0.16658244460932098
8042.0 0.1655163204843613
8044.0 0.1652465956256074
8046.0 0.16473164885119007
8048.0 0.1643317480844931
8050.0 0.1627613339305936
8052.0 0.1622055290384538
8054.0 0.1621897801731307
8056.0 0.16200146788381292
8058.0 0.16137573298231664
8060.0 0.16094026238871315
8062.0 0.16171007220025094
8064.0 0.16178734052116697
8066.0 0.16333444887362647
8068.0 0.16377315229012274
8070.0 0.16485829197270055
8072.0 0.16509633144979974
8074.0 0.16308001777302425
8076.0 0.1627323533849854
8078.0 0.16282500852246623
8080.0 0.16281348512271931
8082.0 0.16486015614238536
8084.0 0.16486374018076522
8086.0 0.16608688946149633
8088.0 0.16591199086846428
8090.0 0.16284418941760553
8092.0 0.16159849839560628
8094.0 0.16157363900936422
8096.0 0.16137247761978946
8098.0 0.16166503814542044
8100.0 0.1616547741127612
8102.0 0.16056518865411942
8104.0 0.16063182512038338
8106.0 0.15941355555951386
8108.0 0.1590814894808994
8110.0 0.15888415001427916
8112.0 0.15913778988176616
8114.0 0.1571170324297958
8116.0 0.1566175201362879
8118.0 0.15467703121771728
8120.0 0.15355643583915302
8122.0 0.15260781665309645
8124.0 0.15190627078019966
8126.0 0.15321081996746067
8128.0 0.1523076557183068
8130.0 0.1498740865626801
8132.0 0.1492838728249362
8134.0 0.146699037490868
8136.0 0.14595283803448234
8138.0 0.1475057270068613
8140.0 0.1469373203015022
8142.0 0.1495269146987717
8144.0 0.1494411696531949
8146.0 0.15115953348494576
8148.0 0.15026747950947314
8150.0 0.145859228439122
8152.0 0.14478610352528085
8154.0 0.14060681184137533
8156.0 0.14025148245079583
8158.0 0.1405305331732426
8160.0 0.14047771597648262
8162.0 0.14398843295773367
8164.0 0.14412283700362474
8166.0 0.1466287494114317
8168.0 0.14606063133908556
8170.0 0.14503445169985918
8172.0 0.14421890070556312
8174.0 0.14157562883790512
8176.0 0.1403323637391606
8178.0 0.13995497454185374
8180.0 0.13979560472749097
8182.0 0.13790051380604765
8184.0 0.13798768901014763
8186.0 0.1372329801995579
8188.0 0.1382440437426036
8190.0 0.14120976905976687
8192.0 0.14167639097451015
8194.0 0.14245838141900358
8196.0 0.14172247063693583
8198.0 0.1401333581180274
8200.0 0.13975779847226882
8202.0 0.13927115867049436
8204.0 0.13856078094163451
8206.0 0.13721701167623726
8208.0 0.1364339247682206
8210.0 0.13530191163199584
8212.0 0.1344942340745087
8214.0 0.133200317137814
8216.0 0.13296994780008334
8218.0 0.1325190485083164
8220.0 0.13152255836703866
8222.0 0.12955479930908312
8224.0 0.12882140419158003
8226.0 0.1266912913304262
8228.0 0.12714043924529958
8230.0 0.1269391675169767
8232.0 0.12767937734127832
8234.0 0.12814174192012354
8236.0 0.1295386739997435
8238.0 0.13098916070223104
8240.0 0.1318964939318322
8242.0 0.1325318153746414
8244.0 0.13321393304740406
8246.0 0.13322192358826623
8248.0 0.13482302474442515
8250.0 0.13627458987673283
8252.0 0.1373386347978896
8254.0 0.13877487721102433
8256.0 0.13879239809683067
8258.0 0.13857570923334367
8260.0 0.13764084496656925
8262.0 0.13702395437671738
8264.0 0.13663755343674597
8266.0 0.13635353779200876
8268.0 0.13693873245421043
8270.0 0.13763496042106718
8272.0 0.13844105506722407
8274.0 0.13960618304496164
8276.0 0.13983945654343205
8278.0 0.1403177011811723
8280.0 0.14113560286830554
8282.0 0.14207344580243822
8284.0 0.14396008242870623
8286.0 0.14596551476209066
8288.0 0.14858765180738276
8290.0 0.1511293535719451
8292.0 0.1524647979794328
8294.0 0.15354365697457006
8296.0 0.15412505939686846
8298.0 0.15474282998186445
8300.0 0.15611289139283707
8302.0 0.15739151230578577
8304.0 0.1573767802530234
8306.0 0.15738026355697238
8308.0 0.15792502689686647
8310.0 0.158127953827579
8312.0 0.15810243120375467
8314.0 0.1581080101922312
8316.0 0.15794945031769375
8318.0 0.15801554479446686
8320.0 0.1585738411997643
8322.0 0.1586751142772458
8324.0 0.15728191523810678
8326.0 0.15685697922138606
8328.0 0.1574386145700441
8330.0 0.15804749007147603
8332.0 0.15935529783609007
8334.0 0.16017354494243133
8336.0 0.1598199642402299
8338.0 0.15963830165809456
8340.0 0.15733883470400883
8342.0 0.15679520204469624
8344.0 0.15699723142416402
8346.0 0.15739907565003564
8348.0 0.15926381847596532
8350.0 0.16061128290506646
8352.0 0.16083606437607748
8354.0 0.16153296687244562
8356.0 0.16204883971104425
8358.0 0.16313399191336714
8360.0 0.163784257895129
8362.0 0.16428929998201186
8364.0 0.16529848115706436
8366.0 0.16612516470719718
8368.0 0.166023605944004
8370.0 0.16548073972890986
8372.0 0.16531775663647758
8374.0 0.1653670020625627
8376.0 0.16677852850427036
8378.0 0.16719922804260906
8380.0 0.17030575758403405
8382.0 0.17125103462942834
8384.0 0.17256541529583233
8386.0 0.17324238553692745
8388.0 0.17276460464579577
8390.0 0.17302790052935804
8392.0 0.17627011715960114
8394.0 0.1777716784794536
8396.0 0.18171098093723528
8398.0 0.18306587766023164
8400.0 0.18321326484091358
8402.0 0.18377221602351643
8404.0 0.1837272642377084
8406.0 0.18400910453130093
8408.0 0.18540630110211245
8410.0 0.18599250415567484
8412.0 0.18692975500172884
8414.0 0.1868446433557574
8416.0 0.18765422036383503
8418.0 0.18792031155194025
8420.0 0.18958985614034185
8422.0 0.1903051322566693
8424.0 0.19116966871813879
8426.0 0.19183496728107696
8428.0 0.19172556933004095
8430.0 0.19266820424784023
8432.0 0.19354096791907058
8434.0 0.19425696811392457
8436.0 0.19261494741545748
8438.0 0.19299264360832377
8440.0 0.19325962067019925
8442.0 0.19376965946052815
8444.0 0.19406992432918738
8446.0 0.1950899439679179
8448.0 0.1961778556808262
8450.0 0.19642122800031622
8452.0 0.19967541656334792
8454.0 0.19954793973645454
8456.0 0.20103444533451922
8458.0 0.20121663451635508
8460.0 0.20097017008326448
8462.0 0.200954036774832
8464.0 0.20174384474509494
8466.0 0.20194354275667845
8468.0 0.2040655069565464
8470.0 0.20475617093635365
8472.0 0.20415560967886817
8474.0 0.20442068415449066
8476.0 0.20606898559199888
8478.0 0.20604204800220238
8480.0 0.2087043983220535
8482.0 0.20903788497479805
8484.0 0.21145670902894442
8486.0 0.21129039124642046
8488.0 0.20948104910315152
8490.0 0.21000493061244865
8492.0 0.21178293754065858
8494.0 0.21171199604352223
8496.0 0.2122820398089701
8498.0 0.21234303657852316
8500.0 0.21202687358710803
8502.0 0.2123072546200389
8504.0 0.2124456538682526
8506.0 0.21298284968420356
8508.0 0.21360669745873878
8510.0 0.21419958217224264
8512.0 0.2166455222070536
8514.0 0.2168315229868199
8516.0 0.21648477808624736
8518.0 0.21693901298573665
8520.0 0.21634018109689296
8522.0 0.21749353839271385
8524.0 0.22066078917456766
8526.0 0.22103954550153465
8528.0 0.22147532583848317
8530.0 0.22146983052923933
8532.0 0.22058758325253833
8534.0 0.22134735265644703
8536.0 0.2207552931917333
8538.0 0.22097923198408861
8540.0 0.22062105521048114
8542.0 0.21988412854141148
8544.0 0.21814230472733964
8546.0 0.21756619197435034
8548.0 0.21719908420106052
8550.0 0.21752064421426992
8552.0 0.21816912838318767
8554.0 0.21919020069748352
8556.0 0.2200261944251828
8558.0 0.2205227691637458
8560.0 0.22096040662632954
8562.0 0.2207483993211666
8564.0 0.2215763557367264
8566.0 0.22265829451716102
8568.0 0.2249678661829669
8570.0 0.22543524942520776
8572.0 0.22576659256823178
8574.0 0.22592621865390816
8576.0 0.2265104308475181
8578.0 0.22664255283345416
8580.0 0.22681413311230944
8582.0 0.22680497221611656
8584.0 0.22733958971024754
8586.0 0.22719150394946994
8588.0 0.22722244827052163
8590.0 0.22744244913375558
8592.0 0.227982288154671
8594.0 0.2282302629526359
8596.0 0.22843219443211304
8598.0 0.22814741167547395
8600.0 0.22732423680244657
8602.0 0.22735265133016383
8604.0 0.2272651771040854
8606.0 0.22801022485965525
8608.0 0.2291394524702874
8610.0 0.22909887443362292
8612.0 0.2288173200609664
8614.0 0.22868812733325286
8616.0 0.22862052297060004
8618.0 0.22794906472997012
8620.0 0.22780420539459387
8622.0 0.22701888219569982
8624.0 0.22570644864054737
8626.0 0.22520542759559448
8628.0 0.22545563325639492
8630.0 0.2266584846773868
8632.0 0.22813657855601444
8634.0 0.2285066192902367
8636.0 0.22846729881201222
8638.0 0.22746236371150363
8640.0 0.2263723301772002
8642.0 0.22666637361100667
8644.0 0.22724925276088068
8646.0 0.22839800313785524
8648.0 0.22863550587874887
8650.0 0.2298639655886691
8652.0 0.23096967267552215
8654.0 0.2292313865665659
8656.0 0.2278309056099137
8658.0 0.2259706937220095
8660.0 0.22431173792561318
8662.0 0.2225051738197584
8664.0 0.2215306132450956
8666.0 0.2218543425854044
8668.0 0.22205073228799097
8670.0 0.22338910638108625
8672.0 0.22488109935418743
8674.0 0.22472103118228295
8676.0 0.22512581747887533
8678.0 0.2263711529901135
8680.0 0.2264390280014718
8682.0 0.2257223386476046
8684.0 0.2251695196478465
8686.0 0.2247314241153264
8688.0 0.22417826854551043
8690.0 0.22437721304546165
8692.0 0.22411839062976607
8694.0 0.22429101677108146
8696.0 0.22452141258049269
8698.0 0.2228241975232364
8700.0 0.2223433753722447
8702.0 0.22261668081885752
8704.0 0.22345475474577411
8706.0 0.22676394686633994
8708.0 0.22874317993576843
8710.0 0.2277600558086363
8712.0 0.22797236197310908
8714.0 0.22877866022928242
8716.0 0.22833294475336596
8718.0 0.22789604963133217
8720.0 0.22728267439414712
8722.0 0.2277686463029488
8724.0 0.22831991731093149
8726.0 0.2288976010590669
8728.0 0.22953263036245627
8730.0 0.22724060960278375
8732.0 0.22716075056135707
8734.0 0.2264712481797039
8736.0 0.22640721481226359
8738.0 0.2297329259229802
8740.0 0.23032418149984848
8742.0 0.2269949692017883
8744.0 0.22598764209501193
8746.0 0.22461585801326317
8748.0 0.22416911108216794
8750.0 0.2243276327410834
8752.0 0.22402888224669334
8754.0 0.22269192159513623
8756.0 0.222351256449581
8758.0 0.22228590487436378
8760.0 0.2225642515070865
8762.0 0.22339250139219408
8764.0 0.22395980332981696
8766.0 0.22262232863971929
8768.0 0.22336053879071616
8770.0 0.22358329583417136
8772.0 0.22479612214966202
8774.0 0.22932013998855894
8776.0 0.23019293068485422
8778.0 0.23202131175384766
8780.0 0.23222841345779718
8782.0 0.2288559624922612
8784.0 0.22780546840060298
8786.0 0.22317977075110138
8788.0 0.221476881005693
8790.0 0.22076873573328662
8792.0 0.22058172740073645
8794.0 0.2236891793289674
8796.0 0.22360320051920876
8798.0 0.22434702408037882
8800.0 0.22431375784600904
8802.0 0.2235882753100738
8804.0 0.22371658797611435
8806.0 0.22589588100357286
8808.0 0.2260935077619689
8810.0 0.22802241167885062
8812.0 0.2276653953526106
8814.0 0.22502432204503012
8816.0 0.2242040183712127
8818.0 0.2212196586914407
8820.0 0.2205647710653059
8822.0 0.21746291262219575
8824.0 0.21684320409564184
8826.0 0.21451913986646481
8828.0 0.21275806279371687
8830.0 0.21168178303443386
8832.0 0.21006078619224744
8834.0 0.20902595120005366
8836.0 0.2088949203178477
8838.0 0.20894828826803957
8840.0 0.20842653624018592
8842.0 0.20530862715210238
8844.0 0.20495442370881656
8846.0 0.20452595795352915
8848.0 0.20443622917415222
8850.0 0.20446839309771753
8852.0 0.2032572929824031
8854.0 0.19974820353591688
8856.0 0.1985842401514733
8858.0 0.19803331010096142
8860.0 0.19710239618435751
8862.0 0.19588801717626028
8864.0 0.19458556895458856
8866.0 0.19146539637612295
8868.0 0.18967957388471665
8870.0 0.18707694481531137
8872.0 0.18595668944731344
8874.0 0.18659286095741093
8876.0 0.18592592208047914
8878.0 0.1851333498999144
8880.0 0.18417209752531416
8882.0 0.18199687471439044
8884.0 0.18113081623875785
8886.0 0.17887488116302697
8888.0 0.17920976802226563
8890.0 0.18041153837428084
8892.0 0.1808303722414046
8894.0 0.18167199516536026
8896.0 0.18046332675326907
8898.0 0.1785346039592459
8900.0 0.17701190533177394
8902.0 0.1729903194408963
8904.0 0.17290217004203595
8906.0 0.17424607995814287
8908.0 0.17400989559837363
8910.0 0.17417644883171216
8912.0 0.17283680958127526
8914.0 0.1704880465770969
8916.0 0.17207001305018707
8918.0 0.17542308272193433
8920.0 0.1753552449984489
8922.0 0.17543482127915605
8924.0 0.17404931158215953
8926.0 0.17062461507700777
8928.0 0.17073997243171096
8930.0 0.1709102545499146
8932.0 0.1722374951814054
8934.0 0.17449213940940506
8936.0 0.17267094996356822
8938.0 0.16923686801884275
8940.0 0.16794367234666557
8942.0 0.16598590377034542
8944.0 0.16621616279116103
8946.0 0.16678571957451374
8948.0 0.16675255491550187
8950.0 0.1671648165523655
8952.0 0.16693311172402175
8954.0 0.16670259216792951
8956.0 0.16439797503598505
8958.0 0.16189374339713103
8960.0 0.16104189296429217
8962.0 0.16033460998434496
8964.0 0.16038356545300672
8966.0 0.16084257599326818
8968.0 0.16154213194066305
8970.0 0.1621947683868044
8972.0 0.15955228154152137
8974.0 0.15600984572533574
8976.0 0.15526961277688037
8978.0 0.15446496164068832
8980.0 0.1553334655439769
8982.0 0.15643921896984678
8984.0 0.15551510224248993
8986.0 0.15469582541440038
8988.0 0.15624566712466118
8990.0 0.15762126022772827
8992.0 0.15672827089311725
8994.0 0.15591243858889176
8996.0 0.15665549713390847
8998.0 0.15725828865542302
9000.0 0.15677751063987153
9002.0 0.15644961369719879
9004.0 0.1562669739706712
9006.0 0.15602271546209884
9008.0 0.15660828449037623
9010.0 0.15689080411565004
9012.0 0.15757778055521776
9014.0 0.15784423760860525
9016.0 0.15604984086529577
9018.0 0.15476300616629582
9020.0 0.15329303716505893
9022.0 0.1522838606359645
9024.0 0.15374256175061912
9026.0 0.15493984730978677
9028.0 0.15693269222989403
9030.0 0.1580468539831054
9032.0 0.15842206003804105
9034.0 0.15847922655528696
9036.0 0.15555670989539558
9038.0 0.15412593348212197
9040.0 0.1524697392908913
9042.0 0.15179202609148143
9044.0 0.151235959555025
9046.0 0.15106386845143613
9048.0 0.15199338808607163
9050.0 0.1525837026212485
9052.0 0.15079511501398737
9054.0 0.14998787779541198
9056.0 0.14953649659489768
9058.0 0.14906779273002496
9060.0 0.15010379719564745
9062.0 0.15047929776355623
9064.0 0.14882434389602997
9066.0 0.14678858468654923
9068.0 0.14458638285214467
9070.0 0.14406100324047688
9072.0 0.1457963829436395
9074.0 0.14599335125831778
9076.0 0.1461609512437926
9078.0 0.14644933611132824
9080.0 0.14809382092472048
9082.0 0.1486051648038177
9084.0 0.14632036132259543
9086.0 0.1461080093622396
9088.0 0.14564822316705334
9090.0 0.1455339868817591
9092.0 0.1459687931529442
9094.0 0.14613899406056546
9096.0 0.14539817663875526
9098.0 0.14563578792517512
9100.0 0.14473327861350002
9102.0 0.14448318624236972
9104.0 0.14273293978020868
9106.0 0.14237659183240625
9108.0 0.14170167110882706
9110.0 0.14165334843486707
9112.0 0.14555617089627376
9114.0 0.14643140035990718
9116.0 0.14917349044250422
9118.0 0.14915923344925866
9120.0 0.14758357583029147
9122.0 0.14772344702508078
9124.0 0.1451285807391177
9126.0 0.14487064109873493
9128.0 0.14554429707022937
9130.0 0.14568642077346167
9132.0 0.1466402249106628
9134.0 0.1470636102176736
9136.0 0.14813896962004017
9138.0 0.14806909036912427
9140.0 0.14969956230548395
9142.0 0.1498237309034823
9144.0 0.14886531079610138
9146.0 0.14890553927754505
9148.0 0.14732998461250707
9150.0 0.147492086283527
9152.0 0.1511744894059202
9154.0 0.1511379472400396
9156.0 0.1514028037950571
9158.0 0.15118790366357637
9160.0 0.14871444843074572
9162.0 0.14833351084951055
9164.0 0.14581135868367967
9166.0 0.1458318186560317
9168.0 0.14737313628690485
9170.0 0.1471161947603229
9172.0 0.15164245438076474
9174.0 0.1522562476710995
9176.0 0.15753644219499277
9178.0 0.1568592286675072
9180.0 0.1512286843854774
9182.0 0.15144733035799984
9184.0 0.1467706901865925
9186.0 0.14758882561527592
9188.0 0.14731588535793783
9190.0 0.14857033392741859
9192.0 0.15013856568740291
9194.0 0.1510856849095311
9196.0 0.1510463855571606
9198.0 0.15140397645308817
9200.0 0.15237416530922496
9202.0 0.15254401496305592
9204.0 0.15203584713618992
9206.0 0.1501371936543947
9208.0 0.1478616516349241
9210.0 0.14696440234779526
9212.0 0.1474946821814312
9214.0 0.14616481243225074
9216.0 0.14451477226395848
9218.0 0.14213450165434513
9220.0 0.1402305312848801
9222.0 0.13819294120993303
9224.0 0.1371435982482421
9226.0 0.13484511034518895
9228.0 0.13168324419903396
9230.0 0.12851212013287802
9232.0 0.12489553897230914
9234.0 0.12397403511167049
9236.0 0.12242296487218939
9238.0 0.12246637082043042
9240.0 0.12282336668609681
9242.0 0.12455765739075852
9244.0 0.12741574793595567
9246.0 0.1305391894262135
9248.0 0.13684162966057678
9250.0 0.1384323955350486
9252.0 0.13894625649825992
9254.0 0.14419609172189213
9256.0 0.1519620370113277
9258.0 0.15679831943643407
9260.0 0.1647724000524094
9262.0 0.1606639900477837
9264.0 0.14852537350329195
9266.0 0.14680585755571834
9268.0 0.1432941441610597
9270.0 0.14713353679732408
9272.0 0.15319378711674705
9274.0 0.1504485575130597
9276.0 0.1447501827020146
9278.0 0.1440243288351763
9280.0 0.14263276157605015
9282.0 0.14439814535498754
9284.0 0.14923572536658486
9286.0 0.1444898790022901
9288.0 0.138609179040726
9290.0 0.13948996720627999
9292.0 0.1405696429942273
9294.0 0.1411067637464
9296.0 0.14204670222139051
9298.0 0.14159922724746915
9300.0 0.14032585111882734
9302.0 0.13984760772004765
9304.0 0.13982598489174186
9306.0 0.13527477690379866
9308.0 0.12866220122436783
9310.0 0.1364955132250413
9312.0 0.14638365534137912
9314.0 0.15204175066577377
9316.0 0.15908426369002163
9318.0 0.15193165861871444
9320.0 0.14303620902641953
9322.0 0.14591681156984904
9324.0 0.1493468500137226
9326.0 0.15106031761885858
9328.0 0.15292687669527674
9330.0 0.1529330302233773
9332.0 0.15234830731398258
9334.0 0.1524050017710967
9336.0 0.15257902079577487
9338.0 0.1527948557280493
9340.0 0.15244187878910753
9342.0 0.15255204110608106
9344.0 0.15330902571921112
9346.0 0.15488898997246348
9348.0 0.1563509396595107
9350.0 0.15530174804058514
9352.0 0.15486468051152336
9354.0 0.1530461296491151
9356.0 0.15204868324544915
9358.0 0.15345537865921688
9360.0 0.15462644013201027
9362.0 0.1570495581444187
9364.0 0.15813130841308684
9366.0 0.1643379871340829
9368.0 0.16823211006081926
9370.0 0.17168908822416457
9372.0 0.17365450024828336
9374.0 0.16526571069294807
9376.0 0.15925140184513623
9378.0 0.15195842100792506
9380.0 0.14898706705872036
9382.0 0.15495968475030583
9384.0 0.15799822660532084
9386.0 0.16111168524189634
9388.0 0.16320196174277307
9390.0 0.16185821584493487
9392.0 0.1606906285312078
9394.0 0.1587040364907555
9396.0 0.1578898161615004
9398.0 0.15723951729530988
9400.0 0.15662891427182019
9402.0 0.1545504635387172
9404.0 0.15351693303367112
9406.0 0.14765373849899974
9408.0 0.1455200306066876
9410.0 0.14799251836720173
9412.0 0.1481063548139009
9414.0 0.1520182369178498
9416.0 0.15315669274498092
9418.0 0.15093135386538134
9420.0 0.14992601368750458
9422.0 0.14974519844165007
9424.0 0.15005813515546046
9426.0 0.15261604785095348
9428.0 0.15312264463861555
9430.0 0.14932156348623793
9432.0 0.14880855810520152
9434.0 0.15515019067445227
9436.0 0.15667583992156348
9438.0 0.16062017799065662
9440.0 0.1616792473952066
9442.0 0.1524211529866974
9444.0 0.1511742601737707
9446.0 0.14899704301712602
9448.0 0.1493427131061296
9450.0 0.14571823985198595
9452.0 0.14417132275221214
9454.0 0.14237184083240934
9456.0 0.14145475975142396
9458.0 0.14546331176370075
9460.0 0.14447074899969517
9462.0 0.14275004437915337
9464.0 0.14035272693268816
9466.0 0.13855084750006103
9468.0 0.13785656585663855
9470.0 0.14019870108245344
9472.0 0.13926416803228883
9474.0 0.13431899403676648
9476.0 0.13358871363430996
9478.0 0.13028618311553422
9480.0 0.1301989533591162
9482.0 0.12943488923155425
9484.0 0.12987140949729664
9486.0 0.13302882701914545
9488.0 0.13374133356445111
9490.0 0.13858867881012524
9492.0 0.13874744884437748
9494.0 0.13717898380010055
9496.0 0.1356060885300016
9498.0 0.12808241470548232
9500.0 0.12776746228441027
9502.0 0.1266491975128084
9504.0 0.12642908506501685
9506.0 0.13142650788855922
9508.0 0.13095007931406297
9510.0 0.13802923491068944
9512.0 0.1381856717811153
9514.0 0.13645361382288854
9516.0 0.13500436291393608
9518.0 0.1310459505824472
9520.0 0.12966501120681176
9522.0 0.12959664491982353
9524.0 0.1294074051824659
9526.0 0.12949350682652935
9528.0 0.1297791829406678
9530.0 0.12735651739785064
9532.0 0.12646422340110736
9534.0 0.12076694784551949
9536.0 0.12102561763050552
9538.0 0.12038335708620652
9540.0 0.11998694859316894
9542.0 0.11717047812565701
9544.0 0.1183482555316014
9546.0 0.12291654066562081
9548.0 0.12415389122932508
9550.0 0.1276898590734057
9552.0 0.12671743803431512
9554.0 0.12235223970722246
9556.0 0.12245234761318183
9558.0 0.12243829462931165
9560.0 0.12372734303090865
9562.0 0.1283768181893396
9564.0 0.1295250067071624
9566.0 0.13244394988080088
9568.0 0.1326818513678737
9570.0 0.13156802470230808
9572.0 0.13026053130213966
9574.0 0.12672640852904132
9576.0 0.1264846955703335
9578.0 0.1265898508722652
9580.0 0.1272673768520652
9582.0 0.12868959994140572
9584.0 0.12835749957976347
9586.0 0.1276053094381706
9588.0 0.12656794924399928
9590.0 0.12500868156728748
9592.0 0.12456336068443337
9594.0 0.12359888976828218
9596.0 0.12289998370946874
9598.0 0.12038014413097806
9600.0 0.11985970654573412
9602.0 0.1184013400228445
9604.0 0.11653364032189337
9606.0 0.11346803829196965
9608.0 0.11283003617041873
9610.0 0.11298493622868448
9612.0 0.1138590792911911
9614.0 0.11676566233723049
9616.0 0.1165206805687004
9618.0 0.11635481779122192
9620.0 0.11553259611493971
9622.0 0.1136131332685714
9624.0 0.11359959594772487
9626.0 0.11426068402796435
9628.0 0.11390758869971457
9630.0 0.11389806203856448
9632.0 0.11372145464849466
9634.0 0.11351989120856253
9636.0 0.11399318414156043
9638.0 0.1150344712117194
9640.0 0.11679347895940889
9642.0 0.1188008815585713
9644.0 0.11603128218576948
9646.0 0.11442328299553056
9648.0 0.11227349709489692
9650.0 0.10964256046724113
9652.0 0.11097922616533963
9654.0 0.11226919319737298
9656.0 0.11311832240868358
9658.0 0.11399888790475417
9660.0 0.11347275567912657
9662.0 0.11291009271053266
9664.0 0.1149172647836498
9666.0 0.11702690586925173
9668.0 0.11445258384588888
9670.0 0.11166662584117236
9672.0 0.10990781238554102
9674.0 0.10839810063002378
9676.0 0.10988056340165699
9678.0 0.11156305985879984
9680.0 0.11115218338268083
9682.0 0.11120123236190459
9684.0 0.11043684824275436
9686.0 0.10949398122573978
9688.0 0.11195864168395259
9690.0 0.11402611810936017
9692.0 0.11651925952571957
9694.0 0.11853915307999646
9696.0 0.11682585585330685
9698.0 0.11551471714006036
9700.0 0.11338824596641724
9702.0 0.11186812381728861
9704.0 0.11042944368004516
9706.0 0.10940006147456796
9708.0 0.11052784301119131
9710.0 0.11136617324315877
9712.0 0.11342876887051458
9714.0 0.11469143083138558
9716.0 0.11552186886863487
9718.0 0.11598216906722018
9720.0 0.11799730954930868
9722.0 0.11914545555309083
9724.0 0.11939625009297777
9726.0 0.11944672797815398
9728.0 0.11696911081152173
9730.0 0.11586536360270318
9732.0 0.1172852873471688
9734.0 0.11796196537521562
9736.0 0.11638726168973641
9738.0 0.11560757994929892
9740.0 0.10975580957990358
9742.0 0.10728690710296007
9744.0 0.10814818073348152
9746.0 0.10856142788156542
9748.0 0.11382483254380688
9750.0 0.11577900394909069
9752.0 0.11660670130738576
9754.0 0.11685326707727893
9756.0 0.11293828538667998
9758.0 0.11158766980629392
9760.0 0.11344048491935313
9762.0 0.11387569435653931
9764.0 0.11389170882366095
9766.0 0.11394703881724236
9768.0 0.11089424378660644
9770.0 0.10995384855666626
9772.0 0.11278804356795043
9774.0 0.11344058778228781
9776.0 0.11292934003936901
9778.0 0.11288174250568066
9780.0 0.11100096195474836
9782.0 0.11061578798013787
9784.0 0.11484550842441087
9786.0 0.11573220783056844
9788.0 0.11394568607691487
9790.0 0.11361314840728709
9792.0 0.11164136652772405
9794.0 0.11128134188178603
9796.0 0.11288981522931378
9798.0 0.11314366908072217
9800.0 0.11312331946388454
9802.0 0.1132940203223223
9804.0 0.11262412844143478
9806.0 0.11252892537536352
9808.0 0.11211324176411847
9810.0 0.11206388246562626
9812.0 0.11324575058189772
9814.0 0.1133662047655189
9816.0 0.11566357741364669
9818.0 0.11571500713853164
9820.0 0.11326828598795527
9822.0 0.11235699136556643
9824.0 0.11167342865096712
9826.0 0.11162449060082356
9828.0 0.11162128214390803
9830.0 0.11182923529335455
9832.0 0.11182083368322851
9834.0 0.11182083368322851
9836.0 0.11181303814005471
9838.0 0.11181013746380018
9840.0 0.11180753653767118
9842.0 0.11179944317790166
9844.0 0.11179944317790166
9846.0 0.1122037318285131
9848.0 0.11233308625281273
9850.0 0.112399293811776
9852.0 0.11257650053518975
9854.0 0.11257650053518975
9856.0 0.11256706123684658
9858.0 0.11256449719826381
9860.0 0.1125608872269815
9862.0 0.11255249531205588
9864.0 0.11255249531205588
9866.0 0.11254271124721969
9868.0 0.11254049294303622
9870.0 0.11254483667967395
9872.0 0.11255367287735092
9874.0 0.11255367287735092
9876.0 0.11273490687681169
9878.0 0.11276841373139884
9880.0 0.11276396340690908
9882.0 0.11275599515354268
9884.0 0.11275599515354268
9886.0 0.11274515762908119
9888.0 0.11274357754245139
9890.0 0.11273876952101605
9892.0 0.11273115848064207
9894.0 0.11273115848064207
9896.0 0.11271996260284846
9898.0 0.1127187399027859
9900.0 0.11270806499288513
9902.0 0.11269307516322495
9904.0 0.11269307516322495
9906.0 0.11266746163147241
9908.0 0.11266554352874844
9910.0 0.11266004131335611
9912.0 0.11265317135674849
9914.0 0.11265317135674849
9916.0 0.11264130635994841
9918.0 0.1126408006354666
9920.0 0.11263494247559384
9922.0 0.11262842894741981
9924.0 0.11262842894741981
9926.0 0.11261620781874469
9928.0 0.1126160582261379
9930.0 0.11308997069679154
9932.0 0.113559539998133
9934.0 0.11356261785373215
9936.0 0.11374388893134205
9938.0 0.11374388893134205
9940.0 0.11373628665642695
9942.0 0.1137295744544821
9944.0 0.11372892354920051
9946.0 0.11371526384354036
9948.0 0.11371526384354036
9950.0 0.11370725056125894
9952.0 0.11370095129906879
9954.0 0.1136793922616129
9956.0 0.11341068141731475
9958.0 0.11341068141731475
9960.0 0.1128675356743533
9962.0 0.11248801006888305
9964.0 0.11248674230809452
9966.0 0.11247570895809761
9968.0 0.11247570895809761
9970.0 0.11246811387537199
9972.0 0.1124634083289825
9974.0 0.11246178650394413
9976.0 0.1124511077010088
9978.0 0.1124511077010088
9980.0 0.11244315850497923
9982.0 0.11243880707303512
9984.0 0.11248074992495567
9986.0 0.11269990997414928
9988.0 0.11269990997414928
9990.0 0.1128224603189879
9992.0 0.11288145759707865
9994.0 0.11287897581490627
9996.0 0.11286835597300306
9998.0 0.11286835597300306
