# z obs_date
# 0 52280
3580.0 0.04655925962076952
3582.0 0.06639499190468438
3584.0 0.07765804497157493
3586.0 0.103724015129388
3588.0 0.10413347042995538
3590.0 0.13157748454707796
3592.0 0.11780143021896296
3594.0 0.12446342792488678
3596.0 0.1266452403259766
3598.0 0.0805029664744961
3600.0 0.08372023412214448
3602.0 0.09648764251009781
3604.0 0.05881502681941964
3606.0 0.08399795892383764
3608.0 0.10339786781967708
3610.0 0.10195020168579866
3612.0 0.10822227886179403
3614.0 0.06645199960641665
3616.0 0.07228888255170075
3618.0 0.08762018393178164
3620.0 0.06725965892348044
3622.0 0.058871268955949525
3624.0 0.09572339250692005
3626.0 0.1222356293970385
3628.0 0.1264468520190266
3630.0 0.11381364442033955
3632.0 0.1133840819950421
3634.0 0.07335242296916371
3636.0 0.09432524343095894
3638.0 0.10100251082782488
3640.0 0.09954374998805018
3642.0 0.11113214489672069
3644.0 0.10118313084243014
3646.0 0.11038520447706622
3648.0 0.09146121587660774
3650.0 0.0996527951464027
3652.0 0.0929422401714262
3654.0 0.09189435776071007
3656.0 0.09250110399351918
3658.0 0.09698302191702486
3660.0 0.08737500486577188
3662.0 0.08382518282455645
3664.0 0.09526284468727782
3666.0 0.10954959126501307
3668.0 0.1243792824551933
3670.0 0.15073500893824202
3672.0 0.14341598093072683
3674.0 0.1253833100592746
3676.0 0.11885632078257484
3678.0 0.11360380527419356
3680.0 0.10960838431386549
3682.0 0.09357237229141627
3684.0 0.10455186976826226
3686.0 0.10242589945809268
3688.0 0.10741263416366008
3690.0 0.108330079577894
3692.0 0.10609065611121693
3694.0 0.1284241539439978
3696.0 0.14472970103599792
3698.0 0.15012749618145615
3700.0 0.13438889857880656
3702.0 0.13557460493569967
3704.0 0.12937600322190151
3706.0 0.11731809766826842
3708.0 0.12968224097860592
3710.0 0.12829459177051622
3712.0 0.12046257319126923
3714.0 0.11586316250140286
3716.0 0.12266243720086202
3718.0 0.11780883591176952
3720.0 0.10324067712120043
3722.0 0.1101595467877011
3724.0 0.1140498428381558
3726.0 0.1106213005962762
3728.0 0.11718558100100065
3730.0 0.11227563075027792
3732.0 0.1199439268785414
3734.0 0.137325657749932
3736.0 0.1063849230175465
3738.0 0.09914164537232187
3740.0 0.11155972406328415
3742.0 0.10246831280363305
3744.0 0.12089827011177544
3746.0 0.12257747683525175
3748.0 0.12180990731593713
3750.0 0.11637279690182376
3752.0 0.11277344207413535
3754.0 0.11902461249943622
3756.0 0.12146003941555941
3758.0 0.11776095958248362
3760.0 0.11129879270666937
3762.0 0.12302690585115995
3764.0 0.1342050896938604
3766.0 0.1317637496097072
3768.0 0.12358032164032576
3770.0 0.11994821960472996
3772.0 0.12619142224966862
3774.0 0.11128240417889822
3776.0 0.12195382820947999
3778.0 0.1428908043452829
3780.0 0.1389143686225093
3782.0 0.13110649993160703
3784.0 0.1395976124093226
3786.0 0.12835205168700212
3788.0 0.11971837556441735
3790.0 0.11490677213910779
3792.0 0.12500266661085718
3794.0 0.13048175128832876
3796.0 0.12946199912662396
3798.0 0.1350434192751545
3800.0 0.13717974611697636
3802.0 0.14233546832656868
3804.0 0.1437683125524378
3806.0 0.14606882262897616
3808.0 0.14062825487620886
3810.0 0.13951722952782417
3812.0 0.13802597554083637
3814.0 0.13076399717086662
3816.0 0.12202147485150268
3818.0 0.11525796694016502
3820.0 0.11946400305907756
3822.0 0.12286687142906785
3824.0 0.11573598255683071
3826.0 0.11579911871438152
3828.0 0.1146280607215721
3830.0 0.122836991394352
3832.0 0.14405859757119033
3834.0 0.13761453858159556
3836.0 0.11127665028104684
3838.0 0.10279979945878104
3840.0 0.10272898088428475
3842.0 0.12071767183674353
3844.0 0.14789152058169283
3846.0 0.13837669750611314
3848.0 0.12334930650882872
3850.0 0.11727610111831203
3852.0 0.1125815536419971
3854.0 0.11878509551144718
3856.0 0.10149168934012005
3858.0 0.10196679708657246
3860.0 0.112006393704273
3862.0 0.11226603317550361
3864.0 0.10117614811181867
3866.0 0.11860700042603775
3868.0 0.13116072778871246
3870.0 0.12859862874364708
3872.0 0.11602020837660747
3874.0 0.10582272036050232
3876.0 0.1056507785289222
3878.0 0.1271145532449784
3880.0 0.13183424114624442
3882.0 0.12577245871926024
3884.0 0.1057437985997285
3886.0 0.11307445849348312
3888.0 0.11963128296824455
3890.0 0.1274787264206818
3892.0 0.12595920645400938
3894.0 0.13440206592986323
3896.0 0.13829921044460725
3898.0 0.14221177281987574
3900.0 0.12576699541764977
3902.0 0.12495018194158736
3904.0 0.1428354349965895
3906.0 0.14854133160199723
3908.0 0.1479054147982263
3910.0 0.17506324785188682
3912.0 0.17508863072321743
3914.0 0.16413584205980722
3916.0 0.16070397192479702
3918.0 0.1753487703427547
3920.0 0.17926624705441416
3922.0 0.18376352688915112
3924.0 0.17423214349782928
3926.0 0.16538205250607904
3928.0 0.16312838596577578
3930.0 0.14951096838993336
3932.0 0.15224280180187438
3934.0 0.16208381455764054
3936.0 0.1664558388133735
3938.0 0.1759913178181887
3940.0 0.18651220950360686
3942.0 0.17870991788715632
3944.0 0.1809795419438241
3946.0 0.1824293974716497
3948.0 0.17509193671853285
3950.0 0.1710619808441246
3952.0 0.15026128374413703
3954.0 0.14902787661183556
3956.0 0.15455060001125875
3958.0 0.15805841730090517
3960.0 0.1764956806408369
3962.0 0.18099624830929945
3964.0 0.19366797232297256
3966.0 0.19824616484156699
3968.0 0.1811082727807118
3970.0 0.17102327574089474
3972.0 0.1804903734325405
3974.0 0.17311441509809183
3976.0 0.172546243979046
3978.0 0.17443758414347516
3980.0 0.1768102811920275
3982.0 0.17813773477808953
3984.0 0.1817539082460381
3986.0 0.17359605557088245
3988.0 0.17871110316083466
3990.0 0.18732821092471627
3992.0 0.19070512478177282
3994.0 0.18866559797594096
3996.0 0.18161380496270693
3998.0 0.1614948876002208
4000.0 0.1529796219887929
4002.0 0.1659141885038302
4004.0 0.17657331576607846
4006.0 0.18065015020526837
4008.0 0.1795260163700673
4010.0 0.18099095184500516
4012.0 0.17890513089883292
4014.0 0.18321865927442463
4016.0 0.19543997911685665
4018.0 0.19830527024156724
4020.0 0.19080732590883226
4022.0 0.1787859295496591
4024.0 0.17547496332726856
4026.0 0.1868809024191794
4028.0 0.18143082694206422
4030.0 0.1797440741695338
4032.0 0.18762499964296078
4034.0 0.19860522684238913
4036.0 0.22156914383724155
4038.0 0.22316465867519134
4040.0 0.2197655113821816
4042.0 0.22033163155982505
4044.0 0.22505267055456515
4046.0 0.21936196800312244
4048.0 0.21930092013743885
4050.0 0.21456661208269098
4052.0 0.2186122483434143
4054.0 0.23422961890992489
4056.0 0.2414888461225534
4058.0 0.23836294833496258
4060.0 0.24173136556632366
4062.0 0.23337704677292695
4064.0 0.23047677942650033
4066.0 0.24013166751596693
4068.0 0.24545606445694101
4070.0 0.23918962372139455
4072.0 0.2466002178082144
4074.0 0.2335972029191376
4076.0 0.22831656733059993
4078.0 0.2241539105108122
4080.0 0.22581758373954702
4082.0 0.22264845083828996
4084.0 0.22085200747913034
4086.0 0.22394343504298747
4088.0 0.238905364779033
4090.0 0.23890750590344023
4092.0 0.23159494297291866
4094.0 0.22335290760810056
4096.0 0.2332282150369137
4098.0 0.24034500542176693
4100.0 0.2398217694758876
4102.0 0.23168412256799278
4104.0 0.2244592669905705
4106.0 0.21473135000835084
4108.0 0.20569433038570992
4110.0 0.1966812051924208
4112.0 0.19489980394746956
4114.0 0.19495863194857976
4116.0 0.18283198205927234
4118.0 0.1959335286429694
4120.0 0.19093555015493996
4122.0 0.17193475781432496
4124.0 0.1754993611555259
4126.0 0.1770356902702023
4128.0 0.19065933681592623
4130.0 0.20419951777858153
4132.0 0.20249460899492738
4134.0 0.18825878417039943
4136.0 0.20193744874290867
4138.0 0.19786302996703664
4140.0 0.19586180252187566
4142.0 0.18632223070296292
4144.0 0.1893472817174603
4146.0 0.184799228210579
4148.0 0.1670416280310564
4150.0 0.17782281812641132
4152.0 0.17438843424002193
4154.0 0.16271536858926483
4156.0 0.16076018018570065
4158.0 0.17940270758842983
4160.0 0.18056046020224287
4162.0 0.17858380516479436
4164.0 0.1738639886850459
4166.0 0.16490153414815098
4168.0 0.13436665331089379
4170.0 0.13799700409821308
4172.0 0.14875780282601503
4174.0 0.14690188398039206
4176.0 0.1559546040701736
4178.0 0.15304456845821907
4180.0 0.13850160382186244
4182.0 0.15276983681545436
4184.0 0.1693025333971425
4186.0 0.16592383645104383
4188.0 0.16809815121873845
4190.0 0.17697629847942897
4192.0 0.18239116612564288
4194.0 0.17454018097750032
4196.0 0.1708192250721079
4198.0 0.16482840078670422
4200.0 0.16070265590711882
4202.0 0.15609480636402873
4204.0 0.17104012891466
4206.0 0.1727088448722507
4208.0 0.18091412827524342
4210.0 0.16647458522680936
4212.0 0.16303429941611192
4214.0 0.16598881689100964
4216.0 0.16612951475731808
4218.0 0.16166871022252582
4220.0 0.15392885038501364
4222.0 0.14811926830565111
4224.0 0.15636316595365649
4226.0 0.17210369550783153
4228.0 0.1675851070931951
4230.0 0.16149117579524555
4232.0 0.14786424943090812
4234.0 0.14506381998665305
4236.0 0.14864508496173504
4238.0 0.13986766294303402
4240.0 0.1382165315113661
4242.0 0.13748167966888739
4244.0 0.14567040612577326
4246.0 0.1566723333120561
4248.0 0.16216709808720564
4250.0 0.15985341148098792
4252.0 0.1640331139006154
4254.0 0.16159819286380858
4256.0 0.15987508114948146
4258.0 0.15414055942056082
4260.0 0.1566935565504445
4262.0 0.1670362860847221
4264.0 0.16743906004726977
4266.0 0.16297009929503548
4268.0 0.16705671742393619
4270.0 0.1686784651624506
4272.0 0.1730376476515918
4274.0 0.1727473294799949
4276.0 0.17883693278089652
4278.0 0.17896293381182274
4280.0 0.17309118851517735
4282.0 0.16896299291134276
4284.0 0.16926125212248588
4286.0 0.18016839436139123
4288.0 0.18440492377375442
4290.0 0.18049377870112263
4292.0 0.18042032078430417
4294.0 0.18212757498748053
4296.0 0.19152599722755895
4298.0 0.20435269417140484
4300.0 0.20937249410884545
4302.0 0.22010541074123768
4304.0 0.21313454621103467
4306.0 0.19912267847676277
4308.0 0.20649242738519474
4310.0 0.20592057072417824
4312.0 0.19682982979426986
4314.0 0.2025942403065199
4316.0 0.19967124934339103
4318.0 0.19491456277575353
4320.0 0.18938003854160151
4322.0 0.18987407726189925
4324.0 0.19805610658965334
4326.0 0.18565072083971584
4328.0 0.1749158188096912
4330.0 0.1765427088959586
4332.0 0.1887098462680185
4334.0 0.2068981459163432
4336.0 0.2259636061801203
4338.0 0.22226897303141294
4340.0 0.21207315585935577
4342.0 0.18565698813313128
4344.0 0.17188215339685348
4346.0 0.1734521790719696
4348.0 0.18227794111417356
4350.0 0.16969821304812108
4352.0 0.17163783835072977
4354.0 0.18628414356046089
4356.0 0.17504325578540028
4358.0 0.17123291265076523
4360.0 0.18564530761751494
4362.0 0.1838857866134664
4364.0 0.17660652117291972
4366.0 0.18317043455007376
4368.0 0.19919142667828812
4370.0 0.20082427460637467
4372.0 0.19413865208144976
4374.0 0.18919008701673604
4376.0 0.187863782368873
4378.0 0.19103051384106076
4380.0 0.20105536913638208
4382.0 0.19350064162792535
4384.0 0.19106154930971267
4386.0 0.19764546136613176
4388.0 0.20924020620092876
4390.0 0.20081203290076882
4392.0 0.1913086775083033
4394.0 0.1916364773939221
4396.0 0.19170531876206995
4398.0 0.19989379001521737
4400.0 0.20402915443296113
4402.0 0.20155547855821226
4404.0 0.20229525489077982
4406.0 0.2106103451583026
4408.0 0.2163910372500482
4410.0 0.20811261908759024
4412.0 0.20862262532520112
4414.0 0.21856650026270277
4416.0 0.21972400966955646
4418.0 0.21624952800656816
4420.0 0.21423529151123621
4422.0 0.21364238434068059
4424.0 0.2063181155232172
4426.0 0.2073227858761522
4428.0 0.21493174080956082
4430.0 0.21063529117062138
4432.0 0.2112782220096851
4434.0 0.21938219554887195
4436.0 0.2167245817274712
4438.0 0.22350627634530174
4440.0 0.21785733029796275
4442.0 0.21624982562228412
4444.0 0.21616568451992096
4446.0 0.21499228794863226
4448.0 0.21588092075641874
4450.0 0.20264735029825043
4452.0 0.1924016590817185
4454.0 0.204760742076342
4456.0 0.20717537646025358
4458.0 0.20552036206378496
4460.0 0.20654851153251205
4462.0 0.20440598856391556
4464.0 0.1955868946840536
4466.0 0.18886906945810134
4468.0 0.18172644403600835
4470.0 0.1840755743263539
4472.0 0.18703046671692258
4474.0 0.1808999625254229
4476.0 0.18074106428085035
4478.0 0.1887018349361166
4480.0 0.19731430196295838
4482.0 0.19728677962557217
4484.0 0.1926672751240826
4486.0 0.18323834388004756
4488.0 0.18065784538557383
4490.0 0.18471968874165348
4492.0 0.18643893803036682
4494.0 0.1772931428084016
4496.0 0.16623848358843915
4498.0 0.16372241181997588
4500.0 0.17004728776171724
4502.0 0.17432110915672283
4504.0 0.17224752591172013
4506.0 0.18036887321398853
4508.0 0.18504059316094937
4510.0 0.1829883729245969
4512.0 0.1881283989357966
4514.0 0.1958562146830741
4516.0 0.20028190955065925
4518.0 0.20951927662780864
4520.0 0.2072856982269544
4522.0 0.21141044118136784
4524.0 0.21534913304419395
4526.0 0.2315450024556901
4528.0 0.2268072078952592
4530.0 0.2212055094636369
4532.0 0.22851836051469138
4534.0 0.23525703264812894
4536.0 0.2460943717306453
4538.0 0.26143245608126003
4540.0 0.25910180974763264
4542.0 0.26636549975320006
4544.0 0.2816852212929022
4546.0 0.28752834847066566
4548.0 0.2865101216214825
4550.0 0.29864066285259494
4552.0 0.3117812833446364
4554.0 0.3179579313185552
4556.0 0.327879736170725
4558.0 0.338792223542443
4560.0 0.33699617687231853
4562.0 0.3466966663462673
4564.0 0.34920668069804045
4566.0 0.3506542842569445
4568.0 0.3533130258300677
4570.0 0.3470303444149461
4572.0 0.3369931766588988
4574.0 0.33779159703480094
4576.0 0.34224555573639726
4578.0 0.3504738439434192
4580.0 0.33861923925739373
4582.0 0.3351799862659939
4584.0 0.3377901392743887
4586.0 0.3380439407864371
4588.0 0.3362331135979126
4590.0 0.319441226756676
4592.0 0.33034119832058434
4594.0 0.3381462177492024
4596.0 0.3412472743251756
4598.0 0.3397506114184952
4600.0 0.34444988059002846
4602.0 0.34482706042054523
4604.0 0.3459163898439402
4606.0 0.34363227907309085
4608.0 0.35342174440208046
4610.0 0.3514509584682812
4612.0 0.3418517452318139
4614.0 0.3544464038985964
4616.0 0.34982158561826604
4618.0 0.33998441136694385
4620.0 0.3422963744201669
4622.0 0.33623206396719096
4624.0 0.3424896318410723
4626.0 0.34456294335769905
4628.0 0.3413483167805142
4630.0 0.3555941552585385
4632.0 0.35863653402753715
4634.0 0.36480459200886894
4636.0 0.37678794812277555
4638.0 0.39046723955292995
4640.0 0.39562127543054687
4642.0 0.3823450375019736
4644.0 0.3757680719295347
4646.0 0.3810158042697488
4648.0 0.3850153591461574
4650.0 0.3863877588580503
4652.0 0.3914643607099694
4654.0 0.40372688780964483
4656.0 0.4090082772808069
4658.0 0.403662143005068
4660.0 0.4000650258848169
4662.0 0.3942804738279253
4664.0 0.39885952166281974
4666.0 0.3932311131336476
4668.0 0.39361721646540926
4670.0 0.39172926676307224
4672.0 0.3882604091061838
4674.0 0.3954405963574285
4676.0 0.39051022319997547
4678.0 0.38184583262533717
4680.0 0.38043501296229165
4682.0 0.37873033166284814
4684.0 0.3727862331279074
4686.0 0.37604752581610634
4688.0 0.37713127250370726
4690.0 0.3707913801092288
4692.0 0.3642764260978231
4694.0 0.3543190308350822
4696.0 0.35017889150633585
4698.0 0.35289634938356357
4700.0 0.34695829077196483
4702.0 0.3415261507808032
4704.0 0.3431811025703084
4706.0 0.3409077122892224
4708.0 0.333250370724768
4710.0 0.3135383682332389
4712.0 0.3104934006799373
4714.0 0.31045095595086214
4716.0 0.30242245133066437
4718.0 0.29842230487457927
4720.0 0.2907538353869892
4722.0 0.28596200765772756
4724.0 0.2875689480414491
4726.0 0.28965853151595433
4728.0 0.288483297460575
4730.0 0.2885201452573698
4732.0 0.29079593510139085
4734.0 0.2950155335830871
4736.0 0.2995253662803038
4738.0 0.30135011689388536
4740.0 0.29499045352301945
4742.0 0.29319055884630685
4744.0 0.29678898098938206
4746.0 0.29865947531589004
4748.0 0.29830321300532747
4750.0 0.30256130655570823
4752.0 0.31177572612924226
4754.0 0.30249832975419566
4756.0 0.2879714220471662
4758.0 0.2950748558346977
4760.0 0.2992674006975251
4762.0 0.3160449970081896
4764.0 0.31105014362252664
4766.0 0.30700409621671076
4768.0 0.3017803234568123
4770.0 0.2952125863946267
4772.0 0.2931244539890969
4774.0 0.28126215833522134
4776.0 0.283946231966712
4778.0 0.2826420319446518
4780.0 0.27227644179689026
4782.0 0.2691913193687006
4784.0 0.27254423654696286
4786.0 0.27228886057690854
4788.0 0.2705179637437021
4790.0 0.26685051293156775
4792.0 0.2677580897059695
4794.0 0.27284481473642996
4796.0 0.2832483195864097
4798.0 0.2783341706482113
4800.0 0.2741572699606282
4802.0 0.26862563058252265
4804.0 0.26731924964949677
4806.0 0.2738167159847554
4808.0 0.2929478559901629
4810.0 0.2968493471315456
4812.0 0.3001570054089594
4814.0 0.3092050249777595
4816.0 0.3163111022297521
4818.0 0.32491620954878503
4820.0 0.34513110711235123
4822.0 0.3476052723938014
4824.0 0.3411767013070423
4826.0 0.3440544987010739
4828.0 0.3520516329095345
4830.0 0.3508853989831912
4832.0 0.35208922450516605
4834.0 0.3521692193063322
4836.0 0.3531970319046625
4838.0 0.35312214924261603
4840.0 0.3533465511611408
4842.0 0.3546207741331721
4844.0 0.35546334602151963
4846.0 0.3557489254392728
4848.0 0.3561164795565058
4850.0 0.35736063849028515
4852.0 0.359752282215449
4854.0 0.3629023845006352
4856.0 0.36364379800846036
4858.0 0.3650033655861067
4860.0 0.3653128513900257
4862.0 0.36539531673292264
4864.0 0.365511064843796
4866.0 0.36687071833811646
4868.0 0.3653932987606239
4870.0 0.36608223102030657
4872.0 0.36666585740443636
4874.0 0.3689971784620265
4876.0 0.36647661393715353
4878.0 0.37290974439057817
4880.0 0.3751844677202767
4882.0 0.3846520606888827
4884.0 0.3927916084728345
4886.0 0.40003496645535724
4888.0 0.4115396486984744
4890.0 0.41903182467318406
4892.0 0.42375953073962935
4894.0 0.4366830222149978
4896.0 0.4479510326786853
4898.0 0.45834215260616057
4900.0 0.46950246779576116
4902.0 0.4767681950564941
4904.0 0.48543477307665756
4906.0 0.4921354719856268
4908.0 0.5006528861348539
4910.0 0.50125309043957
4912.0 0.49882555259149974
4914.0 0.5077395823456005
4916.0 0.5094009951413924
4918.0 0.5066513202913014
4920.0 0.5085526402587282
4922.0 0.5080415579730124
4924.0 0.5055027104849609
4926.0 0.5004973141362316
4928.0 0.4899319856090712
4930.0 0.4805697920354797
4932.0 0.47554733702766205
4934.0 0.4701526076608532
4936.0 0.46474528768412493
4938.0 0.46031879383154917
4940.0 0.45413371749314246
4942.0 0.4491435757491068
4944.0 0.4446874599515745
4946.0 0.4385729066669106
4948.0 0.4339801615041816
4950.0 0.43012980598116046
4952.0 0.42401719685067757
4954.0 0.4199612928438521
4956.0 0.41664842128666524
4958.0 0.4104152327106735
4960.0 0.40452335387821814
4962.0 0.3993554795719716
4964.0 0.3944161738357809
4966.0 0.3901343091961891
4968.0 0.3854737678222089
4970.0 0.3860291053534761
4972.0 0.39060653284337393
4974.0 0.3899063298462884
4976.0 0.386259843100449
4978.0 0.3871313648240597
4980.0 0.390134261580171
4982.0 0.39664266318877406
4984.0 0.4023397930850203
4986.0 0.40767335857642284
4988.0 0.4141862423040804
4990.0 0.41776196476012895
4992.0 0.4210085423544007
4994.0 0.42396428314495593
4996.0 0.4267671387762643
4998.0 0.42968141115105785
5000.0 0.4312530995221291
5002.0 0.43240622652956967
5004.0 0.43500425494792094
5006.0 0.43810833881326433
5008.0 0.4411166029373692
5010.0 0.44384076219407986
5012.0 0.4454938801572516
5014.0 0.44735392427061577
5016.0 0.44929000796606083
5018.0 0.4520716712491292
5020.0 0.4545604543905966
5022.0 0.4574036976024689
5024.0 0.45942344344849767
5026.0 0.46156672382243696
5028.0 0.4642264544588625
5030.0 0.46628572651843014
5032.0 0.4606968270581105
5034.0 0.4561705210040289
5036.0 0.45839528997494866
5038.0 0.4578510677015535
5040.0 0.44978647467723915
5042.0 0.45447996162850574
5044.0 0.4647982834129779
5046.0 0.45361747802461694
5048.0 0.43841753858176835
5050.0 0.4393749701495038
5052.0 0.4422187060890245
5054.0 0.44252200826498145
5056.0 0.4303589942878626
5058.0 0.42533259816164865
5060.0 0.42493694692302597
5062.0 0.41147235712992253
5064.0 0.4075486709723994
5066.0 0.40368099154628617
5068.0 0.403348495639859
5070.0 0.3958756945118172
5072.0 0.38199940572354973
5074.0 0.3775195640652071
5076.0 0.36388334230642627
5078.0 0.3429674902862421
5080.0 0.3482090342989321
5082.0 0.3447418241142094
5084.0 0.32854756817291714
5086.0 0.315510599082692
5088.0 0.3149066210971977
5090.0 0.3126670754471696
5092.0 0.3093447725761865
5094.0 0.2971036933623341
5096.0 0.2814055993839786
5098.0 0.28339396137724243
5100.0 0.283426691847602
5102.0 0.2758095824493633
5104.0 0.2721432698302678
5106.0 0.2704656704869018
5108.0 0.26245217197428267
5110.0 0.25463376126789566
5112.0 0.26295034341629947
5114.0 0.2639942229779862
5116.0 0.2604907582868932
5118.0 0.26454474541007306
5120.0 0.2708856426399239
5122.0 0.28301951335520403
5124.0 0.281090970852274
5126.0 0.28710062726063423
5128.0 0.30277245217109294
5130.0 0.30841977116389757
5132.0 0.31428250219380505
5134.0 0.3205229113441475
5136.0 0.324149913511525
5138.0 0.31682876388714803
5140.0 0.32314014502742294
5142.0 0.3310793404816395
5144.0 0.33808652521009713
5146.0 0.33749146452841255
5148.0 0.33801578580819236
5150.0 0.3362651438889551
5152.0 0.3409470915487609
5154.0 0.3590259122518262
5156.0 0.36768213296058005
5158.0 0.373662677980083
5160.0 0.38357616753090434
5162.0 0.3823175671903248
5164.0 0.3782747790236376
5166.0 0.3775838138465704
5168.0 0.3789004524348283
5170.0 0.3799935373601143
5172.0 0.37613611826203824
5174.0 0.37731575612995066
5176.0 0.37944954607230297
5178.0 0.38567620374673134
5180.0 0.38776300764092547
5182.0 0.38418332179662235
5184.0 0.37922773225262796
5186.0 0.3810870742708833
5188.0 0.39255035014842576
5190.0 0.39963624587168656
5192.0 0.39994157995181
5194.0 0.3911306258074718
5196.0 0.3873526398890868
5198.0 0.38527512257641716
5200.0 0.3902165987365649
5202.0 0.38771136372372506
5204.0 0.3801564858184208
5206.0 0.3848721203849278
5208.0 0.3860687799640834
5210.0 0.3849742187186524
5212.0 0.3879639715298362
5214.0 0.3883240897077113
5216.0 0.39126394336434883
5218.0 0.3887401218304413
5220.0 0.3860772685402383
5222.0 0.39099062992436934
5224.0 0.3912154716303131
5226.0 0.3919541553901348
5228.0 0.3834502624980447
5230.0 0.3865908082220344
5232.0 0.3912916315411844
5234.0 0.4031161788462119
5236.0 0.40887442285882164
5238.0 0.4062612102600927
5240.0 0.41074549869968585
5242.0 0.41217197946504386
5244.0 0.4160416593701685
5246.0 0.42078220929315563
5248.0 0.4215078528585364
5250.0 0.41814523765876677
5252.0 0.4049740472180396
5254.0 0.39628233997473483
5256.0 0.39360142242210344
5258.0 0.3969250329819586
5260.0 0.3926385151992551
5262.0 0.38626535781568294
5264.0 0.3786651670729902
5266.0 0.3755538218669367
5268.0 0.37742017459239086
5270.0 0.3828209531321468
5272.0 0.3898039653254802
5274.0 0.38943324780401617
5276.0 0.39575250901928594
5278.0 0.4056324596088313
5280.0 0.4133785169820147
5282.0 0.40935028697826475
5284.0 0.411837686457508
5286.0 0.41769816207134286
5288.0 0.4232044568717191
5290.0 0.42822631051581633
5292.0 0.4389319631818012
5294.0 0.44608111668934597
5296.0 0.44917907380178407
5298.0 0.4490094913039813
5300.0 0.45272713517426405
5302.0 0.45464550467492315
5304.0 0.4599905337611056
5306.0 0.46545908544618
5308.0 0.4657249919410154
5310.0 0.4641327788545938
5312.0 0.4598915278803543
5314.0 0.45375433548128
5316.0 0.4538179451403146
5318.0 0.45546094662206865
5320.0 0.4551647463142334
5322.0 0.4612892932172656
5324.0 0.4729226527292246
5326.0 0.47649544031852864
5328.0 0.47361787842363745
5330.0 0.47253927138252055
5332.0 0.45944700386212317
5334.0 0.46036706729281374
5336.0 0.47415232740659297
5338.0 0.47767754985461186
5340.0 0.4788522840316972
5342.0 0.4704764379123342
5344.0 0.4789630293237243
5346.0 0.47965708418767
5348.0 0.48424144258561785
5350.0 0.4843051006402293
5352.0 0.4803357677528115
5354.0 0.4762336097864962
5356.0 0.47765935248925034
5358.0 0.47710109848490595
5360.0 0.48299756420165435
5362.0 0.47476915491217087
5364.0 0.4653837828646554
5366.0 0.4632285552469018
5368.0 0.46717100511554366
5370.0 0.47390710412252757
5372.0 0.47193863160652527
5374.0 0.4704194434418705
5376.0 0.4690796527960054
5378.0 0.4725809137694887
5380.0 0.47335897223662593
5382.0 0.4754950812828862
5384.0 0.48207934964607274
5386.0 0.4922804935788022
5388.0 0.5079673789521131
5390.0 0.5107791649168703
5392.0 0.5075718989178252
5394.0 0.5170602812480423
5396.0 0.5291921616542802
5398.0 0.5406736690929475
5400.0 0.5417151944046722
5402.0 0.5488735287436269
5404.0 0.5582913316565606
5406.0 0.5646522581425747
5408.0 0.5644908657442919
5410.0 0.5594484971166692
5412.0 0.554583804550971
5414.0 0.5520428852842542
5416.0 0.5533455638405812
5418.0 0.5538715859662213
5420.0 0.5561471452723082
5422.0 0.5566411193191435
5424.0 0.5462207379933604
5426.0 0.5386664666977252
5428.0 0.531341763597861
5430.0 0.5328870212109342
5432.0 0.5322232427306481
5434.0 0.5218401388814378
5436.0 0.5159841676886173
5438.0 0.5097060226325016
5440.0 0.5019893459375663
5442.0 0.49668434833876446
5444.0 0.4932616772064431
5446.0 0.4882278488649856
5448.0 0.4843215647157421
5450.0 0.4812879614304118
5452.0 0.4705419494601088
5454.0 0.47109419867120644
5456.0 0.4725801578448894
5458.0 0.47794462698498763
5460.0 0.4755532134371129
5462.0 0.47666724877001965
5464.0 0.4690619041916356
5466.0 0.4670110365485922
5468.0 0.4639438496146064
5470.0 0.455736025995032
5472.0 0.45158409343104666
5474.0 0.450934563767285
5476.0 0.45477987396683506
5478.0 0.45966313694485694
5480.0 0.4630412757499768
5482.0 0.4647333665351776
5484.0 0.4716094507872073
5486.0 0.48764320712797027
5488.0 0.49497458414718426
5490.0 0.503801150204283
5492.0 0.5152953299055428
5494.0 0.5288304778211248
5496.0 0.5382236314713147
5498.0 0.5539412436875198
5500.0 0.5605674024870527
5502.0 0.5717746869585864
5504.0 0.5859710592790583
5506.0 0.5935250065100313
5508.0 0.5952018252662106
5510.0 0.6128613703742327
5512.0 0.6117732345828202
5514.0 0.6110875988901007
5516.0 0.6177653789426593
5518.0 0.6230005495290964
5520.0 0.6271998508010669
5522.0 0.6239380829968192
5524.0 0.6243852860093078
5526.0 0.619360071188629
5528.0 0.6034743408149338
5530.0 0.5948779654470501
5532.0 0.5936336959702194
5534.0 0.5901964092693959
5536.0 0.5893390062305989
5538.0 0.5931223185096575
5540.0 0.5887403462956385
5542.0 0.5838857224176263
5544.0 0.5862209566994888
5546.0 0.583738626833233
5548.0 0.5807161148983719
5550.0 0.5750300269485065
5552.0 0.562796153527511
5554.0 0.552178193999663
5556.0 0.543202703175503
5558.0 0.5409567557426584
5560.0 0.5407480364907471
5562.0 0.5375514757485315
5564.0 0.5279082594497554
5566.0 0.5148322969148775
5568.0 0.5033753824752274
5570.0 0.4991171262094684
5572.0 0.49145492239314725
5574.0 0.4874627099566296
5576.0 0.4842455671105305
5578.0 0.4799139575577744
5580.0 0.4694147992090287
5582.0 0.46355794803698674
5584.0 0.4535952625653541
5586.0 0.44910537498975506
5588.0 0.4391072440802559
5590.0 0.42896118778483217
5592.0 0.42209519210518853
5594.0 0.4181353759562208
5596.0 0.40531346501171756
5598.0 0.398559965536448
5600.0 0.396402904308615
5602.0 0.3956072661691412
5604.0 0.39722765346409034
5606.0 0.4009924485348692
5608.0 0.40659583433589913
5610.0 0.41057107604110565
5612.0 0.4140631344546254
5614.0 0.41733692924561794
5616.0 0.4214541625960189
5618.0 0.43496769157254145
5620.0 0.4447060891850041
5622.0 0.4548880236395973
5624.0 0.4585303039262897
5626.0 0.4718560636477296
5628.0 0.47870678992641547
5630.0 0.4929796426864957
5632.0 0.4942960240013777
5634.0 0.49871048947610025
5636.0 0.5130297375895039
5638.0 0.5236803206668353
5640.0 0.53213405281962
5642.0 0.5330403448044408
5644.0 0.5415347549563507
5646.0 0.5487020084029646
5648.0 0.5606919264034549
5650.0 0.566070943780465
5652.0 0.573698643529019
5654.0 0.5778684744734643
5656.0 0.5805972597820138
5658.0 0.581178890953239
5660.0 0.5815929440696714
5662.0 0.5801148961475462
5664.0 0.5828934816108685
5666.0 0.5764454562340912
5668.0 0.5744541710836724
5670.0 0.5754220775223287
5672.0 0.5779724790049402
5674.0 0.5773910328858168
5676.0 0.5700006134764004
5678.0 0.5651997018127582
5680.0 0.5650343109239362
5682.0 0.566126375659426
5684.0 0.5640623420330892
5686.0 0.5600220355757082
5688.0 0.5556215553132332
5690.0 0.5514045690795567
5692.0 0.5491226668579736
5694.0 0.5434380628866065
5696.0 0.5385867040922585
5698.0 0.5332316568461953
5700.0 0.5361129331624437
5702.0 0.5326733917020895
5704.0 0.5265744476632754
5706.0 0.5176413069758943
5708.0 0.5132094611701115
5710.0 0.5082967657265239
5712.0 0.5051843239573159
5714.0 0.5003143666102633
5716.0 0.48869296802903067
5718.0 0.4819731397948678
5720.0 0.48199394794868217
5722.0 0.47933917364293516
5724.0 0.47753296465630024
5726.0 0.47462021721627945
5728.0 0.47719012256847115
5730.0 0.4744548361716631
5732.0 0.47271990455662544
5734.0 0.4718141882993276
5736.0 0.47303817967331724
5738.0 0.47968879644291534
5740.0 0.4854122460520521
5742.0 0.4899333378676758
5744.0 0.48948443573110334
5746.0 0.4867061974996334
5748.0 0.48289010755455203
5750.0 0.47717370939242937
5752.0 0.47760610919274
5754.0 0.47389815339695285
5756.0 0.4707347256101793
5758.0 0.46755585343821204
5760.0 0.4605481532225886
5762.0 0.4499159588051181
5764.0 0.44714991892909467
5766.0 0.44043577656924865
5768.0 0.4279522586442458
5770.0 0.4228806644952496
5772.0 0.4164085857901861
5774.0 0.40302715669972583
5776.0 0.40099828096796025
5778.0 0.3994153899630825
5780.0 0.39318103892916045
5782.0 0.3854588708119932
5784.0 0.3828514167132962
5786.0 0.3786675223240563
5788.0 0.36933323398571
5790.0 0.35855328262392777
5792.0 0.3446110987105046
5794.0 0.3335138716744917
5796.0 0.321737244658547
5798.0 0.3174276553916707
5800.0 0.31788490029313854
5802.0 0.318705904032687
5804.0 0.3113487806482538
5806.0 0.30854987517386334
5808.0 0.3074129074369588
5810.0 0.30960273299459445
5812.0 0.3131062730316157
5814.0 0.3144338567490106
5816.0 0.31386618639557395
5818.0 0.31527037663466445
5820.0 0.32264795085367776
5822.0 0.3292944742844497
5824.0 0.33706038307240777
5826.0 0.3516970703603909
5828.0 0.3588059204773142
5830.0 0.36594152998095975
5832.0 0.3735701346497268
5834.0 0.3790744006410742
5836.0 0.38180000843586404
5838.0 0.3973631709261849
5840.0 0.409299236369225
5842.0 0.42744151627850085
5844.0 0.4462928158941518
5846.0 0.46031600438662135
5848.0 0.46473548120652247
5850.0 0.4788172063240838
5852.0 0.4954203325956285
5854.0 0.5202634156014633
5856.0 0.5353195430169891
5858.0 0.5437741404164664
5860.0 0.5496450535874734
5862.0 0.5570290994902972
5864.0 0.5659165472381932
5866.0 0.5727486808222351
5868.0 0.5767424784081348
5870.0 0.5785865287342549
5872.0 0.5823076772958776
5874.0 0.5844952775864688
5876.0 0.5863615054958452
5878.0 0.5878898595777027
5880.0 0.5898415596463554
5882.0 0.5890666727625099
5884.0 0.5886104610207216
5886.0 0.5874654140228809
5888.0 0.5906592696553045
5890.0 0.5928226142372992
5892.0 0.595583106570776
5894.0 0.5990175017287492
5896.0 0.6047764872017225
5898.0 0.6084033547555714
5900.0 0.6122294300924099
5902.0 0.6140811176211459
5904.0 0.6166311823636708
5906.0 0.6182134226728903
5908.0 0.6189005862614232
5910.0 0.6193605175150738
5912.0 0.6216493250035585
5914.0 0.622433836807533
5916.0 0.6229667114897478
5918.0 0.6239973902168305
5920.0 0.6238026311008056
5922.0 0.6248225604215151
5924.0 0.6254915429784916
5926.0 0.6237970185634681
5928.0 0.619566451667576
5930.0 0.6171272803772527
5932.0 0.6132662266951421
5934.0 0.6053941036981941
5936.0 0.6011836033993374
5938.0 0.5972630440425497
5940.0 0.5970192598972646
5942.0 0.5930533549843758
5944.0 0.5944570744609011
5946.0 0.5903326130814253
5948.0 0.5875770922079067
5950.0 0.5861241757465249
5952.0 0.5864930565984103
5954.0 0.5887241710243727
5956.0 0.5877119960525284
5958.0 0.5869815960606856
5960.0 0.5849680816171403
5962.0 0.582490071280804
5964.0 0.585114085467638
5966.0 0.5876904960203887
5968.0 0.5913736682243259
5970.0 0.5879114346269911
5972.0 0.5879811493487421
5974.0 0.5898794972261825
5976.0 0.5867057505254057
5978.0 0.5817448480767511
5980.0 0.5751326371665758
5982.0 0.5742314825665058
5984.0 0.5704158192409703
5986.0 0.5654055620057025
5988.0 0.5636390617888123
5990.0 0.5655513948658114
5992.0 0.5653354846957095
5994.0 0.5600498783169077
5996.0 0.5566873337961619
5998.0 0.5555788939910603
6000.0 0.553870230010603
6002.0 0.5553117241351496
6004.0 0.5635979337368536
6006.0 0.5636139583603444
6008.0 0.5609608021013266
6010.0 0.5513120397124154
6012.0 0.5467410653439967
6014.0 0.5449701662680617
6016.0 0.5432078326734241
6018.0 0.540813574792076
6020.0 0.5398877760892378
6022.0 0.5419557153478067
6024.0 0.5414943402800045
6026.0 0.5370952601528706
6028.0 0.5321729702143031
6030.0 0.5283809674661331
6032.0 0.5236821024456031
6034.0 0.5193965279914909
6036.0 0.5178608012416223
6038.0 0.5186480175935412
6040.0 0.5226517245837677
6042.0 0.5265713701042907
6044.0 0.5208889920610983
6046.0 0.518141939890469
6048.0 0.5193556078031425
6050.0 0.5297942194607448
6052.0 0.528572900973425
6054.0 0.5222935563712853
6056.0 0.5190513173117001
6058.0 0.5145604232681528
6060.0 0.5136542165604263
6062.0 0.5098704767459625
6064.0 0.5048594490149865
6066.0 0.5027756416066965
6068.0 0.49882471614375706
6070.0 0.49427365926039896
6072.0 0.48904469166325926
6074.0 0.4856816151090912
6076.0 0.4820274966040691
6078.0 0.4768461139382925
6080.0 0.47455591476824227
6082.0 0.4712999252991062
6084.0 0.4624671604960591
6086.0 0.46193526403530494
6088.0 0.4617093580913341
6090.0 0.4666367776903442
6092.0 0.47525280262115405
6094.0 0.4800711412938979
6096.0 0.4838864909205068
6098.0 0.4847786100804003
6100.0 0.4891594455082116
6102.0 0.49571852560914237
6104.0 0.5029346310081887
6106.0 0.5057865525959849
6108.0 0.5159894067463497
6110.0 0.5191482286201959
6112.0 0.5279825935105737
6114.0 0.5389002735265855
6116.0 0.5499141021532731
6118.0 0.5585668576784756
6120.0 0.5619847239480572
6122.0 0.5643314813830625
6124.0 0.5690816655921035
6126.0 0.573070006247013
6128.0 0.5747340011978462
6130.0 0.5778154335799467
6132.0 0.5724636722271664
6134.0 0.5715588940838593
6136.0 0.5742754204635806
6138.0 0.5817385258505644
6140.0 0.5825238037251107
6142.0 0.5697374402089497
6144.0 0.563807719633636
6146.0 0.5576944033488418
6148.0 0.5571526972182475
6150.0 0.5513800282872546
6152.0 0.5492680976262285
6154.0 0.5442898038264371
6156.0 0.5404419099584681
6158.0 0.5286266832356417
6160.0 0.5276335995442658
6162.0 0.5211258250229627
6164.0 0.5181960007219816
6166.0 0.5036594323739164
6168.0 0.49662586522666746
6170.0 0.4888295337668411
6172.0 0.486326677636787
6174.0 0.479111975213209
6176.0 0.46938927023796323
6178.0 0.4613176773961658
6180.0 0.45671372332124177
6182.0 0.456065492783833
6184.0 0.4504671659912053
6186.0 0.4473929959054568
6188.0 0.4454290451294247
6190.0 0.44612420827483296
6192.0 0.4480954177828129
6194.0 0.4451533015479062
6196.0 0.4480063915260208
6198.0 0.4508314860379238
6200.0 0.4609341936682904
6202.0 0.4678945019120993
6204.0 0.4791028812444
6206.0 0.49003246664149086
6208.0 0.4980881896566733
6210.0 0.4978308875843361
6212.0 0.5051465831587078
6214.0 0.5100023954845878
6216.0 0.5158746255554897
6218.0 0.5217144682903395
6220.0 0.5267461751018953
6222.0 0.5267595636631862
6224.0 0.5251913049132844
6226.0 0.523138532780209
6228.0 0.5179265601752026
6230.0 0.5193553557900414
6232.0 0.5224446410025784
6234.0 0.5239505218487849
6236.0 0.5287381583005893
6238.0 0.5321992448546032
6240.0 0.5301574432014498
6242.0 0.5329379478330319
6244.0 0.5357542938780853
6246.0 0.5317349754886488
6248.0 0.5303664855821263
6250.0 0.5297934053319473
6252.0 0.5344039888871388
6254.0 0.5368270390042307
6256.0 0.5369084876500421
6258.0 0.5346854838539928
6260.0 0.5334413432702247
6262.0 0.5357902560228942
6264.0 0.530390252736189
6266.0 0.5305183581685512
6268.0 0.529316277274843
6270.0 0.5235547390198805
6272.0 0.5190318155780802
6274.0 0.5112339727059398
6276.0 0.5021931187769243
6278.0 0.49711839244159506
6280.0 0.4991094187018454
6282.0 0.5056321706836252
6284.0 0.5111448727540164
6286.0 0.5171762377209881
6288.0 0.5255094372291881
6290.0 0.5285001918506661
6292.0 0.5248234066951017
6294.0 0.522074778232525
6296.0 0.5224460574234892
6298.0 0.5247082863199843
6300.0 0.5216145599591722
6302.0 0.5177935309971775
6304.0 0.5159156721297486
6306.0 0.5132192015230171
6308.0 0.5103021634666034
6310.0 0.5144438219445995
6312.0 0.5147573266869331
6314.0 0.5144071474126394
6316.0 0.51342278922105
6318.0 0.5141662113235677
6320.0 0.5125637145911075
6322.0 0.511565297222323
6324.0 0.5103369093151033
6326.0 0.5141171775524704
6328.0 0.5122042869867778
6330.0 0.5090815167569518
6332.0 0.5112625460655971
6334.0 0.512249776948956
6336.0 0.5107274443614008
6338.0 0.5016375471236475
6340.0 0.49541815751926876
6342.0 0.4893534836996499
6344.0 0.4878825329866313
6346.0 0.4821483410929317
6348.0 0.4746695736700078
6350.0 0.4644725594178465
6352.0 0.45868456375072375
6354.0 0.449261973579708
6356.0 0.4412500187992505
6358.0 0.43276084775221507
6360.0 0.4228159885486349
6362.0 0.413551947258626
6364.0 0.4068436453039814
6366.0 0.39758782262730125
6368.0 0.3914673673685192
6370.0 0.38165645366562234
6372.0 0.37514869322954614
6374.0 0.36773484434727693
6376.0 0.36460508207520725
6378.0 0.357523076221931
6380.0 0.35656266410974125
6382.0 0.3562618265105775
6384.0 0.3582946666499871
6386.0 0.35767843456200665
6388.0 0.35862648310746303
6390.0 0.35995467285289207
6392.0 0.36316520043238765
6394.0 0.36495625464391884
6396.0 0.36427793688210497
6398.0 0.3646505325309587
6400.0 0.36512529978605834
6402.0 0.36331705042449003
6404.0 0.3619298556836906
6406.0 0.36222637215297154
6408.0 0.36073313080292907
6410.0 0.3605077025933334
6412.0 0.3608988166920825
6414.0 0.36130933099208906
6416.0 0.36005021682380817
6418.0 0.3597482224266992
6420.0 0.3590263002374704
6422.0 0.359327506007365
6424.0 0.35782266504286486
6426.0 0.35819464775571436
6428.0 0.35913995009489597
6430.0 0.3589137990431183
6432.0 0.3594922185507617
6434.0 0.3608572443604566
6436.0 0.35777923628959235
6438.0 0.35506053563516865
6440.0 0.35367169722159375
6442.0 0.35303830882516524
6444.0 0.3526934380860523
6446.0 0.35323410332124344
6448.0 0.3585354082934677
6450.0 0.3627435230711813
6452.0 0.3636153584777967
6454.0 0.3655884117141654
6456.0 0.37010427810915597
6458.0 0.380868062226402
6460.0 0.3865988768020164
6462.0 0.3919417066275163
6464.0 0.40387539538366285
6466.0 0.4137295655530751
6468.0 0.4245342421677196
6470.0 0.4402270416749296
6472.0 0.4498076617302734
6474.0 0.4618423751031719
6476.0 0.4735099268287706
6478.0 0.487407736699732
6480.0 0.5010675697854595
6482.0 0.5214054946939048
6484.0 0.5319513729207375
6486.0 0.5505982709924867
6488.0 0.5699553925385811
6490.0 0.5902365204931007
6492.0 0.6114573462514488
6494.0 0.640473451744771
6496.0 0.6552058992967945
6498.0 0.6768207049892613
6500.0 0.6986479981835414
6502.0 0.7202735184439567
6504.0 0.7461431792572331
6506.0 0.7752719220476979
6508.0 0.803011166194536
6510.0 0.8355342074046419
6512.0 0.8620306849199403
6514.0 0.8817981117259509
6516.0 0.9098542638492937
6518.0 0.9213309460900425
6520.0 0.9366707232768804
6522.0 0.9582867084608293
6524.0 0.9630900987781906
6526.0 0.966672550871732
6528.0 0.9750872525639007
6530.0 0.9868418262734826
6532.0 0.9980449678958031
6534.0 0.9993842332679792
6536.0 1.0
6538.0 0.9998277756550737
6540.0 0.9950773058100172
6542.0 0.9923570103172074
6544.0 0.9919726735950515
6546.0 0.988626273166133
6548.0 0.9852029891862365
6550.0 0.9812138664895812
6552.0 0.9776518298027101
6554.0 0.9786392191347987
6556.0 0.9805457342077909
6558.0 0.9780554081738356
6560.0 0.9681600018712563
6562.0 0.9556926666773946
6564.0 0.9498037598519349
6566.0 0.945796133772227
6568.0 0.9399998216162035
6570.0 0.9355057440282571
6572.0 0.9302950612212703
6574.0 0.9242736670129524
6576.0 0.9230329227427961
6578.0 0.9197918135861178
6580.0 0.912954417720991
6582.0 0.9063564649219091
6584.0 0.9029756746797094
6586.0 0.89739940885819
6588.0 0.8881311439260438
6590.0 0.8759299978575702
6592.0 0.8698939420550224
6594.0 0.8661698560263716
6596.0 0.86003876322615
6598.0 0.8551109672290709
6600.0 0.8494441353445168
6602.0 0.8303777766912152
6604.0 0.8194029110203184
6606.0 0.8083326150941174
6608.0 0.7997025957530145
6610.0 0.7884490689454698
6612.0 0.7800050892448819
6614.0 0.7703272925621573
6616.0 0.7642315809085719
6618.0 0.757928208878647
6620.0 0.7491754425858007
6622.0 0.7432047760641168
6624.0 0.7352034957396596
6626.0 0.7211184444713397
6628.0 0.7128911387185701
6630.0 0.7045959603221332
6632.0 0.7029082804629717
6634.0 0.6990239463052365
6636.0 0.6880999675455591
6638.0 0.6820924736810602
6640.0 0.6738696234316597
6642.0 0.6685721113419331
6644.0 0.6665291630830011
6646.0 0.6652123277741827
6648.0 0.6573143511757654
6650.0 0.6536311100305697
6652.0 0.6502185499976881
6654.0 0.6464335842759825
6656.0 0.6388229616530562
6658.0 0.6326544716758108
6660.0 0.6219334710631176
6662.0 0.6195086090332668
6664.0 0.6181753630078383
6666.0 0.6147614163054508
6668.0 0.614207044858824
6670.0 0.6143804306608555
6672.0 0.6089818327077474
6674.0 0.6032731183643731
6676.0 0.5986492543537356
6678.0 0.5936576199577246
6680.0 0.5932510312105869
6682.0 0.5945985626321787
6684.0 0.5877799156367738
6686.0 0.579460651304693
6688.0 0.5771708631760002
6690.0 0.576054415349702
6692.0 0.5724544017040801
6694.0 0.5673395761585527
6696.0 0.5664914021683943
6698.0 0.5638723871203606
6700.0 0.564122018154109
6702.0 0.5596276221832774
6704.0 0.5544450760046066
6706.0 0.5635694405748575
6708.0 0.5725529495834673
6710.0 0.5809230847414343
6712.0 0.5772945894129795
6714.0 0.5716278770525132
6716.0 0.5608364294659495
6718.0 0.5506522403760659
6720.0 0.5476863578545744
6722.0 0.54780818973571
6724.0 0.5476525487302786
6726.0 0.5482405808981181
6728.0 0.5413103995140272
6730.0 0.5360991689419486
6732.0 0.5319224357910534
6734.0 0.5254600464515721
6736.0 0.5204186279488014
6738.0 0.5190346112577873
6740.0 0.5184489969010291
6742.0 0.5186891299748037
6744.0 0.5190540067814987
6746.0 0.5161692265572257
6748.0 0.512520071376764
6750.0 0.5087346530073052
6752.0 0.5069213012041066
6754.0 0.5093229268560143
6756.0 0.5087974161348282
6758.0 0.5047131547277326
6760.0 0.5025285477797811
6762.0 0.5019100201245105
6764.0 0.5010846110743014
6766.0 0.49980474808843195
6768.0 0.49730735537825743
6770.0 0.49616493258548555
6772.0 0.4976171285630016
6774.0 0.49738338373868646
6776.0 0.4963205028828331
6778.0 0.4960897117506702
6780.0 0.49542108073428387
6782.0 0.49253442700348243
6784.0 0.4912514706525732
6786.0 0.4889789102777226
6788.0 0.48847174268031
6790.0 0.4893313481462081
6792.0 0.4880740052356858
6794.0 0.48785709621537493
6796.0 0.4873102488515328
6798.0 0.48500907138112237
6800.0 0.4859242082914
6802.0 0.48235837685633953
6804.0 0.4780849783822658
6806.0 0.47526035103054853
6808.0 0.4710141064265769
6810.0 0.44381869676362157
6812.0 0.4300544632527639
6814.0 0.4150254535996144
6816.0 0.41850126238679225
6818.0 0.4243361288367023
6820.0 0.437757402625804
6822.0 0.4520758030541887
6824.0 0.4604794952379983
6826.0 0.4645248591726835
6828.0 0.4643346363397223
6830.0 0.46250270722272524
6832.0 0.45508938779447555
6834.0 0.45087309677823867
6836.0 0.4500650244334224
6838.0 0.45207673092173406
6840.0 0.4542748907311587
6842.0 0.4572709142943204
6844.0 0.47028997570793796
6846.0 0.4707083884620231
6848.0 0.47218387897200176
6850.0 0.46835463935142163
6852.0 0.47136297060527854
6854.0 0.474782661527152
6856.0 0.4818526345905122
6858.0 0.4817113142596113
6860.0 0.48064000977187143
6862.0 0.47539535546559253
6864.0 0.4693498698641257
6866.0 0.4694546688537331
6868.0 0.477885174162655
6870.0 0.482641703108556
6872.0 0.4870577388055032
6874.0 0.4850362319997591
6876.0 0.4820543635828462
6878.0 0.47815376208749594
6880.0 0.47765059774988566
6882.0 0.4757052226405685
6884.0 0.46929815033631334
6886.0 0.46800764648816157
6888.0 0.46838980370983274
6890.0 0.46935263305484226
6892.0 0.4726435897635762
6894.0 0.47184933697746256
6896.0 0.4693204913425027
6898.0 0.4701895295995851
6900.0 0.46929058014324376
6902.0 0.4764844990856412
6904.0 0.4801348796074082
6906.0 0.48123292862539346
6908.0 0.47587311110234537
6910.0 0.472586893532918
6912.0 0.4764608629004119
6914.0 0.46743840181467294
6916.0 0.4622025149579687
6918.0 0.4598261836391722
6920.0 0.46542886022529084
6922.0 0.4662976818186928
6924.0 0.46434777995914733
6926.0 0.46138295948449887
6928.0 0.4593033398912002
6930.0 0.45924985201129526
6932.0 0.456763486174041
6934.0 0.4566721174060019
6936.0 0.45916875718722194
6938.0 0.4616245813869951
6940.0 0.46315599981030614
6942.0 0.46344665867915813
6944.0 0.46068444764747
6946.0 0.456458235469053
6948.0 0.45723807822287243
6950.0 0.46095109015506447
6952.0 0.4661898292269668
6954.0 0.4710295385241979
6956.0 0.4717740803261556
6958.0 0.4677201277893062
6960.0 0.4724396345621895
6962.0 0.47617734919502785
6964.0 0.4851020366447515
6966.0 0.48757259477588594
6968.0 0.48676876370331507
6970.0 0.4893770719124066
6972.0 0.49843604375221506
6974.0 0.5054541330563629
6976.0 0.5004498436476811
6978.0 0.4966665769091505
6980.0 0.4942608543818591
6982.0 0.4987917990280331
6984.0 0.5012372300167419
6986.0 0.5035971951301715
6988.0 0.4982242203315811
6990.0 0.4978591953950452
6992.0 0.4975474950044618
6994.0 0.49925671914557324
6996.0 0.49855325372927295
6998.0 0.492951291173619
7000.0 0.49552213987795407
7002.0 0.49604525535006116
7004.0 0.49476434720651796
7006.0 0.4904604142541993
7008.0 0.4866829459306272
7010.0 0.47971320294295117
7012.0 0.4800583671425524
7014.0 0.4816093900447593
7016.0 0.48710602116198437
7018.0 0.49331019207140914
7020.0 0.4945973418624467
7022.0 0.49321668901360727
7024.0 0.4905877807064006
7026.0 0.48577406141663254
7028.0 0.47956996479118225
7030.0 0.482105094590618
7032.0 0.4868961666508765
7034.0 0.47973529115871544
7036.0 0.48051961205118726
7038.0 0.48391977127470187
7040.0 0.4898749822485872
7042.0 0.48954713017130136
7044.0 0.48727741666887864
7046.0 0.48298370882684555
7048.0 0.47627630190163545
7050.0 0.4708570183212015
7052.0 0.4704502990682927
7054.0 0.47096925320298655
7056.0 0.4763449206360127
7058.0 0.47596853580562093
7060.0 0.47564338961938324
7062.0 0.47433886863328417
7064.0 0.47416825332940205
7066.0 0.47438263143438664
7068.0 0.47152719679245153
7070.0 0.4678034352151449
7072.0 0.46925478046592756
7074.0 0.4738861547270574
7076.0 0.47449936963783707
7078.0 0.4732627013225475
7080.0 0.4702922769533711
7082.0 0.47006695797141906
7084.0 0.47079208323920724
7086.0 0.46921639402002135
7088.0 0.4715614116402545
7090.0 0.4718475555598922
7092.0 0.47360697213401026
7094.0 0.4718335951634324
7096.0 0.4670395690926626
7098.0 0.4698179623004292
7100.0 0.46862986603837237
7102.0 0.46500775730436483
7104.0 0.46077887466594414
7106.0 0.45934751280935254
7108.0 0.4538022949205105
7110.0 0.4501674237725109
7112.0 0.4481641221826379
7114.0 0.44538423660981596
7116.0 0.4438606053691985
7118.0 0.44541935035341135
7120.0 0.4470689438883275
7122.0 0.4387905551259492
7124.0 0.4305546034212593
7126.0 0.43147590463229385
7128.0 0.43027805010571535
7130.0 0.42641811806339586
7132.0 0.4305570604826063
7134.0 0.4303733542673577
7136.0 0.4306585599678481
7138.0 0.425923397194009
7140.0 0.42373666943876315
7142.0 0.42143448879818635
7144.0 0.42354023696326243
7146.0 0.4282086013504839
7148.0 0.43070639096526975
7150.0 0.43364232323585394
7152.0 0.4365729848401193
7154.0 0.4431620069288525
7156.0 0.4436731391631452
7158.0 0.4452199738314601
7160.0 0.4437619376429494
7162.0 0.44192441032212276
7164.0 0.4413748511726511
7166.0 0.44416078924370067
7168.0 0.44753892372020654
7170.0 0.45048742662571833
7172.0 0.4484654896667053
7174.0 0.44760087844900076
7176.0 0.44731089983232414
7178.0 0.4454732328814718
7180.0 0.4477236615640138
7182.0 0.4567655281141062
7184.0 0.4604070592120668
7186.0 0.46190707802917796
7188.0 0.4676768734907915
7190.0 0.47055155919270314
7192.0 0.4713698299034537
7194.0 0.47416996502585973
7196.0 0.47627903531095633
7198.0 0.47754902989036135
7200.0 0.4750704003796616
7202.0 0.4780906758381747
7204.0 0.4764278041550281
7206.0 0.47106910196846163
7208.0 0.4731040565048996
7210.0 0.4714222445402192
7212.0 0.46694041114821827
7214.0 0.4568526941034814
7216.0 0.44698724190380695
7218.0 0.44540686134517243
7220.0 0.4526196509246329
7222.0 0.46293057470311433
7224.0 0.4643620324364253
7226.0 0.46120330215086236
7228.0 0.4600137914698195
7230.0 0.45869944451662403
7232.0 0.45783916844589656
7234.0 0.4578643215305126
7236.0 0.4596483405508276
7238.0 0.4583400002930897
7240.0 0.45988099901808877
7242.0 0.4595020447879497
7244.0 0.45661630825617894
7246.0 0.45258290622003444
7248.0 0.4511211689484118
7250.0 0.45264290868973794
7252.0 0.45871159100212444
7254.0 0.4591293031440567
7256.0 0.45975527682597733
7258.0 0.4598248682233904
7260.0 0.46584742650943073
7262.0 0.4714223740460898
7264.0 0.4818699651624605
7266.0 0.4856990425529814
7268.0 0.49412928608361406
7270.0 0.4969583526497455
7272.0 0.5005587984693325
7274.0 0.5027683162246127
7276.0 0.5075185360385338
7278.0 0.5068728984002012
7280.0 0.5054307355801102
7282.0 0.5055005045748261
7284.0 0.5050980869744551
7286.0 0.5036769444711067
7288.0 0.5082158163607814
7290.0 0.511855880214202
7292.0 0.5151966011009667
7294.0 0.5155493982615135
7296.0 0.5148249058193045
7298.0 0.5159380976300595
7300.0 0.5169708223485856
7302.0 0.517416899290292
7304.0 0.5157258809873687
7306.0 0.5157785489042622
7308.0 0.5162237955794302
7310.0 0.5166632914882491
7312.0 0.5186398754767135
7314.0 0.5201507367821564
7316.0 0.522487219927211
7318.0 0.5211044307913754
7320.0 0.5162773538840538
7322.0 0.5085979245767436
7324.0 0.5060171223503059
7326.0 0.5031765296257528
7328.0 0.5002325100345738
7330.0 0.5008155884581454
7332.0 0.5029708185970676
7334.0 0.49597675173699424
7336.0 0.49298108009155167
7338.0 0.4907482986430506
7340.0 0.49027724648776216
7342.0 0.4909096519518574
7344.0 0.4851214760943159
7346.0 0.48479756926819734
7348.0 0.4836936768820145
7350.0 0.4786275517751574
7352.0 0.4750558883074512
7354.0 0.47211069874062567
7356.0 0.4683498969643243
7358.0 0.4654898468324088
7360.0 0.4625070644998237
7362.0 0.4622735891163255
7364.0 0.45830953698316984
7366.0 0.45203687324204667
7368.0 0.4529878800999194
7370.0 0.45385407648074694
7372.0 0.45457657901548254
7374.0 0.4498302631609147
7376.0 0.4462737962953296
7378.0 0.447898875735361
7380.0 0.4444024052848705
7382.0 0.4428758575394754
7384.0 0.4428694927991784
7386.0 0.44201965907920404
7388.0 0.4416873822158641
7390.0 0.44086409782995895
7392.0 0.4426756583373592
7394.0 0.44652261004733657
7396.0 0.4436681460900004
7398.0 0.44210210607262473
7400.0 0.43961639200005403
7402.0 0.44429454053234163
7404.0 0.44575965518152477
7406.0 0.4490314068070053
7408.0 0.44913190411275844
7410.0 0.4497333462204521
7412.0 0.45064833891784045
7414.0 0.4567417903930061
7416.0 0.4549480914712808
7418.0 0.44984395121541637
7420.0 0.44723086158452635
7422.0 0.4469745166489664
7424.0 0.4459228940006058
7426.0 0.45221671448474454
7428.0 0.456236706563397
7430.0 0.46315516666722345
7432.0 0.47013137444636877
7434.0 0.4752188945566223
7436.0 0.4713423012387024
7438.0 0.47009884615642644
7440.0 0.46581516415470214
7442.0 0.4695609588940314
7444.0 0.4679839439141867
7446.0 0.4649348563786234
7448.0 0.46297269411829783
7450.0 0.4628182104823187
7452.0 0.46359860864578073
7454.0 0.4599306447859819
7456.0 0.46093419981567746
7458.0 0.4606786112314232
7460.0 0.4608726188216123
7462.0 0.458289070211031
7464.0 0.45437535981301397
7466.0 0.4524830509191431
7468.0 0.4522188546919504
7470.0 0.4522726990952696
7472.0 0.45285185882910883
7474.0 0.45269005669807905
7476.0 0.45172358767360266
7478.0 0.45107467514628274
7480.0 0.4500165025170473
7482.0 0.44628799280513337
7484.0 0.44160738068475636
7486.0 0.4377278089838779
7488.0 0.4341893470069489
7490.0 0.43441677022509967
7492.0 0.43164919053750733
7494.0 0.4283598165902805
7496.0 0.425472744285908
7498.0 0.4231767971611817
7500.0 0.41914231643428135
7502.0 0.41719839888388915
7504.0 0.41381740209957385
7506.0 0.4108118179635634
7508.0 0.4081162954013937
7510.0 0.40520961204974504
7512.0 0.40180895808587225
7514.0 0.39962730972106747
7516.0 0.3960842184997558
7518.0 0.39323669381738985
7520.0 0.3907789018482219
7522.0 0.3872383923029419
7524.0 0.384471564568553
7526.0 0.3820521853893354
7528.0 0.3783544588701613
7530.0 0.3756656044690092
7532.0 0.37343772717848683
7534.0 0.3692790235486837
7536.0 0.3671382062201436
7538.0 0.36427523189502814
7540.0 0.36083086890462207
7542.0 0.3580945153061869
7544.0 0.35570827288146384
7546.0 0.3517079343858612
7548.0 0.3498048478717358
7550.0 0.3463080467835908
7552.0 0.3434335889838439
7554.0 0.34058734771573673
7556.0 0.3378356534072649
7558.0 0.3342800104002152
7560.0 0.3322490805435669
7562.0 0.3285632708021195
7564.0 0.3258624996354629
7566.0 0.32008839985823123
7568.0 0.304624231322942
7570.0 0.3023790535894365
7572.0 0.30747361272462603
7574.0 0.30784384466414066
7576.0 0.30836315830923355
7578.0 0.308342569424582
7580.0 0.30762029674268226
7582.0 0.3089888836034995
7584.0 0.3118767077254079
7586.0 0.32145430123385144
7588.0 0.3206382749750764
7590.0 0.3194745931205917
7592.0 0.32200872141436904
7594.0 0.3301814100725738
7596.0 0.34395417243961357
7598.0 0.34394361678689844
7600.0 0.3466103102469096
7602.0 0.34726030526521023
7604.0 0.3586581785294892
7606.0 0.3639202090907873
7608.0 0.3719376667882752
7610.0 0.3754766730894121
7612.0 0.381456123959669
7614.0 0.38579663477273524
7616.0 0.38910364018407706
7618.0 0.38980979547406436
7620.0 0.38403288218344916
7622.0 0.3821331534512529
7624.0 0.3833462144086335
7626.0 0.3916708796318214
7628.0 0.3930255942870794
7630.0 0.39416150774948056
7632.0 0.3902905007168362
7634.0 0.388087858129524
7636.0 0.38550147410228475
7638.0 0.38538501621756655
7640.0 0.3864893409703455
7642.0 0.384493021805607
7644.0 0.3807130744297732
7646.0 0.3791468902971045
7648.0 0.38401691545638117
7650.0 0.3898421986875025
7652.0 0.3927547215150131
7654.0 0.39594174327436926
7656.0 0.3939365243565964
7658.0 0.3966220438220479
7660.0 0.3983895972903303
7662.0 0.4071767934389725
7664.0 0.41191087195216664
7666.0 0.4129340664020344
7668.0 0.41371878660595357
7670.0 0.4113765237329647
7672.0 0.39874835195187414
7674.0 0.3938355006686915
7676.0 0.3962669537509936
7678.0 0.4013692891102038
7680.0 0.40069530925661306
7682.0 0.3960298506675097
7684.0 0.3943138076413121
7686.0 0.3964841778224788
7688.0 0.39770163135387904
7690.0 0.39829301959150315
7692.0 0.39506681589832127
7694.0 0.3858447971460057
7696.0 0.3793686523111806
7698.0 0.37595551181753617
7700.0 0.3770204178870985
7702.0 0.37591967476457444
7704.0 0.3732676559283603
7706.0 0.37335297133120066
7708.0 0.3751655480272234
7710.0 0.3768413357627028
7712.0 0.3770476682251751
7714.0 0.37604730698395084
7716.0 0.37693912354330883
7718.0 0.379659809123292
7720.0 0.3873864458560996
7722.0 0.3932891860063727
7724.0 0.39854674527995887
7726.0 0.39904716960630393
7728.0 0.40010539955416574
7730.0 0.40589930837546295
7732.0 0.41586588811846154
7734.0 0.4305042844836877
7736.0 0.4381555134523731
7738.0 0.44045453569558257
7740.0 0.44129239641095896
7742.0 0.4426391233788316
7744.0 0.4421548706705783
7746.0 0.4401419255679587
7748.0 0.43726107108315154
7750.0 0.43419500055608473
7752.0 0.4347263387255735
7754.0 0.4383291580345627
7756.0 0.44152559604656627
7758.0 0.4422226098805737
7760.0 0.44188652742865175
7762.0 0.44132281447628413
7764.0 0.44093243148503314
7766.0 0.44035546970838846
7768.0 0.44003086897150445
7770.0 0.43940484623988496
7772.0 0.43906865853867866
7774.0 0.4385148706906783
7776.0 0.4380971649592762
7778.0 0.4375834898466216
7780.0 0.43717635982130043
7782.0 0.43663286637811843
7784.0 0.4362340683442158
7786.0 0.43572297187317066
7788.0 0.4352625747648135
7790.0 0.43481150998485507
7792.0 0.434321850671096
7794.0 0.4338608865163517
7796.0 0.43339947814975294
7798.0 0.43344228660316747
7800.0 0.435814448979751
7802.0 0.43724256674082496
7804.0 0.43731949478259435
7806.0 0.43806634308225384
7808.0 0.43791954720429116
7810.0 0.4344072512988041
7812.0 0.43147168580049033
7814.0 0.43120017707814196
7816.0 0.42699882042483295
7818.0 0.42981533509462583
7820.0 0.43261316135778277
7822.0 0.42608743425903634
7824.0 0.4177953748206448
7826.0 0.4101911107900013
7828.0 0.40759834737081624
7830.0 0.4072841731417271
7832.0 0.4111295872308132
7834.0 0.41092968705297445
7836.0 0.41097732310019175
7838.0 0.4126664175088655
7840.0 0.4059587238370933
7842.0 0.39955890609900024
7844.0 0.39523357736939385
7846.0 0.40316245940883216
7848.0 0.4090549536880248
7850.0 0.40524910139947967
7852.0 0.39755509506504105
7854.0 0.38929939118094115
7856.0 0.3940550304794925
7858.0 0.40019997862334905
7860.0 0.4079064309180634
7862.0 0.40497280289876286
7864.0 0.40849426509208564
7866.0 0.4129246781864463
7868.0 0.4135958239440816
7870.0 0.40990957718170246
7872.0 0.4091428271492267
7874.0 0.40685783198842523
7876.0 0.4056994318625383
7878.0 0.40147873051965477
7880.0 0.40347722447408796
7882.0 0.4047385085434752
7884.0 0.40606649289526964
7886.0 0.40786429135512114
7888.0 0.407646083030214
7890.0 0.4060602634912631
7892.0 0.40220714553940773
7894.0 0.4006464094695531
7896.0 0.4001331987759489
7898.0 0.40414078264147063
7900.0 0.4051905952273226
7902.0 0.39788536494930393
7904.0 0.39739005081043544
7906.0 0.39930872195891187
7908.0 0.40108713382217553
7910.0 0.39901369434774503
7912.0 0.3955297147298191
7914.0 0.3961832393244463
7916.0 0.3958911047460932
7918.0 0.39745173937907285
7920.0 0.3998044208727073
7922.0 0.40040176515488335
7924.0 0.39824451742305933
7926.0 0.40347284827044905
7928.0 0.40937475645743143
7930.0 0.41251828373835797
7932.0 0.40866078813462803
7934.0 0.40647348402829997
7936.0 0.4070439168349009
7938.0 0.4074744588640636
7940.0 0.4083346179177698
7942.0 0.4070586601317878
7944.0 0.40721566764142264
7946.0 0.40584527350132116
7948.0 0.40266192040733595
7950.0 0.401084175734776
7952.0 0.40047284589287313
7954.0 0.4011805280829128
7956.0 0.3979307561077938
7958.0 0.3938734398753968
7960.0 0.39532852711965377
7962.0 0.3953802076708223
7964.0 0.3956867416154819
7966.0 0.391148769909192
7968.0 0.39017711557596524
7970.0 0.3925939646051903
7972.0 0.3954704730536977
7974.0 0.40113997729896694
7976.0 0.40236414577049306
7978.0 0.4001042962164703
7980.0 0.3989998498764397
7982.0 0.39708457252034013
7984.0 0.39727293613588505
7986.0 0.39876676569373853
7988.0 0.4025039290082017
7990.0 0.4013652954809928
7992.0 0.40110472805078207
7994.0 0.398934793716188
7996.0 0.3964056999264501
7998.0 0.39483743339416705
8000.0 0.40810033076994146
8002.0 0.4102320483110009
8004.0 0.4104873113850077
8006.0 0.40282453517711164
8008.0 0.39784314531336623
8010.0 0.39004462839517456
8012.0 0.3891893035441011
8014.0 0.39170488714167306
8016.0 0.39945842660510344
8018.0 0.40042016234252054
8020.0 0.4007530309837126
8022.0 0.39702896315595876
8024.0 0.40701641363552965
8026.0 0.41091366979350674
8028.0 0.4012259430558311
8030.0 0.39727052009386876
8032.0 0.3957105431878666
8034.0 0.3993767270694537
8036.0 0.39978225893578684
8038.0 0.3976951070410036
8040.0 0.3989096966880742
8042.0 0.39722143093051254
8044.0 0.3983183191548985
8046.0 0.39850384125089444
8048.0 0.40061789285077404
8050.0 0.39999378912091743
8052.0 0.3973148492913027
8054.0 0.3945541371994657
8056.0 0.38954022959450285
8058.0 0.38461474765798176
8060.0 0.382953401684148
8062.0 0.3823759566699478
8064.0 0.3782195995517344
8066.0 0.37161907461077104
8068.0 0.3628923312638666
8070.0 0.36742517643793665
8072.0 0.37020088905018855
8074.0 0.3670973427519131
8076.0 0.36582219423209333
8078.0 0.3615672593840455
8080.0 0.3595539973747625
8082.0 0.35643009206024934
8084.0 0.3552880814036955
8086.0 0.34758786077412407
8088.0 0.3447044705005984
8090.0 0.3405033988652304
8092.0 0.33954683732818175
8094.0 0.3443388535008676
8096.0 0.3446725564566555
8098.0 0.3392823457426184
8100.0 0.3374748182964886
8102.0 0.3382096492365763
8104.0 0.3374894855232351
8106.0 0.33765730275590955
8108.0 0.3374911180180719
8110.0 0.33745737387903046
8112.0 0.33856808288514706
8114.0 0.3383832135862564
8116.0 0.3409662276058983
8118.0 0.34510538483356945
8120.0 0.3489367868190644
8122.0 0.3520189830273388
8124.0 0.3490317928832194
8126.0 0.338180790359714
8128.0 0.33112918397431146
8130.0 0.32828694511724393
8132.0 0.33379318039348344
8134.0 0.3357261541854231
8136.0 0.339441775935195
8138.0 0.33660195892911676
8140.0 0.3377724052735929
8142.0 0.33968385633673964
8144.0 0.3418776726979041
8146.0 0.3418648666874256
8148.0 0.3400171275984234
8150.0 0.34096877681564247
8152.0 0.3425976384006178
8154.0 0.3432802164771473
8156.0 0.34387106362364
8158.0 0.3435521786028013
8160.0 0.34234065350523346
8162.0 0.34062053051622887
8164.0 0.34356218664917926
8166.0 0.3532174626597349
8168.0 0.36141127716186366
8170.0 0.36875043990479844
8172.0 0.376935791043303
8174.0 0.3818063303017612
8176.0 0.386975447353462
8178.0 0.381933935328243
8180.0 0.3782126532578645
8182.0 0.3742597777841429
8184.0 0.37565721249286255
8186.0 0.3757856725173812
8188.0 0.3761540232847619
8190.0 0.3798091703085383
8192.0 0.3823957285475776
8194.0 0.38679339388524414
8196.0 0.3859170909001236
8198.0 0.3749147163491489
8200.0 0.3695765516034314
8202.0 0.3692498602996444
8204.0 0.36980162016926094
8206.0 0.3703710870058558
8208.0 0.3642290198884618
8210.0 0.3596314814883103
8212.0 0.3597998749477488
8214.0 0.36210871921480675
8216.0 0.3670412691666326
8218.0 0.3676754395374834
8220.0 0.37052814824937885
8222.0 0.37403904491059103
8224.0 0.37599112969328535
8226.0 0.38061457762481254
8228.0 0.38756209966039806
8230.0 0.40031166980406224
8232.0 0.4020956445324904
8234.0 0.3974884080778592
8236.0 0.38604705409911017
8238.0 0.3876082549929214
8240.0 0.3902456284063302
8242.0 0.3910953711036479
8244.0 0.38361312151657706
8246.0 0.3774803279836413
8248.0 0.3672800886925614
8250.0 0.36233068574085486
8252.0 0.3587949380432739
8254.0 0.3585927268147104
8256.0 0.3615408754062809
8258.0 0.3653660971069932
8260.0 0.36684440557258635
8262.0 0.3684470034686157
8264.0 0.36394804129428693
8266.0 0.36263397659268765
8268.0 0.36102285316154625
8270.0 0.35992378147360315
8272.0 0.3531211240705583
8274.0 0.34911943892608377
8276.0 0.34913451175709104
8278.0 0.35514102925202334
8280.0 0.3633541937052074
8282.0 0.3727345714155643
8284.0 0.3709967925941412
8286.0 0.3635263820216963
8288.0 0.3647853653816497
8290.0 0.3651967767946216
8292.0 0.36018265678330336
8294.0 0.3478461150961484
8296.0 0.3407862017950231
8298.0 0.33751746537306826
8300.0 0.33506201596992424
8302.0 0.33603329497558826
8304.0 0.34231209315338496
8306.0 0.33668657479643344
8308.0 0.3329767598982304
8310.0 0.32609450925752376
8312.0 0.32995341582120136
8314.0 0.33162279705947956
8316.0 0.32397326302982205
8318.0 0.3199916486844714
8320.0 0.31594027814664644
8322.0 0.3090468719205556
8324.0 0.3043611005714178
8326.0 0.29639390682783046
8328.0 0.2905519088181506
8330.0 0.2872068419011999
8332.0 0.28369778719569366
8334.0 0.2713000666916044
8336.0 0.26393208250201106
8338.0 0.2551700640700918
8340.0 0.24407767596516064
8342.0 0.23745295813800713
8344.0 0.22601639644944774
8346.0 0.2227254772475438
8348.0 0.21672527985979553
8350.0 0.20596911646512836
8352.0 0.19733404458714157
8354.0 0.1898665695193602
8356.0 0.18219597431487236
8358.0 0.17338341722003178
8360.0 0.16177030312579463
8362.0 0.15498974813469596
8364.0 0.15202340449647053
8366.0 0.1567563980895735
8368.0 0.15898272254512902
8370.0 0.16257459096110746
8372.0 0.1645163235245027
8374.0 0.16193305021635757
8376.0 0.1575222121676512
8378.0 0.153065199712851
8380.0 0.16288556333070459
8382.0 0.1651620970196928
8384.0 0.1636364849767099
8386.0 0.166156448371054
8388.0 0.16800836498047866
8390.0 0.17206924830780307
8392.0 0.16879250479626334
8394.0 0.1640969172221967
8396.0 0.1650953354990421
8398.0 0.1745224182943444
8400.0 0.18015262334971097
8402.0 0.1748864665754467
8404.0 0.16912436152407745
8406.0 0.1708611554308136
8408.0 0.18317238258589466
8410.0 0.1895648464945903
8412.0 0.19595379751080869
8414.0 0.19193791794204088
8416.0 0.19131089114644867
8418.0 0.19080619805493795
8420.0 0.1957580457094807
8422.0 0.19620865473531196
8424.0 0.19752727798630662
8426.0 0.20146391430076865
8428.0 0.21180324437028666
8430.0 0.23145739101325746
8432.0 0.24061646451664212
8434.0 0.24681250692245132
8436.0 0.2492817288316903
8438.0 0.25819428293431973
8440.0 0.2604330001118422
8442.0 0.26651643523427526
8444.0 0.26804758389204664
8446.0 0.27144274777931193
8448.0 0.2824958808948939
8450.0 0.2890258546998425
8452.0 0.29810579808744825
8454.0 0.3053572187959532
8456.0 0.3137253518943786
8458.0 0.31644503117070977
8460.0 0.32243330315636226
8462.0 0.3230401033215077
8464.0 0.3284587630453919
8466.0 0.33409712701158295
8468.0 0.34343421857578327
8470.0 0.3480151366162018
8472.0 0.35880736993854817
8474.0 0.36372655318202285
8476.0 0.3643369188637656
8478.0 0.361935834862787
8480.0 0.36377693085197443
8482.0 0.36638566172256043
8484.0 0.37272220644721765
8486.0 0.3780020180649699
8488.0 0.3819307287859615
8490.0 0.3820920490810532
8492.0 0.38159681766085696
8494.0 0.3830431963799349
8496.0 0.3759248461804507
8498.0 0.3705106934702147
8500.0 0.3679168435398851
8502.0 0.3714448003032766
8504.0 0.37652470092262175
8506.0 0.3734780115481155
8508.0 0.3698295949286899
8510.0 0.362694866326909
8512.0 0.35633155584184545
8514.0 0.34058072735754613
8516.0 0.3294936582558293
8518.0 0.32077601724412885
8520.0 0.31646852599199077
8522.0 0.309578899605293
8524.0 0.30152678470107863
8526.0 0.2956219574253732
8528.0 0.2944447791440985
8530.0 0.2927375384568861
8532.0 0.29293081947171545
8534.0 0.29570996628163004
8536.0 0.30331720100411586
8538.0 0.3080716197256619
8540.0 0.3038694690088181
8542.0 0.308278378042893
8544.0 0.3101790365515506
8546.0 0.3166441205988516
8548.0 0.3107440059220674
8550.0 0.3091535065534805
8552.0 0.30319189448773914
8554.0 0.30816193860529667
8556.0 0.3149350722109004
8558.0 0.31724391146782366
8560.0 0.32004552416551696
8562.0 0.32657916412822496
8564.0 0.3416381797982476
8566.0 0.34928215770295973
8568.0 0.3554392818717766
8570.0 0.35508608676546366
8572.0 0.35961809488013613
8574.0 0.3660587909402346
8576.0 0.3744164156433554
8578.0 0.37615662639536557
8580.0 0.38046740003739427
8582.0 0.3836015173919712
8584.0 0.3855967784991229
8586.0 0.3888176745214861
8588.0 0.3983602915138374
8590.0 0.4121916258991186
8592.0 0.4324124549892137
8594.0 0.4473799393315838
8596.0 0.46165203075852096
8598.0 0.4847173360450502
8600.0 0.4920001060361529
8602.0 0.498528286837211
8604.0 0.5050407698708657
8606.0 0.511138348213961
8608.0 0.5169318442685693
8610.0 0.5256815608677622
8612.0 0.5250457255674424
8614.0 0.5247514062132284
8616.0 0.5339926493537955
8618.0 0.54312158476174
8620.0 0.5514674752693165
8622.0 0.561771326797541
8624.0 0.5655530641001737
8626.0 0.5752831447150413
8628.0 0.5761268552622189
8630.0 0.5782105568259408
8632.0 0.5792645922487465
8634.0 0.5852259136188773
8636.0 0.5893011391147165
8638.0 0.5877942505121287
8640.0 0.5916701646100752
8642.0 0.5959555608607319
8644.0 0.6030630420039649
8646.0 0.6023052586961937
8648.0 0.6004196883450852
8650.0 0.6061243584386374
8652.0 0.6145244948146465
8654.0 0.6225217008651494
8656.0 0.6233362736272196
8658.0 0.6234378291967031
8660.0 0.6223864361223289
8662.0 0.6157254508555232
8664.0 0.6096216940483675
8666.0 0.5999947605201054
8668.0 0.5975581941030791
8670.0 0.5985551468124989
8672.0 0.5993329305626933
8674.0 0.6018147278368312
8676.0 0.599942620485082
8678.0 0.5961986673137051
8680.0 0.5857573104553814
8682.0 0.5821366850375637
8684.0 0.5728080330135049
8686.0 0.5743080167418761
8688.0 0.5776770434296601
8690.0 0.5814070187776786
8692.0 0.5823933745694244
8694.0 0.5836863337058845
8696.0 0.555540019352711
8698.0 0.550796512426783
8700.0 0.5491257608480176
8702.0 0.5373980960912342
8704.0 0.5297856693848293
8706.0 0.5242098808527176
8708.0 0.5159196216172628
8710.0 0.5179258845113953
8712.0 0.5220709321777173
8714.0 0.5165707608216572
8716.0 0.5148272632209733
8718.0 0.5091555407386504
8720.0 0.5049671144265756
8722.0 0.5003078177736388
8724.0 0.5005524578089345
8726.0 0.49359221412432525
8728.0 0.48823017731620616
8730.0 0.4792505252821052
8732.0 0.479859924167078
8734.0 0.4808637077623856
8736.0 0.4752136812550342
8738.0 0.4754745709652879
8740.0 0.46949114503010286
8742.0 0.45978484460868935
8744.0 0.45310724020679305
8746.0 0.4472365119685949
8748.0 0.44400758547039404
8750.0 0.444146541938563
8752.0 0.4419285391343344
8754.0 0.4360411477971142
8756.0 0.4254915687088175
8758.0 0.42361082746044443
8760.0 0.4222408995094187
8762.0 0.41944102914735804
8764.0 0.4086718751386522
8766.0 0.40615980071561797
8768.0 0.4049792044621219
8770.0 0.4031757578697345
8772.0 0.4021273516709297
8774.0 0.4010053957278641
8776.0 0.4010590731171098
8778.0 0.40016917441712535
8780.0 0.4000320507673949
8782.0 0.39919671614791213
8784.0 0.40169403735226267
8786.0 0.41144184456543637
8788.0 0.398483799384631
8790.0 0.39627414862914345
8792.0 0.3993985532250158
8794.0 0.39667356816220617
8796.0 0.39213117401482606
8798.0 0.38752477829088305
8800.0 0.37741573056621125
8802.0 0.37174415188172094
8804.0 0.36346215133150606
8806.0 0.36210373203608615
8808.0 0.3626437301372032
8810.0 0.3607652199945778
8812.0 0.3564195443785295
8814.0 0.3552440063897912
8816.0 0.36072792966732276
8818.0 0.3522768374293444
8820.0 0.34413864333251576
8822.0 0.3386532759338709
8824.0 0.3329566269981873
8826.0 0.3286506211090564
8828.0 0.3236952537065092
8830.0 0.3278007892364861
8832.0 0.33316012290039326
8834.0 0.33224308389746887
8836.0 0.3309218287805826
8838.0 0.3328339020561043
8840.0 0.3278962269339895
8842.0 0.32181801117125824
8844.0 0.316600240277725
8846.0 0.31802070742606314
8848.0 0.31320351501731364
8850.0 0.3023922474308855
8852.0 0.29944331346225694
8854.0 0.29936557095443816
8856.0 0.29782592964173743
8858.0 0.30287826918068417
8860.0 0.3078258051555927
8862.0 0.3131544217044552
8864.0 0.31460644534020177
8866.0 0.3162451234810206
8868.0 0.3141264520753379
8870.0 0.31814717794903774
8872.0 0.32017230798774216
8874.0 0.30686221654178364
8876.0 0.29927809591364946
8878.0 0.294769097191464
8880.0 0.30194688720538004
8882.0 0.3130442833595463
8884.0 0.3295316751246049
8886.0 0.3293062714623598
8888.0 0.3262458154267089
8890.0 0.3165400484579484
8892.0 0.315614062059701
8894.0 0.3185501957007847
8896.0 0.3210009240506913
8898.0 0.3262383699807928
8900.0 0.3315017041306145
8902.0 0.3385707138831887
8904.0 0.3437951210037387
8906.0 0.34575390668084827
8908.0 0.3291831088531392
8910.0 0.31594551536714693
8912.0 0.30614915266346604
8914.0 0.30099154327747757
8916.0 0.3043916924923139
8918.0 0.3081062895609239
8920.0 0.3208128738763333
8922.0 0.3201942841438314
8924.0 0.3128131478204158
8926.0 0.3047999456875499
8928.0 0.30587387036065844
8930.0 0.3114649383610726
8932.0 0.3135290975149987
8934.0 0.31625479670806694
8936.0 0.32032693063489814
8938.0 0.3214231126736744
8940.0 0.3231642007949568
8942.0 0.3253664887642862
8944.0 0.31971274804668437
8946.0 0.3182115560993563
8948.0 0.3168482927191545
8950.0 0.3171234166306283
8952.0 0.31591837279478047
8954.0 0.30833781322061526
8956.0 0.3119639264709828
8958.0 0.3147944409085367
8960.0 0.32313999346825345
8962.0 0.3197595673592132
8964.0 0.31592310020337405
8966.0 0.3176547799113961
8968.0 0.3195189810957225
8970.0 0.3198921951347116
8972.0 0.32578293033299854
8974.0 0.3166619545319072
8976.0 0.3030503624871513
8978.0 0.2947231325684449
8980.0 0.2960177883399292
8982.0 0.3012475006192765
8984.0 0.30348896313745377
8986.0 0.3012865422640316
8988.0 0.2918331436270458
8990.0 0.2889007033354586
8992.0 0.2860731364909584
8994.0 0.2790991196494525
8996.0 0.2759351795324105
8998.0 0.2744004264530803
9000.0 0.269871375039639
9002.0 0.2718014866726142
9004.0 0.2745543418806463
9006.0 0.26392403015782606
9008.0 0.26633875254324585
9010.0 0.2651729864898728
9012.0 0.26860940662125254
9014.0 0.26715216078802256
9016.0 0.26678008654500046
9018.0 0.26602695833860984
9020.0 0.269418523231102
9022.0 0.2725944162857841
9024.0 0.2715343788213498
9026.0 0.27202207162923275
9028.0 0.2717326354861126
9030.0 0.27652754846917144
9032.0 0.27778029789823494
9034.0 0.2784555390421236
9036.0 0.2791552552456445
9038.0 0.2808546789541778
9040.0 0.2838691642974026
9042.0 0.2881644629833195
9044.0 0.29019388133579427
9046.0 0.28719134618421216
9048.0 0.28926500741212685
9050.0 0.29116153796982885
9052.0 0.29472029754295304
9054.0 0.29365223733200285
9056.0 0.2922199493545808
9058.0 0.3043843905829772
9060.0 0.30896956768661016
9062.0 0.3150286332189421
9064.0 0.32129489581599063
9066.0 0.3230802335703579
9068.0 0.3245927625908023
9070.0 0.3206467508524275
9072.0 0.31969474642952017
9074.0 0.3210981215631238
9076.0 0.32091278604707624
9078.0 0.3206264269613607
9080.0 0.31645889778540953
9082.0 0.3099984953716788
9084.0 0.30848609868373245
9086.0 0.3167155698120713
9088.0 0.3198264619848905
9090.0 0.32089163393980147
9092.0 0.31383367062775896
9094.0 0.3032936068384586
9096.0 0.2954864952465319
9098.0 0.29196257634094536
9100.0 0.29757254756423135
9102.0 0.3019761158564344
9104.0 0.30579521058408576
9106.0 0.3036405332848301
9108.0 0.30236229225070865
9110.0 0.29648545995483894
9112.0 0.2936500817753076
9114.0 0.29180182686049605
9116.0 0.2912945675751517
9118.0 0.2874702368962048
9120.0 0.28321098752509194
9122.0 0.2873555587896143
9124.0 0.28853622282601926
9126.0 0.2893235805238814
9128.0 0.2820684673465922
9130.0 0.278127497097705
9132.0 0.2687221997681103
9134.0 0.2659180660687402
9136.0 0.2631328920369916
9138.0 0.261190437945775
9140.0 0.264942316733286
9142.0 0.26665569893567803
9144.0 0.256141613426213
9146.0 0.25444387103881067
9148.0 0.2538645969411253
9150.0 0.2613968279430065
9152.0 0.26165326638775765
9154.0 0.26169735214008705
9156.0 0.26787063486540685
9158.0 0.2670960085768963
9160.0 0.2681755910935033
9162.0 0.2651388207335772
9164.0 0.26783280326995
9166.0 0.27334102167297347
9168.0 0.273933976393773
9170.0 0.272038797824696
9172.0 0.2650258621673525
9174.0 0.27139749192172663
9176.0 0.27606391819483705
9178.0 0.28108939749743417
9180.0 0.283391844155207
9182.0 0.2864810232157811
9184.0 0.28972309320830697
9186.0 0.2876831561308409
9188.0 0.2861457246764744
9190.0 0.2953652869908859
9192.0 0.298519968493014
9194.0 0.30546577699241356
9196.0 0.3039629845102898
9198.0 0.313665567338856
9200.0 0.3243366230000718
9202.0 0.3241736259783419
9204.0 0.32028951111811066
9206.0 0.3162447246653827
9208.0 0.3123927442655741
9210.0 0.3156031353266818
9212.0 0.32567369775529553
9214.0 0.31501714780142753
9216.0 0.3174769343147384
9218.0 0.33351334290336
9220.0 0.3311735848430983
9222.0 0.32834657106921133
9224.0 0.32160412701723456
9226.0 0.3183053951600412
9228.0 0.315700474173285
9230.0 0.3114305712041413
9232.0 0.31472924497497845
9234.0 0.3105777705410338
9236.0 0.3072899955394299
9238.0 0.3023937704508007
9240.0 0.3022380372555677
9242.0 0.3060516499027705
9244.0 0.30107179381943383
9246.0 0.2955671087299063
9248.0 0.30017929781671926
9250.0 0.31806543889184313
9252.0 0.31905666047343656
9254.0 0.31097783586905964
9256.0 0.3032158008787807
9258.0 0.29701666738559035
9260.0 0.2974254301101289
9262.0 0.3101492315677123
9264.0 0.32635845768447447
9266.0 0.32627976060250663
9268.0 0.31621857645563023
9270.0 0.3034614563545039
9272.0 0.2866265063262436
9274.0 0.27493801436916543
9276.0 0.27234320722376104
9278.0 0.27583198812922083
9280.0 0.2840642184517379
9282.0 0.29224651541868535
9284.0 0.28989408617482826
9286.0 0.28290290228735515
9288.0 0.2749953457255259
9290.0 0.2654182289995934
9292.0 0.26165170904204704
9294.0 0.274109970641834
9296.0 0.29215673380305396
9298.0 0.2978970548618355
9300.0 0.29621390829607075
9302.0 0.28584816666511353
9304.0 0.2689830810348448
9306.0 0.2600104232940011
9308.0 0.26684320032494324
9310.0 0.2766336756241973
9312.0 0.2779495012595053
9314.0 0.2761467421699936
9316.0 0.2743974567579192
9318.0 0.27343288493098605
9320.0 0.2743284221414176
9322.0 0.2765066374026909
9324.0 0.2802256319072896
9326.0 0.2851824441947302
9328.0 0.28753536388125955
9330.0 0.28723550290535704
9332.0 0.28680854981416193
9334.0 0.2843314395115131
9336.0 0.2792012438641213
9338.0 0.2736309561083455
9340.0 0.2693011820827133
9342.0 0.2681275461884835
9344.0 0.26934325857335867
9346.0 0.2701843541086366
9348.0 0.2706929122195694
9350.0 0.27060055412355966
9352.0 0.2702269890105893
9354.0 0.26990981418439103
9356.0 0.2723865028671407
9358.0 0.27762983509314854
9360.0 0.28402138110312347
9362.0 0.29107305437003805
9364.0 0.29425250170372746
9366.0 0.29157962005544574
9368.0 0.28674369363585445
9370.0 0.28693905366415723
9372.0 0.29415669573319503
9374.0 0.29839918872978743
9376.0 0.2937423887708771
9378.0 0.28479810819505563
9380.0 0.27886276465456467
9382.0 0.2768333530812621
9384.0 0.2820456884926663
9386.0 0.29735747614764946
9388.0 0.306382558574659
9390.0 0.3045987827916407
9392.0 0.30311778863974953
9394.0 0.3075069089824283
9396.0 0.3150084052807325
9398.0 0.32370873159559715
9400.0 0.33809058683463655
9402.0 0.33860372008120315
9404.0 0.3239258696111556
9406.0 0.3130744092912178
9408.0 0.3072503907395471
9410.0 0.30093807681616885
9412.0 0.29461531379754313
9414.0 0.29210695999910063
9416.0 0.28858077724356623
9418.0 0.2793611172986756
9420.0 0.2796705233032642
9422.0 0.2965044076372746
9424.0 0.3117271769709228
9426.0 0.3115681786927727
9428.0 0.30411969065917327
9430.0 0.2984234763375741
9432.0 0.29115238511207275
9434.0 0.28644412630858
9436.0 0.2840476897482806
9438.0 0.28479738352667855
9440.0 0.2861148733042547
9442.0 0.286594051262434
9444.0 0.2887348573148634
9446.0 0.2931719136341235
9448.0 0.2931198128909715
9450.0 0.2912512425620395
9452.0 0.294400044842631
9454.0 0.29811172072614534
9456.0 0.3041417355007289
9458.0 0.3119844263044698
9460.0 0.32142114607526573
9462.0 0.32291951890160514
9464.0 0.3231119447349106
9466.0 0.3185563835628691
9468.0 0.3045270206110994
9470.0 0.2892416266956423
9472.0 0.28027227659326687
9474.0 0.2756447883375157
9476.0 0.2767047162558656
9478.0 0.2813078503889694
9480.0 0.2827620126996018
9482.0 0.28259547732081997
9484.0 0.28278550851207096
9486.0 0.28320976543395804
9488.0 0.28383147502819606
9490.0 0.2850500158682945
9492.0 0.28719188873349905
9494.0 0.28693923636232793
9496.0 0.2828139970059192
9498.0 0.2803770866157294
9500.0 0.2807348683847298
9502.0 0.2811518406655898
9504.0 0.28148009773402466
9506.0 0.2807226014351437
9508.0 0.2765288475999348
9510.0 0.26995351857212496
9512.0 0.2689141306913312
9514.0 0.2738854663836086
9516.0 0.2810390125072277
9518.0 0.28837302914556534
9520.0 0.29461691304509685
9522.0 0.2930789285127961
9524.0 0.2869248508123087
9526.0 0.2826960111903831
9528.0 0.27859271936609126
9530.0 0.2744802982289975
9532.0 0.2712624990687663
9534.0 0.2702090784528869
9536.0 0.2725346525333421
9538.0 0.27740388244521547
9540.0 0.2824158589421812
9542.0 0.28629205628388393
9544.0 0.2880521058430887
9546.0 0.2916735331379218
9548.0 0.2959564776054186
9550.0 0.2953039796087453
9552.0 0.2895610697063844
9554.0 0.28077063310748424
9556.0 0.27166049012451465
9558.0 0.2679105553831912
9560.0 0.2688167371525179
9562.0 0.2702430583935321
9564.0 0.2703428701535848
9566.0 0.2687291627874545
9568.0 0.26493837874259174
9570.0 0.26143624443017216
9572.0 0.25846741472007284
9574.0 0.255764712957702
9576.0 0.2567458731192161
9578.0 0.2635002686282146
9580.0 0.2694623059272388
9582.0 0.2691591882241244
9584.0 0.267905799913047
9586.0 0.26978521261450944
9588.0 0.27289070451379305
9590.0 0.2740715775926174
9592.0 0.27357278892291936
9594.0 0.2749719352825307
9596.0 0.27896469209757846
9598.0 0.2837524377016338
9600.0 0.29126649152706247
9602.0 0.29907410421774405
9604.0 0.30431931301663306
9606.0 0.3065630501506489
9608.0 0.3015888719313786
9610.0 0.28403706350384317
9612.0 0.2714348790068248
9614.0 0.2716862333917279
9616.0 0.27583503399225845
9618.0 0.2799808966150286
9620.0 0.2843853163755411
9622.0 0.2907154151435989
9624.0 0.30082922052566036
9626.0 0.30277010837730234
9628.0 0.29070014927443905
9630.0 0.2800311350656902
9632.0 0.27394418556361116
9634.0 0.2730305182410706
9636.0 0.2781551413980256
9638.0 0.2872253685623283
9640.0 0.29159519343849005
9642.0 0.2940755328973572
9644.0 0.2933740486082158
9646.0 0.286094940055734
9648.0 0.2780942422070947
9650.0 0.27516288500530217
9652.0 0.2759514988027507
9654.0 0.27471769977376237
9656.0 0.2665164812633045
9658.0 0.2618995813583233
9660.0 0.26511167054439416
9662.0 0.27040176159985896
9664.0 0.2724492913144931
9666.0 0.2731282303839281
9668.0 0.2755423174146256
9670.0 0.27919902174377215
9672.0 0.28074919764247375
9674.0 0.27892827594503433
9676.0 0.27991552201541686
9678.0 0.28618368259981997
9680.0 0.292187265132422
9682.0 0.29436314718117945
9684.0 0.2933127794269163
9686.0 0.2910859460372931
9688.0 0.28646775576614786
9690.0 0.2824492534917011
9692.0 0.2746277071890296
9694.0 0.26793388349127695
9696.0 0.26988155653691187
9698.0 0.2773245794587014
9700.0 0.2783185427464706
9702.0 0.2768912995000594
9704.0 0.2781023155858928
9706.0 0.27433697462243734
9708.0 0.2763968317001811
9710.0 0.29572840975551856
9712.0 0.3183938469202596
9714.0 0.31422497134932065
9716.0 0.29049379236647077
9718.0 0.2802903164216963
9720.0 0.2776513245933685
9722.0 0.27958580600866684
9724.0 0.2815613755883944
9726.0 0.2823536430959753
9728.0 0.28127725010180565
9730.0 0.27937084594785966
9732.0 0.2745940061456092
9734.0 0.2673029521894174
9736.0 0.2624716667403207
9738.0 0.2590408478704368
9740.0 0.26005362645167096
9742.0 0.2675159765668214
9744.0 0.277734863770636
9746.0 0.28210856610036295
9748.0 0.2840880300507612
9750.0 0.28074206935012697
9752.0 0.2723625018693888
9754.0 0.2666164672642222
9756.0 0.2667454929413047
9758.0 0.27007905989692077
9760.0 0.27273455718490613
9762.0 0.2736131686133996
9764.0 0.2715736820262168
9766.0 0.27022827718033166
9768.0 0.273818381110411
9770.0 0.28001255682464204
9772.0 0.28372999993709974
9774.0 0.28141991370263364
9776.0 0.27633315442025613
9778.0 0.2738207908527913
9780.0 0.27331793363757284
9782.0 0.2744679473353255
9784.0 0.274765955766128
9786.0 0.2755387754488823
9788.0 0.27942985240951146
9790.0 0.2832469271746799
9792.0 0.2825618766271821
9794.0 0.2789812304004658
9796.0 0.2739834805167916
9798.0 0.2690762248161803
9800.0 0.26207240844243773
9802.0 0.2510527398164968
9804.0 0.24427384408643588
9806.0 0.2521929505819301
9808.0 0.2667312315122885
9810.0 0.2798111158698496
9812.0 0.2918046332515049
9814.0 0.2937909071241243
9816.0 0.2846262079084207
9818.0 0.2748986440985749
9820.0 0.26933977975246526
9822.0 0.2648488373855033
9824.0 0.2615671859473202
9826.0 0.26020100120994527
9828.0 0.26128078568585783
9830.0 0.2651600395368217
9832.0 0.2681073495385772
9834.0 0.26773568484299853
9836.0 0.26853600053813437
9838.0 0.27440573400856094
9840.0 0.2803347630221524
9842.0 0.28019253048095677
9844.0 0.27360751829333735
9846.0 0.26627214785217834
9848.0 0.26161137051914185
9850.0 0.2598481493291288
9852.0 0.2564802171822511
9854.0 0.25479540282150387
9856.0 0.26187046542588577
9858.0 0.27349333494890055
9860.0 0.2763581180845063
9862.0 0.26999617984780516
9864.0 0.2667362584217961
9866.0 0.27303112676691316
9868.0 0.278653248557889
9870.0 0.28049839371635704
9872.0 0.2848806240993791
9874.0 0.2914635933531955
9876.0 0.2967171187822917
9878.0 0.2940001911389097
9880.0 0.285643313469538
9882.0 0.2800356231763057
9884.0 0.2744059044511788
9886.0 0.27131544640337585
9888.0 0.2694218070004894
9890.0 0.26663785827455966
9892.0 0.2693245751542293
9894.0 0.27800869792100985
9896.0 0.28408719520585574
9898.0 0.2865235908060324
9900.0 0.28267434780200246
9902.0 0.27401666623321125
9904.0 0.2670922576848088
9906.0 0.2631687196219702
9908.0 0.26165469634223126
9910.0 0.2625581771240493
9912.0 0.2662609118883699
9914.0 0.2674923641374465
9916.0 0.27064060051965644
9918.0 0.2735786478074785
9920.0 0.2726801405695915
9922.0 0.27324925931252103
9924.0 0.2732466413109128
9926.0 0.27118930964309573
9928.0 0.271294150114507
9930.0 0.2728333056402555
9932.0 0.2733218572222281
9934.0 0.27034080103858293
9936.0 0.26561323161740585
9938.0 0.2622831374438491
9940.0 0.25823141201689104
9942.0 0.2561352321563263
9944.0 0.2549041284738285
9946.0 0.2552170574444858
9948.0 0.2585688378610778
9950.0 0.2657078122645718
9952.0 0.2670926404623086
9954.0 0.2641176105382318
9956.0 0.2631197739171419
9958.0 0.2643278717707123
9960.0 0.26600518313605903
9962.0 0.2664951050696909
9964.0 0.26686588143369594
9966.0 0.26887952696160144
9968.0 0.27220746676396396
9970.0 0.2721008267120444
9972.0 0.2684337513150145
9974.0 0.2655189279135096
9976.0 0.26688959589908545
9978.0 0.270414789960161
9980.0 0.2724118460859299
9982.0 0.27383525166214184
9984.0 0.2764016255075665
9986.0 0.27878309048466404
9988.0 0.27811311651291515
9990.0 0.2758840630321915
9992.0 0.27429611496936523
9994.0 0.27593177511659134
9996.0 0.2794628645229563
9998.0 0.28080250947373375
