# z obs_date
# 0 52280
3580.0 0.5504272528813934
3582.0 0.5468932662687914
3584.0 0.5453002329870094
3586.0 0.5649092189899295
3588.0 0.6144226992815061
3590.0 0.5892558226471122
3592.0 0.5788255309732738
3594.0 0.5781895615510323
3596.0 0.5710171492269579
3598.0 0.5618426275713824
3600.0 0.560976620549742
3602.0 0.5601412675385254
3604.0 0.5668923806858887
3606.0 0.5829940975560484
3608.0 0.6015516039306517
3610.0 0.608635681135439
3612.0 0.6070045181381841
3614.0 0.570000226162991
3616.0 0.5558478453823253
3618.0 0.5731685956213164
3620.0 0.5997520641608353
3622.0 0.6123131045438432
3624.0 0.6213077640962759
3626.0 0.5735526051201761
3628.0 0.5355106395672248
3630.0 0.5411128529927113
3632.0 0.5816488488119804
3634.0 0.5914613130192995
3636.0 0.6178437552022064
3638.0 0.6022269509309652
3640.0 0.5330882583000233
3642.0 0.497431596914829
3644.0 0.5168591660738036
3646.0 0.5212066259470214
3648.0 0.5592860247364583
3650.0 0.6154934102877372
3652.0 0.5809209195749763
3654.0 0.47297060043031974
3656.0 0.5328079380220735
3658.0 0.5123324128347538
3660.0 0.5070649803390154
3662.0 0.581824984089099
3664.0 0.5931597833570492
3666.0 0.5457328025839784
3668.0 0.5126923917294978
3670.0 0.5388047015263532
3672.0 0.5307683335871991
3674.0 0.5388017018164154
3676.0 0.6185138944486742
3678.0 0.6417817855492586
3680.0 0.6260285398351579
3682.0 0.6012084358556625
3684.0 0.5740616841325655
3686.0 0.5789081670103563
3688.0 0.6123505178780454
3690.0 0.6263661896937813
3692.0 0.6210780389919445
3694.0 0.593954921580722
3696.0 0.5899927086331591
3698.0 0.5446311855869093
3700.0 0.5732221386235574
3702.0 0.6123809111297785
3704.0 0.6230959407274861
3706.0 0.638681318384131
3708.0 0.6585599721321607
3710.0 0.6655862991803493
3712.0 0.6945150871402738
3714.0 0.6876428216237744
3716.0 0.6512392442465317
3718.0 0.6654566374948835
3720.0 0.6562043760302098
3722.0 0.649125475611512
3724.0 0.686324901829111
3726.0 0.6896240056410942
3728.0 0.7116729735590863
3730.0 0.7274589885421455
3732.0 0.7051337054892739
3734.0 0.6642295232932778
3736.0 0.6560871953498372
3738.0 0.6308441964439226
3740.0 0.6304265772379841
3742.0 0.640256222360566
3744.0 0.6202430215735742
3746.0 0.6050732796928916
3748.0 0.5858458130862458
3750.0 0.6015847697899348
3752.0 0.6208609112718309
3754.0 0.6217697274434046
3756.0 0.6094286061771134
3758.0 0.6210502834522482
3760.0 0.6123669336748641
3762.0 0.61901875564603
3764.0 0.6052022776878644
3766.0 0.5994208799897993
3768.0 0.5983522264950936
3770.0 0.6001550770523726
3772.0 0.605826635337265
3774.0 0.6120681681210318
3776.0 0.5970636537566021
3778.0 0.5719832035913663
3780.0 0.5873450729133386
3782.0 0.6052484772962957
3784.0 0.6208344296379095
3786.0 0.6123141565797898
3788.0 0.5810832801261074
3790.0 0.6172148335977536
3792.0 0.6315086584559433
3794.0 0.6301643303735127
3796.0 0.6150422768457392
3798.0 0.5943264354259329
3800.0 0.5612559780645174
3802.0 0.5423202603275145
3804.0 0.5548860427790485
3806.0 0.5654608332909108
3808.0 0.5861450644384568
3810.0 0.5733437226708817
3812.0 0.562760831288782
3814.0 0.5675442835795447
3816.0 0.5937556204591307
3818.0 0.5940967005579066
3820.0 0.58057392054824
3822.0 0.569758109930993
3824.0 0.5788223688676127
3826.0 0.583114979103767
3828.0 0.5799197477129645
3830.0 0.5677581324757563
3832.0 0.5517397453796132
3834.0 0.5648226620950854
3836.0 0.5865829096944839
3838.0 0.5743630325280957
3840.0 0.5985362244668915
3842.0 0.6096463522326092
3844.0 0.5692994957434289
3846.0 0.5717122361555068
3848.0 0.5745934786382685
3850.0 0.582736394769738
3852.0 0.607589696377244
3854.0 0.605354127996525
3856.0 0.6074790617518918
3858.0 0.609689070561641
3860.0 0.6097819276357818
3862.0 0.5976661729906726
3864.0 0.6149418735220018
3866.0 0.6292665372647632
3868.0 0.6339805892950079
3870.0 0.6448635682315242
3872.0 0.6405890546009423
3874.0 0.6303406012087513
3876.0 0.6467569387048037
3878.0 0.6508681925926647
3880.0 0.6674735689265875
3882.0 0.6602458273526977
3884.0 0.6521277343055872
3886.0 0.6782310997958856
3888.0 0.6777773835705314
3890.0 0.6784418099448967
3892.0 0.69720315952403
3894.0 0.7071343850714926
3896.0 0.7141440172568237
3898.0 0.7070126320900053
3900.0 0.7236375464872337
3902.0 0.6997732210489417
3904.0 0.6915953812260264
3906.0 0.7103911052605287
3908.0 0.7061459346574154
3910.0 0.7349557606174653
3912.0 0.7498890368614458
3914.0 0.7644962150071424
3916.0 0.7336888221858284
3918.0 0.7505410163639716
3920.0 0.7443206843965133
3922.0 0.7443658992178916
3924.0 0.7623434776978671
3926.0 0.7604856421349425
3928.0 0.7545726450149346
3930.0 0.7456324508478311
3932.0 0.7187900423350697
3934.0 0.7146362428652475
3936.0 0.7626766396719936
3938.0 0.7752140289555421
3940.0 0.7699718540860614
3942.0 0.7704857998140333
3944.0 0.779040691194524
3946.0 0.7688953801899099
3948.0 0.7475450422547311
3950.0 0.7475890980352287
3952.0 0.7523364576446694
3954.0 0.7229198823587316
3956.0 0.7277542006600292
3958.0 0.7359678593082039
3960.0 0.7226890340340292
3962.0 0.7254398738155186
3964.0 0.7163754651837396
3966.0 0.7057255974937079
3968.0 0.6931056905789101
3970.0 0.6799158308183368
3972.0 0.7225578226725643
3974.0 0.7190508566173565
3976.0 0.7277619397872117
3978.0 0.7392731089048757
3980.0 0.7439925000074405
3982.0 0.7448545817570716
3984.0 0.7559871547943882
3986.0 0.7474398760605635
3988.0 0.7392386955422571
3990.0 0.7416229117289737
3992.0 0.7459154576025497
3994.0 0.7979041102620003
3996.0 0.7793932620071667
3998.0 0.8152097403522945
4000.0 0.8225155795399173
4002.0 0.7905932712500588
4004.0 0.8016386512803143
4006.0 0.8092856372276599
4008.0 0.8219046209956307
4010.0 0.844933806634852
4012.0 0.8305069893165655
4014.0 0.8338463472249505
4016.0 0.8170243556124315
4018.0 0.8425412664311904
4020.0 0.8254217203607306
4022.0 0.8195015803468101
4024.0 0.8105946005413077
4026.0 0.8249736820504799
4028.0 0.84323164110034
4030.0 0.8253838497265111
4032.0 0.8339968374683366
4034.0 0.8570980771493439
4036.0 0.8438154577246606
4038.0 0.838273959938753
4040.0 0.8265422831214873
4042.0 0.8288941915489385
4044.0 0.8324037894103872
4046.0 0.8396050757597849
4048.0 0.8316987061259882
4050.0 0.8291544796018827
4052.0 0.825953445588124
4054.0 0.8254511358721145
4056.0 0.8121050144589788
4058.0 0.8021034496043095
4060.0 0.7972389550133074
4062.0 0.7995439449427598
4064.0 0.7900359085817535
4066.0 0.7823333413127508
4068.0 0.794620960694866
4070.0 0.7912417544045959
4072.0 0.7845396417141959
4074.0 0.7750477902258252
4076.0 0.7657955647699884
4078.0 0.7819187575874977
4080.0 0.7826189138069882
4082.0 0.7746797780845773
4084.0 0.7692857350949933
4086.0 0.761692162657945
4088.0 0.7551230998718282
4090.0 0.7565131397281271
4092.0 0.777315496812108
4094.0 0.771788739888039
4096.0 0.7591258939565253
4098.0 0.7394641536504855
4100.0 0.7459867989567867
4102.0 0.7531905072779165
4104.0 0.7623741308240718
4106.0 0.7555789829948001
4108.0 0.7581613368554975
4110.0 0.735445144949376
4112.0 0.729903543025496
4114.0 0.7218130088668672
4116.0 0.7297016180666022
4118.0 0.7278034716287823
4120.0 0.7379811872037417
4122.0 0.7152945107685896
4124.0 0.718174838438955
4126.0 0.7159813422026038
4128.0 0.7072283708711204
4130.0 0.7133454959788935
4132.0 0.721956719532458
4134.0 0.7303390926957944
4136.0 0.7241320209707707
4138.0 0.7189704967503867
4140.0 0.7115033483368726
4142.0 0.720954253080181
4144.0 0.733015086214105
4146.0 0.717964462204767
4148.0 0.6996585673626768
4150.0 0.6827878541714609
4152.0 0.6822860954031241
4154.0 0.6849848357973921
4156.0 0.6922822541919094
4158.0 0.6761489383934768
4160.0 0.6601367138952883
4162.0 0.6659394596005133
4164.0 0.6654767599882053
4166.0 0.6573555199653408
4168.0 0.6437702054514752
4170.0 0.6512058946747811
4172.0 0.665765922763258
4174.0 0.6457298258937896
4176.0 0.635148083976882
4178.0 0.6323733096327745
4180.0 0.6284355983374116
4182.0 0.6234690624806214
4184.0 0.6090708781687102
4186.0 0.6041284992815315
4188.0 0.6015973127754745
4190.0 0.6163775670530112
4192.0 0.6159692661129436
4194.0 0.6094816176628599
4196.0 0.6072910838143399
4198.0 0.6009437442753441
4200.0 0.5992176005714547
4202.0 0.6033130017231401
4204.0 0.5932485047029042
4206.0 0.5767684665699071
4208.0 0.5690154409225014
4210.0 0.5790693293012111
4212.0 0.5878594351064174
4214.0 0.6020229854916835
4216.0 0.5869907996698265
4218.0 0.6001841321134724
4220.0 0.6026675904969868
4222.0 0.6009132963921497
4224.0 0.5935858595305463
4226.0 0.6348344206895921
4228.0 0.6241013678277054
4230.0 0.6270621073830454
4232.0 0.6303689478895158
4234.0 0.6408399815704849
4236.0 0.6303311154304747
4238.0 0.6130972077531582
4240.0 0.6187562628079623
4242.0 0.6233759673688561
4244.0 0.6284905614019307
4246.0 0.6437315700544097
4248.0 0.6363341787451373
4250.0 0.6410571633732924
4252.0 0.6328922292022291
4254.0 0.6425096379280372
4256.0 0.6608823818863905
4258.0 0.6553697755991861
4260.0 0.6476921626507015
4262.0 0.646191237350597
4264.0 0.6542381239162516
4266.0 0.6613830376397073
4268.0 0.6585129385402405
4270.0 0.6628129899428798
4272.0 0.6663229834206907
4274.0 0.6802669057380352
4276.0 0.6749127346549257
4278.0 0.6723255688689033
4280.0 0.6968065088903789
4282.0 0.6943161497128882
4284.0 0.6784288376006167
4286.0 0.6876276695125383
4288.0 0.6775964465641972
4290.0 0.6649240872414094
4292.0 0.6776668914583375
4294.0 0.6941620141987543
4296.0 0.6845587025009825
4298.0 0.6801991697912271
4300.0 0.6891650207100696
4302.0 0.6704076186726835
4304.0 0.6661645782961265
4306.0 0.6546189547833545
4308.0 0.658439343752206
4310.0 0.672260771761816
4312.0 0.6742050935946845
4314.0 0.6854758275114269
4316.0 0.6742792871876132
4318.0 0.6832082077075433
4320.0 0.6787291776406214
4322.0 0.671851083759626
4324.0 0.6681336023179121
4326.0 0.6681208750013674
4328.0 0.6645436655353254
4330.0 0.6481853035653352
4332.0 0.6584192148496147
4334.0 0.6683811434160303
4336.0 0.6708754559073284
4338.0 0.6840319859327019
4340.0 0.6757652209105024
4342.0 0.6779850110536413
4344.0 0.6980227306986565
4346.0 0.6924705971524444
4348.0 0.6708470493257663
4350.0 0.6659005022179159
4352.0 0.6586178286804745
4354.0 0.6664660117569743
4356.0 0.678172693674866
4358.0 0.6681748667246625
4360.0 0.6583370208502627
4362.0 0.653810940448072
4364.0 0.6588533254979179
4366.0 0.660765824528707
4368.0 0.6525209383804332
4370.0 0.6479670336807638
4372.0 0.6322018561431133
4374.0 0.6196638127664419
4376.0 0.6224736948932396
4378.0 0.6252475131467599
4380.0 0.6241277499904369
4382.0 0.6278993173168078
4384.0 0.6342602233157658
4386.0 0.6380869512249474
4388.0 0.6227799189518571
4390.0 0.604134700704732
4392.0 0.6013398694459546
4394.0 0.6035388810012584
4396.0 0.6076394955373896
4398.0 0.6176387448598603
4400.0 0.6165763801034109
4402.0 0.613571308562729
4404.0 0.6178447763945406
4406.0 0.6089030353811594
4408.0 0.6086348571951234
4410.0 0.5991953951977391
4412.0 0.5961692967641241
4414.0 0.6104822477447921
4416.0 0.6047565710629501
4418.0 0.6164541431112622
4420.0 0.5948242932234841
4422.0 0.6278855535910313
4424.0 0.6171618770692576
4426.0 0.626686755085741
4428.0 0.6254832079154846
4430.0 0.6201612522863031
4432.0 0.6306335816298986
4434.0 0.6213870987535257
4436.0 0.6170117282549399
4438.0 0.6198608514515377
4440.0 0.6241352488405153
4442.0 0.6191950769326351
4444.0 0.6181116937716891
4446.0 0.6205352453965775
4448.0 0.6326121214779904
4450.0 0.6337869377172994
4452.0 0.6300547779553937
4454.0 0.6382408117193508
4456.0 0.6262091347414859
4458.0 0.6384582220299221
4460.0 0.6530334722251656
4462.0 0.6484262306390371
4464.0 0.658988154317387
4466.0 0.6445731963836705
4468.0 0.6333516559689427
4470.0 0.6573680623554332
4472.0 0.6592219169864194
4474.0 0.6630697306879563
4476.0 0.6752463258238814
4478.0 0.6778601463114965
4480.0 0.6820492648548687
4482.0 0.6753186614198673
4484.0 0.6783683334988831
4486.0 0.6770926292484394
4488.0 0.6788975210928979
4490.0 0.6895851898441898
4492.0 0.6937131112878265
4494.0 0.7052742299399801
4496.0 0.7042430343752909
4498.0 0.7080620894103133
4500.0 0.724381201341143
4502.0 0.7277537390977505
4504.0 0.732365556303056
4506.0 0.7293994453947569
4508.0 0.7228924454061743
4510.0 0.7276013192800163
4512.0 0.730713270710786
4514.0 0.724374025101423
4516.0 0.7328843359640481
4518.0 0.7363169382509007
4520.0 0.7442291168887184
4522.0 0.7608886680838095
4524.0 0.757994193351971
4526.0 0.7545186393546549
4528.0 0.7640561681703764
4530.0 0.7698035684773836
4532.0 0.7830102118129773
4534.0 0.7910304371328238
4536.0 0.8047362928908642
4538.0 0.7947338621144494
4540.0 0.8106866227051994
4542.0 0.8133972242704955
4544.0 0.8347185438895969
4546.0 0.8345185319873245
4548.0 0.8319588407364388
4550.0 0.830798345187505
4552.0 0.8336345824367184
4554.0 0.838936272465419
4556.0 0.8449328974697885
4558.0 0.8485688727451685
4560.0 0.850228455944335
4562.0 0.8460578919227304
4564.0 0.8548697861327612
4566.0 0.8506879069763295
4568.0 0.8488603239602255
4570.0 0.8525243400836761
4572.0 0.8645656611541385
4574.0 0.8700222455322486
4576.0 0.8633136637654019
4578.0 0.8706424912504479
4580.0 0.8680406991168386
4582.0 0.8859260016864906
4584.0 0.8925690412564183
4586.0 0.8957809373923533
4588.0 0.8982532939253616
4590.0 0.9094393438027912
4592.0 0.9180258430337833
4594.0 0.9201469708519313
4596.0 0.8975463145617891
4598.0 0.8941228005534917
4600.0 0.8916865896369351
4602.0 0.8902765732726085
4604.0 0.8863451996948292
4606.0 0.8853758216247509
4608.0 0.8899318013688838
4610.0 0.878742208539274
4612.0 0.8773234383707275
4614.0 0.8766443950863365
4616.0 0.858152248309491
4618.0 0.8585837331587386
4620.0 0.8657506308610311
4622.0 0.8599677248051802
4624.0 0.8609635803347444
4626.0 0.8560544740740308
4628.0 0.8673990980838258
4630.0 0.8626605926519219
4632.0 0.8419450579214788
4634.0 0.8467251313732156
4636.0 0.8433535078858988
4638.0 0.8465400434926541
4640.0 0.8443729910132144
4642.0 0.8366358304750083
4644.0 0.8355298658035095
4646.0 0.8321203813695823
4648.0 0.8199705338134751
4650.0 0.8185693919017877
4652.0 0.8166308942015964
4654.0 0.7947651646033408
4656.0 0.8042870417210769
4658.0 0.8150372994558873
4660.0 0.8098957549478798
4662.0 0.7947747864349543
4664.0 0.8108796992217531
4666.0 0.7988338057967824
4668.0 0.7958837342685985
4670.0 0.79052715199445
4672.0 0.7797506840520043
4674.0 0.762729100154772
4676.0 0.7652108962023497
4678.0 0.7650215181225547
4680.0 0.7517876273403312
4682.0 0.7377773619864867
4684.0 0.7326118001358048
4686.0 0.7276251981264232
4688.0 0.7103860358982321
4690.0 0.7026664270414853
4692.0 0.7014618031731392
4694.0 0.6862642909112504
4696.0 0.6811992973055658
4698.0 0.6846984525995814
4700.0 0.6810508141198924
4702.0 0.6720669555839746
4704.0 0.6575752090344217
4706.0 0.65583048724178
4708.0 0.6538387590864385
4710.0 0.64861202559199
4712.0 0.6423945411745882
4714.0 0.6466213910141785
4716.0 0.6172309433272202
4718.0 0.6218453541357682
4720.0 0.6285068158447983
4722.0 0.6119322299266863
4724.0 0.6310289608574026
4726.0 0.6583399331278753
4728.0 0.6609351410458928
4730.0 0.6550173981481292
4732.0 0.6652757645279619
4734.0 0.6479044349731815
4736.0 0.6631185883598804
4738.0 0.6698866080533168
4740.0 0.6659705829403425
4742.0 0.6696569240957484
4744.0 0.6927085324166572
4746.0 0.6997106930273351
4748.0 0.732603921923642
4750.0 0.7336339973962559
4752.0 0.7311010946535654
4754.0 0.7468943159184158
4756.0 0.7371245313730463
4758.0 0.7528946961311941
4760.0 0.7343835548549067
4762.0 0.729094073492368
4764.0 0.7487346491766794
4766.0 0.7300100177646265
4768.0 0.7280662040809729
4770.0 0.7336699966745134
4772.0 0.7297989712610491
4774.0 0.7115905408068114
4776.0 0.7292441570513132
4778.0 0.7229600043894763
4780.0 0.7326726322659637
4782.0 0.7357037074810004
4784.0 0.7623661801324249
4786.0 0.7589943717834178
4788.0 0.7552585305803348
4790.0 0.7713443948360847
4792.0 0.7725344927749077
4794.0 0.7651038018785555
4796.0 0.7657618784746774
4798.0 0.7622451432205266
4800.0 0.7602287276936863
4802.0 0.7662719076758676
4804.0 0.7678005356567951
4806.0 0.7654775778147195
4808.0 0.760688641648044
4810.0 0.7515322950849682
4812.0 0.7519266431786611
4814.0 0.7478184609340557
4816.0 0.7383391022697587
4818.0 0.7327442037829348
4820.0 0.7408061605732356
4822.0 0.748437192236373
4824.0 0.7469729436594704
4826.0 0.7483355753196725
4828.0 0.7452257545823607
4830.0 0.7418355958220617
4832.0 0.7451418579322686
4834.0 0.7478407437394319
4836.0 0.7500656472761422
4838.0 0.753911897389323
4840.0 0.7544314306458566
4842.0 0.7552145142052261
4844.0 0.7570979142838706
4846.0 0.7583737585653346
4848.0 0.760024619635566
4850.0 0.7615304391582591
4852.0 0.7631476390627081
4854.0 0.7645796606981672
4856.0 0.7662327523427103
4858.0 0.7673574057797264
4860.0 0.7666385500351333
4862.0 0.7712975314473214
4864.0 0.7725914517540208
4866.0 0.7764731631855465
4868.0 0.7797721205509061
4870.0 0.7813406554227219
4872.0 0.7745134771626737
4874.0 0.7742270269663265
4876.0 0.7695246509350001
4878.0 0.7779598705820624
4880.0 0.7851246693759484
4882.0 0.7744001872475387
4884.0 0.7838392814641466
4886.0 0.7806384151878647
4888.0 0.7595549215596837
4890.0 0.7760030517659976
4892.0 0.7771256280416493
4894.0 0.7608284648053607
4896.0 0.7604841574916452
4898.0 0.7471386434014691
4900.0 0.7342753111592477
4902.0 0.7360976276971284
4904.0 0.7445581933189418
4906.0 0.7399776486735802
4908.0 0.7447937902268261
4910.0 0.7401361244452404
4912.0 0.7290260334764889
4914.0 0.7213439076787812
4916.0 0.7252684826296651
4918.0 0.7344804197049454
4920.0 0.7305924981416615
4922.0 0.7314059301760218
4924.0 0.740651205542302
4926.0 0.7377919642190687
4928.0 0.7390070149414856
4930.0 0.7415009171607714
4932.0 0.7384277496206042
4934.0 0.7355271156490042
4936.0 0.737490318305717
4938.0 0.73941810737459
4940.0 0.7390123988205167
4942.0 0.7389002292786669
4944.0 0.7389553699192605
4946.0 0.7391663558882438
4948.0 0.7390832004417848
4950.0 0.7392256485768045
4952.0 0.7393754667118292
4954.0 0.7393750991055027
4956.0 0.7395546002351017
4958.0 0.7395151956552322
4960.0 0.7392437187228844
4962.0 0.7395940896187503
4964.0 0.7447675095847616
4966.0 0.741132082474405
4968.0 0.7405148611427925
4970.0 0.738607731207666
4972.0 0.7470159093286076
4974.0 0.7670272342321677
4976.0 0.7540490708508732
4978.0 0.7572278291628978
4980.0 0.7490739686850431
4982.0 0.7459677530958563
4984.0 0.7546349351958037
4986.0 0.7556613603255414
4988.0 0.7584802400190577
4990.0 0.7573160613870756
4992.0 0.7515819878087702
4994.0 0.7498989135333494
4996.0 0.7493457112978634
4998.0 0.7456094104380269
5000.0 0.7406858480681612
5002.0 0.7379646163797117
5004.0 0.735513921944463
5006.0 0.733309352273827
5008.0 0.7306518249463699
5010.0 0.7285206974679771
5012.0 0.7258391094915072
5014.0 0.7237662238679238
5016.0 0.721023832781963
5018.0 0.7189032032725485
5020.0 0.7150339485411257
5022.0 0.7083378096405202
5024.0 0.7056554419969496
5026.0 0.7031738054634447
5028.0 0.6996220390312875
5030.0 0.7003864591655927
5032.0 0.7002354400652795
5034.0 0.6997485409782905
5036.0 0.6979170709365872
5038.0 0.6941483876680319
5040.0 0.6941742444434146
5042.0 0.6892012571306722
5044.0 0.6893163945279966
5046.0 0.6832993410513047
5048.0 0.6752221009525626
5050.0 0.6783383733415991
5052.0 0.6780170793675891
5054.0 0.6698446311663013
5056.0 0.6676620116454449
5058.0 0.6644419853382183
5060.0 0.662639200295288
5062.0 0.6495547695538906
5064.0 0.6542765348240005
5066.0 0.6573301272913116
5068.0 0.651236465085979
5070.0 0.6426797275084171
5072.0 0.6402105575221805
5074.0 0.6489645235591393
5076.0 0.6649927186678648
5078.0 0.6600998600156114
5080.0 0.6439761423288967
5082.0 0.6392619250834972
5084.0 0.6392781143641444
5086.0 0.6559488671808186
5088.0 0.6428142202924949
5090.0 0.650134706353991
5092.0 0.6405848709344536
5094.0 0.6404059147770749
5096.0 0.6531129959926175
5098.0 0.6534002955782657
5100.0 0.6632204289622559
5102.0 0.6706440586983932
5104.0 0.6766908580572231
5106.0 0.6940278337508495
5108.0 0.6835430647208063
5110.0 0.6861554015714304
5112.0 0.687612145850523
5114.0 0.7062670285398402
5116.0 0.7190781927133253
5118.0 0.7281114079276921
5120.0 0.7233510591125921
5122.0 0.7264648941720352
5124.0 0.7367677546812752
5126.0 0.7384194260547585
5128.0 0.7423704661847335
5130.0 0.7398352692906797
5132.0 0.7304742518494901
5134.0 0.7333478075936463
5136.0 0.7463806983537509
5138.0 0.747500261214702
5140.0 0.7451437400428653
5142.0 0.7497099991195355
5144.0 0.7488639225612601
5146.0 0.7441858718788283
5148.0 0.7462644644144698
5150.0 0.7413237516405465
5152.0 0.7417271427454458
5154.0 0.7420703173450974
5156.0 0.7394986234362012
5158.0 0.7406307078715965
5160.0 0.754576505651033
5162.0 0.7467594584331784
5164.0 0.7407167012980419
5166.0 0.7370405190578855
5168.0 0.7372095960817012
5170.0 0.742215533692049
5172.0 0.7530016923353605
5174.0 0.7469133721690338
5176.0 0.7511288888787997
5178.0 0.7335319083766829
5180.0 0.7425270888863058
5182.0 0.7442844326307906
5184.0 0.7562476745717666
5186.0 0.7603192744165331
5188.0 0.7616342011334885
5190.0 0.7655013167061014
5192.0 0.7484437861901517
5194.0 0.7552168334894587
5196.0 0.7604266414645235
5198.0 0.7679077538577512
5200.0 0.7614569813980893
5202.0 0.7575935980354332
5204.0 0.7742071896139892
5206.0 0.7676989037430795
5208.0 0.7726231352904236
5210.0 0.7698651816616403
5212.0 0.7587317324675805
5214.0 0.7626252538050456
5216.0 0.7641763540894448
5218.0 0.7686735086526437
5220.0 0.7786743490603741
5222.0 0.7798828738266749
5224.0 0.7828721689276539
5226.0 0.78338662488143
5228.0 0.784612434153827
5230.0 0.7759248953653202
5232.0 0.7826374582983422
5234.0 0.7921678472086958
5236.0 0.7916184418914733
5238.0 0.7958362162097581
5240.0 0.7967260797790455
5242.0 0.7978881272852714
5244.0 0.7976286558366015
5246.0 0.7885463012013402
5248.0 0.8000098983071401
5250.0 0.8119419069089076
5252.0 0.8066661866394484
5254.0 0.8007450304161473
5256.0 0.8040550021788279
5258.0 0.8044474936063059
5260.0 0.817663732528124
5262.0 0.8208480693748786
5264.0 0.8130192224991981
5266.0 0.8202582858205785
5268.0 0.8314492105770049
5270.0 0.8206799600905036
5272.0 0.8243389739807284
5274.0 0.8306068025237716
5276.0 0.8355010516356246
5278.0 0.8420771427115342
5280.0 0.8439247379041788
5282.0 0.8516286272816566
5284.0 0.8449443626583734
5286.0 0.8425671609439759
5288.0 0.8470396366887932
5290.0 0.8467679124590638
5292.0 0.8441075243857011
5294.0 0.8488303039195535
5296.0 0.8535934579897915
5298.0 0.8602531791843996
5300.0 0.8540133608448296
5302.0 0.8580279476687915
5304.0 0.860835996534725
5306.0 0.8677059277867522
5308.0 0.8655135571966809
5310.0 0.866290083257553
5312.0 0.8707646202893821
5314.0 0.8691483345029773
5316.0 0.8654084539687474
5318.0 0.8597389418630461
5320.0 0.8576845147504263
5322.0 0.860818729080813
5324.0 0.8700859586624847
5326.0 0.8775866301199426
5328.0 0.8812653556020078
5330.0 0.8839975348676826
5332.0 0.8835186518875808
5334.0 0.8776623517679533
5336.0 0.8752009171624517
5338.0 0.8748189890628381
5340.0 0.8735229899254818
5342.0 0.8723868604878003
5344.0 0.8695739181820293
5346.0 0.8699384909394029
5348.0 0.8713083795179125
5350.0 0.8715723220088241
5352.0 0.8670197712962011
5354.0 0.8621205705624002
5356.0 0.865691523003033
5358.0 0.871242439774731
5360.0 0.8793834873541072
5362.0 0.8812329205677477
5364.0 0.8795006961933177
5366.0 0.8755089663773569
5368.0 0.8650239296841187
5370.0 0.8610382229335275
5372.0 0.8648614880734269
5374.0 0.8677763157693004
5376.0 0.8689965597912456
5378.0 0.8677487301889687
5380.0 0.8666382257479536
5382.0 0.8667062551466667
5384.0 0.8662799276937692
5386.0 0.8611347966824469
5388.0 0.8560102593496447
5390.0 0.855489202335494
5392.0 0.8564320107777401
5394.0 0.8639155580294243
5396.0 0.8618792847555542
5398.0 0.8594921340588255
5400.0 0.8602696004929193
5402.0 0.853336089272176
5404.0 0.8506764843036386
5406.0 0.8505176781518091
5408.0 0.8515212117843072
5410.0 0.855041791837644
5412.0 0.858559604326681
5414.0 0.861894917494443
5416.0 0.8613059431927813
5418.0 0.8618881261007055
5420.0 0.8556333476617559
5422.0 0.8436026902277997
5424.0 0.8351848306710692
5426.0 0.8333210290466883
5428.0 0.8338047850864748
5430.0 0.8298944493781755
5432.0 0.8264292487106873
5434.0 0.8275422973938596
5436.0 0.8304784143851814
5438.0 0.8312324568018895
5440.0 0.8298829959631258
5442.0 0.8258178197554249
5444.0 0.8214153970592907
5446.0 0.8159002021483907
5448.0 0.8102980772555312
5450.0 0.8041426349166251
5452.0 0.8051805328622974
5454.0 0.8095523396238226
5456.0 0.8133223514754434
5458.0 0.8126134033704786
5460.0 0.8069594943915905
5462.0 0.797835379838414
5464.0 0.7973342145681794
5466.0 0.8075395898025505
5468.0 0.8173332499118943
5470.0 0.8148277623666869
5472.0 0.8086338148121438
5474.0 0.805217687202137
5476.0 0.8087643576722499
5478.0 0.8165614757190311
5480.0 0.8182397419704034
5482.0 0.824839173962846
5484.0 0.823673708947485
5486.0 0.8246917510971962
5488.0 0.8324002926482685
5490.0 0.837384461553105
5492.0 0.8413070832860357
5494.0 0.8406362113247358
5496.0 0.8366305388072882
5498.0 0.8425654686248212
5500.0 0.8490727544095974
5502.0 0.8574178397823768
5504.0 0.8655575085436449
5506.0 0.8686147241952953
5508.0 0.8733104337728962
5510.0 0.8803721811649341
5512.0 0.8862929569964301
5514.0 0.8882550997761011
5516.0 0.9065019207690173
5518.0 0.9142220962495557
5520.0 0.9218625990755397
5522.0 0.9278663117718864
5524.0 0.9313150895676618
5526.0 0.9286551442693689
5528.0 0.9273865365180526
5530.0 0.9195341241306709
5532.0 0.9138861562684045
5534.0 0.9139033442057984
5536.0 0.9115009906533212
5538.0 0.9080544642826204
5540.0 0.9048821410710902
5542.0 0.8957759445711329
5544.0 0.887335973092757
5546.0 0.882758633291558
5548.0 0.8824117516738266
5550.0 0.8789536968660031
5552.0 0.8780039552094406
5554.0 0.8787785164254548
5556.0 0.8743903471720104
5558.0 0.8689863056399441
5560.0 0.8610030621981124
5562.0 0.8550494462917745
5564.0 0.8461139171574749
5566.0 0.8409927888207541
5568.0 0.8402570859059291
5570.0 0.8380079976967827
5572.0 0.8317392081143243
5574.0 0.8212296104731202
5576.0 0.8099576671162152
5578.0 0.7981030315123142
5580.0 0.7896735380447893
5582.0 0.7869564799305409
5584.0 0.7805826258289492
5586.0 0.7755442979982596
5588.0 0.7714166728110283
5590.0 0.7683701102515267
5592.0 0.764137189275175
5594.0 0.7619244438083216
5596.0 0.7643550856120016
5598.0 0.7647837088819628
5600.0 0.7571103718780212
5602.0 0.7470593814697724
5604.0 0.7449479451382955
5606.0 0.7453493991715723
5608.0 0.7443177675628735
5610.0 0.7418549927945707
5612.0 0.739834521069545
5614.0 0.7382264541919469
5616.0 0.7398487070193757
5618.0 0.7410353171210732
5620.0 0.7361397789375225
5622.0 0.7263507133627957
5624.0 0.7226037489375475
5626.0 0.7195201309467121
5628.0 0.725033174801301
5630.0 0.7284459429969844
5632.0 0.7196567761140134
5634.0 0.710592987305361
5636.0 0.7090924725944895
5638.0 0.7057953320722682
5640.0 0.7049979987676069
5642.0 0.7054546365734179
5644.0 0.69993820744534
5646.0 0.6937848947324831
5648.0 0.6893196570175676
5650.0 0.6834233158072289
5652.0 0.6756973702704172
5654.0 0.670994085345469
5656.0 0.6662941397077584
5658.0 0.6662103716333195
5660.0 0.6629321173727308
5662.0 0.6582750999224424
5664.0 0.6479290800013936
5666.0 0.6390825446308905
5668.0 0.6327689926340624
5670.0 0.6380923238419626
5672.0 0.6337534628709353
5674.0 0.6276662909583731
5676.0 0.6264864737129645
5678.0 0.6182849981294484
5680.0 0.6176518291347132
5682.0 0.6200189151021426
5684.0 0.6140154752926925
5686.0 0.6051384784617048
5688.0 0.6023001613595155
5690.0 0.6005136801915341
5692.0 0.5966489105065528
5694.0 0.5958956117711077
5696.0 0.5912015109228257
5698.0 0.590397172248216
5700.0 0.5945856810952764
5702.0 0.5980612335404094
5704.0 0.5991884288380271
5706.0 0.5935107047486708
5708.0 0.5882096886826442
5710.0 0.5836280072024278
5712.0 0.5847953159206557
5714.0 0.5880378741084231
5716.0 0.5810150342702834
5718.0 0.5745255921103986
5720.0 0.5651173361959684
5722.0 0.5551119713757505
5724.0 0.5504525927541299
5726.0 0.5495795698879224
5728.0 0.5474665287650609
5730.0 0.5442663194085524
5732.0 0.5422473581831468
5734.0 0.533788261828268
5736.0 0.5351153955965963
5738.0 0.5377548193292566
5740.0 0.541083325004311
5742.0 0.5421034679012673
5744.0 0.5371870843390407
5746.0 0.5350049134010002
5748.0 0.5318786946548378
5750.0 0.5316596786914641
5752.0 0.530077563565253
5754.0 0.5327507782644163
5756.0 0.5329876346176418
5758.0 0.5387179778942427
5760.0 0.5436348212774321
5762.0 0.5461875345170316
5764.0 0.5496384839126679
5766.0 0.5490975805647454
5768.0 0.5520269227450013
5770.0 0.5559779704307275
5772.0 0.5627766806545997
5774.0 0.5650251700025619
5776.0 0.5675056641250683
5778.0 0.5764109975350248
5780.0 0.5771780594470501
5782.0 0.5768750583822649
5784.0 0.5748058280126016
5786.0 0.5790126501011411
5788.0 0.579792366625781
5790.0 0.5884205401987862
5792.0 0.6008788696711139
5794.0 0.6217758031406689
5796.0 0.6393504116747505
5798.0 0.6491302609849577
5800.0 0.6636717517943422
5802.0 0.6757790643921276
5804.0 0.6875472682941418
5806.0 0.6978454225589715
5808.0 0.7127377666371333
5810.0 0.7206498954189827
5812.0 0.7308009861983448
5814.0 0.7341463656057488
5816.0 0.7403503523260895
5818.0 0.7482792072468957
5820.0 0.7486529816244557
5822.0 0.7555875612550117
5824.0 0.764745079801124
5826.0 0.7709332983052667
5828.0 0.784823029216906
5830.0 0.7894559045522417
5832.0 0.790216328847722
5834.0 0.7927491957336062
5836.0 0.8036248970035772
5838.0 0.813774756141652
5840.0 0.8226297682241578
5842.0 0.8253274746422502
5844.0 0.828229055994368
5846.0 0.8277621598506277
5848.0 0.8306944413321865
5850.0 0.8294984932063953
5852.0 0.8296123261053031
5854.0 0.8329523240814249
5856.0 0.8346713472423984
5858.0 0.8347722455113737
5860.0 0.8364722697496624
5862.0 0.8377201007883778
5864.0 0.8402783933127214
5866.0 0.840074022881026
5868.0 0.8394395830468631
5870.0 0.8436998452527555
5872.0 0.8464696018101917
5874.0 0.8451848593961006
5876.0 0.8445292774280975
5878.0 0.8465673608968257
5880.0 0.8482210273290242
5882.0 0.8480662784454784
5884.0 0.8479143056050664
5886.0 0.8477417962889041
5888.0 0.8474483177426133
5890.0 0.8473926081001354
5892.0 0.8470630110187245
5894.0 0.846936422965257
5896.0 0.8467635940304113
5898.0 0.8468376046632603
5900.0 0.8494017197639339
5902.0 0.8517421795267742
5904.0 0.8541706313531746
5906.0 0.8531440038979963
5908.0 0.852801819183046
5910.0 0.853768973284893
5912.0 0.8492474424545298
5914.0 0.8477121812736172
5916.0 0.8501863182093972
5918.0 0.8550112718105872
5920.0 0.8542234957235298
5922.0 0.8501134990954279
5924.0 0.8516918829705916
5926.0 0.852146300570343
5928.0 0.8507914550644954
5930.0 0.8515298018787859
5932.0 0.8535664085074983
5934.0 0.8505384711015791
5936.0 0.850097112340624
5938.0 0.8473456274728218
5940.0 0.8420155679596307
5942.0 0.8310316673185659
5944.0 0.8310948055615173
5946.0 0.8298234772672096
5948.0 0.825446743009913
5950.0 0.8228111211280223
5952.0 0.8271433861243885
5954.0 0.8352754050767567
5956.0 0.8334687131360161
5958.0 0.8268036579728093
5960.0 0.8235832505528945
5962.0 0.8132791115195123
5964.0 0.8108925402739805
5966.0 0.8100863548696878
5968.0 0.811696651041424
5970.0 0.8076667835230934
5972.0 0.8061821009613621
5974.0 0.8014787829602747
5976.0 0.7966606234120102
5978.0 0.7947474315685997
5980.0 0.7888127914466725
5982.0 0.7812162390073221
5984.0 0.7768684258997813
5986.0 0.7740740984076929
5988.0 0.7700306236620847
5990.0 0.7708734594044327
5992.0 0.7757411213167874
5994.0 0.7774471017930007
5996.0 0.7726147685403628
5998.0 0.7667693767093653
6000.0 0.7693378910469414
6002.0 0.7675806760553101
6004.0 0.7672085590575104
6006.0 0.7635174195667642
6008.0 0.7577676388541209
6010.0 0.7546202709987657
6012.0 0.7474876016422469
6014.0 0.7420351760894093
6016.0 0.7448105226721584
6018.0 0.7470231362898699
6020.0 0.7477442140564705
6022.0 0.7469258094313621
6024.0 0.7438964335094571
6026.0 0.7386120856493507
6028.0 0.7306150618171532
6030.0 0.7219805820487889
6032.0 0.7186679938600098
6034.0 0.7207676357477221
6036.0 0.7250359080445459
6038.0 0.7244206976642267
6040.0 0.722109611534495
6042.0 0.7209415831184338
6044.0 0.7146954914598511
6046.0 0.7112655822279077
6048.0 0.7113653108795575
6050.0 0.7076425210345045
6052.0 0.69922622329503
6054.0 0.696977703923401
6056.0 0.6990507990681022
6058.0 0.7007358703362095
6060.0 0.6981431567782984
6062.0 0.6909424301060959
6064.0 0.6889039999836276
6066.0 0.689180717006114
6068.0 0.690415110832456
6070.0 0.690903998842113
6072.0 0.6911107638345049
6074.0 0.6901681186743637
6076.0 0.6868510628646955
6078.0 0.6821215336115893
6080.0 0.6805735899543723
6082.0 0.675325348633355
6084.0 0.675603396841513
6086.0 0.6756562482756554
6088.0 0.6758679583222084
6090.0 0.6758423743363863
6092.0 0.6766692028346356
6094.0 0.6779147018635762
6096.0 0.6817145413868484
6098.0 0.6824848349569989
6100.0 0.678311226521677
6102.0 0.6783106343750822
6104.0 0.6761874448790007
6106.0 0.6773298759694194
6108.0 0.6831410941630962
6110.0 0.6844862799645618
6112.0 0.6875426936759588
6114.0 0.6856381156812207
6116.0 0.6843735188140074
6118.0 0.688105367883824
6120.0 0.6877356321403969
6122.0 0.6868684097267618
6124.0 0.6945429231388512
6126.0 0.698891000963883
6128.0 0.6968456028401272
6130.0 0.6901266779341338
6132.0 0.6835580338966925
6134.0 0.6792779484248207
6136.0 0.6766957863293056
6138.0 0.6753481589920706
6140.0 0.6801949934381936
6142.0 0.685112069443535
6144.0 0.6849576674344701
6146.0 0.6839025458644373
6148.0 0.6845017463957577
6150.0 0.680736633012
6152.0 0.6747043970746087
6154.0 0.6731733117794024
6156.0 0.6690733896989145
6158.0 0.6689836532222179
6160.0 0.6619418129003571
6162.0 0.6551004299026022
6164.0 0.6440240376679736
6166.0 0.6398027702725206
6168.0 0.6450465223368299
6170.0 0.6478371878525382
6172.0 0.6483282934952895
6174.0 0.6469452208552096
6176.0 0.6466171968201366
6178.0 0.6518030160942245
6180.0 0.6590955506671368
6182.0 0.6615695564945194
6184.0 0.6578081936337433
6186.0 0.6577280405437651
6188.0 0.6565070065515445
6190.0 0.6564747200585681
6192.0 0.6618686154769524
6194.0 0.6616099763280008
6196.0 0.664226199384981
6198.0 0.6674083208749447
6200.0 0.672466313285735
6202.0 0.6748624418557218
6204.0 0.6760535631175716
6206.0 0.6700862839135121
6208.0 0.666316374234326
6210.0 0.6651023552943613
6212.0 0.6649762322777983
6214.0 0.6630604143785721
6216.0 0.6647491053751551
6218.0 0.675280372544539
6220.0 0.6929675358709817
6222.0 0.7015232910143765
6224.0 0.7113301073642329
6226.0 0.7242451946833353
6228.0 0.7298506316811222
6230.0 0.7427995354751514
6232.0 0.7457257144480375
6234.0 0.7625357122528016
6236.0 0.7669161764512903
6238.0 0.7715286313738488
6240.0 0.7743140066195788
6242.0 0.7721625422979832
6244.0 0.7656708223430306
6246.0 0.7628129454237329
6248.0 0.7595169387098453
6250.0 0.7574414219679186
6252.0 0.7498649452862954
6254.0 0.7396262339259758
6256.0 0.7315162007363849
6258.0 0.7295736918128413
6260.0 0.7324239859769813
6262.0 0.7266410120392481
6264.0 0.7226658366285257
6266.0 0.7262744438946365
6268.0 0.7277205573410785
6270.0 0.7304065464107665
6272.0 0.7302290642380568
6274.0 0.7309320941951102
6276.0 0.7333789271705721
6278.0 0.7347965823890452
6280.0 0.7300887805634246
6282.0 0.7297591327277335
6284.0 0.7295900812174675
6286.0 0.7335680161854374
6288.0 0.7373188012531896
6290.0 0.7437578536643522
6292.0 0.7509654785899965
6294.0 0.7611591643824989
6296.0 0.7643966617730414
6298.0 0.7699804711496439
6300.0 0.7704191667400466
6302.0 0.7697604296946605
6304.0 0.7666958037348869
6306.0 0.7644030589229399
6308.0 0.764377970817614
6310.0 0.7614986893640987
6312.0 0.7561714618315702
6314.0 0.7563536839651228
6316.0 0.7535632949689611
6318.0 0.753595526148496
6320.0 0.7498981256787882
6322.0 0.7477849997041234
6324.0 0.7454629224241647
6326.0 0.7440574899851984
6328.0 0.737057503509064
6330.0 0.7258734204325346
6332.0 0.7212072588028495
6334.0 0.7174098083932166
6336.0 0.7153502202041143
6338.0 0.7164754421908734
6340.0 0.7180197242713173
6342.0 0.7131497895967361
6344.0 0.7091102860162488
6346.0 0.7102561128417517
6348.0 0.70841612610545
6350.0 0.7095015519979192
6352.0 0.7040776540189347
6354.0 0.7001901754952796
6356.0 0.6959861333792279
6358.0 0.6941128617889318
6360.0 0.6947967405137859
6362.0 0.694839671911359
6364.0 0.6982728704653278
6366.0 0.7001996033386884
6368.0 0.7033349607551734
6370.0 0.7074425386736999
6372.0 0.7119239931519447
6374.0 0.7159906220962653
6376.0 0.7207063004462867
6378.0 0.7224987132179777
6380.0 0.7205786057996089
6382.0 0.7267031601657983
6384.0 0.736455658154409
6386.0 0.7446620978366074
6388.0 0.7495782295711729
6390.0 0.7556411841851391
6392.0 0.7681939558771503
6394.0 0.7760663193173173
6396.0 0.7854471027354002
6398.0 0.7897547519533749
6400.0 0.7990390647962864
6402.0 0.8047699590083542
6404.0 0.8131443642860897
6406.0 0.8196254761033392
6408.0 0.8252775132270426
6410.0 0.8313423741180275
6412.0 0.8361492127338449
6414.0 0.8416413303075496
6416.0 0.8472742234909764
6418.0 0.8520718882754253
6420.0 0.8581880078174322
6422.0 0.8629668988693059
6424.0 0.8685035333067508
6426.0 0.8735831683332509
6428.0 0.8829949477324499
6430.0 0.8931638505902583
6432.0 0.8978748864528698
6434.0 0.9032652217782565
6436.0 0.9073472358140803
6438.0 0.9192462150886735
6440.0 0.9255568680349673
6442.0 0.9296616207205847
6444.0 0.9351026199122708
6446.0 0.9447534485610716
6448.0 0.9503125918146853
6450.0 0.9536084285440604
6452.0 0.9565081582332923
6454.0 0.9647852627703447
6456.0 0.9678980025595427
6458.0 0.971949936765146
6460.0 0.972643666632769
6462.0 0.9769468702876224
6464.0 0.9816950660615924
6466.0 0.9884677549176898
6468.0 0.9930982372801584
6470.0 0.9969218585862873
6472.0 1.0
6474.0 0.9976117995009782
6476.0 0.995791089324902
6478.0 0.9933555963995915
6480.0 0.9930443563674702
6482.0 0.9956357901054691
6484.0 0.9918053667269182
6486.0 0.9899088404406545
6488.0 0.9877990401153677
6490.0 0.9862439854885028
6492.0 0.990235360395073
6494.0 0.9975907117314748
6496.0 0.9916511199729905
6498.0 0.9861511289881413
6500.0 0.984452847933217
6502.0 0.9805483415123878
6504.0 0.978257983540567
6506.0 0.9748279498128696
6508.0 0.9698860656117094
6510.0 0.9641380455294478
6512.0 0.9597337450733302
6514.0 0.9550473423298546
6516.0 0.953177436461506
6518.0 0.9559540036495606
6520.0 0.9508604884900609
6522.0 0.9455302555511574
6524.0 0.9410253547060387
6526.0 0.9348342546528804
6528.0 0.9317524217277474
6530.0 0.9362387620627364
6532.0 0.9404070630241386
6534.0 0.9369818452937465
6536.0 0.9330843904464884
6538.0 0.9298785447922987
6540.0 0.9288575589838444
6542.0 0.9289983644517584
6544.0 0.9294497075681768
6546.0 0.9298439661450119
6548.0 0.9303555589462245
6550.0 0.931694758947151
6552.0 0.9356979367108442
6554.0 0.9398076449797521
6556.0 0.9404556263181506
6558.0 0.9410446556878499
6560.0 0.9413429668755265
6562.0 0.9419907888493358
6564.0 0.9423577733962772
6566.0 0.9430102564418291
6568.0 0.9433660046343709
6570.0 0.9438908088397003
6572.0 0.944481743283248
6574.0 0.9448677557277586
6576.0 0.9470203126707604
6578.0 0.9459112209233095
6580.0 0.9456836602614325
6582.0 0.9468579367296407
6584.0 0.9477550520009765
6586.0 0.9486033613728514
6588.0 0.9488927856234665
6590.0 0.9492978781957458
6592.0 0.9493133161252565
6594.0 0.9505999012561032
6596.0 0.9522328862966308
6598.0 0.9522706384158035
6600.0 0.9530404260511837
6602.0 0.9518928077466432
6604.0 0.9591296794705744
6606.0 0.9620552425591333
6608.0 0.9626511437477031
6610.0 0.9627701873066039
6612.0 0.9659409015324207
6614.0 0.9698931532950797
6616.0 0.9672791760604145
6618.0 0.9666929935787761
6620.0 0.9677629905986604
6622.0 0.9670734916012849
6624.0 0.9618029489877868
6626.0 0.9557954023118229
6628.0 0.9472716686508583
6630.0 0.9444486650614556
6632.0 0.942983028146515
6634.0 0.9434240851925126
6636.0 0.9420234590995419
6638.0 0.9416347051353803
6640.0 0.9440675247663746
6642.0 0.941787540886592
6644.0 0.9384211734024833
6646.0 0.932776428697664
6648.0 0.9324822239371653
6650.0 0.9331323378577241
6652.0 0.9336666102758996
6654.0 0.9276374045724339
6656.0 0.9193750789137954
6658.0 0.9197861706629374
6660.0 0.9202488116469876
6662.0 0.9193247631083254
6664.0 0.9175510354838915
6666.0 0.9148891343909323
6668.0 0.9105088624388062
6670.0 0.9073136874206887
6672.0 0.90167099195433
6674.0 0.8959445849956026
6676.0 0.8967707005692773
6678.0 0.8972690824681973
6680.0 0.8904835896195772
6682.0 0.8845327098724369
6684.0 0.881915755825615
6686.0 0.8799524515352182
6688.0 0.8813748005084993
6690.0 0.8814310795171678
6692.0 0.8776156499803444
6694.0 0.8695169172087214
6696.0 0.8665471974274845
6698.0 0.8601298234445798
6700.0 0.8547040947522923
6702.0 0.8525056803961445
6704.0 0.8514109242277463
6706.0 0.849122990792575
6708.0 0.8495596678115155
6710.0 0.8539092628805399
6712.0 0.856992890770639
6714.0 0.8539418094922309
6716.0 0.8498030539592569
6718.0 0.8493614495987732
6720.0 0.8501799309135861
6722.0 0.8487715653709789
6724.0 0.8437764656175613
6726.0 0.8367933177032163
6728.0 0.8277889078737247
6730.0 0.8254886482434163
6732.0 0.8157158666923678
6734.0 0.8114874880147848
6736.0 0.7965547338235448
6738.0 0.7901391369156598
6740.0 0.7881161486482272
6742.0 0.7874935772200597
6744.0 0.7841972343708431
6746.0 0.7754300766018988
6748.0 0.7686173094074655
6750.0 0.7612444128778415
6752.0 0.7589218077199446
6754.0 0.7543078514609086
6756.0 0.7483113869630882
6758.0 0.7444174774894374
6760.0 0.7427569663830764
6762.0 0.7415868684813564
6764.0 0.7404203003894482
6766.0 0.7339255322384577
6768.0 0.7280880886103478
6770.0 0.7229659393616118
6772.0 0.7191987991444053
6774.0 0.7141163133771969
6776.0 0.7100699546451965
6778.0 0.705543077220478
6780.0 0.7009232044696966
6782.0 0.6968647681598965
6784.0 0.692113262573873
6786.0 0.6879894210575315
6788.0 0.6840418555603341
6790.0 0.6782258504147824
6792.0 0.6748954775741487
6794.0 0.6727467530740969
6796.0 0.6708680768604385
6798.0 0.6660978971901659
6800.0 0.6622912536808168
6802.0 0.6581097521811622
6804.0 0.6523930055976083
6806.0 0.6459481771569725
6808.0 0.6365858649459907
6810.0 0.6336878879083695
6812.0 0.6255906301125971
6814.0 0.6178101039657677
6816.0 0.6209311908175237
6818.0 0.6222853376423849
6820.0 0.6229604257674418
6822.0 0.6128053026334247
6824.0 0.6067304445337148
6826.0 0.602529579960139
6828.0 0.6005370446598287
6830.0 0.599585417702145
6832.0 0.5996778908117603
6834.0 0.60150276376086
6836.0 0.5995135488465985
6838.0 0.5994546850960748
6840.0 0.6015737095825447
6842.0 0.6033779501965808
6844.0 0.6035517620412508
6846.0 0.5958860500554899
6848.0 0.5937698558331463
6850.0 0.5924830840760623
6852.0 0.5906448226663081
6854.0 0.5845917865690003
6856.0 0.582720555907898
6858.0 0.5811263825941563
6860.0 0.5806812604292166
6862.0 0.5792507875006733
6864.0 0.5766097358608223
6866.0 0.5728200507123425
6868.0 0.5682963084775792
6870.0 0.5656961768317208
6872.0 0.5655219237982937
6874.0 0.5650648479215546
6876.0 0.5628882864284899
6878.0 0.5562736693092231
6880.0 0.5533271445794054
6882.0 0.5510716952867377
6884.0 0.5468557715867538
6886.0 0.5454908629855013
6888.0 0.5412991819794363
6890.0 0.5374235153846453
6892.0 0.5343683959271529
6894.0 0.5348431859880398
6896.0 0.5342531560787992
6898.0 0.534273587497158
6900.0 0.5301758252621789
6902.0 0.5256807042915781
6904.0 0.5243553183462721
6906.0 0.522186313427421
6908.0 0.5224409252622196
6910.0 0.519450051424779
6912.0 0.5185702025002171
6914.0 0.5230194291487942
6916.0 0.5257066882896821
6918.0 0.5204622516494244
6920.0 0.5201368615388032
6922.0 0.5208914834224734
6924.0 0.5267243281232667
6926.0 0.5275271625176581
6928.0 0.5279192697254352
6930.0 0.52785281697681
6932.0 0.5312602654738414
6934.0 0.5367148973573258
6936.0 0.5392027108896106
6938.0 0.5408662230586693
6940.0 0.5410278925518928
6942.0 0.5437453503053883
6944.0 0.546914390333133
6946.0 0.5506910633663333
6948.0 0.5605017529482847
6950.0 0.5650199974304249
6952.0 0.5688051415063878
6954.0 0.5762120633841473
6956.0 0.5780102501606185
6958.0 0.5836661598768762
6960.0 0.5864637835410864
6962.0 0.5941922703233461
6964.0 0.5983327072507505
6966.0 0.6077593434435905
6968.0 0.6162746200644695
6970.0 0.6254749075785415
6972.0 0.6351937163577004
6974.0 0.6383718347095257
6976.0 0.6437544711084239
6978.0 0.6475400861562889
6980.0 0.6452644784787167
6982.0 0.6445072079066939
6984.0 0.6419334668434136
6986.0 0.633871551941693
6988.0 0.6331233167746179
6990.0 0.6386798562484381
6992.0 0.6416803546368042
6994.0 0.6426906692718412
6996.0 0.6455068267009517
6998.0 0.6518317310519972
7000.0 0.6543834184642602
7002.0 0.6569577230810509
7004.0 0.6603771155560406
7006.0 0.6555885628765248
7008.0 0.6479568500637627
7010.0 0.6518392232376331
7012.0 0.6586374746801716
7014.0 0.6651145854618946
7016.0 0.6625959074903641
7018.0 0.6582843149209007
7020.0 0.6516539547087715
7022.0 0.6491888374111985
7024.0 0.6491720565330459
7026.0 0.6561022866397943
7028.0 0.6575652353020983
7030.0 0.6606340903807553
7032.0 0.6621522896957621
7034.0 0.6571249416274755
7036.0 0.6525883112656304
7038.0 0.6510882146346546
7040.0 0.6543554162785022
7042.0 0.6515652110951003
7044.0 0.6506090458496154
7046.0 0.6543837869589328
7048.0 0.6536285522640101
7050.0 0.6571942842976137
7052.0 0.653743674051833
7054.0 0.6475765886544432
7056.0 0.6457255007416595
7058.0 0.6426209113060248
7060.0 0.6385750352629327
7062.0 0.6366244127045266
7064.0 0.6332334512060551
7066.0 0.6331628789065658
7068.0 0.6336625737706473
7070.0 0.6374518978923037
7072.0 0.6404937981608956
7074.0 0.6383090672887399
7076.0 0.6388833767340125
7078.0 0.6442653686712719
7080.0 0.6478183906214809
7082.0 0.6516688392036946
7084.0 0.6470601787823056
7086.0 0.6425063988342091
7088.0 0.6418905054242384
7090.0 0.6415892248779976
7092.0 0.6396901314193509
7094.0 0.631371433180682
7096.0 0.62931593971922
7098.0 0.6282804056598059
7100.0 0.626555690418176
7102.0 0.6220417477792546
7104.0 0.6228206405081895
7106.0 0.6211135747220232
7108.0 0.6210533940964239
7110.0 0.6191548685349041
7112.0 0.6164053269999349
7114.0 0.6100897492225401
7116.0 0.6098405802915785
7118.0 0.6137820999559879
7120.0 0.6107418249856656
7122.0 0.6074720822222848
7124.0 0.6098082984232194
7126.0 0.6109756692054572
7128.0 0.6121745528980949
7130.0 0.6116317779456554
7132.0 0.6068697684386496
7134.0 0.6007639815214828
7136.0 0.5981045880154823
7138.0 0.595798854935705
7140.0 0.5920655786834937
7142.0 0.591973192439258
7144.0 0.592351273526363
7146.0 0.5915968428404728
7148.0 0.592148291557319
7150.0 0.590793381760898
7152.0 0.5885816960088921
7154.0 0.5901172312192134
7156.0 0.5886992658887953
7158.0 0.5859341244169229
7160.0 0.5844749583116019
7162.0 0.5849141665148003
7164.0 0.5815831920243717
7166.0 0.5783647397494919
7168.0 0.573850739337385
7170.0 0.5753050704471678
7172.0 0.5714648240443324
7174.0 0.5757782189642516
7176.0 0.5813668435187764
7178.0 0.5834893873348591
7180.0 0.5849582247183327
7182.0 0.5860050133384909
7184.0 0.5864225285169685
7186.0 0.5871151036215368
7188.0 0.5863131995359814
7190.0 0.5920946957716883
7192.0 0.5939233879603664
7194.0 0.5931820580814937
7196.0 0.5943135707364969
7198.0 0.5956863308460657
7200.0 0.5974676179202395
7202.0 0.6042769461213254
7204.0 0.6035800387592942
7206.0 0.600041138300272
7208.0 0.6050961398996387
7210.0 0.6086694525940474
7212.0 0.6027796033012279
7214.0 0.602206873856764
7216.0 0.6022136178774221
7218.0 0.6002668531574102
7220.0 0.6016053245253428
7222.0 0.6036172381039697
7224.0 0.6048187566478627
7226.0 0.6083701645671251
7228.0 0.6095143827001055
7230.0 0.6099727811086046
7232.0 0.61098188144392
7234.0 0.6099768556994954
7236.0 0.6080894633733763
7238.0 0.6088212595583571
7240.0 0.6056328790266233
7242.0 0.6044413259242819
7244.0 0.6089219435224753
7246.0 0.6102277883070581
7248.0 0.6100497334256841
7250.0 0.6105602690252828
7252.0 0.6169507195149114
7254.0 0.6209300348058464
7256.0 0.6241193895724187
7258.0 0.6246989017286222
7260.0 0.6296722059763662
7262.0 0.6388360472508198
7264.0 0.646848584593564
7266.0 0.6476727322955329
7268.0 0.6453864162012828
7270.0 0.6437054763075065
7272.0 0.6404754727529014
7274.0 0.6392653445089082
7276.0 0.6383964558020565
7278.0 0.6421188475072594
7280.0 0.6448199027034546
7282.0 0.6442253183976395
7284.0 0.6457642565357665
7286.0 0.6472783236500375
7288.0 0.645716477662207
7290.0 0.6435898991247503
7292.0 0.6470636811960458
7294.0 0.6479391776327268
7296.0 0.6425258249280452
7298.0 0.6418983682166666
7300.0 0.6455881277170353
7302.0 0.6449164892430702
7304.0 0.6451120671934913
7306.0 0.6476591228026843
7308.0 0.6492103912132671
7310.0 0.6486922909354953
7312.0 0.6510807095625618
7314.0 0.6476697919070238
7316.0 0.6412485544996098
7318.0 0.6380888323031886
7320.0 0.638471729089001
7322.0 0.6419392256842917
7324.0 0.6481371438295503
7326.0 0.6489182325243616
7328.0 0.6453554115952992
7330.0 0.6398935395752974
7332.0 0.633043272872029
7334.0 0.6292249282950817
7336.0 0.627414902674782
7338.0 0.6231412741296849
7340.0 0.6190997537886533
7342.0 0.6134793875910655
7344.0 0.6082871526371159
7346.0 0.6066652580506463
7348.0 0.6075168012319377
7350.0 0.6039874660831988
7352.0 0.6032108749790721
7354.0 0.604086253925749
7356.0 0.6004362115866735
7358.0 0.5974235693026153
7360.0 0.5928215601113258
7362.0 0.5885827791278836
7364.0 0.5868558341065356
7366.0 0.5853016226288911
7368.0 0.5854456734310977
7370.0 0.5761679430473425
7372.0 0.5685694753822582
7374.0 0.5659148454165178
7376.0 0.5658702248098357
7378.0 0.5714980386897414
7380.0 0.5765708147272726
7382.0 0.5794370490027878
7384.0 0.5779956592399621
7386.0 0.581932431479874
7388.0 0.5794615543179096
7390.0 0.5822342506356155
7392.0 0.5799846705350823
7394.0 0.5733526516824646
7396.0 0.5702689230933993
7398.0 0.5705862830541852
7400.0 0.5711445828574604
7402.0 0.5709634887167361
7404.0 0.5694897906080285
7406.0 0.564775418763912
7408.0 0.5605208317221471
7410.0 0.5583964547927598
7412.0 0.5590217538616694
7414.0 0.5589157663023548
7416.0 0.558333959234285
7418.0 0.5568950789639557
7420.0 0.5541853638603464
7422.0 0.5490085897990781
7424.0 0.5436497594344489
7426.0 0.5441396333932904
7428.0 0.5469001170580652
7430.0 0.5497694296394621
7432.0 0.5491556700541951
7434.0 0.5448204814439107
7436.0 0.5458004633949273
7438.0 0.5500329981887928
7440.0 0.5551129300620891
7442.0 0.5531854886398112
7444.0 0.5519079187211937
7446.0 0.5431456808955121
7448.0 0.5402701712445231
7450.0 0.5307314919308447
7452.0 0.5205077909758232
7454.0 0.5094036606677055
7456.0 0.5068298077403568
7458.0 0.5073130276215431
7460.0 0.4974119033800895
7462.0 0.4870397951049402
7464.0 0.4841683245745901
7466.0 0.4893612665347641
7468.0 0.4930347394739851
7470.0 0.4929658894631273
7472.0 0.48619479458736775
7474.0 0.48520691868058086
7476.0 0.4896842693623092
7478.0 0.4957707401099126
7480.0 0.49613743709803404
7482.0 0.49576539575813894
7484.0 0.49557139981219245
7486.0 0.4935560273947354
7488.0 0.4908962476692025
7490.0 0.49314679654744603
7492.0 0.49592505053043445
7494.0 0.4946280739367444
7496.0 0.49332874537252663
7498.0 0.4900898341913392
7500.0 0.48833980008711003
7502.0 0.48936918051728057
7504.0 0.4883956874237857
7506.0 0.4882546946000212
7508.0 0.4875444069443609
7510.0 0.48697352786991965
7512.0 0.48663905117248435
7514.0 0.4857396786936898
7516.0 0.4856738763949469
7518.0 0.4846482479469219
7520.0 0.484435552408574
7522.0 0.4831825333873387
7524.0 0.48480991565494586
7526.0 0.48648742789380434
7528.0 0.4853933560001966
7530.0 0.48368740796356385
7532.0 0.48131937731613966
7534.0 0.482347437395446
7536.0 0.48254325005817783
7538.0 0.4826770923433878
7540.0 0.48239726701595165
7542.0 0.48209333155085815
7544.0 0.48201283939922585
7546.0 0.48158883770879085
7548.0 0.4814815878195464
7550.0 0.48116512646416615
7552.0 0.4808922048664994
7554.0 0.48051773943008447
7556.0 0.4791127763486461
7558.0 0.4767989572455443
7560.0 0.4747370859727711
7562.0 0.4738464654873323
7564.0 0.4738233611069745
7566.0 0.4728531502648064
7568.0 0.47309473730428087
7570.0 0.4711123028702336
7572.0 0.4672928873486288
7574.0 0.4659773138471968
7576.0 0.4672481374319506
7578.0 0.4656026400380684
7580.0 0.4625399643881586
7582.0 0.46408397764564985
7584.0 0.4670517316915878
7586.0 0.4684108281009547
7588.0 0.47068578664475513
7590.0 0.4682260404967421
7592.0 0.4648757281553217
7594.0 0.46157938675995513
7596.0 0.4594807048484943
7598.0 0.45801308564836146
7600.0 0.457636478357738
7602.0 0.4606015391983705
7604.0 0.4609608563830277
7606.0 0.4600760703380176
7608.0 0.45619709471141884
7610.0 0.45375273453449694
7612.0 0.45188419516989636
7614.0 0.44825882999415195
7616.0 0.4487039172173488
7618.0 0.4482874065935468
7620.0 0.4443934717606375
7622.0 0.43794316754523127
7624.0 0.4403954011432315
7626.0 0.4430370273840783
7628.0 0.447488801823352
7630.0 0.4449734464466502
7632.0 0.44155632057660615
7634.0 0.4394751450020966
7636.0 0.4365382751386432
7638.0 0.4336278584796525
7640.0 0.43554759005603105
7642.0 0.4380152478121405
7644.0 0.43634468736719945
7646.0 0.4370520230920082
7648.0 0.43838440538712725
7650.0 0.43938989447469023
7652.0 0.43727251224640623
7654.0 0.43995308479261935
7656.0 0.439721124148557
7658.0 0.4350660340903022
7660.0 0.4303679254019165
7662.0 0.4304201991141885
7664.0 0.43398132782448257
7666.0 0.437573864869438
7668.0 0.4387980538187669
7670.0 0.43678572149813627
7672.0 0.4368931800848603
7674.0 0.44190348616414465
7676.0 0.441625437836505
7678.0 0.4439128395672427
7680.0 0.4494471996420291
7682.0 0.4528866251299894
7684.0 0.4587365079251991
7686.0 0.4668368021835768
7688.0 0.4710952068448044
7690.0 0.48404585450950616
7692.0 0.49375483010890325
7694.0 0.5064641665733827
7696.0 0.5132830619767299
7698.0 0.5199417784304401
7700.0 0.5245242269780815
7702.0 0.5316067998166678
7704.0 0.5379947173194263
7706.0 0.5350167539344467
7708.0 0.5331516852480667
7710.0 0.526277783723733
7712.0 0.5142022791134971
7714.0 0.5100552614629325
7716.0 0.5125296537710109
7718.0 0.51184894162382
7720.0 0.5222171121535574
7722.0 0.5239591877363949
7724.0 0.5225687058330244
7726.0 0.5258384043268023
7728.0 0.5272424548621587
7730.0 0.5294321370124719
7732.0 0.5216625245304243
7734.0 0.5201550343370853
7736.0 0.5232652702983246
7738.0 0.5321309591801414
7740.0 0.5392018441998535
7742.0 0.5415546728499802
7744.0 0.5468696730255358
7746.0 0.5498979664086416
7748.0 0.549558102174824
7750.0 0.5487780168965839
7752.0 0.5480192097981242
7754.0 0.5419977935927007
7756.0 0.5369637686171683
7758.0 0.5383641326702636
7760.0 0.5400342939817339
7762.0 0.5401386188365483
7764.0 0.5384708193775386
7766.0 0.5383201774618012
7768.0 0.5373135453893328
7770.0 0.5361978135349758
7772.0 0.5354569794822986
7774.0 0.5344212979426468
7776.0 0.5336552259143236
7778.0 0.5327761563075782
7780.0 0.5318139644888568
7782.0 0.5310039397015245
7784.0 0.5301294215493442
7786.0 0.5293287137677204
7788.0 0.5284086274015903
7790.0 0.5285370639426881
7792.0 0.5298018597449716
7794.0 0.5257338975882663
7796.0 0.5220600677556241
7798.0 0.5237062532663281
7800.0 0.5235307328457008
7802.0 0.5228545274808465
7804.0 0.526461038859539
7806.0 0.5294325640779098
7808.0 0.5269585399968797
7810.0 0.5240586955131916
7812.0 0.5212692990525007
7814.0 0.5162500621303394
7816.0 0.5175599465239916
7818.0 0.5194100857401277
7820.0 0.5192372680558616
7822.0 0.520332532849594
7824.0 0.5214377587241237
7826.0 0.5243952981487682
7828.0 0.5207691808654241
7830.0 0.5177303984699765
7832.0 0.5151850421372441
7834.0 0.5110810539070985
7836.0 0.5102904254086553
7838.0 0.5093036481823014
7840.0 0.5034904827958704
7842.0 0.4979178304493692
7844.0 0.48783274271707616
7846.0 0.47888343959181745
7848.0 0.4802088198267371
7850.0 0.4780767650997368
7852.0 0.4754157358793197
7854.0 0.47842622795737083
7856.0 0.4769405780408859
7858.0 0.4704286149331099
7860.0 0.46745039899243473
7862.0 0.4694468416496503
7864.0 0.4709538137806894
7866.0 0.4646455768221235
7868.0 0.4600106609096023
7870.0 0.4601099642338304
7872.0 0.45466203563078395
7874.0 0.4561046055758182
7876.0 0.45993240072836344
7878.0 0.4627831466258746
7880.0 0.45855667531135674
7882.0 0.45899680161920153
7884.0 0.4567691468945925
7886.0 0.45883147819151904
7888.0 0.4579634341901593
7890.0 0.45472645480469054
7892.0 0.4584726697108931
7894.0 0.4569313103224257
7896.0 0.45088258441859397
7898.0 0.4465143578017218
7900.0 0.44947632522906905
7902.0 0.4513099917299239
7904.0 0.4502241922791193
7906.0 0.4452824287327721
7908.0 0.4381192375811736
7910.0 0.4355739220750056
7912.0 0.4354039161626392
7914.0 0.4394943569850466
7916.0 0.44337313605292966
7918.0 0.4399552380402557
7920.0 0.4333253787655277
7922.0 0.43412612726312916
7924.0 0.4383864162890254
7926.0 0.4419366116772649
7928.0 0.44110811512322634
7930.0 0.4453650844399332
7932.0 0.44279715268911524
7934.0 0.4384411950123636
7936.0 0.4363029989027124
7938.0 0.43871804221243227
7940.0 0.4362729093787404
7942.0 0.4365240157777238
7944.0 0.44041959586588403
7946.0 0.43651095356527614
7948.0 0.4314071477573459
7950.0 0.42324634950173895
7952.0 0.41991177949350716
7954.0 0.4204483381016096
7956.0 0.4207943113836451
7958.0 0.4140364019961049
7960.0 0.41153568169234084
7962.0 0.41665798571160634
7964.0 0.4178286511655317
7966.0 0.4154606671669203
7968.0 0.41232836028761044
7970.0 0.4064471962799723
7972.0 0.40429747063959504
7974.0 0.4023291304615805
7976.0 0.3993653059953776
7978.0 0.3980698256503922
7980.0 0.40036252148555274
7982.0 0.40146377326002647
7984.0 0.39970360161310436
7986.0 0.3987596066418116
7988.0 0.4027469478122742
7990.0 0.40630067969630945
7992.0 0.4094788115841308
7994.0 0.40710595960544194
7996.0 0.402124912851951
7998.0 0.3976790276869823
8000.0 0.39725410177271264
8002.0 0.39268845760625215
8004.0 0.3902505677941697
8006.0 0.3821047770356433
8008.0 0.37967200728214073
8010.0 0.37796815655818644
8012.0 0.37761189165086356
8014.0 0.3834943166890574
8016.0 0.38102085272684194
8018.0 0.375911377604693
8020.0 0.3790665567766899
8022.0 0.38426113948243146
8024.0 0.38107402222719533
8026.0 0.3777262513116186
8028.0 0.3725402595589942
8030.0 0.3765694358111876
8032.0 0.38222259773536926
8034.0 0.38440053491235976
8036.0 0.39358376720036825
8038.0 0.39606390981949124
8040.0 0.3999542326913041
8042.0 0.3956370162832727
8044.0 0.39790765780256243
8046.0 0.40521275687576025
8048.0 0.40425640941092983
8050.0 0.4030662560782311
8052.0 0.3971624721472117
8054.0 0.39968823028333267
8056.0 0.3981278088439163
8058.0 0.39397849440726224
8060.0 0.3848841142579762
8062.0 0.3812728478743195
8064.0 0.38558855034402817
8066.0 0.3889955980890961
8068.0 0.387804399485046
8070.0 0.3840755371267645
8072.0 0.3833917857703549
8074.0 0.3774085765596744
8076.0 0.3719342716047338
8078.0 0.36887671852714055
8080.0 0.3731098338377481
8082.0 0.3804446476914897
8084.0 0.38312029301559175
8086.0 0.3825364813873927
8088.0 0.38352106496003335
8090.0 0.3856800722520366
8092.0 0.3849457971147298
8094.0 0.38226278728284535
8096.0 0.3788768727859044
8098.0 0.37877076593579817
8100.0 0.37755412785240877
8102.0 0.3765240469901059
8104.0 0.3779448485750919
8106.0 0.3794336563065115
8108.0 0.37418710433121705
8110.0 0.3750611938344797
8112.0 0.3759200480978176
8114.0 0.37380332024613816
8116.0 0.3749332827307476
8118.0 0.3753065075058253
8120.0 0.378584166274698
8122.0 0.38503840233952996
8124.0 0.38766090959993277
8126.0 0.3808011778386252
8128.0 0.37467522287666166
8130.0 0.38130068948679974
8132.0 0.38342959109207564
8134.0 0.3809199556162569
8136.0 0.3801896284160335
8138.0 0.3837365472638127
8140.0 0.37562688833335856
8142.0 0.3702303451313437
8144.0 0.3685100188217242
8146.0 0.36866934535005247
8148.0 0.37325339610227404
8150.0 0.3709439096691931
8152.0 0.36402727079963393
8154.0 0.36001881285155934
8156.0 0.365355783930094
8158.0 0.3697854791471572
8160.0 0.369029764310842
8162.0 0.3660578115178358
8164.0 0.36559465748571424
8166.0 0.3700185078830037
8168.0 0.37426230215774364
8170.0 0.37540147181819566
8172.0 0.3727475757181977
8174.0 0.3680542049881563
8176.0 0.37114442131429143
8178.0 0.3772193444803888
8180.0 0.3789864245511185
8182.0 0.3809455116766683
8184.0 0.3809055792813305
8186.0 0.37470887026040867
8188.0 0.36343204289007397
8190.0 0.3583992993262094
8192.0 0.3618499883191644
8194.0 0.3649069615152055
8196.0 0.3697065978661724
8198.0 0.3706306130797475
8200.0 0.3715179875990303
8202.0 0.36458114766628646
8204.0 0.36011205913588185
8206.0 0.36107224102934526
8208.0 0.3596184564369206
8210.0 0.361132042001517
8212.0 0.36291443084088226
8214.0 0.3595382534399439
8216.0 0.35823817786901296
8218.0 0.3599607280060975
8220.0 0.3643441550332649
8222.0 0.36534184355918586
8224.0 0.3594998247153581
8226.0 0.35662102232089987
8228.0 0.3493639913411601
8230.0 0.3497530870463343
8232.0 0.35355844472619086
8234.0 0.34765604341390655
8236.0 0.34214027720319035
8238.0 0.33607891763018094
8240.0 0.33041517458693603
8242.0 0.3307773524803358
8244.0 0.33445620990856695
8246.0 0.3351839245049677
8248.0 0.3245830791773947
8250.0 0.3194586596011089
8252.0 0.3144904945048492
8254.0 0.32087116532830284
8256.0 0.3297057459887419
8258.0 0.3331577726534662
8260.0 0.3344819245043486
8262.0 0.3358410602874355
8264.0 0.33252164089912445
8266.0 0.3309202937220437
8268.0 0.32739474959823117
8270.0 0.3228669229888243
8272.0 0.3247129409723199
8274.0 0.32162084779689576
8276.0 0.32450459993039715
8278.0 0.32238932666577946
8280.0 0.31539496245348614
8282.0 0.30321761662961233
8284.0 0.3026592189738078
8286.0 0.30960775613002267
8288.0 0.31247484659495706
8290.0 0.30722268714112033
8292.0 0.30729083558056536
8294.0 0.30762082534405316
8296.0 0.30674715945077813
8298.0 0.30249675911211493
8300.0 0.29888639499344033
8302.0 0.30690645255658255
8304.0 0.30339458289961324
8306.0 0.30098752908947823
8308.0 0.30083605030386656
8310.0 0.29708708943693485
8312.0 0.2909233013039652
8314.0 0.27869842437028225
8316.0 0.27654412055647104
8318.0 0.27622061585844565
8320.0 0.2845863245241459
8322.0 0.2923925113342465
8324.0 0.2974654009076806
8326.0 0.30287964318735483
8328.0 0.30260048843141263
8330.0 0.29804519438180643
8332.0 0.2967878947310124
8334.0 0.29285434694932816
8336.0 0.2901894870082869
8338.0 0.2906976383124261
8340.0 0.2930328774710358
8342.0 0.2906659611947505
8344.0 0.28859831801090186
8346.0 0.2863303799177246
8348.0 0.29339558732072885
8350.0 0.2964422914012164
8352.0 0.3028993016673587
8354.0 0.307369393079249
8356.0 0.3055482743493394
8358.0 0.3062466999271479
8360.0 0.30644963291702737
8362.0 0.3059894478562129
8364.0 0.3030256607581669
8366.0 0.3036558841837353
8368.0 0.30409901116431265
8370.0 0.30454784151511294
8372.0 0.3045482001663218
8374.0 0.304323681456523
8376.0 0.30302297300213876
8378.0 0.30462091501955274
8380.0 0.307474749612079
8382.0 0.30733517730744747
8384.0 0.3046580361347788
8386.0 0.3043630544955219
8388.0 0.3036605399551911
8390.0 0.3020155942707662
8392.0 0.3041306063805675
8394.0 0.3125380807711364
8396.0 0.3125226018516084
8398.0 0.3110035683015564
8400.0 0.30973412910513676
8402.0 0.31268719630451597
8404.0 0.3198070584873769
8406.0 0.3238469654179274
8408.0 0.3228171828643154
8410.0 0.3237251158032897
8412.0 0.32499940566033114
8414.0 0.3307097510122117
8416.0 0.33829846083007187
8418.0 0.3421018335655816
8420.0 0.3419673466616323
8422.0 0.3421996205973314
8424.0 0.3410423334645179
8426.0 0.34419240025879444
8428.0 0.34629567767043273
8430.0 0.34189587618272216
8432.0 0.3409475631800508
8434.0 0.34527068192645666
8436.0 0.3506972542579333
8438.0 0.34556789823551226
8440.0 0.34790618154647895
8442.0 0.34830764377202167
8444.0 0.3555962326271543
8446.0 0.35701731477845794
8448.0 0.35352360705596425
8450.0 0.35653755932676556
8452.0 0.3628378694989155
8454.0 0.36632801068405546
8456.0 0.36374193483246625
8458.0 0.36024356982270234
8460.0 0.3557864344397461
8462.0 0.3538895684708686
8464.0 0.3520715436091055
8466.0 0.35628330938583097
8468.0 0.35929195359794985
8470.0 0.3652421263071233
8472.0 0.3714302359796299
8474.0 0.3754476479065715
8476.0 0.37586886049684465
8478.0 0.37397409067035303
8480.0 0.37890891873866106
8482.0 0.37789486486639523
8484.0 0.38356226789037506
8486.0 0.3852322178983983
8488.0 0.38422082124392715
8490.0 0.37870642096642615
8492.0 0.3795415066253301
8494.0 0.3817296620120635
8496.0 0.3843451829655636
8498.0 0.38024445795034956
8500.0 0.3835719222676201
8502.0 0.3950799148867952
8504.0 0.3912017792672422
8506.0 0.39259273902240993
8508.0 0.39603284506246167
8510.0 0.4054628803734729
8512.0 0.40522018817875116
8514.0 0.4074101508331794
8516.0 0.40806073027214324
8518.0 0.41594161717183786
8520.0 0.42932226051403716
8522.0 0.42679649759939897
8524.0 0.4183725840076085
8526.0 0.40542346901148696
8528.0 0.40468844076463273
8530.0 0.4077541036387523
8532.0 0.419223207144212
8534.0 0.4273672090571188
8536.0 0.430077516769735
8538.0 0.4306626666895498
8540.0 0.42582659442487614
8542.0 0.43044822266940874
8544.0 0.4318788222571994
8546.0 0.4333528558204318
8548.0 0.43978972768550006
8550.0 0.4411946182501004
8552.0 0.43846727916990386
8554.0 0.43814480352596924
8556.0 0.44008175700377156
8558.0 0.4504647368273213
8560.0 0.4568309580783896
8562.0 0.4610807495732282
8564.0 0.47458691912596523
8566.0 0.47933252123958187
8568.0 0.47758404928019155
8570.0 0.48548476726959267
8572.0 0.49404106368845285
8574.0 0.5027836024233758
8576.0 0.5068469608015437
8578.0 0.5128641973100281
8580.0 0.5241112875594645
8582.0 0.5298722322178504
8584.0 0.5360235570883666
8586.0 0.5383965569390105
8588.0 0.5396840389123497
8590.0 0.5419134173615081
8592.0 0.5441120206422108
8594.0 0.5464898910386342
8596.0 0.5514908676425219
8598.0 0.5546048061369204
8600.0 0.5610505712549905
8602.0 0.5624716498470821
8604.0 0.5612886848547585
8606.0 0.5492753749374172
8608.0 0.5457008591206032
8610.0 0.5469762914812822
8612.0 0.550032522973174
8614.0 0.5541774988373562
8616.0 0.5638805043285255
8618.0 0.5680135051225136
8620.0 0.5764560655892786
8622.0 0.5814346244069069
8624.0 0.5762374019299563
8626.0 0.5689575288079617
8628.0 0.5647129458970962
8630.0 0.5734706974254138
8632.0 0.5769056839394082
8634.0 0.5786564287648431
8636.0 0.5757079979901291
8638.0 0.580731498243203
8640.0 0.5886360246044584
8642.0 0.5940093778920755
8644.0 0.594140753465473
8646.0 0.5883571984972077
8648.0 0.5827379976340865
8650.0 0.5923136633043461
8652.0 0.6022365674448678
8654.0 0.607487744188181
8656.0 0.6098240007670137
8658.0 0.5986215811792827
8660.0 0.5979493492159585
8662.0 0.6071836698044775
8664.0 0.6153349949452467
8666.0 0.6069072219199446
8668.0 0.6069553929858782
8670.0 0.5932975468399982
8672.0 0.5845647026670697
8674.0 0.5884896308194386
8676.0 0.5824234961901237
8678.0 0.5754242083395402
8680.0 0.5728167983640348
8682.0 0.5693682404910646
8684.0 0.5602604061428414
8686.0 0.5596562212410296
8688.0 0.5668854775534893
8690.0 0.5771091644198448
8692.0 0.5717958360761384
8694.0 0.5673382798327368
8696.0 0.5666995839859359
8698.0 0.5634943381296225
8700.0 0.5602698336779335
8702.0 0.5513089833578229
8704.0 0.5403982487851848
8706.0 0.5359186409184844
8708.0 0.5353167037279746
8710.0 0.528833394490665
8712.0 0.5210929736953862
8714.0 0.5157968057107027
8716.0 0.5236290076133957
8718.0 0.5326990886658377
8720.0 0.5314424083743912
8722.0 0.5211119156243749
8724.0 0.5140128925925443
8726.0 0.5107591130520548
8728.0 0.5072680216920619
8730.0 0.5104083391712592
8732.0 0.5140001150759567
8734.0 0.5159574716067414
8736.0 0.5247955872061799
8738.0 0.5313379765280772
8740.0 0.5331695627158111
8742.0 0.5239390851402872
8744.0 0.5162358913645735
8746.0 0.5162312824216506
8748.0 0.5175273296089796
8750.0 0.5214385947386176
8752.0 0.5282053687199595
8754.0 0.5350629675196998
8756.0 0.5411957401967403
8758.0 0.5293876007786742
8760.0 0.5297649834276479
8762.0 0.522061135540671
8764.0 0.5037042099455418
8766.0 0.4849984304656068
8768.0 0.47886755960614685
8770.0 0.4758760305623792
8772.0 0.4837446206740215
8774.0 0.49725137614891357
8776.0 0.5073034474180073
8778.0 0.5106215674487742
8780.0 0.5062982793319744
8782.0 0.490901040764526
8784.0 0.47996727951349966
8786.0 0.46669025814222864
8788.0 0.4672988375735196
8790.0 0.46835593603024483
8792.0 0.4767974190310797
8794.0 0.45922394499447944
8796.0 0.4491936293891359
8798.0 0.4360567523554892
8800.0 0.4389584955153766
8802.0 0.4456481738001415
8804.0 0.4592081673172143
8806.0 0.45922198994360025
8808.0 0.46360353373751134
8810.0 0.45966331968877233
8812.0 0.46109408305727473
8814.0 0.4572154233237537
8816.0 0.449358435213048
8818.0 0.4450898705804519
8820.0 0.4371831473059358
8822.0 0.42534819926351236
8824.0 0.43143623198881526
8826.0 0.4234463428904986
8828.0 0.42162083492322205
8830.0 0.4320680837773216
8832.0 0.4433759577984146
8834.0 0.44690657178490195
8836.0 0.4417465259739312
8838.0 0.43688251864453337
8840.0 0.431981016023604
8842.0 0.44549906666900585
8844.0 0.43607313328212766
8846.0 0.43127334447221555
8848.0 0.39940747086895106
8850.0 0.39582991375191867
8852.0 0.3954667998473831
8854.0 0.40705372867076206
8856.0 0.40728214464097
8858.0 0.40539598748193184
8860.0 0.40031216203648096
8862.0 0.4026012721954403
8864.0 0.40028720836710935
8866.0 0.39372353335755467
8868.0 0.40430894676162704
8870.0 0.4084301001402801
8872.0 0.4173756879783795
8874.0 0.40625052347244556
8876.0 0.39783999052023916
8878.0 0.3854018476589314
8880.0 0.3976344441997873
8882.0 0.4024518150373422
8884.0 0.3996364499864478
8886.0 0.38835281893572743
8888.0 0.3787423343270767
8890.0 0.372269105041049
8892.0 0.373843095354456
8894.0 0.3693106118497944
8896.0 0.36090859962198957
8898.0 0.3580980858353309
8900.0 0.35465203019831393
8902.0 0.35369352463227355
8904.0 0.3584693545943849
8906.0 0.3673400081364652
8908.0 0.37444281305917254
8910.0 0.367999517671232
8912.0 0.35795528366831786
8914.0 0.3481564024367315
8916.0 0.34369106387397735
8918.0 0.3472589999135792
8920.0 0.3554306286470117
8922.0 0.3574891609620641
8924.0 0.3550450446294197
8926.0 0.3563925851721251
8928.0 0.34693880041829994
8930.0 0.35092806917917535
8932.0 0.35467773470162095
8934.0 0.3596850622435926
8936.0 0.36331174331516075
8938.0 0.35864687295745457
8940.0 0.35171503721106384
8942.0 0.34584614885305254
8944.0 0.34097984252394176
8946.0 0.34518039697452174
8948.0 0.34576984118682685
8950.0 0.3399413652737015
8952.0 0.3410105382638195
8954.0 0.3433287884835616
8956.0 0.34682535571343026
8958.0 0.3500143412529069
8960.0 0.3489221434395143
8962.0 0.34429120384310224
8964.0 0.3423202824233517
8966.0 0.3385048468611529
8968.0 0.33686221645663644
8970.0 0.3342210253629418
8972.0 0.33605333729252207
8974.0 0.3376354508069264
8976.0 0.3386945428862357
8978.0 0.33790296233792033
8980.0 0.3412707395722727
8982.0 0.3474287624293619
8984.0 0.34392309582916425
8986.0 0.3393910348163983
8988.0 0.33993108256318577
8990.0 0.3384462723053723
8992.0 0.33868150774990274
8994.0 0.3426677979350023
8996.0 0.34432120384342896
8998.0 0.3426328284240791
9000.0 0.3399378711892242
9002.0 0.3386772042298633
9004.0 0.33962711347924635
9006.0 0.34383070057262877
9008.0 0.3457191245177004
9010.0 0.34386651947155683
9012.0 0.3422430651240755
9014.0 0.34220536907341514
9016.0 0.34409547603666396
9018.0 0.3448916702289062
9020.0 0.3487704558060972
9022.0 0.3528239868189502
9024.0 0.3541444437220306
9026.0 0.35770327127496715
9028.0 0.36281151885852336
9030.0 0.3640584699232249
9032.0 0.36498408378099195
9034.0 0.3610871495185914
9036.0 0.3578822322506807
9038.0 0.35712179868832683
9040.0 0.3587356641767568
9042.0 0.3581036876501927
9044.0 0.3544843181037357
9046.0 0.3476851119458546
9048.0 0.34540258347673086
9050.0 0.34835227108402245
9052.0 0.3538169385649254
9054.0 0.35530593229287954
9056.0 0.3545425781718095
9058.0 0.359978507738026
9060.0 0.36570348312473355
9062.0 0.36645091192726875
9064.0 0.3624538576178944
9066.0 0.36270300231762026
9068.0 0.36967699213067445
9070.0 0.36948405299240156
9072.0 0.36279610062131934
9074.0 0.3577590244533101
9076.0 0.35456627346412534
9078.0 0.3530281162741519
9080.0 0.3551301663707968
9082.0 0.35825812177742156
9084.0 0.3578108467425967
9086.0 0.3515500304493016
9088.0 0.3507828981456442
9090.0 0.353441277762772
9092.0 0.3572286796143428
9094.0 0.35963041589361044
9096.0 0.3618294381134425
9098.0 0.3555127205561001
9100.0 0.3502439419270745
9102.0 0.3482751935214196
9104.0 0.3500120684422125
9106.0 0.3474806315591478
9108.0 0.3487055186580384
9110.0 0.350870744624576
9112.0 0.3503446886910509
9114.0 0.3482821921670616
9116.0 0.34587115547294023
9118.0 0.34702789531717715
9120.0 0.34756562834547594
9122.0 0.3478538034264214
9124.0 0.3438099022633415
9126.0 0.3466931372972353
9128.0 0.3505421560839582
9130.0 0.35127822252813273
9132.0 0.36395928326295407
9134.0 0.37783081506201716
9136.0 0.3850940162983249
9138.0 0.3800813239428693
9140.0 0.3740229496265979
9142.0 0.37222493279913216
9144.0 0.36784238586832363
9146.0 0.3712164533567148
9148.0 0.3496129046213806
9150.0 0.3416348739512493
9152.0 0.33036367762608093
9154.0 0.3213656573219021
9156.0 0.3218423969659772
9158.0 0.3285599986274596
9160.0 0.3426514543079008
9162.0 0.35147725069117647
9164.0 0.357643658386918
9166.0 0.3614909989863343
9168.0 0.36216640186160953
9170.0 0.35688767091993884
9172.0 0.35555899502423277
9174.0 0.3664703140153669
9176.0 0.37374605594602334
9178.0 0.3758711913777119
9180.0 0.37745480095894784
9182.0 0.3804502224057242
9184.0 0.3673453731775444
9186.0 0.35739022012186067
9188.0 0.36528024259766506
9190.0 0.37335043005630525
9192.0 0.3718057054571206
9194.0 0.38080395101637016
9196.0 0.384451995615943
9198.0 0.3906673105736323
9200.0 0.38531203431780686
9202.0 0.351044672785227
9204.0 0.31928556499228056
9206.0 0.3149645532453305
9208.0 0.3464737879577014
9210.0 0.3603782225692758
9212.0 0.3868478433068075
9214.0 0.40956789297224916
9216.0 0.4024149019767702
9218.0 0.3931778981141459
9220.0 0.3884853629587609
9222.0 0.39014430089617147
9224.0 0.3954556786469137
9226.0 0.3981461060260177
9228.0 0.38661332714898294
9230.0 0.37883866803390887
9232.0 0.37780972199095597
9234.0 0.3725027209949577
9236.0 0.3746272723646577
9238.0 0.39245990867469605
9240.0 0.39353974921189544
9242.0 0.39560447472396376
9244.0 0.4004051384667423
9246.0 0.4040293351367811
9248.0 0.40716360774925797
9250.0 0.4075891304155475
9252.0 0.4047494544874791
9254.0 0.3873495037730707
9256.0 0.3831559832124185
9258.0 0.3769787499770565
9260.0 0.37620376029924324
9262.0 0.3830748443399815
9264.0 0.4045852289848717
9266.0 0.42581867862186906
9268.0 0.416553608452807
9270.0 0.4030438912124206
9272.0 0.40443020663779183
9274.0 0.4131313319550604
9276.0 0.4135646745289215
9278.0 0.40343580534845286
9280.0 0.3882977295057408
9282.0 0.3790360475912095
9284.0 0.36179585026766165
9286.0 0.34926726975498895
9288.0 0.34812922491071097
9290.0 0.351540896276077
9292.0 0.35902999243329214
9294.0 0.35647812659569034
9296.0 0.35433797698704766
9298.0 0.35816404619731973
9300.0 0.35737348596019636
9302.0 0.3611292082187928
9304.0 0.35324736996822315
9306.0 0.35455513018470813
9308.0 0.3508173837039299
9310.0 0.34414418819642195
9312.0 0.3514527877616696
9314.0 0.36638642852584713
9316.0 0.36326459093656494
9318.0 0.3589255920689548
9320.0 0.3596622201888794
9322.0 0.36075385290973205
9324.0 0.3564947610285032
9326.0 0.3736033363225455
9328.0 0.38436888465719266
9330.0 0.3850990540778781
9332.0 0.3908870572345506
9334.0 0.39545921308492377
9336.0 0.39640706410017323
9338.0 0.4021304152793763
9340.0 0.4044693442799894
9342.0 0.4044495952652546
9344.0 0.4070312226898922
9346.0 0.4248958442872705
9348.0 0.43152379020675596
9350.0 0.42883148260209036
9352.0 0.39657161376122163
9354.0 0.3749078125776727
9356.0 0.3631677251862413
9358.0 0.35932561128836227
9360.0 0.35223248074226476
9362.0 0.35840588979791
9364.0 0.36961659806982855
9366.0 0.38056972435312736
9368.0 0.38857260092827
9370.0 0.3842620156144457
9372.0 0.3897414210339793
9374.0 0.3907452697425962
9376.0 0.3841136006244266
9378.0 0.37067122787663487
9380.0 0.36118324622504544
9382.0 0.35433899545141556
9384.0 0.36267142341616965
9386.0 0.36536943984835146
9388.0 0.366994845016748
9390.0 0.3697970261611143
9392.0 0.36934784590235525
9394.0 0.37227062896202406
9396.0 0.38375809223507124
9398.0 0.39436821998990146
9400.0 0.3933817689566666
9402.0 0.37942051752966627
9404.0 0.3712561408631153
9406.0 0.3666618109983484
9408.0 0.3475746898772792
9410.0 0.3401097626775462
9412.0 0.34077700034700753
9414.0 0.34085597988757554
9416.0 0.33594330818897483
9418.0 0.3331981571690592
9420.0 0.33697983374589685
9422.0 0.34714632363959486
9424.0 0.35569143551610244
9426.0 0.3618911235611696
9428.0 0.35639601756821987
9430.0 0.3459724572694553
9432.0 0.3426711843104715
9434.0 0.3402773896979905
9436.0 0.35109092468348196
9438.0 0.3538346307550934
9440.0 0.35786826190025567
9442.0 0.355582236620889
9444.0 0.3421106761201072
9446.0 0.34089765070285083
9448.0 0.35197715470759844
9450.0 0.36033869721228945
9452.0 0.36113631166214194
9454.0 0.36141040718621914
9456.0 0.35884518653515635
9458.0 0.349754225490517
9460.0 0.34881065595236516
9462.0 0.34874299915352286
9464.0 0.35259113409556353
9466.0 0.34708630629736814
9468.0 0.34772151234430687
9470.0 0.3427030286690724
9472.0 0.33874557016109647
9474.0 0.3330850270314298
9476.0 0.3321505356648206
9478.0 0.325859619815412
9480.0 0.31334951439076386
9482.0 0.3075654712589179
9484.0 0.31166669646886336
9486.0 0.3201606912778385
9488.0 0.332107988485862
9490.0 0.34178156109612784
9492.0 0.34049370423523617
9494.0 0.33625889707727047
9496.0 0.345193156730917
9498.0 0.36025900570347186
9500.0 0.3671622953292037
9502.0 0.3584119560205921
9504.0 0.34795306035115997
9506.0 0.35202871275772063
9508.0 0.3495654584415976
9510.0 0.348015763238505
9512.0 0.34215795339095
9514.0 0.33227900336067034
9516.0 0.33200242864171864
9518.0 0.3391992681219233
9520.0 0.3468369919655935
9522.0 0.3574179320639646
9524.0 0.36553620558799776
9526.0 0.36561043037999785
9528.0 0.36422858924515694
9530.0 0.3593975468323768
9532.0 0.35011183454486655
9534.0 0.3305624765821292
9536.0 0.321894793851743
9538.0 0.3205236754861432
9540.0 0.31465512906389936
9542.0 0.3085171719482449
9544.0 0.3089824995079037
9546.0 0.3060259964757282
9548.0 0.3089881361078472
9550.0 0.30118291780250067
9552.0 0.30495036828412747
9554.0 0.3037778219236136
9556.0 0.30636120130593636
9558.0 0.3147593831778676
9560.0 0.3329896845717824
9562.0 0.34614766520396517
9564.0 0.34564059819317106
9566.0 0.3338443518969035
9568.0 0.3251544076623716
9570.0 0.3173348588867628
9572.0 0.3157164989630671
9574.0 0.33066799609699493
9576.0 0.3311651572964576
9578.0 0.3251000451655038
9580.0 0.3234063879506188
9582.0 0.3269304095638819
9584.0 0.33138331074862215
9586.0 0.33073211769223426
9588.0 0.3334151404993036
9590.0 0.33125100030295285
9592.0 0.327461817420163
9594.0 0.31757584887685686
9596.0 0.31614264091326305
9598.0 0.3107641950599964
9600.0 0.3027140306602706
9602.0 0.29985815674638
9604.0 0.3035803922312525
9606.0 0.3001225594044162
9608.0 0.29787060542181193
9610.0 0.31147905878541027
9612.0 0.3258716814805797
9614.0 0.3336611189150599
9616.0 0.3316798795242141
9618.0 0.32337821174449827
9620.0 0.3202636600371607
9622.0 0.32977197385702844
9624.0 0.32606072906259664
9626.0 0.3280684919399863
9628.0 0.3175514450442768
9630.0 0.30683630717226473
9632.0 0.29847626367919616
9634.0 0.29458443830554865
9636.0 0.29531508442657156
9638.0 0.2968892078006916
9640.0 0.3090032254642994
9642.0 0.318934942309504
9644.0 0.3223560428741007
9646.0 0.3253447239548885
9648.0 0.32438653201220224
9650.0 0.3210950016687004
9652.0 0.31334913904327005
9654.0 0.31426382109103085
9656.0 0.3122711476212526
9658.0 0.3073249712594854
9660.0 0.29311465923004165
9662.0 0.2824815084814582
9664.0 0.2809101926052918
9666.0 0.29019508679405437
9668.0 0.3007669438540935
9670.0 0.3038042447784178
9672.0 0.3062161488791324
9674.0 0.3036390234914227
9676.0 0.29955074861181397
9678.0 0.2923187325576786
9680.0 0.29765774804699036
9682.0 0.2991417489894848
9684.0 0.3101988082128354
9686.0 0.3171328685876615
9688.0 0.3082250905841514
9690.0 0.2912417067116529
9692.0 0.28197146546866453
9694.0 0.2725100663122196
9696.0 0.28340598572257264
9698.0 0.2756717392676621
9700.0 0.26338212013275014
9702.0 0.27690698277135267
9704.0 0.2909683873059414
9706.0 0.30559533018785817
9708.0 0.3148444056447728
9710.0 0.3325527210867424
9712.0 0.34103498727227616
9714.0 0.34037221170049214
9716.0 0.33474409887645595
9718.0 0.3215195821054508
9720.0 0.31510074267269766
9722.0 0.31003333195381344
9724.0 0.30963795353699136
9726.0 0.3023918108404336
9728.0 0.28601684801159727
9730.0 0.28091862299859044
9732.0 0.2905244703957031
9734.0 0.30592803442511074
9736.0 0.3165263242919809
9738.0 0.3085852028199471
9740.0 0.29585260691696047
9742.0 0.29044570624875676
9744.0 0.2754968639506904
9746.0 0.28557211935593496
9748.0 0.27736835346611005
9750.0 0.2724213279825752
9752.0 0.270079016186896
9754.0 0.2548431822324171
9756.0 0.257686490993189
9758.0 0.26504644127759613
9760.0 0.2755065324032817
9762.0 0.2972720728554236
9764.0 0.3170514670442131
9766.0 0.3338348435485348
9768.0 0.3362228820879765
9770.0 0.35022736851424396
9772.0 0.35555407267148387
9774.0 0.35416865569616596
9776.0 0.35935861329489327
9778.0 0.35186409025116866
9780.0 0.33357814278543024
9782.0 0.31602416628948643
9784.0 0.31324153682131
9786.0 0.3144819354989601
9788.0 0.3160305632679911
9790.0 0.3113915124817488
9792.0 0.30636168172268896
9794.0 0.3065058821578454
9796.0 0.29696740883684647
9798.0 0.3009947578835496
9800.0 0.3136678841952748
9802.0 0.31459730336466246
9804.0 0.3181371923378256
9806.0 0.32452083923675856
9808.0 0.32079650128257814
9810.0 0.3196082401463165
9812.0 0.31187771801283465
9814.0 0.3001329772606936
9816.0 0.2972169721756099
9818.0 0.29634802263444027
9820.0 0.2907899472882075
9822.0 0.2949778395706158
9824.0 0.29667468157932647
9826.0 0.3064571158001182
9828.0 0.32305483693872866
9830.0 0.3350088995118158
9832.0 0.34294277828897685
9834.0 0.3438443057672761
9836.0 0.3194630147948553
9838.0 0.31038521228856075
9840.0 0.30723861018839205
9842.0 0.3098029812173488
9844.0 0.3141182091736249
9846.0 0.3119629337198873
9848.0 0.3105468741317579
9850.0 0.32182727929950616
9852.0 0.32299280399075325
9854.0 0.3260394052692444
9856.0 0.3272688023556947
9858.0 0.32027108198940435
9860.0 0.32432114739212525
9862.0 0.3330121349349827
9864.0 0.3356200320372051
9866.0 0.3376111804956103
9868.0 0.33489327611043684
9870.0 0.33274811293284295
9872.0 0.3252510588539086
9874.0 0.3155580725962083
9876.0 0.3023246483519757
9878.0 0.30932717031461904
9880.0 0.32061908105563436
9882.0 0.329522900398694
9884.0 0.3263030536312008
9886.0 0.3275851285304926
9888.0 0.330770015160291
9890.0 0.33696420824525863
9892.0 0.3381795106155058
9894.0 0.34376411678382995
9896.0 0.33808131628908655
9898.0 0.3274114586165554
9900.0 0.32998406008580067
9902.0 0.3266611111624555
9904.0 0.3157110528330723
9906.0 0.31493383419804755
9908.0 0.313376963892917
9910.0 0.3128069896810546
9912.0 0.31763225431921005
9914.0 0.3243046288950017
9916.0 0.31675186643403846
9918.0 0.3012544080216224
9920.0 0.2967557443849835
9922.0 0.2893044249770659
9924.0 0.2924971558547628
9926.0 0.29871570379681717
9928.0 0.29711495795351545
9930.0 0.2993537709169617
9932.0 0.30228917694509505
9934.0 0.3032661784920424
9936.0 0.3123321349887778
9938.0 0.3171284174494176
9940.0 0.3208762554553448
9942.0 0.3126454270808337
9944.0 0.3168040599009729
9946.0 0.3110820895393162
9948.0 0.3087664206177088
9950.0 0.3190782227642152
9952.0 0.3253157464769993
9954.0 0.3259475644740689
9956.0 0.32213658350422686
9958.0 0.31585073281594905
9960.0 0.3189474219489599
9962.0 0.32291241476994603
9964.0 0.31708295628154726
9966.0 0.33106298275106444
9968.0 0.3321291940342227
9970.0 0.32784350902647896
9972.0 0.3121786360680992
9974.0 0.3114748557286316
9976.0 0.3169167470567812
9978.0 0.3204347668815574
9980.0 0.32445633318274303
9982.0 0.3325084756083243
9984.0 0.3201095514415083
9986.0 0.3088402770468398
9988.0 0.30280666982637194
9990.0 0.29558736395330504
9992.0 0.289988018482279
9994.0 0.30717396243201056
9996.0 0.30949912069233965
9998.0 0.3156667703023846
