# z obs_date
# 0 52280
3580.0 0.734559661791982
3582.0 0.7452452823822734
3584.0 0.7683171635979115
3586.0 0.707579732646539
3588.0 0.7052937878428617
3590.0 0.7303139580863425
3592.0 0.7276463462819319
3594.0 0.749826576703228
3596.0 0.7726960737808999
3598.0 0.7408371921424107
3600.0 0.7235469911146623
3602.0 0.7167197711561345
3604.0 0.7300647871658176
3606.0 0.7524949174649233
3608.0 0.773836762450714
3610.0 0.7588715129044866
3612.0 0.7636073243876681
3614.0 0.7650195545909521
3616.0 0.7737554772002314
3618.0 0.7996666759787824
3620.0 0.7803455520596764
3622.0 0.7741823918131071
3624.0 0.7751646122479535
3626.0 0.7680335606173713
3628.0 0.7945455889075433
3630.0 0.7945582244266101
3632.0 0.8014186321209659
3634.0 0.7959420280837562
3636.0 0.7931038628902849
3638.0 0.7764994593667542
3640.0 0.7819121243879017
3642.0 0.7429793628411431
3644.0 0.7609426278404182
3646.0 0.7550487297727332
3648.0 0.7390054900384551
3650.0 0.7670601839937102
3652.0 0.7951006743413724
3654.0 0.7505391024612651
3656.0 0.7496398770942468
3658.0 0.7427079120303731
3660.0 0.7445347076739015
3662.0 0.7120101107065885
3664.0 0.6901199617791222
3666.0 0.7139087619884701
3668.0 0.7243499419484054
3670.0 0.7111788077881422
3672.0 0.7456130829678465
3674.0 0.7340041510077384
3676.0 0.7055722368993212
3678.0 0.7252059661723893
3680.0 0.6971814874649559
3682.0 0.6918025587297922
3684.0 0.6939848948002215
3686.0 0.6779601535511036
3688.0 0.6825493128644625
3690.0 0.6481711661843008
3692.0 0.6733405716779679
3694.0 0.6734334880628083
3696.0 0.6754048098028221
3698.0 0.6623943583766081
3700.0 0.6320037671077362
3702.0 0.6477495319430618
3704.0 0.6447482077131523
3706.0 0.6259633834094449
3708.0 0.5997167592832942
3710.0 0.6554612784054608
3712.0 0.6380613299822562
3714.0 0.601838582863947
3716.0 0.5798662892126111
3718.0 0.5668067907697254
3720.0 0.5737953524173788
3722.0 0.5599594349122687
3724.0 0.5509603427910543
3726.0 0.5324288106170981
3728.0 0.5229010358753304
3730.0 0.5193697116331264
3732.0 0.47698364611610206
3734.0 0.491632677329144
3736.0 0.4982382638498743
3738.0 0.48423441001732453
3740.0 0.5120250189418276
3742.0 0.5559485929971116
3744.0 0.5535052656448262
3746.0 0.5741634257905789
3748.0 0.544212511743635
3750.0 0.5402438095311198
3752.0 0.5543283880625317
3754.0 0.5695965072782585
3756.0 0.5526348412108704
3758.0 0.5381190312339871
3760.0 0.5205160646463003
3762.0 0.5143083567702152
3764.0 0.4915380166532726
3766.0 0.4996217348693881
3768.0 0.539965376439212
3770.0 0.5655208007221013
3772.0 0.5759894084237606
3774.0 0.5650563815412063
3776.0 0.5755472510172236
3778.0 0.5665934008017378
3780.0 0.5665797903498156
3782.0 0.5998838677335734
3784.0 0.6018423639460325
3786.0 0.5954201958510896
3788.0 0.6145197752314324
3790.0 0.6113980207209043
3792.0 0.6241459121690857
3794.0 0.6329748589038868
3796.0 0.6367470794323499
3798.0 0.6697438324035161
3800.0 0.683835573769181
3802.0 0.6441864482544574
3804.0 0.6531953951350822
3806.0 0.6843512159427169
3808.0 0.6706656273124669
3810.0 0.6694111490928395
3812.0 0.6784822171770454
3814.0 0.7061509403929013
3816.0 0.7042386958633292
3818.0 0.682978368589671
3820.0 0.7006612796286753
3822.0 0.7070207887694377
3824.0 0.6933180425673524
3826.0 0.6987461279315236
3828.0 0.7194456376171201
3830.0 0.7355801383163885
3832.0 0.735080287167916
3834.0 0.7342198023166553
3836.0 0.7188123552378086
3838.0 0.7301208796508276
3840.0 0.7193702862563832
3842.0 0.71493966076686
3844.0 0.7225167156537381
3846.0 0.7370292393688767
3848.0 0.7428024831759357
3850.0 0.7745136375063902
3852.0 0.7698293628350472
3854.0 0.7999839521842285
3856.0 0.8066250424763517
3858.0 0.8010137930994897
3860.0 0.802033792527025
3862.0 0.8162025697783659
3864.0 0.8360093227784042
3866.0 0.8552184256204259
3868.0 0.8513724112236049
3870.0 0.8615946059517943
3872.0 0.8675304695213699
3874.0 0.8744732778752575
3876.0 0.8827775394440124
3878.0 0.8809324447059291
3880.0 0.9061120265284367
3882.0 0.9509561061911251
3884.0 0.9395718055394278
3886.0 0.9249224312498169
3888.0 0.9564871356529504
3890.0 0.9541843224099835
3892.0 0.9679655216218492
3894.0 0.9471893738062314
3896.0 0.9636193576276393
3898.0 0.9746034076283207
3900.0 0.9912786794853486
3902.0 1.0
3904.0 0.983499794413365
3906.0 0.975779766020612
3908.0 0.935266540764876
3910.0 0.9365146096848805
3912.0 0.9780615250188912
3914.0 0.9615815464240103
3916.0 0.9353086004685349
3918.0 0.9474746988285518
3920.0 0.9644651187258304
3922.0 0.9635753100500032
3924.0 0.9471641951864093
3926.0 0.9434594360188853
3928.0 0.9362861783981995
3930.0 0.945368684043335
3932.0 0.9670107339030187
3934.0 0.9510131482277756
3936.0 0.9467421468117609
3938.0 0.9616834950156244
3940.0 0.9420397362022471
3942.0 0.930880603292638
3944.0 0.9427142107791238
3946.0 0.9601417574928695
3948.0 0.9545964796519776
3950.0 0.9344012708759086
3952.0 0.9124189727703926
3954.0 0.9137038448537002
3956.0 0.9596642033686211
3958.0 0.9834896326312156
3960.0 0.9910621056546973
3962.0 0.9635817853381622
3964.0 0.9615501973348104
3966.0 0.9551651832995549
3968.0 0.950106303356828
3970.0 0.9604833986177421
3972.0 0.9609895613940501
3974.0 0.9648209717429863
3976.0 0.959813914267005
3978.0 0.978751629030001
3980.0 0.9700743746228988
3982.0 0.9524543531034438
3984.0 0.948338250263583
3986.0 0.9244753001039585
3988.0 0.9435877235084353
3990.0 0.9944605509801028
3992.0 0.9662596675365027
3994.0 0.937697335407256
3996.0 0.9317910965473356
3998.0 0.9697037470898763
4000.0 0.953870691644509
4002.0 0.9399709716638324
4004.0 0.9199003734493915
4006.0 0.9148979961337513
4008.0 0.9179792819259046
4010.0 0.8933983567337168
4012.0 0.904908610065923
4014.0 0.9158185365441167
4016.0 0.8653189633440573
4018.0 0.8666285258613419
4020.0 0.8712629061788949
4022.0 0.8893798251942294
4024.0 0.8883770294268027
4026.0 0.8869463418555362
4028.0 0.8942911337941355
4030.0 0.8776270361794875
4032.0 0.8890622650303837
4034.0 0.8602267441982109
4036.0 0.8552172577929699
4038.0 0.8554596122980213
4040.0 0.8604448937376462
4042.0 0.8672333824604023
4044.0 0.8262721960673951
4046.0 0.8436208193903973
4048.0 0.8614696895418964
4050.0 0.8789751019064673
4052.0 0.8659503938133266
4054.0 0.8779334483159306
4056.0 0.8551407191966369
4058.0 0.8846765496793048
4060.0 0.9058807871649114
4062.0 0.8891696637946017
4064.0 0.8771775519324636
4066.0 0.8863774924188661
4068.0 0.902470968267726
4070.0 0.8893575035173399
4072.0 0.8919494511369576
4074.0 0.8892276739251297
4076.0 0.8982927103858831
4078.0 0.9065282640233792
4080.0 0.9234294997745499
4082.0 0.9089930443383691
4084.0 0.9054452490237025
4086.0 0.9095440381512252
4088.0 0.8988058963954051
4090.0 0.911834199200188
4092.0 0.9537403502067626
4094.0 0.9378973061397546
4096.0 0.8999905396996765
4098.0 0.9099123842753707
4100.0 0.9171087522539118
4102.0 0.9066030765953964
4104.0 0.8865872306805923
4106.0 0.9000246831506269
4108.0 0.9001675055509737
4110.0 0.8719169501208136
4112.0 0.8826235703606736
4114.0 0.8793246150435333
4116.0 0.8717890655265144
4118.0 0.8654581456177244
4120.0 0.8649681192067419
4122.0 0.8620466513312515
4124.0 0.868322033835828
4126.0 0.8548599571217439
4128.0 0.8603230277650474
4130.0 0.8522006107379602
4132.0 0.8214813283725578
4134.0 0.8185971884439776
4136.0 0.8226081420787171
4138.0 0.800687021567791
4140.0 0.809693797078349
4142.0 0.8039853120686694
4144.0 0.7933945097515227
4146.0 0.7897782928028155
4148.0 0.8003144720313404
4150.0 0.8018580151185993
4152.0 0.781460575028407
4154.0 0.785582966536277
4156.0 0.7949505404634378
4158.0 0.7844984810260154
4160.0 0.7781686650156031
4162.0 0.7861975858802985
4164.0 0.771203296778649
4166.0 0.7737417255351671
4168.0 0.7552854983295766
4170.0 0.7598352643978609
4172.0 0.7550303086639297
4174.0 0.7555689372454854
4176.0 0.7573311790441686
4178.0 0.746994416626128
4180.0 0.7616381696878568
4182.0 0.7657151805449743
4184.0 0.7539411538552164
4186.0 0.7443680583678708
4188.0 0.758737002575316
4190.0 0.7594770320755424
4192.0 0.7643535032883989
4194.0 0.7652870950962688
4196.0 0.7643524157880595
4198.0 0.7641658987022847
4200.0 0.7463811305655862
4202.0 0.7345581004793322
4204.0 0.7437733596153314
4206.0 0.755631400394667
4208.0 0.7584509063266056
4210.0 0.7342727637828514
4212.0 0.7288258643211558
4214.0 0.7254185533429504
4216.0 0.7202568156999357
4218.0 0.7158715388053526
4220.0 0.7071260530681994
4222.0 0.6918469805521668
4224.0 0.696271925171159
4226.0 0.6961659291719747
4228.0 0.6933298335947617
4230.0 0.692248388987725
4232.0 0.717272726246867
4234.0 0.6984768836208671
4236.0 0.6828986365857608
4238.0 0.6913911368318172
4240.0 0.6982488049471777
4242.0 0.6887102945131521
4244.0 0.6823924825553959
4246.0 0.6782114912058821
4248.0 0.6735761973628438
4250.0 0.6770845503999601
4252.0 0.6773306345089655
4254.0 0.6787528151868706
4256.0 0.6685199990395537
4258.0 0.6486035988270725
4260.0 0.6643548495216192
4262.0 0.6591560674840548
4264.0 0.6562717628402699
4266.0 0.6479264691785396
4268.0 0.6511303249310095
4270.0 0.6618113772934001
4272.0 0.6618032676211727
4274.0 0.6472111500352812
4276.0 0.6451752782511948
4278.0 0.6444276011148836
4280.0 0.6470031565871451
4282.0 0.6412845639012271
4284.0 0.6367612098073484
4286.0 0.6387425267814489
4288.0 0.6499126042556992
4290.0 0.6282624966762697
4292.0 0.6127260693652667
4294.0 0.6249066280663087
4296.0 0.6470186012662693
4298.0 0.6401395683906219
4300.0 0.6130048269186202
4302.0 0.6137784220423341
4304.0 0.6119258478624043
4306.0 0.6349089745396511
4308.0 0.6387098012591256
4310.0 0.6335877347534256
4312.0 0.6255888769422917
4314.0 0.6159166135676986
4316.0 0.6216800477966787
4318.0 0.6153027282206884
4320.0 0.6248815843597628
4322.0 0.624815041583025
4324.0 0.6210539373159474
4326.0 0.6262481662921093
4328.0 0.6230664302212856
4330.0 0.6268968237139448
4332.0 0.6261473854878173
4334.0 0.6124880516676144
4336.0 0.5901407937170365
4338.0 0.5850886570686414
4340.0 0.5944804482443463
4342.0 0.5845422266599783
4344.0 0.5769510041823963
4346.0 0.5878182992325043
4348.0 0.5814758143890482
4350.0 0.5749388507301497
4352.0 0.5878553699298508
4354.0 0.6052312019145687
4356.0 0.591188505925476
4358.0 0.6012405292356762
4360.0 0.6192439099110186
4362.0 0.6181367810978006
4364.0 0.6200298473976562
4366.0 0.6299771647950902
4368.0 0.6056200513444894
4370.0 0.6108617616791577
4372.0 0.6319921081641298
4374.0 0.6416680065848557
4376.0 0.6286887166280234
4378.0 0.6251047029106772
4380.0 0.6177720807770889
4382.0 0.6202753364374469
4384.0 0.6261505219264424
4386.0 0.6528673218587187
4388.0 0.6569059686895206
4390.0 0.6665901567471035
4392.0 0.6671897627344061
4394.0 0.6531694985966656
4396.0 0.6444326929317511
4398.0 0.6467591712717092
4400.0 0.6531666230244316
4402.0 0.6622069542431548
4404.0 0.6653822722168528
4406.0 0.676866272122477
4408.0 0.6691161651970035
4410.0 0.6574851418489038
4412.0 0.6562333371998523
4414.0 0.6449341014481742
4416.0 0.6664983182946533
4418.0 0.6794151900793144
4420.0 0.6704505647912476
4422.0 0.6515571121228642
4424.0 0.6583053173614768
4426.0 0.6642882819707471
4428.0 0.6551109469258493
4430.0 0.6501196358406397
4432.0 0.6505783195965262
4434.0 0.6394230598816926
4436.0 0.6238183185527933
4438.0 0.6327638444469345
4440.0 0.6410398163209632
4442.0 0.6573045938199168
4444.0 0.6667717145137464
4446.0 0.6596437553243019
4448.0 0.6523876912090926
4450.0 0.6725114543683393
4452.0 0.6710416852642193
4454.0 0.6936306695097135
4456.0 0.7112802076440705
4458.0 0.6922771647442578
4460.0 0.6893748501729147
4462.0 0.6938828162355718
4464.0 0.7177153924428681
4466.0 0.7382561271846535
4468.0 0.7375918534197711
4470.0 0.7316147297009038
4472.0 0.7384977984124351
4474.0 0.7572741058629628
4476.0 0.7723212612524378
4478.0 0.7546025195579825
4480.0 0.7555178293162808
4482.0 0.7533252880701866
4484.0 0.7608932685580054
4486.0 0.7568173777462887
4488.0 0.7667414947314776
4490.0 0.7865450572128946
4492.0 0.7691173144920901
4494.0 0.7616880975369936
4496.0 0.7786347809941363
4498.0 0.8052499096457887
4500.0 0.8082804182146374
4502.0 0.7984387837513525
4504.0 0.7752866497470005
4506.0 0.7788957060096571
4508.0 0.7985137002192955
4510.0 0.7971773944048185
4512.0 0.8141523142755445
4514.0 0.8122406797207815
4516.0 0.7990317862090832
4518.0 0.7986019267493962
4520.0 0.7871711749680388
4522.0 0.7857477489079402
4524.0 0.796668374216622
4526.0 0.7884752620507501
4528.0 0.7923138417650666
4530.0 0.8165893541073954
4532.0 0.807858753583558
4534.0 0.8125923477872297
4536.0 0.83847549742372
4538.0 0.8331837823057437
4540.0 0.8421687366782977
4542.0 0.8314144521104254
4544.0 0.8326084713365199
4546.0 0.8484954487652063
4548.0 0.8539043424458563
4550.0 0.8490001340520537
4552.0 0.8580943510037244
4554.0 0.8561073147698847
4556.0 0.87500130516319
4558.0 0.8875976418055702
4560.0 0.8763902778208044
4562.0 0.8612160615584115
4564.0 0.8560498336117882
4566.0 0.8743772778956634
4568.0 0.87734181388182
4570.0 0.8657568910413644
4572.0 0.8726385482712072
4574.0 0.8716304666883045
4576.0 0.8597323077066927
4578.0 0.8521738713117064
4580.0 0.849128397848312
4582.0 0.8523604032809876
4584.0 0.8252376979982283
4586.0 0.823375507276596
4588.0 0.8256387503670174
4590.0 0.8153201633416435
4592.0 0.8122054740670615
4594.0 0.8182142400401824
4596.0 0.8187475821747631
4598.0 0.8086166373257221
4600.0 0.7937880908052901
4602.0 0.7870275558180388
4604.0 0.8031258497830315
4606.0 0.8081060749891307
4608.0 0.802272572260689
4610.0 0.8037206807168225
4612.0 0.795418686807639
4614.0 0.7883823958986241
4616.0 0.7938073051990163
4618.0 0.7808071556128937
4620.0 0.7951003354302826
4622.0 0.7953051076114801
4624.0 0.7929657665655648
4626.0 0.7758853961243404
4628.0 0.7805292913547287
4630.0 0.8130747070087421
4632.0 0.8157689046721815
4634.0 0.7876286058331382
4636.0 0.7700039399849746
4638.0 0.7648713991243075
4640.0 0.7699448388541945
4642.0 0.7761923632093616
4644.0 0.7585575426148421
4646.0 0.7564953995879276
4648.0 0.7530417359980224
4650.0 0.7585548518675623
4652.0 0.7789366531344915
4654.0 0.7761278989765149
4656.0 0.7683544576461661
4658.0 0.759576618286294
4660.0 0.762733052085411
4662.0 0.7556041095320322
4664.0 0.7424870727638714
4666.0 0.7296145315263519
4668.0 0.723764820624579
4670.0 0.7101770322290054
4672.0 0.6969324995365993
4674.0 0.6791660179694473
4676.0 0.6490996119193967
4678.0 0.6421533572657897
4680.0 0.6429094392090761
4682.0 0.6201888872500687
4684.0 0.6115373816438544
4686.0 0.6134164424973317
4688.0 0.6113657383437495
4690.0 0.6070014451517217
4692.0 0.6031090009740965
4694.0 0.5950566929235237
4696.0 0.5816075170293622
4698.0 0.5767527880608608
4700.0 0.5818760787246486
4702.0 0.5887887107391252
4704.0 0.5829792130752213
4706.0 0.5830213202558718
4708.0 0.5789616260677803
4710.0 0.568680313386912
4712.0 0.5860192961424598
4714.0 0.598079381161626
4716.0 0.5960566142391861
4718.0 0.5873164811263072
4720.0 0.5867764912585662
4722.0 0.5784651724719345
4724.0 0.5839315454704631
4726.0 0.5840400038518259
4728.0 0.5859315633129725
4730.0 0.5938643445602991
4732.0 0.5967768326733588
4734.0 0.5968885140798155
4736.0 0.5894235363394703
4738.0 0.576598962177678
4740.0 0.5801955548581537
4742.0 0.5816316110586531
4744.0 0.5767699860312041
4746.0 0.5722441226878959
4748.0 0.5735482257059102
4750.0 0.57613449922979
4752.0 0.5716440459953496
4754.0 0.5668999241283469
4756.0 0.5710869248359581
4758.0 0.5715297022348895
4760.0 0.5646547495245837
4762.0 0.5674687864818883
4764.0 0.5525206459551694
4766.0 0.5454105947251244
4768.0 0.5555545399191206
4770.0 0.5461054376592387
4772.0 0.5181119514787329
4774.0 0.5202606607746407
4776.0 0.5107701875726739
4778.0 0.503507340669815
4780.0 0.5077698018980571
4782.0 0.4893391477890433
4784.0 0.4838885808969208
4786.0 0.5047133613598718
4788.0 0.50251786081409
4790.0 0.4935487716647511
4792.0 0.5071591388606485
4794.0 0.5135787124946835
4796.0 0.5112811579874041
4798.0 0.5096623081306545
4800.0 0.5126648854530156
4802.0 0.5294513416493919
4804.0 0.5307500522658595
4806.0 0.5189800069486776
4808.0 0.5323490847985864
4810.0 0.5444571914022247
4812.0 0.5459140330706788
4814.0 0.5548274341597743
4816.0 0.5641710812618913
4818.0 0.572267323957467
4820.0 0.5688853774719759
4822.0 0.5728233152611532
4824.0 0.5727024073059088
4826.0 0.5694258843520738
4828.0 0.5711922779727059
4830.0 0.5897162885699033
4832.0 0.594628698625381
4834.0 0.5976389819274122
4836.0 0.5975483256560241
4838.0 0.5893829608849736
4840.0 0.5889645492679382
4842.0 0.5873728225244742
4844.0 0.5817664101890543
4846.0 0.5795603162845082
4848.0 0.5762018487867004
4850.0 0.5703187428131345
4852.0 0.5715855410272976
4854.0 0.5762982058325942
4856.0 0.5730303371969414
4858.0 0.5677671773486022
4860.0 0.553682486111024
4862.0 0.5481049408111015
4864.0 0.5405524111973229
4866.0 0.5333703485040766
4868.0 0.5268383805616169
4870.0 0.5155437121774724
4872.0 0.5228036459328039
4874.0 0.5373169367883672
4876.0 0.5637189368673429
4878.0 0.5644756467001705
4880.0 0.5569064115558999
4882.0 0.5540116938327929
4884.0 0.5505179878070673
4886.0 0.5552585774348576
4888.0 0.5536859457732457
4890.0 0.5449802796769256
4892.0 0.5403891201312553
4894.0 0.5450515918681441
4896.0 0.5422598379755109
4898.0 0.527977594637049
4900.0 0.5255397662144862
4902.0 0.5294113249575989
4904.0 0.534818465019768
4906.0 0.5306252983409485
4908.0 0.5219965234813069
4910.0 0.5221567356325935
4912.0 0.52367714161789
4914.0 0.5271614824749736
4916.0 0.5325776584924458
4918.0 0.5403950359351046
4920.0 0.544058238977083
4922.0 0.5520009187658416
4924.0 0.5536402165337185
4926.0 0.5585914016668698
4928.0 0.5684252066250131
4930.0 0.564959146810783
4932.0 0.5573412011548694
4934.0 0.5489012623819822
4936.0 0.5564668927918981
4938.0 0.5570793446178622
4940.0 0.564127764582369
4942.0 0.5594819061264955
4944.0 0.5614000761867184
4946.0 0.5641103241814094
4948.0 0.5605163905271745
4950.0 0.5538143520165733
4952.0 0.5467065447413715
4954.0 0.5469224671039962
4956.0 0.5451961695458968
4958.0 0.5489088335844775
4960.0 0.5510197924714091
4962.0 0.5538003788226832
4964.0 0.545624005366235
4966.0 0.5410548322261469
4968.0 0.5409563024096973
4970.0 0.5468818406582071
4972.0 0.5313129388361467
4974.0 0.5358099824584367
4976.0 0.5417756336076988
4978.0 0.5490715886892474
4980.0 0.5608542686244747
4982.0 0.5591048282642244
4984.0 0.5553308824445592
4986.0 0.5483738819963184
4988.0 0.5506328619101053
4990.0 0.5614658877615978
4992.0 0.5669300072323371
4994.0 0.5664249345232492
4996.0 0.5699063601294516
4998.0 0.5693043723133205
5000.0 0.5622193911590972
5002.0 0.552517209163025
5004.0 0.552590130348764
5006.0 0.5513556725185675
5008.0 0.5418900171939701
5010.0 0.53488840761131
5012.0 0.5304121692076366
5014.0 0.5274823531478676
5016.0 0.5291525310506192
5018.0 0.5321662442028533
5020.0 0.5341631995617221
5022.0 0.5403769034966834
5024.0 0.5441914898128527
5026.0 0.5424972884664578
5028.0 0.5455622122545597
5030.0 0.5428700458056719
5032.0 0.5579761572630658
5034.0 0.5555078698758068
5036.0 0.5542573147679359
5038.0 0.5545688370702603
5040.0 0.5557833503736548
5042.0 0.5551118906119298
5044.0 0.5454263442179417
5046.0 0.5554512580227611
5048.0 0.5593619178228837
5050.0 0.5592208939064462
5052.0 0.558194302269475
5054.0 0.5535199128108959
5056.0 0.5509055088116999
5058.0 0.5555447394666038
5060.0 0.5633592418406419
5062.0 0.5601847142508023
5064.0 0.5674671192239255
5066.0 0.5654069201448133
5068.0 0.5546471145483373
5070.0 0.548548613236257
5072.0 0.5531631129651216
5074.0 0.5604381900780183
5076.0 0.5624657586837569
5078.0 0.5778857216903532
5080.0 0.5822264812127884
5082.0 0.5774219225770412
5084.0 0.5749575128902719
5086.0 0.5846498868919562
5088.0 0.579262834387618
5090.0 0.5806985030143937
5092.0 0.582202281426074
5094.0 0.590422691405388
5096.0 0.5905112240516812
5098.0 0.5844849856116794
5100.0 0.5997992991097671
5102.0 0.6014603460795341
5104.0 0.6064087847404314
5106.0 0.6071629466708238
5108.0 0.6146231476830882
5110.0 0.610066563634494
5112.0 0.6057683418514239
5114.0 0.6164307385083989
5116.0 0.6311733039067704
5118.0 0.6245603799686239
5120.0 0.6269403647952284
5122.0 0.6296823575970525
5124.0 0.6238820013986003
5126.0 0.638312607130585
5128.0 0.6534063525031164
5130.0 0.6469030213519521
5132.0 0.6403387946953172
5134.0 0.6441822935314139
5136.0 0.6495577326665912
5138.0 0.6582184250087129
5140.0 0.667212165442712
5142.0 0.6609415847877483
5144.0 0.6600931960735041
5146.0 0.6502752518687166
5148.0 0.6570405815823256
5150.0 0.6418843819064977
5152.0 0.6311712818840924
5154.0 0.6309532672153989
5156.0 0.6401780575720877
5158.0 0.6370751293157862
5160.0 0.6280879764002301
5162.0 0.6166056706356347
5164.0 0.6213324779205508
5166.0 0.6193245886441722
5168.0 0.6142413252837382
5170.0 0.6139752188155035
5172.0 0.6198861971606711
5174.0 0.6272509815072335
5176.0 0.6287581189090206
5178.0 0.6249636239421527
5180.0 0.627931482341043
5182.0 0.6271237233227779
5184.0 0.6283180640728294
5186.0 0.6295092115117624
5188.0 0.6253682131462719
5190.0 0.6310964481547631
5192.0 0.6255409979953465
5194.0 0.6182021199484107
5196.0 0.6292608252053085
5198.0 0.6288691550721246
5200.0 0.6299013638667554
5202.0 0.6279870019328808
5204.0 0.630393068934963
5206.0 0.6434107495331697
5208.0 0.6326817057204774
5210.0 0.6367625736056302
5212.0 0.6386332346255594
5214.0 0.6622167904873468
5216.0 0.6532342128341668
5218.0 0.639626040655455
5220.0 0.651320499704809
5222.0 0.6701169369264788
5224.0 0.6667820692948158
5226.0 0.6590720249339604
5228.0 0.6575056432840073
5230.0 0.6688537529837837
5232.0 0.6642372357693732
5234.0 0.6708103947113642
5236.0 0.6592151278764107
5238.0 0.6576441136849837
5240.0 0.665399267367503
5242.0 0.67824513253699
5244.0 0.6782537733062518
5246.0 0.6588619667171168
5248.0 0.6584463237652388
5250.0 0.6662258620526205
5252.0 0.6675595231134236
5254.0 0.6610698252134282
5256.0 0.6611481558602802
5258.0 0.6530060592013915
5260.0 0.6560996263155806
5262.0 0.661864783552319
5264.0 0.6501421164450609
5266.0 0.6456661837792945
5268.0 0.6464151239315741
5270.0 0.6371104842196464
5272.0 0.6401440380352219
5274.0 0.632273717276949
5276.0 0.6169731836309812
5278.0 0.620408471936699
5280.0 0.6155646992336865
5282.0 0.6059176182071264
5284.0 0.6187815497690288
5286.0 0.6230221803859815
5288.0 0.6105124272309288
5290.0 0.6067901489249576
5292.0 0.6145461374653667
5294.0 0.6155837143404748
5296.0 0.6138759322415701
5298.0 0.6179716030151761
5300.0 0.6116759544595801
5302.0 0.6058524659071193
5304.0 0.6093526463638115
5306.0 0.616112652901185
5308.0 0.6159581629528221
5310.0 0.607477292724642
5312.0 0.6097758942643943
5314.0 0.6043473850111365
5316.0 0.605514103701893
5318.0 0.6031119049301661
5320.0 0.6028797831733264
5322.0 0.6022705771803979
5324.0 0.6112554949861922
5326.0 0.6084978572283819
5328.0 0.614671865441864
5330.0 0.6190100655056311
5332.0 0.6048164131766637
5334.0 0.600246247458077
5336.0 0.6121500423648476
5338.0 0.5971137873256147
5340.0 0.593287330330349
5342.0 0.5946301265123632
5344.0 0.5914202936293639
5346.0 0.5917043829494725
5348.0 0.5905333411597017
5350.0 0.5930874847075222
5352.0 0.5964494634959691
5354.0 0.5947434687829493
5356.0 0.5942568641017175
5358.0 0.5826220014204908
5360.0 0.5750552450608484
5362.0 0.5820154404546386
5364.0 0.5856130771815449
5366.0 0.585172688881402
5368.0 0.5867178566047894
5370.0 0.5870823981729713
5372.0 0.5914112630789015
5374.0 0.5927922882027948
5376.0 0.6026977811761404
5378.0 0.5963101033741396
5380.0 0.6000190568720881
5382.0 0.5996604615842812
5384.0 0.598264169063851
5386.0 0.6027521731533872
5388.0 0.6073697963900784
5390.0 0.6140556664698932
5392.0 0.6180288052549351
5394.0 0.6191326897617386
5396.0 0.6231857928871709
5398.0 0.6236913488962769
5400.0 0.6337528594146846
5402.0 0.6291228092683191
5404.0 0.6253843102642728
5406.0 0.634571460932332
5408.0 0.6368191313378841
5410.0 0.638001747439097
5412.0 0.6429720445247838
5414.0 0.6503716395813083
5416.0 0.6494983168701132
5418.0 0.6504152957432827
5420.0 0.6509271654080427
5422.0 0.6596742130787123
5424.0 0.6737414607154797
5426.0 0.6687900961224889
5428.0 0.6811247521960294
5430.0 0.6852968612657669
5432.0 0.6851572491940331
5434.0 0.6783167595318171
5436.0 0.6866740446519475
5438.0 0.6915025628876316
5440.0 0.6855566449182382
5442.0 0.6854695003978089
5444.0 0.6833101834985319
5446.0 0.6790563581203464
5448.0 0.6807518348581133
5450.0 0.6869402224476294
5452.0 0.6740716069731627
5454.0 0.6651343204456426
5456.0 0.6750996704213877
5458.0 0.6664883268602918
5460.0 0.6719466550871054
5462.0 0.6820053736770015
5464.0 0.6748115211856304
5466.0 0.6685628713854007
5468.0 0.6608721777569936
5470.0 0.6598217419490359
5472.0 0.6570321307882883
5474.0 0.6488565017897475
5476.0 0.6466629924661904
5478.0 0.6412929885751744
5480.0 0.6415420208857312
5482.0 0.6448448842148298
5484.0 0.6357860188878838
5486.0 0.6351752364373632
5488.0 0.6367330356935239
5490.0 0.6276525874577863
5492.0 0.6257036256821996
5494.0 0.6313490017439644
5496.0 0.6276524714966315
5498.0 0.6262427349084875
5500.0 0.6222262409126837
5502.0 0.6254262000723442
5504.0 0.6250278132701884
5506.0 0.6266213383409416
5508.0 0.6287418506383842
5510.0 0.6209448662162559
5512.0 0.6230320736939431
5514.0 0.6297080830573483
5516.0 0.6258717609596468
5518.0 0.6244621053624251
5520.0 0.6230990387786944
5522.0 0.6283629013821015
5524.0 0.6303966410967203
5526.0 0.6370119104524977
5528.0 0.6342560865979081
5530.0 0.6265465136321285
5532.0 0.6233132205181996
5534.0 0.6302278318994473
5536.0 0.6326760355660059
5538.0 0.6335339199585195
5540.0 0.6251433468890297
5542.0 0.6197388422684131
5544.0 0.6164515353993881
5546.0 0.6220745094629908
5548.0 0.6210012750618987
5550.0 0.6168133448643627
5552.0 0.6206036927939879
5554.0 0.6193214240985218
5556.0 0.6084182743080202
5558.0 0.6133284687431539
5560.0 0.613469927320377
5562.0 0.607257866661945
5564.0 0.6011794086940682
5566.0 0.6009395187108245
5568.0 0.6024126618585961
5570.0 0.6032358489746374
5572.0 0.6034985599083764
5574.0 0.5904104098377261
5576.0 0.5913387421606349
5578.0 0.5998653124848564
5580.0 0.5967102941775668
5582.0 0.5941951886858756
5584.0 0.5796162777050281
5586.0 0.5797249866336199
5588.0 0.5809986468585424
5590.0 0.5826864462172217
5592.0 0.5869379868267872
5594.0 0.5911577881002673
5596.0 0.5932960394570557
5598.0 0.592912472208313
5600.0 0.5893329646139083
5602.0 0.5835937284295477
5604.0 0.5807627523095604
5606.0 0.5859600697630956
5608.0 0.5771487821078414
5610.0 0.5752577471621496
5612.0 0.580067112795387
5614.0 0.5810250223793694
5616.0 0.5833800679325128
5618.0 0.5745198660386054
5620.0 0.5722179699888247
5622.0 0.5784402853319401
5624.0 0.5833938112754142
5626.0 0.5755449010555416
5628.0 0.570483801742634
5630.0 0.5672320803328693
5632.0 0.5642494603948434
5634.0 0.5705471016807886
5636.0 0.5713074533934197
5638.0 0.5738175938810887
5640.0 0.5682816326985423
5642.0 0.5660285653865276
5644.0 0.5597903148004516
5646.0 0.5661155970365196
5648.0 0.5660769016162561
5650.0 0.5618837981821113
5652.0 0.5579694456666036
5654.0 0.5572797448176902
5656.0 0.5544587222343798
5658.0 0.553212188661504
5660.0 0.5627220793081296
5662.0 0.5524260657655239
5664.0 0.5479534919766527
5666.0 0.5503485352038547
5668.0 0.5630091114736232
5670.0 0.5607248203689069
5672.0 0.5554724794870592
5674.0 0.5541029208525743
5676.0 0.5466348233364341
5678.0 0.5397242449363062
5680.0 0.5535608009199392
5682.0 0.558458218777405
5684.0 0.5517937650944944
5686.0 0.5532889863212396
5688.0 0.5571701463844909
5690.0 0.5547354375572952
5692.0 0.5554277519542241
5694.0 0.5484360807734726
5696.0 0.5501599241355224
5698.0 0.5576327528751407
5700.0 0.5489018722672544
5702.0 0.5456275086355168
5704.0 0.5471005210799988
5706.0 0.543889693980904
5708.0 0.5443827312009927
5710.0 0.548993421758226
5712.0 0.5461669432850427
5714.0 0.5390256043735966
5716.0 0.5466902368034964
5718.0 0.550373445634864
5720.0 0.5547368320545527
5722.0 0.5459253032910956
5724.0 0.5423558019955108
5726.0 0.5426502372950893
5728.0 0.5459419145051622
5730.0 0.5436567888169827
5732.0 0.534601067167071
5734.0 0.5400654814600888
5736.0 0.5421990625898735
5738.0 0.533345212838661
5740.0 0.5308860396224847
5742.0 0.5506423547479105
5744.0 0.5663226840211126
5746.0 0.5642975596567321
5748.0 0.5543437078707593
5750.0 0.5474171992502501
5752.0 0.5580769477148162
5754.0 0.5747315877380048
5756.0 0.5831257495615768
5758.0 0.5862385012040188
5760.0 0.5719052167565819
5762.0 0.5604022649664954
5764.0 0.5620784026335787
5766.0 0.5514197942356315
5768.0 0.5520500653420433
5770.0 0.5532788379634569
5772.0 0.5622516979161067
5774.0 0.5587464133170479
5776.0 0.557438007183385
5778.0 0.5657084513644888
5780.0 0.5692981942740769
5782.0 0.5625350162848584
5784.0 0.5564183718069982
5786.0 0.5587849634984119
5788.0 0.5554056884144494
5790.0 0.559312901052002
5792.0 0.5526707159069315
5794.0 0.5485382666361962
5796.0 0.5437082291968882
5798.0 0.5477892500633234
5800.0 0.5501653019922782
5802.0 0.5460569129235101
5804.0 0.5493015946018103
5806.0 0.552023483795948
5808.0 0.5498445480483473
5810.0 0.5514223868646769
5812.0 0.5573879751639945
5814.0 0.5628340895934689
5816.0 0.5588624207887207
5818.0 0.5561765126316544
5820.0 0.5592539348096531
5822.0 0.557622227132727
5824.0 0.5586167545603548
5826.0 0.5661204041398579
5828.0 0.5740699792766613
5830.0 0.5727797299788183
5832.0 0.5696248802623215
5834.0 0.5668290228322965
5836.0 0.5675314871532995
5838.0 0.5680762454333436
5840.0 0.5616979476232667
5842.0 0.5702243420432215
5844.0 0.5717456390181384
5846.0 0.5669160453508558
5848.0 0.5767928758353968
5850.0 0.5839157343485603
5852.0 0.583296407860048
5854.0 0.5667188867621192
5856.0 0.5656013155197058
5858.0 0.5691482974868202
5860.0 0.5668804923433036
5862.0 0.5689609701597783
5864.0 0.5710414198785669
5866.0 0.5705813477314172
5868.0 0.5715624893768618
5870.0 0.5792330669712478
5872.0 0.5805966076026803
5874.0 0.5684415397482528
5876.0 0.572046935349387
5878.0 0.5683573989150285
5880.0 0.5685805899961118
5882.0 0.5715897280389632
5884.0 0.5705544447544276
5886.0 0.5638772686022134
5888.0 0.56519027008838
5890.0 0.5654468762974644
5892.0 0.5695075320305374
5894.0 0.5618548016025641
5896.0 0.5579859120898358
5898.0 0.5550240448982597
5900.0 0.5615240627850051
5902.0 0.5601892025035805
5904.0 0.5525846433766255
5906.0 0.5558603146902806
5908.0 0.552921568095861
5910.0 0.5478291197544587
5912.0 0.546284721426533
5914.0 0.5456446235599227
5916.0 0.5471486720378639
5918.0 0.5461073154293028
5920.0 0.5440342092583026
5922.0 0.5403684264623178
5924.0 0.5302755891058701
5926.0 0.5293202784466962
5928.0 0.5326529148167094
5930.0 0.5241150175414367
5932.0 0.5246585769218439
5934.0 0.5122853936652564
5936.0 0.512099675394537
5938.0 0.5135267215216849
5940.0 0.5152684202637522
5942.0 0.5180742696468336
5944.0 0.5189346986809911
5946.0 0.5126213767839355
5948.0 0.5110530911499345
5950.0 0.5036522933988716
5952.0 0.5066007435982662
5954.0 0.5056064966635965
5956.0 0.5040001996339135
5958.0 0.49747568963901106
5960.0 0.4941212534842675
5962.0 0.4874232135463866
5964.0 0.48027238344189205
5966.0 0.47249026478542205
5968.0 0.4668068860209413
5970.0 0.46049417011927873
5972.0 0.466259028839074
5974.0 0.46678109254770467
5976.0 0.4634006145644925
5978.0 0.46512002038532185
5980.0 0.46588369180982653
5982.0 0.4584792867785388
5984.0 0.449640874613496
5986.0 0.4463042789063057
5988.0 0.4480291528339463
5990.0 0.4570996496379151
5992.0 0.4557501913522744
5994.0 0.44197741024639325
5996.0 0.4442249047885795
5998.0 0.44496869155410496
6000.0 0.45014928761582695
6002.0 0.4548085953982045
6004.0 0.44495280446597785
6006.0 0.4323892974321308
6008.0 0.4329018506342788
6010.0 0.4395703590501335
6012.0 0.4484639109874132
6014.0 0.4518576196033409
6016.0 0.4469968750209327
6018.0 0.44367614499550573
6020.0 0.43761329978503166
6022.0 0.4374039646754724
6024.0 0.44185181782287414
6026.0 0.44644286881433615
6028.0 0.43666656967507345
6030.0 0.42895541160554507
6032.0 0.4260711014944334
6034.0 0.4346118256683332
6036.0 0.43432527172049745
6038.0 0.43399606631843907
6040.0 0.43045697863643606
6042.0 0.42464845250358163
6044.0 0.422448516959332
6046.0 0.4191114658734616
6048.0 0.417403212507231
6050.0 0.4208353633442371
6052.0 0.4150562615716607
6054.0 0.41876679180768867
6056.0 0.41378004147187786
6058.0 0.400679101433113
6060.0 0.40718936782677106
6062.0 0.40422610048089624
6064.0 0.4020778267773021
6066.0 0.3993629517320752
6068.0 0.3994338620527288
6070.0 0.3951473086806842
6072.0 0.4147279938752319
6074.0 0.4101924967859425
6076.0 0.4053312321110573
6078.0 0.4149589050308267
6080.0 0.41104746976465567
6082.0 0.4119788172868268
6084.0 0.4098274852400099
6086.0 0.4178149943589773
6088.0 0.4237237703277471
6090.0 0.4273727402342082
6092.0 0.42177388322824166
6094.0 0.4252554159855365
6096.0 0.4205270500308434
6098.0 0.41600611145554894
6100.0 0.4163354718083781
6102.0 0.41389598773424674
6104.0 0.41623768085477947
6106.0 0.414926753706708
6108.0 0.4051449189391419
6110.0 0.4071588981723413
6112.0 0.41361522818775076
6114.0 0.4086944568224485
6116.0 0.40328410488137506
6118.0 0.4050632247747819
6120.0 0.41052758525543337
6122.0 0.4181633457152632
6124.0 0.4140810681143518
6126.0 0.41155564295079006
6128.0 0.40107534227400876
6130.0 0.39867288005308504
6132.0 0.3901018427117762
6134.0 0.38810040626084974
6136.0 0.39230258463375706
6138.0 0.3958291898641514
6140.0 0.393342773220949
6142.0 0.3884506643244605
6144.0 0.3861778839271125
6146.0 0.38316446154786005
6148.0 0.3792373319127646
6150.0 0.36181865765979904
6152.0 0.35536763258498877
6154.0 0.3532782998666912
6156.0 0.35423326733937166
6158.0 0.35103520202118044
6160.0 0.3498691549598644
6162.0 0.3558696285200508
6164.0 0.3493884052634602
6166.0 0.34181121051162183
6168.0 0.345191443088238
6170.0 0.3418334258555964
6172.0 0.3344051127908219
6174.0 0.3288635384113974
6176.0 0.3263978903682188
6178.0 0.32632789929586126
6180.0 0.32756593590317307
6182.0 0.3326589412342906
6184.0 0.3298368095969966
6186.0 0.329146638151348
6188.0 0.3261230966669102
6190.0 0.32763890415562924
6192.0 0.3379084686768413
6194.0 0.3352127592656968
6196.0 0.33426291803023805
6198.0 0.3337324412163667
6200.0 0.34236301206841463
6202.0 0.344549451542884
6204.0 0.34357949244009095
6206.0 0.35439647654677947
6208.0 0.3464159520374668
6210.0 0.350243740912605
6212.0 0.3628230838605072
6214.0 0.3653290101690126
6216.0 0.3663566295941497
6218.0 0.3764836754327252
6220.0 0.37954177311463827
6222.0 0.3727593334167606
6224.0 0.3675094697663495
6226.0 0.3709441895668246
6228.0 0.37438891684174486
6230.0 0.3739310132493242
6232.0 0.37556404624679113
6234.0 0.37657531583821213
6236.0 0.37388712018024783
6238.0 0.38284268541035105
6240.0 0.38490572527619393
6242.0 0.392519557210971
6244.0 0.3923059547749401
6246.0 0.3914832284530649
6248.0 0.3949728524338536
6250.0 0.39615702252864154
6252.0 0.397418353309147
6254.0 0.4070236912958679
6256.0 0.40692226146553595
6258.0 0.3982503484035036
6260.0 0.39185580621390426
6262.0 0.39524305706688195
6264.0 0.3966227302452629
6266.0 0.39338519035088937
6268.0 0.40049651652102847
6270.0 0.38759580371344954
6272.0 0.3931853589554568
6274.0 0.40044524705606255
6276.0 0.41515586580619124
6278.0 0.4159133258168306
6280.0 0.4174741306777728
6282.0 0.42568515660084927
6284.0 0.42861085153629475
6286.0 0.42935197001298686
6288.0 0.42254860686566825
6290.0 0.4268231442674988
6292.0 0.4356882866964388
6294.0 0.4323285522948989
6296.0 0.4353746856579846
6298.0 0.4367680550269426
6300.0 0.43596754409687005
6302.0 0.44381049507957226
6304.0 0.43702195436350716
6306.0 0.4341390173168911
6308.0 0.43558127617203457
6310.0 0.4375600020132168
6312.0 0.4423287128886998
6314.0 0.4469525831699167
6316.0 0.44795935318559194
6318.0 0.4392467072712705
6320.0 0.43584647195164616
6322.0 0.4447160990454206
6324.0 0.4473226791259245
6326.0 0.44416188196128736
6328.0 0.4420256433180317
6330.0 0.449573370006307
6332.0 0.45047888943651515
6334.0 0.4512364478434733
6336.0 0.44702951217126075
6338.0 0.44798281096453824
6340.0 0.45491771643469825
6342.0 0.4513456840194677
6344.0 0.44836213603302677
6346.0 0.4479425506198758
6348.0 0.4501042621193233
6350.0 0.45492996159157234
6352.0 0.4503349885397301
6354.0 0.4503566560714045
6356.0 0.4538142859966317
6358.0 0.452778178531245
6360.0 0.4524998104219413
6362.0 0.45371241380376925
6364.0 0.45558234418993354
6366.0 0.45419958025401225
6368.0 0.4558816014519039
6370.0 0.4562429319936696
6372.0 0.46094169223952736
6374.0 0.46533905553171506
6376.0 0.4626435474781594
6378.0 0.46237543375108114
6380.0 0.4614694926503923
6382.0 0.4640896656011241
6384.0 0.4633811850465501
6386.0 0.46414782947677824
6388.0 0.46402323027778325
6390.0 0.4610065662048895
6392.0 0.4626965468269581
6394.0 0.46080252474765304
6396.0 0.46579394126722456
6398.0 0.4671878256003144
6400.0 0.4624493152612585
6402.0 0.4653467841337689
6404.0 0.46158990597953603
6406.0 0.4585151614033469
6408.0 0.4568912333946349
6410.0 0.45681005102413286
6412.0 0.46038751497409147
6414.0 0.4591734908592336
6416.0 0.45908353178285144
6418.0 0.4598101823525433
6420.0 0.4615875744462209
6422.0 0.45885805986613964
6424.0 0.45578046707526965
6426.0 0.4581332140172311
6428.0 0.4629164574947805
6430.0 0.46113112737248435
6432.0 0.45139156084932813
6434.0 0.45012648312615666
6436.0 0.4549742485947268
6438.0 0.46045915516257974
6440.0 0.4545339435968029
6442.0 0.4551158488210286
6444.0 0.45507379512690294
6446.0 0.45517405059030963
6448.0 0.4497915122466398
6450.0 0.44711773542529504
6452.0 0.4481993424606838
6454.0 0.4530226338264973
6456.0 0.4558711612257766
6458.0 0.4467283494519609
6460.0 0.44506814318694127
6462.0 0.43904720610533166
6464.0 0.44193456730845876
6466.0 0.4434586275307413
6468.0 0.4403630843319673
6470.0 0.4355522360713147
6472.0 0.4362782465595233
6474.0 0.44295750355804603
6476.0 0.44186930844121264
6478.0 0.4419635609740119
6480.0 0.4357239125879693
6482.0 0.4291986339878695
6484.0 0.4321292133683836
6486.0 0.4331750897215159
6488.0 0.4340770338286807
6490.0 0.42751610368520726
6492.0 0.42186809432701816
6494.0 0.4178849710926509
6496.0 0.41462249863288936
6498.0 0.414894327961206
6500.0 0.411686938999577
6502.0 0.41541311311400847
6504.0 0.4198166219910495
6506.0 0.40943995359208013
6508.0 0.4158190401218104
6510.0 0.413424654405585
6512.0 0.4153350507400813
6514.0 0.41317201163320977
6516.0 0.4142849932743331
6518.0 0.409446227878139
6520.0 0.4036456252626744
6522.0 0.3964524209809728
6524.0 0.39775973267319253
6526.0 0.3947572672122156
6528.0 0.40012954573038007
6530.0 0.4083229409046385
6532.0 0.40914778423333664
6534.0 0.4060153851079394
6536.0 0.3984912175422065
6538.0 0.3964701029285642
6540.0 0.3986586700426648
6542.0 0.3905828286905384
6544.0 0.3867361064087718
6546.0 0.3883671312889635
6548.0 0.3852420749433486
6550.0 0.3887731646751295
6552.0 0.386569415479327
6554.0 0.3810140778940183
6556.0 0.37587236584247685
6558.0 0.37654868415819875
6560.0 0.37636628491839824
6562.0 0.37289972397757765
6564.0 0.3724237847888494
6566.0 0.36648695954226373
6568.0 0.3572379600175918
6570.0 0.3458903521206801
6572.0 0.34608601168964187
6574.0 0.34527510328507455
6576.0 0.3474410843196081
6578.0 0.35086680339275633
6580.0 0.35935604367674073
6582.0 0.3625431375360321
6584.0 0.36102584152918143
6586.0 0.36093443987292323
6588.0 0.35446337442528547
6590.0 0.3453880770298168
6592.0 0.3402888865646482
6594.0 0.3300593886117859
6596.0 0.33842345854422035
6598.0 0.34595548263993936
6600.0 0.3462514343465449
6602.0 0.34843471864003467
6604.0 0.3473847231388651
6606.0 0.34521486857532085
6608.0 0.34372457344764806
6610.0 0.3420030614497835
6612.0 0.3390047960263665
6614.0 0.3409021136495733
6616.0 0.32800206783191127
6618.0 0.32979347712109325
6620.0 0.33516291985033114
6622.0 0.3314461805671485
6624.0 0.32700976771831586
6626.0 0.331347096437322
6628.0 0.328381456937909
6630.0 0.32795908576393373
6632.0 0.33111022573518123
6634.0 0.32543527318226523
6636.0 0.32599805521551567
6638.0 0.32471200960500984
6640.0 0.32487983175668034
6642.0 0.3192699879039186
6644.0 0.30887846029702354
6646.0 0.31366174499941774
6648.0 0.31464493830096574
6650.0 0.3046179993967543
6652.0 0.31061429119695316
6654.0 0.31265228087852853
6656.0 0.30146256816134454
6658.0 0.3029108895183806
6660.0 0.3028243954860459
6662.0 0.30620686032073513
6664.0 0.2989857322618278
6666.0 0.29009220951469855
6668.0 0.295162690571719
6670.0 0.30245896825327984
6672.0 0.3011857885359152
6674.0 0.2969563649000213
6676.0 0.2924214475520431
6678.0 0.29306700751094666
6680.0 0.30490620388330836
6682.0 0.2987887254282721
6684.0 0.29684004633864225
6686.0 0.29233073744769006
6688.0 0.29088636810664104
6690.0 0.290333079222004
6692.0 0.2838145116133591
6694.0 0.28071756268102505
6696.0 0.2815342688182008
6698.0 0.2836975431426129
6700.0 0.28537596195939935
6702.0 0.2867926294179424
6704.0 0.2831947599145153
6706.0 0.2852663483032404
6708.0 0.2853562569809212
6710.0 0.2804244908477088
6712.0 0.27559676821857065
6714.0 0.27622506827836196
6716.0 0.27876246375152064
6718.0 0.2752674731078742
6720.0 0.269090150820856
6722.0 0.2674532516818135
6724.0 0.2629912310337363
6726.0 0.26334243116175626
6728.0 0.26214990677189776
6730.0 0.26659498942194276
6732.0 0.2658464146075977
6734.0 0.26896134106194125
6736.0 0.2616474556502242
6738.0 0.26230394682780783
6740.0 0.2641098017030351
6742.0 0.25991790353793987
6744.0 0.2539778625740914
6746.0 0.25895033232789827
6748.0 0.25914847213289605
6750.0 0.2676947237295437
6752.0 0.2663886653559544
6754.0 0.26943459869591385
6756.0 0.2669621481629743
6758.0 0.2701023836213929
6760.0 0.266195525577268
6762.0 0.263000458561084
6764.0 0.2680932783087597
6766.0 0.2659527742922997
6768.0 0.2668568608465691
6770.0 0.25962634573529453
6772.0 0.2629158604056865
6774.0 0.261173527860017
6776.0 0.26227608269401637
6778.0 0.2674967548746393
6780.0 0.2621997765372823
6782.0 0.2685873477560925
6784.0 0.25850789176829625
6786.0 0.25044707378873815
6788.0 0.25488830798293066
6790.0 0.25387082588089266
6792.0 0.25657633867159174
6794.0 0.2565862453260107
6796.0 0.25877295744743195
6798.0 0.2564061044041525
6800.0 0.2520305166927287
6802.0 0.2504690909067671
6804.0 0.24559308117512565
6806.0 0.25014631854656955
6808.0 0.24808206116874332
6810.0 0.25328192606146016
6812.0 0.25119759468430036
6814.0 0.24514040113212732
6816.0 0.24579322201214657
6818.0 0.2477042469121738
6820.0 0.2431374470364194
6822.0 0.23904598128991766
6824.0 0.2391039238988105
6826.0 0.2421612594187916
6828.0 0.25099223577943286
6830.0 0.2554459789071625
6832.0 0.2540860499290802
6834.0 0.24859730573049432
6836.0 0.24784503364525823
6838.0 0.25311110095062217
6840.0 0.2439343865628316
6842.0 0.24229641442992972
6844.0 0.2423502565450663
6846.0 0.24825818532668806
6848.0 0.24205321247249037
6850.0 0.2448133414543769
6852.0 0.24505812905597574
6854.0 0.24634231551306698
6856.0 0.2430025970025999
6858.0 0.24233256953286625
6860.0 0.23088363914504095
6862.0 0.2298938102140301
6864.0 0.23312305475478995
6866.0 0.2351884111323356
6868.0 0.23583035841397879
6870.0 0.2395832394218878
6872.0 0.23745912188001475
6874.0 0.23342789045052997
6876.0 0.22756653419620013
6878.0 0.22876541960570157
6880.0 0.2351496537808387
6882.0 0.2384858017843211
6884.0 0.23091817226613853
6886.0 0.23728156831023064
6888.0 0.22981976093385434
6890.0 0.2375386289109953
6892.0 0.23684516678083264
6894.0 0.22929740598053142
6896.0 0.22686927410294816
6898.0 0.22914694537484784
6900.0 0.23238528598684777
6902.0 0.22944976788221516
6904.0 0.22982893726744588
6906.0 0.2334194832684805
6908.0 0.23389429996585176
6910.0 0.233141347843392
6912.0 0.23434963105153872
6914.0 0.2364197680972787
6916.0 0.22851642110510148
6918.0 0.2245666882610799
6920.0 0.22746324931062184
6922.0 0.2304466936066751
6924.0 0.23229529340179814
6926.0 0.2294658257406897
6928.0 0.22054923172500052
6930.0 0.22289991982082005
6932.0 0.23363737503445856
6934.0 0.2369422050325708
6936.0 0.23107841796809847
6938.0 0.23158364070202697
6940.0 0.23873643995945376
6942.0 0.23641130584353107
6944.0 0.23538425666035134
6946.0 0.23697612182525318
6948.0 0.23251366950365124
6950.0 0.22775819090775778
6952.0 0.23092996701103224
6954.0 0.23702744614453136
6956.0 0.23869497176367982
6958.0 0.23435676855529128
6960.0 0.22930986202358886
6962.0 0.23314020477730638
6964.0 0.2334082076970278
6966.0 0.23048823515184685
6968.0 0.2282548808199905
6970.0 0.22578384340677735
6972.0 0.22475308040294845
6974.0 0.22579844203519264
6976.0 0.228155199445272
6978.0 0.22533797898324484
6980.0 0.22653780151515507
6982.0 0.22885791968123304
6984.0 0.22731111370553636
6986.0 0.23095278541248027
6988.0 0.22638476466046156
6990.0 0.2297195583446984
6992.0 0.22930572356497467
6994.0 0.22623171476287166
6996.0 0.2295139947402079
6998.0 0.2312830143336269
7000.0 0.2278453897623589
7002.0 0.22930565000312114
7004.0 0.2368719158434158
7006.0 0.23307390830216435
7008.0 0.2326498167898853
7010.0 0.23422318399955772
7012.0 0.22944374126597725
7014.0 0.22723046547514786
7016.0 0.22753954191555284
7018.0 0.23406092061485465
7020.0 0.2299675696917588
7022.0 0.23030875978237753
7024.0 0.23120474422623805
7026.0 0.23127300175051757
7028.0 0.2321899972198343
7030.0 0.2330565901102898
7032.0 0.22932496472246458
7034.0 0.23146583329594775
7036.0 0.2319433583517508
7038.0 0.23097247503519558
7040.0 0.22693164873742502
7042.0 0.22365414040426337
7044.0 0.21916139900155207
7046.0 0.2289060999968941
7048.0 0.23400152312970077
7050.0 0.22962967682560842
7052.0 0.22652896716223245
7054.0 0.22646642992839797
7056.0 0.2253510987457218
7058.0 0.2306115731916041
7060.0 0.23035403833168844
7062.0 0.23144192805924593
7064.0 0.2276844453559297
7066.0 0.23009596349142805
7068.0 0.23263429735954666
7070.0 0.2335020035854956
7072.0 0.2355159278800193
7074.0 0.23764491334261256
7076.0 0.23497919463551684
7078.0 0.23460331854823488
7080.0 0.22889482517722137
7082.0 0.23121334784104908
7084.0 0.2301937021233574
7086.0 0.23074887244994807
7088.0 0.23060935222450882
7090.0 0.22748199878730155
7092.0 0.22756105402326968
7094.0 0.23101540918037888
7096.0 0.23261416437089147
7098.0 0.23586182829739108
7100.0 0.23164937673331978
7102.0 0.2243500095154036
7104.0 0.2171227845983504
7106.0 0.2145853077430771
7108.0 0.21410061209892403
7110.0 0.22096498653346694
7112.0 0.2261314809929304
7114.0 0.22960862364401585
7116.0 0.23313846227996046
7118.0 0.22782470380200343
7120.0 0.22685774278010043
7122.0 0.2280688594275389
7124.0 0.22743496131036495
7126.0 0.22238405593135607
7128.0 0.2237050731912273
7130.0 0.2265164070098809
7132.0 0.23104570710654324
7134.0 0.22913036030153028
7136.0 0.22306377929866772
7138.0 0.2216771449716244
7140.0 0.22187423956973465
7142.0 0.2226530177287442
7144.0 0.22807228362872248
7146.0 0.2270366708765544
7148.0 0.2261102480342336
7150.0 0.23190135108265375
7152.0 0.23118130050382635
7154.0 0.23105888227930801
7156.0 0.2263734590693231
7158.0 0.2242996809431749
7160.0 0.22078297216521434
7162.0 0.22937095084716577
7164.0 0.2301767894278962
7166.0 0.22709809465464992
7168.0 0.22791492716846862
7170.0 0.22728546273856476
7172.0 0.2393438876773275
7174.0 0.2398604202812257
7176.0 0.23441494684125852
7178.0 0.23637304795873526
7180.0 0.23016854414439503
7182.0 0.22762696197901125
7184.0 0.2303101551493237
7186.0 0.22952298943084168
7188.0 0.2313297576672818
7190.0 0.2266144800430775
7192.0 0.22956983129600797
7194.0 0.23460332600242173
7196.0 0.23191353123243544
7198.0 0.2280499273202946
7200.0 0.23365363674094458
7202.0 0.23427596981552395
7204.0 0.23241762905048416
7206.0 0.22256681968789452
7208.0 0.21571424352152807
7210.0 0.22343512313192554
7212.0 0.2305594055430251
7214.0 0.23439757593627755
7216.0 0.22785557386407243
7218.0 0.2273763545529826
7220.0 0.23463229472190184
7222.0 0.23232749164824368
7224.0 0.23355913366871567
7226.0 0.2397049406527659
7228.0 0.23885888464885602
7230.0 0.2311208755532068
7232.0 0.22718439167366888
7234.0 0.22484094156822645
7236.0 0.22746368222873853
7238.0 0.23107826808519216
7240.0 0.2272337246744109
7242.0 0.22055443957108006
7244.0 0.21947919192675253
7246.0 0.2297880432920376
7248.0 0.23453495260270954
7250.0 0.23256750080973904
7252.0 0.2308707491157161
7254.0 0.2283286317528897
7256.0 0.22446856677258528
7258.0 0.2254958213965458
7260.0 0.22834732735794594
7262.0 0.23913363013034641
7264.0 0.23052607681215442
7266.0 0.2226338414688858
7268.0 0.20741758544858027
7270.0 0.20568700552490832
7272.0 0.2034072774995559
7274.0 0.19815915917361732
7276.0 0.1962509876517336
7278.0 0.1982191403621294
7280.0 0.2019172195016872
7282.0 0.20647377843267403
7284.0 0.21089328837841326
7286.0 0.2162988896536787
7288.0 0.22338489955091662
7290.0 0.2276434072146993
7292.0 0.23010565973686034
7294.0 0.2193338903512907
7296.0 0.21479716111599076
7298.0 0.21327229497177896
7300.0 0.21349219633764177
7302.0 0.21627754348740927
7304.0 0.2182589672673133
7306.0 0.2220879220872906
7308.0 0.22408062309050322
7310.0 0.22381774901020976
7312.0 0.22338466094200204
7314.0 0.22887564304522715
7316.0 0.22539651045929368
7318.0 0.2224814766815865
7320.0 0.22689068859137546
7322.0 0.22303779013778907
7324.0 0.21898258870229373
7326.0 0.2218647833985492
7328.0 0.22145564492762596
7330.0 0.22170365544179368
7332.0 0.22537547335716346
7334.0 0.22641259147371004
7336.0 0.22576584405458588
7338.0 0.22211539777303557
7340.0 0.22410414749195456
7342.0 0.22337955911877133
7344.0 0.22011583353812886
7346.0 0.21837624345208373
7348.0 0.22028141883469732
7350.0 0.22495565886184138
7352.0 0.22241821945740414
7354.0 0.2221031396599627
7356.0 0.2210136939770636
7358.0 0.22072986138912132
7360.0 0.21761366405029162
7362.0 0.21474613141161236
7364.0 0.2101980896299254
7366.0 0.2078856751516557
7368.0 0.20799779369904095
7370.0 0.20849358798089832
7372.0 0.21468574962228526
7374.0 0.21653310022163094
7376.0 0.21551702940102827
7378.0 0.2127726047706215
7380.0 0.21113182404674058
7382.0 0.20911315680921025
7384.0 0.19805783378475583
7386.0 0.1994454906100444
7388.0 0.20215133594947202
7390.0 0.2110277629548121
7392.0 0.21174686941486198
7394.0 0.21132348482497523
7396.0 0.21037118134429028
7398.0 0.2100124421353661
7400.0 0.20898546452850017
7402.0 0.20581259057754245
7404.0 0.2093337416690034
7406.0 0.21446093119496545
7408.0 0.22064376236891736
7410.0 0.21268881794317648
7412.0 0.21213613088603717
7414.0 0.21376463794883488
7416.0 0.20846293224701246
7418.0 0.21615803096108072
7420.0 0.22198826233245575
7422.0 0.2202304310610965
7424.0 0.21643458325983123
7426.0 0.214594005710053
7428.0 0.21403253627418536
7430.0 0.2091919315391775
7432.0 0.2053867099113251
7434.0 0.20375968911867418
7436.0 0.20637543677755052
7438.0 0.21009649456971083
7440.0 0.21844445068182314
7442.0 0.2201747716996045
7444.0 0.22000769151638344
7446.0 0.22028546511213795
7448.0 0.2182494003071575
7450.0 0.21778119210653119
7452.0 0.21669330729683772
7454.0 0.21297034161829198
7456.0 0.21141680277428831
7458.0 0.21036098532318537
7460.0 0.21505750645649546
7462.0 0.21516237864088114
7464.0 0.2172002757118721
7466.0 0.22248453976447594
7468.0 0.22586680099552722
7470.0 0.22956593785317936
7472.0 0.23377097783710984
7474.0 0.22497726849676358
7476.0 0.22028045699192922
7478.0 0.2147600946429878
7480.0 0.22657401997533883
7482.0 0.22601608183822372
7484.0 0.22635950059863721
7486.0 0.2268567123785449
7488.0 0.22830731678850286
7490.0 0.2288146871800995
7492.0 0.22944706339293572
7494.0 0.22917142114134514
7496.0 0.2287530794892296
7498.0 0.22933221088630856
7500.0 0.22870570877272525
7502.0 0.22889441734740115
7504.0 0.22920447513938377
7506.0 0.22934366794697486
7508.0 0.22933598759784599
7510.0 0.22932914249052522
7512.0 0.2294198197737239
7514.0 0.22941210957598798
7516.0 0.22902344527064866
7518.0 0.22869703844450787
7520.0 0.22882888930086262
7522.0 0.22844612232896933
7524.0 0.22852761684639206
7526.0 0.2278744187213786
7528.0 0.22803353583301328
7530.0 0.22867561907857456
7532.0 0.22802225798853626
7534.0 0.22782265354493417
7536.0 0.22843207729263634
7538.0 0.22807156858241764
7540.0 0.2280444913736412
7542.0 0.2280485973935118
7544.0 0.2281502356469333
7546.0 0.22815364172658809
7548.0 0.2281570664309741
7550.0 0.22824028994126216
7552.0 0.22847192709387334
7554.0 0.22889263240223667
7556.0 0.2287333511177286
7558.0 0.2285882144902304
7560.0 0.2286358867635932
7562.0 0.22897085975365475
7564.0 0.22917742451842973
7566.0 0.22692196406907547
7568.0 0.22432455885048477
7570.0 0.219998532772766
7572.0 0.21914060833246066
7574.0 0.21865129725662374
7576.0 0.21867331666318823
7578.0 0.22456366929596197
7580.0 0.2305609733237631
7582.0 0.23322559479249824
7584.0 0.2348231815317521
7586.0 0.23669196104133292
7588.0 0.2373610106408657
7590.0 0.23861574475621955
7592.0 0.23776210165629946
7594.0 0.23786225504207578
7596.0 0.2268661912442774
7598.0 0.22188800823604235
7600.0 0.2184294960944796
7602.0 0.21872719814669636
7604.0 0.22201936638666928
7606.0 0.22591484288715327
7608.0 0.22732047301624075
7610.0 0.22582600267448744
7612.0 0.22370666906474376
7614.0 0.2190779738632649
7616.0 0.2221498481496761
7618.0 0.2228336994624208
7620.0 0.220439378437278
7622.0 0.21910790220785087
7624.0 0.22118820710236545
7626.0 0.22744767656000928
7628.0 0.2258382856713225
7630.0 0.22885696976045358
7632.0 0.23420308673748724
7634.0 0.22346914473199297
7636.0 0.22597468104660096
7638.0 0.22980726698995763
7640.0 0.23601372618690783
7642.0 0.2342622476143269
7644.0 0.23218909796886997
7646.0 0.23038243562620503
7648.0 0.2306609937826062
7650.0 0.2286945287967391
7652.0 0.22362238964940265
7654.0 0.22539807630084813
7656.0 0.22747751853129747
7658.0 0.23263366672348895
7660.0 0.23132804168824148
7662.0 0.2302949646827307
7664.0 0.2277266959284059
7666.0 0.21534017965614885
7668.0 0.21525834097665555
7670.0 0.21813225362972494
7672.0 0.21375837780447174
7674.0 0.21381274802847303
7676.0 0.21437528438387982
7678.0 0.22334810155669277
7680.0 0.21557113759766802
7682.0 0.21289781641897948
7684.0 0.21176325569366022
7686.0 0.21556001172284803
7688.0 0.21807207001062193
7690.0 0.21932716607702224
7692.0 0.22418839647270694
7694.0 0.22303696848550442
7696.0 0.21887710270953323
7698.0 0.22073823373615353
7700.0 0.22172631630889414
7702.0 0.22239861879327807
7704.0 0.21954192911801432
7706.0 0.22105706395298771
7708.0 0.221644896103831
7710.0 0.21601495689547914
7712.0 0.2092756311444808
7714.0 0.20749127945362714
7716.0 0.21185616003009797
7718.0 0.21330797609381122
7720.0 0.2143866012860868
7722.0 0.21585574228577506
7724.0 0.21285787794948519
7726.0 0.21261730252428576
7728.0 0.21311074407454733
7730.0 0.21052864180278097
7732.0 0.21078964636149194
7734.0 0.21318034773588287
7736.0 0.2157132322868336
7738.0 0.2178859231474987
7740.0 0.21723961058159352
7742.0 0.21187189220524136
7744.0 0.21126247052293415
7746.0 0.2095073540498873
7748.0 0.20661796338744495
7750.0 0.20497038128942263
7752.0 0.2048773919998196
7754.0 0.2044927906089025
7756.0 0.20423729263916343
7758.0 0.20468059428244567
7760.0 0.20475808869590187
7762.0 0.20323380312062897
7764.0 0.20298553603838934
7766.0 0.20284162547977372
7768.0 0.20187920034432588
7770.0 0.20079482286866557
7772.0 0.20027564624723385
7774.0 0.1996379063623148
7776.0 0.19906204883680062
7778.0 0.19855082413594172
7780.0 0.19783997086025834
7782.0 0.19720144703768366
7784.0 0.1963188378195528
7786.0 0.19497279591497954
7788.0 0.1952380138619584
7790.0 0.194222437291344
7792.0 0.19327690277196652
7794.0 0.1925336099259924
7796.0 0.1919244041630168
7798.0 0.19171490064223246
7800.0 0.1920305586743139
7802.0 0.1927073048844946
7804.0 0.19304914025705058
7806.0 0.1927232238369943
7808.0 0.1925014285172097
7810.0 0.19222674086201544
7812.0 0.195108486752832
7814.0 0.19282705515218984
7816.0 0.1907219870113333
7818.0 0.18854633628422915
7820.0 0.19294543788819046
7822.0 0.19425217520121116
7824.0 0.19472259943080694
7826.0 0.19439154296705655
7828.0 0.19417357158482942
7830.0 0.19310829451459624
7832.0 0.19715004472545603
7834.0 0.1946308252332179
7836.0 0.19255228498768842
7838.0 0.1884475384583988
7840.0 0.18775926206251195
7842.0 0.186553305953859
7844.0 0.18686359840653324
7846.0 0.18859428186704497
7848.0 0.18921575920246886
7850.0 0.18852043588490938
7852.0 0.19101940985741614
7854.0 0.19122027402009897
7856.0 0.1910080934373889
7858.0 0.19022047229330902
7860.0 0.19164411955506752
7862.0 0.19284714712954415
7864.0 0.1873338652025857
7866.0 0.1896991042578905
7868.0 0.19033962576995372
7870.0 0.18355370637111962
7872.0 0.18298468722698172
7874.0 0.1849363291240927
7876.0 0.19224925287639766
7878.0 0.18975953823399336
7880.0 0.18721988557529393
7882.0 0.1826744695139861
7884.0 0.1915041575154937
7886.0 0.19272890201720938
7888.0 0.19190459990934788
7890.0 0.19189288079033553
7892.0 0.19213132442508055
7894.0 0.1926138119634299
7896.0 0.19121728828684842
7898.0 0.19242566547161366
7900.0 0.19229606571444224
7902.0 0.19295787335639114
7904.0 0.19659842127869878
7906.0 0.19782667910184687
7908.0 0.19322099140595794
7910.0 0.1930833129820959
7912.0 0.19427718060169144
7914.0 0.19880286843165057
7916.0 0.19627093350245445
7918.0 0.19635449186770232
7920.0 0.19684418249146482
7922.0 0.19530678726997783
7924.0 0.19085371852706318
7926.0 0.18530266854840424
7928.0 0.18628359492679697
7930.0 0.180790216451332
7932.0 0.17622193084723972
7934.0 0.18052294752648548
7936.0 0.18753173296577952
7938.0 0.19080641174389332
7940.0 0.18520624629012708
7942.0 0.18359016457741376
7944.0 0.1834780226112706
7946.0 0.18336150305805352
7948.0 0.19234567314234083
7950.0 0.190061888022624
7952.0 0.18299963274224645
7954.0 0.1815720994163813
7956.0 0.18125640059611386
7958.0 0.18307029186111856
7960.0 0.17716854913058114
7962.0 0.17610265020161145
7964.0 0.17597077300833566
7966.0 0.1848406335636594
7968.0 0.18085989460330956
7970.0 0.18058738623703155
7972.0 0.1863476620392402
7974.0 0.18821181026752518
7976.0 0.19041554394057827
7978.0 0.19236110373582654
7980.0 0.1806329680523469
7982.0 0.17426459420402704
7984.0 0.1719769602552027
7986.0 0.1772857675620297
7988.0 0.17874337449385921
7990.0 0.18127941191894464
7992.0 0.1933105529888418
7994.0 0.19309865556081082
7996.0 0.19232790841879738
7998.0 0.1912678112046964
8000.0 0.18698412246819746
8002.0 0.18383262168375006
8004.0 0.1836169549110629
8006.0 0.18421097055755134
8008.0 0.18142802555910278
8010.0 0.1748824407285045
8012.0 0.17282384826000916
8014.0 0.1701517910461882
8016.0 0.16921946935226764
8018.0 0.1674698866297603
8020.0 0.16853972714438464
8022.0 0.1701594406660262
8024.0 0.17782019673126742
8026.0 0.18390641951793613
8028.0 0.1879333947793809
8030.0 0.18067173793086197
8032.0 0.18002182602492234
8034.0 0.17899956480121124
8036.0 0.18174068525889148
8038.0 0.181662945848194
8040.0 0.1763781869798126
8042.0 0.1679510102323456
8044.0 0.17304377847209565
8046.0 0.17401555407575459
8048.0 0.17341720112777723
8050.0 0.16155515994800834
8052.0 0.1599365564547496
8054.0 0.1594397436216364
8056.0 0.16846886680206694
8058.0 0.16820485116857517
8060.0 0.16651504800290762
8062.0 0.15478095287387192
8064.0 0.1619793544525497
8066.0 0.1664394968344511
8068.0 0.16937803765235518
8070.0 0.16416240459599088
8072.0 0.16111396222386978
8074.0 0.15782683256017813
8076.0 0.16181243676697116
8078.0 0.163651823583607
8080.0 0.16607331742159334
8082.0 0.16455643600119102
8084.0 0.16757379979659837
8086.0 0.17170371345610766
8088.0 0.16682655546888542
8090.0 0.16296900835979264
8092.0 0.16021452947796402
8094.0 0.16635659641374384
8096.0 0.16454774124788743
8098.0 0.16446379644927667
8100.0 0.17037130778085216
8102.0 0.16329733832943166
8104.0 0.15819071909089555
8106.0 0.1542593798208882
8108.0 0.1515448455873893
8110.0 0.15012508662127214
8112.0 0.14972535373613793
8114.0 0.15738871551982322
8116.0 0.15626570511199606
8118.0 0.1535320181869881
8120.0 0.1618097111568233
8122.0 0.1579246822694003
8124.0 0.15427649416609182
8126.0 0.14713497657868504
8128.0 0.14887452593122041
8130.0 0.15137267904440949
8132.0 0.15795069983572047
8134.0 0.16072600442142757
8136.0 0.16337907683673877
8138.0 0.16697371659003363
8140.0 0.16263110419752508
8142.0 0.16162686414365962
8144.0 0.16329855831385398
8146.0 0.15949418546979502
8148.0 0.16044498012533448
8150.0 0.16176101981465904
8152.0 0.1618017366079169
8154.0 0.16249887969155033
8156.0 0.16270033971996373
8158.0 0.1643675563206014
8160.0 0.16384598159120656
8162.0 0.16193173438018235
8164.0 0.1604433384090799
8166.0 0.1684424150134502
8168.0 0.1701332587910847
8170.0 0.16903299967728866
8172.0 0.1788412347072076
8174.0 0.18017824118768824
8176.0 0.17672807437592786
8178.0 0.17635720520115408
8180.0 0.17944366826318361
8182.0 0.18165541511328107
8184.0 0.17493345843505642
8186.0 0.18311028516392075
8188.0 0.1889608442201681
8190.0 0.1856338344672245
8192.0 0.18030401547830566
8194.0 0.1778067335326208
8196.0 0.1814259564723987
8198.0 0.17457764129478803
8200.0 0.17378159757140751
8202.0 0.17922589045429757
8204.0 0.17591662123768645
8206.0 0.17236458987351932
8208.0 0.1680323543527697
8210.0 0.16729408304948165
8212.0 0.168147505048264
8214.0 0.16982846288715478
8216.0 0.17310024612963443
8218.0 0.17053977714691335
8220.0 0.16887868082324847
8222.0 0.16869690078334848
8224.0 0.16654745050487696
8226.0 0.16555891815438045
8228.0 0.16628462852572726
8230.0 0.16561679217600953
8232.0 0.16643673952194094
8234.0 0.17001247557920846
8236.0 0.16939768804073735
8238.0 0.16681876555662337
8240.0 0.16282431358537844
8242.0 0.16831768366837238
8244.0 0.17235484032019366
8246.0 0.17600642492933025
8248.0 0.1649759152373793
8250.0 0.16629359406788757
8252.0 0.16653139877216144
8254.0 0.15327875269270172
8256.0 0.15833147446674478
8258.0 0.16144131326037864
8260.0 0.16684957889698063
8262.0 0.16834123715444152
8264.0 0.16879074133659958
8266.0 0.16744265555309598
8268.0 0.16494030948345628
8270.0 0.16536338585211757
8272.0 0.1667585921714238
8274.0 0.16980439836076625
8276.0 0.1702694561898945
8278.0 0.1695682614130784
8280.0 0.17376251049288577
8282.0 0.17803021747741404
8284.0 0.1811771200870422
8286.0 0.1757157454924742
8288.0 0.18198767934723145
8290.0 0.18443644393731867
8292.0 0.17834398943490481
8294.0 0.17689683562102515
8296.0 0.18006068030566266
8298.0 0.19092228827043445
8300.0 0.18473551340467254
8302.0 0.18141286318727684
8304.0 0.17784700120484154
8306.0 0.18703559927786667
8308.0 0.18964007818857007
8310.0 0.19026046833828272
8312.0 0.19309277308707
8314.0 0.18896529233163786
8316.0 0.18481172319668415
8318.0 0.18540982293014613
8320.0 0.18518534481862944
8322.0 0.1858544843000155
8324.0 0.1861628650522284
8326.0 0.18772072980202426
8328.0 0.189812780475294
8330.0 0.192082226450062
8332.0 0.1959630729032809
8334.0 0.19558240291744555
8336.0 0.1927286957758479
8338.0 0.19923324690739577
8340.0 0.19796117609653444
8342.0 0.19519628898983007
8344.0 0.1872317568975836
8346.0 0.1860276269162363
8348.0 0.18508273456034186
8350.0 0.1886538382558498
8352.0 0.1924623286280846
8354.0 0.19488053284289583
8356.0 0.19658286063021507
8358.0 0.19614677990605858
8360.0 0.1995758972582747
8362.0 0.20635557526096981
8364.0 0.2033390961800999
8366.0 0.20273873890623126
8368.0 0.20214971847322377
8370.0 0.20841290663774414
8372.0 0.20465290930742333
8374.0 0.19789102323964
8376.0 0.18933068813542925
8378.0 0.1971175487071672
8380.0 0.20425539856722463
8382.0 0.20659563778170079
8384.0 0.19397833203458772
8386.0 0.18924882704482654
8388.0 0.202033866274026
8390.0 0.20946003358255386
8392.0 0.2065992459146703
8394.0 0.19056726020886366
8396.0 0.19163117817789252
8398.0 0.19427497694018414
8400.0 0.19739977425464705
8402.0 0.20119572248474546
8404.0 0.19582369219404744
8406.0 0.18895308932739407
8408.0 0.19604583352900562
8410.0 0.20086075652362897
8412.0 0.2046975442471866
8414.0 0.20179670623255658
8416.0 0.20231103076488022
8418.0 0.20210432792433883
8420.0 0.19768610428617048
8422.0 0.19369761583048856
8424.0 0.19262355018019417
8426.0 0.19337480471618382
8428.0 0.19930745401428893
8430.0 0.19929432736617042
8432.0 0.19609881661487572
8434.0 0.19861926360754706
8436.0 0.20352145600450244
8438.0 0.2083223615356743
8440.0 0.2038926626194412
8442.0 0.19088576242077848
8444.0 0.18094988030724307
8446.0 0.20345560004088134
8448.0 0.1968453121687869
8450.0 0.1938669376301646
8452.0 0.19755320547770744
8454.0 0.19182116290599233
8456.0 0.192125652245302
8458.0 0.1975473479094139
8460.0 0.20511396588313358
8462.0 0.20317984185152296
8464.0 0.1956062889309987
8466.0 0.2099686352326777
8468.0 0.21122558782599862
8470.0 0.21048375239566533
8472.0 0.2058840079052043
8474.0 0.21271208696695312
8476.0 0.2175809179047547
8478.0 0.20884266051957892
8480.0 0.20702578577793657
8482.0 0.2064153796252193
8484.0 0.20422086223804778
8486.0 0.20045641144029044
8488.0 0.20151762744422697
8490.0 0.2075904707533405
8492.0 0.21282222165186565
8494.0 0.21602282397730702
8496.0 0.2205270982860712
8498.0 0.18382590208383698
8500.0 0.1888000257801668
8502.0 0.1980490709592075
8504.0 0.2165288119011643
8506.0 0.21706193848603375
8508.0 0.21551647926816261
8510.0 0.20146330724762887
8512.0 0.21260852609095623
8514.0 0.21883613116106734
8516.0 0.21774672058729364
8518.0 0.21148270550797377
8520.0 0.21099006137110243
8522.0 0.2143236653047742
8524.0 0.21072231604685507
8526.0 0.21306532366083758
8528.0 0.21570912891680039
8530.0 0.2191640980038678
8532.0 0.2165553426585406
8534.0 0.21411605009063012
8536.0 0.21908935631341378
8538.0 0.21739609672872096
8540.0 0.21536565943038483
8542.0 0.21141364767718188
8544.0 0.20675644391286294
8546.0 0.20449539396436114
8548.0 0.20594497215998706
8550.0 0.21728897567902153
8552.0 0.2209743502275497
8554.0 0.21758590926215632
8556.0 0.20645503003180485
8558.0 0.20207306758226634
8560.0 0.2018302134422619
8562.0 0.20526852045751337
8564.0 0.20227004079039695
8566.0 0.2003237532188331
8568.0 0.19249079414464682
8570.0 0.20049051015946903
8572.0 0.2088457227409784
8574.0 0.21303184355713126
8576.0 0.2118658126833774
8578.0 0.21254863688004527
8580.0 0.21984192432438984
8582.0 0.22426966605403684
8584.0 0.22073285041888657
8586.0 0.21644100367737712
8588.0 0.2115512906381488
8590.0 0.20511218479006682
8592.0 0.19748043617158756
8594.0 0.19922821382484351
8596.0 0.2001583074075703
8598.0 0.202072229387967
8600.0 0.19597275468684547
8602.0 0.19609187080000254
8604.0 0.19742587027276806
8606.0 0.20585875971303402
8608.0 0.2053858390818609
8610.0 0.20592298906112122
8612.0 0.2063171338206143
8614.0 0.20476219742269275
8616.0 0.2038712859409132
8618.0 0.19984363172362365
8620.0 0.20549835130426153
8622.0 0.20309904411393245
8624.0 0.20024541497177212
8626.0 0.19595695997140725
8628.0 0.19790441183433666
8630.0 0.20211678068520658
8632.0 0.2006227078951494
8634.0 0.20065125337219133
8636.0 0.20140777380020305
8638.0 0.20296636169028082
8640.0 0.20696332704049
8642.0 0.20682975614552865
8644.0 0.20240305716034662
8646.0 0.1978118149105569
8648.0 0.19563775839513264
8650.0 0.19752371836716745
8652.0 0.20094584695298826
8654.0 0.20109215417138188
8656.0 0.20308880839914759
8658.0 0.21071603402466837
8660.0 0.21107101282499904
8662.0 0.2096375138154971
8664.0 0.20510447268960771
8666.0 0.19663371763985088
8668.0 0.18980030608395088
8670.0 0.18842647809468807
8672.0 0.1903960170285291
8674.0 0.19221804861535047
8676.0 0.19174004185698773
8678.0 0.18877351197127556
8680.0 0.1875496362245437
8682.0 0.18991053818426326
8684.0 0.19490655308631913
8686.0 0.1950281209377641
8688.0 0.19184586126715325
8690.0 0.19037304715312472
8692.0 0.19444799331803483
8694.0 0.19986082776280892
8696.0 0.1945037545490027
8698.0 0.19554696228359755
8700.0 0.19563977292538373
8702.0 0.20004950018430268
8704.0 0.19714476523950808
8706.0 0.19730186732961477
8708.0 0.1957711607194543
8710.0 0.19693342638269573
8712.0 0.1971839372622496
8714.0 0.19449565908897998
8716.0 0.1819647317116926
8718.0 0.18082592410717838
8720.0 0.18493798964545005
8722.0 0.18891752286997368
8724.0 0.18953283226055728
8726.0 0.1879655262831425
8728.0 0.1889341513844418
8730.0 0.1913776481760133
8732.0 0.19243475587329847
8734.0 0.19411340117792614
8736.0 0.19442275337756726
8738.0 0.19515550278991908
8740.0 0.19400424944449204
8742.0 0.20167538326177223
8744.0 0.20353206965426324
8746.0 0.2019473388076706
8748.0 0.20010013565498252
8750.0 0.19685903792437484
8752.0 0.19301038670827628
8754.0 0.19571207763110396
8756.0 0.19356218384382676
8758.0 0.19200732629296915
8760.0 0.1888243872024874
8762.0 0.1894729734949592
8764.0 0.18963561395897022
8766.0 0.19023498856268428
8768.0 0.19739536867317983
8770.0 0.2013944219511686
8772.0 0.20050685359173392
8774.0 0.19833577701127064
8776.0 0.19821315340074222
8778.0 0.1991160561640502
8780.0 0.19382884500950512
8782.0 0.19501255155786867
8784.0 0.19663193982722002
8786.0 0.19235749186295928
8788.0 0.20031649018665776
8790.0 0.2122835525509362
8792.0 0.19026555457340183
8794.0 0.19641193456949194
8796.0 0.20061002344777548
8798.0 0.2047695624748507
8800.0 0.20494730325270577
8802.0 0.20687081460976522
8804.0 0.2123474300884964
8806.0 0.20032100454659224
8808.0 0.19845530340596465
8810.0 0.20459933040165454
8812.0 0.2083268042840047
8814.0 0.21071024631047366
8816.0 0.2143603135105558
8818.0 0.21027051498770277
8820.0 0.21545348257552832
8822.0 0.22055055091266035
8824.0 0.23058017176500664
8826.0 0.22676706865944007
8828.0 0.2226576268136724
8830.0 0.21056862799872048
8832.0 0.20866546229572497
8834.0 0.21637832304487553
8836.0 0.21728861865407353
8838.0 0.21697790316987084
8840.0 0.21684052120029032
8842.0 0.21609122265428168
8844.0 0.21518956547850399
8846.0 0.21447993654990136
8848.0 0.21321222948332974
8850.0 0.21231157230726472
8852.0 0.21204894829720725
8854.0 0.21223430659495704
8856.0 0.21255452881042255
8858.0 0.21239908025238133
8860.0 0.21203539305119581
8862.0 0.21059764170541675
8864.0 0.20864245934506637
8866.0 0.20784304464738726
8868.0 0.20796623931604347
8870.0 0.20965785952859045
8872.0 0.2121463809730274
8874.0 0.21381148363704178
8876.0 0.21380276052511246
8878.0 0.21433360227514786
8880.0 0.21441576047924163
8882.0 0.21466001134516433
8884.0 0.21405681534707122
8886.0 0.2142960936827519
8888.0 0.21408415431827113
8890.0 0.21204015436231566
8892.0 0.21166597845863463
8894.0 0.21066762155286306
8896.0 0.21032363141988294
8898.0 0.21057058730867143
8900.0 0.2105751702756869
8902.0 0.20992891829703705
8904.0 0.20952838103486093
8906.0 0.2077463653593471
8908.0 0.20679245606944852
8910.0 0.2053795409655509
8912.0 0.20472421338810656
8914.0 0.20436579372536448
8916.0 0.20557586129071098
8918.0 0.20618381241569836
8920.0 0.20461306300240906
8922.0 0.2048016776137981
8924.0 0.20577948071922147
8926.0 0.206245618173166
8928.0 0.20756502996463827
8930.0 0.20858697400802453
8932.0 0.209578439980944
8934.0 0.20912768528152223
8936.0 0.20882748252906866
8938.0 0.2092646747209738
8940.0 0.2094170513211636
8942.0 0.20853343045621772
8944.0 0.20742266954902452
8946.0 0.20684043176601663
8948.0 0.20616341418387543
8950.0 0.20591601613737043
8952.0 0.20610650552255078
8954.0 0.2060350662763018
8956.0 0.20575063757708068
8958.0 0.20613475665415454
8960.0 0.20630958009706282
8962.0 0.20634770223530097
8964.0 0.20680930183823945
8966.0 0.20780363693319778
8968.0 0.20810241230740648
8970.0 0.20762917724124796
8972.0 0.2068797185646126
8974.0 0.20763925087971397
8976.0 0.2079219419883211
8978.0 0.20800413967355047
8980.0 0.207072868155788
8982.0 0.2047831795630283
8984.0 0.20158761981946166
8986.0 0.2002672955766438
8988.0 0.2002069350871486
8990.0 0.19981178396595023
8992.0 0.19986555606715373
8994.0 0.20040544874598476
8996.0 0.20026040012691013
8998.0 0.2007864826791609
9000.0 0.20120745800709086
9002.0 0.20099497369465819
9004.0 0.2007358985266152
9006.0 0.2000599434780686
9008.0 0.19950682676208456
9010.0 0.20091422085781657
9012.0 0.20168874336037043
9014.0 0.20206823193796777
9016.0 0.2028203514871439
9018.0 0.20180570108746185
9020.0 0.20102278208876745
9022.0 0.20127500732736034
9024.0 0.20195844897415594
9026.0 0.20344857102687847
9028.0 0.20335924402853295
9030.0 0.203856645299985
9032.0 0.2049721319839896
9034.0 0.20471426879123056
9036.0 0.2036077756137149
9038.0 0.2024441718170186
9040.0 0.20254396197802244
9042.0 0.2042685706012683
9044.0 0.20411014540677871
9046.0 0.20261795561816662
9048.0 0.20290945833183177
9050.0 0.20256698890410935
9052.0 0.20310581930097374
9054.0 0.20374323330873936
9056.0 0.20307666302023675
9058.0 0.2031397201280421
9060.0 0.20210732427576789
9062.0 0.2013053921546159
9064.0 0.2014427281512645
9066.0 0.20074415297638348
9068.0 0.200399008889276
9070.0 0.19949224608671318
9072.0 0.1979835219422606
9074.0 0.1966375842316697
9076.0 0.19715803170926938
9078.0 0.1981884962771939
9080.0 0.1994859001408549
9082.0 0.19995170958678932
9084.0 0.20141667793156984
9086.0 0.20362206773487604
9088.0 0.20537115555160912
9090.0 0.20800511073560018
9092.0 0.20997413808998894
9094.0 0.20943535190533372
9096.0 0.2073363948750043
9098.0 0.20278203715642792
9100.0 0.19636715499326288
9102.0 0.19100470499390945
9104.0 0.1900677815088574
9106.0 0.1904863576539833
9108.0 0.19211698025622598
9110.0 0.194153379742045
9112.0 0.1973655142496642
9114.0 0.2004141769024139
9116.0 0.19951119484508834
9118.0 0.19734578693346985
9120.0 0.19995554003724586
9122.0 0.20644730915649084
9124.0 0.20912965794841126
9126.0 0.2060915246612095
9128.0 0.20453189486354106
9130.0 0.20197802513634494
9132.0 0.20032034068677035
9134.0 0.19971649691513982
9136.0 0.2015634326615468
9138.0 0.202614780157781
9140.0 0.20236436196180801
9142.0 0.20143747204345072
9144.0 0.19962475215497283
9146.0 0.1982032855844937
9148.0 0.19769184234766848
9150.0 0.1975334246305268
9152.0 0.19851670326550108
9154.0 0.19991142326781236
9156.0 0.1959132217777979
9158.0 0.18881533597633143
9160.0 0.18105772361753245
9162.0 0.17493621341571444
9164.0 0.17601540975516386
9166.0 0.17837564301798972
9168.0 0.1788334595838524
9170.0 0.18136821059472422
9172.0 0.18349652971060576
9174.0 0.18916238333045776
9176.0 0.19361640560041193
9178.0 0.19535368817748977
9180.0 0.19728684817993308
9182.0 0.19825891565664638
9184.0 0.1989841279713725
9186.0 0.20003303217930848
9188.0 0.20195146996392174
9190.0 0.20396866367360447
9192.0 0.20559876918942177
9194.0 0.20671651574563368
9196.0 0.2072238127753496
9198.0 0.20529563409551688
9200.0 0.20336028054811142
9202.0 0.20367897615934058
9204.0 0.20286756599347092
9206.0 0.20088587818878295
9208.0 0.19803926135095215
9210.0 0.19617767964083366
9212.0 0.19589445375711262
9214.0 0.19563909679439512
9216.0 0.19904935674901497
9218.0 0.19982530096282797
9220.0 0.19999614042985742
9222.0 0.1988717810969468
9224.0 0.1969097746293906
9226.0 0.19363099074155082
9228.0 0.19210462272218365
9230.0 0.19387187967910197
9232.0 0.1947023261866006
9234.0 0.1989491984453007
9236.0 0.1999707541542339
9238.0 0.19891985799170506
9240.0 0.1994339208853732
9242.0 0.19925604917132037
9244.0 0.19788244807287866
9246.0 0.1977190308867733
9248.0 0.19824378043188892
9250.0 0.1990839926547574
9252.0 0.2013062852741486
9254.0 0.20336401604087762
9256.0 0.2026649132645278
9258.0 0.2016196317223926
9260.0 0.2004029888098231
9262.0 0.19928327605324833
9264.0 0.1992799167676654
9266.0 0.1989993384185972
9268.0 0.19967387429268638
9270.0 0.19888762317626965
9272.0 0.1993411107067148
9274.0 0.20144058301598772
9276.0 0.2027206494538973
9278.0 0.20222661995234945
9280.0 0.20203867474887147
9282.0 0.20414327558650397
9284.0 0.20615088395933517
9286.0 0.20797917649461747
9288.0 0.20813545620108298
9290.0 0.20714823201013532
9292.0 0.20402971159489075
9294.0 0.2014654094170095
9296.0 0.2012922270601317
9298.0 0.20085943059202535
9300.0 0.20138808179525672
9302.0 0.20133557089558013
9304.0 0.2009280316045186
9306.0 0.19931864688314307
9308.0 0.19737085863130716
9310.0 0.1967989532403631
9312.0 0.19650837797228632
9314.0 0.19578701276473093
9316.0 0.19479006911693833
9318.0 0.19542108223893326
9320.0 0.1972027601900209
9322.0 0.19805112992729831
9324.0 0.19891696274519263
9326.0 0.201133871774121
9328.0 0.20280324379728937
9330.0 0.2033917866295731
9332.0 0.2027138350311127
9334.0 0.2029380452147818
9336.0 0.20239001187001007
9338.0 0.201705631790278
9340.0 0.19951056818253055
9342.0 0.19669820528427587
9344.0 0.195490902916593
9346.0 0.19435524480744626
9348.0 0.19449383676377435
9350.0 0.19636635864460433
9352.0 0.19756744415764205
9354.0 0.1978835056311113
9356.0 0.1993499168792191
9358.0 0.1977573287845845
9360.0 0.19730012518616913
9362.0 0.19737284439919378
9364.0 0.19857886706552785
9366.0 0.19884575122359882
9368.0 0.19956554602798038
9370.0 0.20031531783757522
9372.0 0.19863182551777037
9374.0 0.1977638695331402
9376.0 0.1977784026813164
9378.0 0.1982444549775039
9380.0 0.19732030094471625
9382.0 0.19673954485693282
9384.0 0.19703946371316616
9386.0 0.19756776479439594
9388.0 0.19871523471253802
9390.0 0.20205233095155245
9392.0 0.20385606148346147
9394.0 0.2037851761775969
9396.0 0.20226346242111434
9398.0 0.19981636536569536
9400.0 0.19665367733524053
9402.0 0.19399758996056954
9404.0 0.18915990839036637
9406.0 0.18655410377023235
9408.0 0.19008687106996025
9410.0 0.19310800707733594
9412.0 0.19385072867379238
9414.0 0.19407663690875906
9416.0 0.19546654801268493
9418.0 0.1957514358145081
9420.0 0.1957426780770937
9422.0 0.1955580787687717
9424.0 0.19645377098081965
9426.0 0.1974906137796611
9428.0 0.19773634242010416
9430.0 0.19650070249492368
9432.0 0.19511261124263327
9434.0 0.19443885828051172
9436.0 0.1943274886998091
9438.0 0.1938475635590039
9440.0 0.19508712006477713
9442.0 0.19548258956511835
9444.0 0.19466342431559755
9446.0 0.19436154942372041
9448.0 0.19520239963151875
9450.0 0.19603428244240909
9452.0 0.1954476266694602
9454.0 0.19455600725514047
9456.0 0.19474132796373456
9458.0 0.19474116309394046
9460.0 0.1954503781924069
9462.0 0.19558790442097443
9464.0 0.19565873483173496
9466.0 0.1964667422384309
9468.0 0.1981558696340867
9470.0 0.19956932161189492
9472.0 0.20149590411479454
9474.0 0.2024307127878129
9476.0 0.20313955555467553
9478.0 0.20224231897196815
9480.0 0.2026438029227867
9482.0 0.20090578244923826
9484.0 0.19600597411516232
9486.0 0.19197511736509676
9488.0 0.19114677951740483
9490.0 0.19249200151527104
9492.0 0.1939062278803532
9494.0 0.19609676130005607
9496.0 0.19622001887369642
9498.0 0.19638430933289555
9500.0 0.19606687277567678
9502.0 0.19454627003545455
9504.0 0.19321618268761032
9506.0 0.19322323415693007
9508.0 0.1941261251124975
9510.0 0.19580021215259175
9512.0 0.1975622795727196
9514.0 0.1975345145402241
9516.0 0.19517776017397145
9518.0 0.19426297666423362
9520.0 0.1944297339542059
9522.0 0.1957487618051003
9524.0 0.19677167640767462
9526.0 0.19707535847641214
9528.0 0.19576947083336638
9530.0 0.19390443412253955
9532.0 0.19233055726465095
9534.0 0.18987138166484951
9536.0 0.18943338198227033
9538.0 0.19086225000348528
9540.0 0.19256865362499354
9542.0 0.19321612071703625
9544.0 0.19435328758993886
9546.0 0.19483937228107054
9548.0 0.19532950018008113
9550.0 0.1963038116446151
9552.0 0.19626324026288366
9554.0 0.1957628303735673
9556.0 0.19630150781946215
9558.0 0.19613189389978616
9560.0 0.19629872808986465
9562.0 0.1959707733760223
9564.0 0.19416608263709353
9566.0 0.19202358262485666
9568.0 0.19186458924033378
9570.0 0.19368247199208105
9572.0 0.19403321911028812
9574.0 0.1944552424165062
9576.0 0.19463362381371632
9578.0 0.1952804541750161
9580.0 0.19393746333872872
9582.0 0.19472245595085852
9584.0 0.19674140478533653
9586.0 0.19676418019613068
9588.0 0.1954339610615889
9590.0 0.19420886874540882
9592.0 0.1922066853166325
9594.0 0.1918929655584525
9596.0 0.192875249733499
9598.0 0.19406518866950773
9600.0 0.19517791508696714
9602.0 0.19508069423696345
9604.0 0.19528674463919984
9606.0 0.1960482968672534
9608.0 0.19388546758208097
9610.0 0.18973230642756797
9612.0 0.1874823491090969
9614.0 0.18761557897344533
9616.0 0.1886007643901191
9618.0 0.19273381451869587
9620.0 0.1962879365166987
9622.0 0.197033332680555
9624.0 0.19509834720726743
9626.0 0.19431463607230398
9628.0 0.19283706408229323
9630.0 0.19203025366541832
9632.0 0.19084911101613158
9634.0 0.1902121444790422
9636.0 0.18873326359058415
9638.0 0.1868289496809571
9640.0 0.18562518939945283
9642.0 0.1845009066891765
9644.0 0.1843865796361676
9646.0 0.18637348672694432
9648.0 0.18740700246926018
9650.0 0.18832988890447444
9652.0 0.18990324554199858
9654.0 0.19257304662001107
9656.0 0.19357236136853156
9658.0 0.19369151678191524
9660.0 0.19322887534314195
9662.0 0.1916823929103029
9664.0 0.18906413772134256
9666.0 0.1880687320342025
9668.0 0.189515694697534
9670.0 0.1922059849665538
9672.0 0.19295243574540458
9674.0 0.19488895170158568
9676.0 0.19537567140038886
9678.0 0.19445633621650119
9680.0 0.19532139083267439
9682.0 0.19891086959189527
9684.0 0.20080905152741474
9686.0 0.20110314813437333
9688.0 0.20068532926889862
9690.0 0.1991949859010815
9692.0 0.19679020180567933
9694.0 0.19602843620428878
9696.0 0.19449860071441702
9698.0 0.19398684289617918
9700.0 0.19371624833036896
9702.0 0.19451163174269206
9704.0 0.19616778956513722
9706.0 0.19783310935980997
9708.0 0.19809100629349533
9710.0 0.19797154788925878
9712.0 0.19684677437598094
9714.0 0.19603982920727747
9716.0 0.1936451081839625
9718.0 0.19111528249160636
9720.0 0.19359893662176555
9722.0 0.19923307138018292
9724.0 0.20161022343556334
9726.0 0.19968174475446107
9728.0 0.19691541310429067
9730.0 0.19464401369247275
9732.0 0.1937394424657757
9734.0 0.1949197798243436
9736.0 0.19637587311225102
9738.0 0.1945269804506355
9740.0 0.19076846822280916
9742.0 0.1902664472441524
9744.0 0.19045350499207606
9746.0 0.19130406739156874
9748.0 0.19350778015437517
9750.0 0.19462908164055776
9752.0 0.19104418903269044
9754.0 0.1874077271563677
9756.0 0.18653026710527792
9758.0 0.18814776792322438
9760.0 0.19133912025052757
9762.0 0.19938563955889477
9764.0 0.2004695122420369
9766.0 0.19511692551495774
9768.0 0.1904921090775257
9770.0 0.18906758059342404
9772.0 0.18861646784780464
9774.0 0.18566887763581963
9776.0 0.18245572283590575
9778.0 0.18017826521151994
9780.0 0.1794094904888978
9782.0 0.18166175671625104
9784.0 0.1856714864275306
9786.0 0.1884401048442221
9788.0 0.1871153852547151
9790.0 0.18491496975656135
9792.0 0.18645416587243888
9794.0 0.18887446131283425
9796.0 0.19053564402526027
9798.0 0.1927746229038256
9800.0 0.1938152728067347
9802.0 0.1942530535017839
9804.0 0.19372338824897795
9806.0 0.19367650138606782
9808.0 0.193444274869097
9810.0 0.19407654646307657
9812.0 0.195015817780676
9814.0 0.19452384294059474
9816.0 0.19333314235433577
9818.0 0.19366294599183423
9820.0 0.19709507238062512
9822.0 0.19888311893561547
9824.0 0.19787368028654304
9826.0 0.1969359009703242
9828.0 0.19600981920125357
9830.0 0.1945176827389754
9832.0 0.19174709362900863
9834.0 0.18854570610813975
9836.0 0.18753381789196816
9838.0 0.1884991446970225
9840.0 0.18734772844195588
9842.0 0.1827093683558799
9844.0 0.18105160597275877
9846.0 0.1825570712595472
9848.0 0.1850033594745734
9850.0 0.18844567426653805
9852.0 0.192866179172811
9854.0 0.1950679858852962
9856.0 0.1961103853864939
9858.0 0.19629092815070467
9860.0 0.19683920392126739
9862.0 0.19636826209356625
9864.0 0.1967488764824681
9866.0 0.1967174545975576
9868.0 0.19737188807303238
9870.0 0.1984048239848247
9872.0 0.1971381442759813
9874.0 0.19347569268564843
9876.0 0.19210802206636904
9878.0 0.19149337046680026
9880.0 0.19150310638164514
9882.0 0.19205347668606815
9884.0 0.19234350589352958
9886.0 0.19315797990069308
9888.0 0.19419495383684252
9890.0 0.19739212687913255
9892.0 0.20180641845936273
9894.0 0.20319352223869797
9896.0 0.19856101537606802
9898.0 0.19375496568378103
9900.0 0.19215064527191097
9902.0 0.19149754956155668
9904.0 0.18929765205601384
9906.0 0.18641340792121322
9908.0 0.18618478080444553
9910.0 0.1912369092153734
9912.0 0.19421513222796388
9914.0 0.19584134907330467
9916.0 0.19509194998659057
9918.0 0.1882380141189002
9920.0 0.1830259950122596
9922.0 0.18468044242045023
9924.0 0.18970123497071656
9926.0 0.1930928766468789
9928.0 0.19646875735913477
9930.0 0.1967609459565423
9932.0 0.195992528984892
9934.0 0.19595835369998202
9936.0 0.19812050952883867
9938.0 0.19857158167804415
9940.0 0.19442692952967214
9942.0 0.18848701326681602
9944.0 0.1882580811830695
9946.0 0.19028739362109306
9948.0 0.1897982655493355
9950.0 0.18749095092738433
9952.0 0.18590626049697828
9954.0 0.1847185258037553
9956.0 0.18632295073894845
9958.0 0.19476712581642128
9960.0 0.20393905756362943
9962.0 0.20529196069182376
9964.0 0.20164998017961738
9966.0 0.1935918836337925
9968.0 0.18336539144509192
9970.0 0.18107859400724932
9972.0 0.1906615095030611
9974.0 0.19890466514194147
9976.0 0.19676478612004977
9978.0 0.19375847559416107
9980.0 0.19580719350904016
9982.0 0.19835086016286194
9984.0 0.19714945643761844
9986.0 0.19319946569538937
9988.0 0.1898987721329775
9990.0 0.18703998325027105
9992.0 0.18536537552962928
9994.0 0.18415930945240847
9996.0 0.18455069128201695
9998.0 0.188607654849412
