# z obs_date
# 0 52280
3580.0 0.5610863557611363
3582.0 0.5612164303267357
3584.0 0.560716381534688
3586.0 0.5603629304727161
3588.0 0.5593585672340968
3590.0 0.5592521940587746
3592.0 0.5582358518355559
3594.0 0.557567502475468
3596.0 0.5564103956639648
3598.0 0.5555016312657504
3600.0 0.5552018138746534
3602.0 0.554857015646891
3604.0 0.5542653993747283
3606.0 0.5541360535272111
3608.0 0.5544037860345858
3610.0 0.5551918745084776
3612.0 0.5562170351698515
3614.0 0.5573764498747101
3616.0 0.5580321660969031
3618.0 0.5597386214539687
3620.0 0.5611946122063983
3622.0 0.5628232574969984
3624.0 0.5643922755247524
3626.0 0.565271596266372
3628.0 0.5668313083897545
3630.0 0.5677631999821483
3632.0 0.5697989483764984
3634.0 0.5710100358809829
3636.0 0.573032110783327
3638.0 0.5736851176927485
3640.0 0.5756026399586559
3642.0 0.5762504998399993
3644.0 0.5780351115474834
3646.0 0.5789816816816923
3648.0 0.5806716792508532
3650.0 0.5826352278237223
3652.0 0.5847328812860056
3654.0 0.5871425742346585
3656.0 0.5880536645051703
3658.0 0.5899309233579803
3660.0 0.5907599233404275
3662.0 0.5928814149077587
3664.0 0.5939761227350784
3666.0 0.5949082903683782
3668.0 0.5959130398068151
3670.0 0.596186272958535
3672.0 0.5959870593200914
3674.0 0.5954250034242353
3676.0 0.6124264714168197
3678.0 0.594668285997383
3680.0 0.6049454442734522
3682.0 0.6011803007790091
3684.0 0.5769497761281996
3686.0 0.5734740566620918
3688.0 0.5681756099911612
3690.0 0.5768414606277087
3692.0 0.5724074034482419
3694.0 0.546634883505242
3696.0 0.517538603379584
3698.0 0.5278540445655383
3700.0 0.5072128055930927
3702.0 0.48664713219815753
3704.0 0.49155017531679884
3706.0 0.47979164890073267
3708.0 0.4867773512926547
3710.0 0.5018747503466257
3712.0 0.48596630398189816
3714.0 0.4905090272937303
3716.0 0.4942871846219253
3718.0 0.5046792719468431
3720.0 0.5019955426131685
3722.0 0.4937424883928835
3724.0 0.5101874335291591
3726.0 0.507498909504947
3728.0 0.5118458629527913
3730.0 0.5268273618389188
3732.0 0.5604679750856033
3734.0 0.5518158107349007
3736.0 0.5504719706047869
3738.0 0.556704034340118
3740.0 0.5691093235298677
3742.0 0.569442025356023
3744.0 0.5403004224318918
3746.0 0.5572869218340152
3748.0 0.5408397848737231
3750.0 0.5146766539545982
3752.0 0.49460913782780896
3754.0 0.4826039959842449
3756.0 0.46223313484098405
3758.0 0.45910524720536666
3760.0 0.44851757712535517
3762.0 0.4417939335387686
3764.0 0.4370237397356365
3766.0 0.41379998600363277
3768.0 0.42562506395681104
3770.0 0.42892567718696817
3772.0 0.4212313665234587
3774.0 0.414578171710214
3776.0 0.4079567821197983
3778.0 0.41796780739776823
3780.0 0.4109424475995996
3782.0 0.3889046298719066
3784.0 0.391869865095943
3786.0 0.38567229872762754
3788.0 0.3747407977968645
3790.0 0.37444564086066584
3792.0 0.3660364371259845
3794.0 0.3522142119290729
3796.0 0.35783626349291825
3798.0 0.3614232802185338
3800.0 0.3670066366369224
3802.0 0.380823263194303
3804.0 0.3780326465916177
3806.0 0.37895361250848686
3808.0 0.3834443113505307
3810.0 0.38047239444511605
3812.0 0.39371620070889
3814.0 0.3991571759818945
3816.0 0.4083292755092937
3818.0 0.41255574012013024
3820.0 0.4312453285851604
3822.0 0.4363938284438318
3824.0 0.4412021159844436
3826.0 0.45696576371332814
3828.0 0.4675759248423343
3830.0 0.46289534878894284
3832.0 0.4723321772271123
3834.0 0.49571366948867457
3836.0 0.5028791368006126
3838.0 0.5150332609926359
3840.0 0.5356509500342707
3842.0 0.535423339609374
3844.0 0.5541895233298993
3846.0 0.5653668793981034
3848.0 0.5800520657411179
3850.0 0.593201203998981
3852.0 0.6074462456186267
3854.0 0.6128091807300717
3856.0 0.6282167619023089
3858.0 0.6342291422056631
3860.0 0.6445713644204846
3862.0 0.6617236674932226
3864.0 0.6616265554675739
3866.0 0.6705425981755451
3868.0 0.678159890413459
3870.0 0.6795121210377936
3872.0 0.71688434997334
3874.0 0.7204980230513947
3876.0 0.7209905562169014
3878.0 0.740186933049025
3880.0 0.7359386383239047
3882.0 0.7355785141374924
3884.0 0.7402783466851649
3886.0 0.7437095679191791
3888.0 0.7685104036181614
3890.0 0.7615448768388661
3892.0 0.7637399958112993
3894.0 0.7697365345627314
3896.0 0.7717004866133592
3898.0 0.770183383966859
3900.0 0.7753134573989507
3902.0 0.7796422801471374
3904.0 0.7778830895435809
3906.0 0.790237666925815
3908.0 0.7838904679140858
3910.0 0.8108409856929002
3912.0 0.8293995892309762
3914.0 0.8444680995030065
3916.0 0.8440557260113593
3918.0 0.8509894055423763
3920.0 0.8634422840683423
3922.0 0.8702168902013724
3924.0 0.8640139057868566
3926.0 0.8776137080307088
3928.0 0.8819808537489143
3930.0 0.8957992292649127
3932.0 0.8950663064149949
3934.0 0.8973824789705195
3936.0 0.8880864711954286
3938.0 0.8942751923335762
3940.0 0.8767018450779799
3942.0 0.8689168162114912
3944.0 0.8525790769550399
3946.0 0.8439916959986287
3948.0 0.835986271671795
3950.0 0.8451661217292112
3952.0 0.8323427903406115
3954.0 0.8149026795294035
3956.0 0.8030686533466994
3958.0 0.8012753773369647
3960.0 0.7949549586501424
3962.0 0.781635824795478
3964.0 0.7677655359171933
3966.0 0.7603284715998068
3968.0 0.7593916951644721
3970.0 0.7530971205084287
3972.0 0.7490449284585008
3974.0 0.7400209294988846
3976.0 0.7337121454587112
3978.0 0.734780019830753
3980.0 0.7232935189620497
3982.0 0.7110262594596645
3984.0 0.7098837772821847
3986.0 0.7134455533454246
3988.0 0.7027897184355076
3990.0 0.7058604652089416
3992.0 0.7016290592104779
3994.0 0.7004894793996959
3996.0 0.7032079282492747
3998.0 0.7108927732315308
4000.0 0.6970540522641355
4002.0 0.6913292648097346
4004.0 0.7133281094259653
4006.0 0.7182784414879433
4008.0 0.7100662168125705
4010.0 0.7085214742902713
4012.0 0.7228370401286065
4014.0 0.7299590756136164
4016.0 0.7351916794047949
4018.0 0.7501898831004196
4020.0 0.7593744507579003
4022.0 0.7573550582542479
4024.0 0.7607228235129303
4026.0 0.7622574340612552
4028.0 0.7670784814312315
4030.0 0.770326226742492
4032.0 0.7903584568000563
4034.0 0.7827806248077535
4036.0 0.7913734482397781
4038.0 0.8090681035638728
4040.0 0.8140893676464521
4042.0 0.8139099944129174
4044.0 0.8144948266694614
4046.0 0.8170798520983863
4048.0 0.8199502807007487
4050.0 0.808435341760533
4052.0 0.8152464518704787
4054.0 0.813028095003394
4056.0 0.8117625629680971
4058.0 0.8136849066912429
4060.0 0.8176713442003665
4062.0 0.8204794672672832
4064.0 0.8347135909701942
4066.0 0.8318450175996586
4068.0 0.8232970117573001
4070.0 0.8189634038520025
4072.0 0.8136111798380982
4074.0 0.8252795782105325
4076.0 0.8244270663109422
4078.0 0.8160997715444338
4080.0 0.8153278956065092
4082.0 0.8133593700480837
4084.0 0.8146401290242843
4086.0 0.811403023275143
4088.0 0.8018218606216345
4090.0 0.8052090674408467
4092.0 0.8040087080730468
4094.0 0.7955148882605827
4096.0 0.7973962261009796
4098.0 0.7971903531867063
4100.0 0.8004487595591887
4102.0 0.7868056596840718
4104.0 0.7799437414977023
4106.0 0.7808367823286002
4108.0 0.7753212693857507
4110.0 0.766645380381574
4112.0 0.7714623105255644
4114.0 0.777924501774847
4116.0 0.7760105646574195
4118.0 0.7639849407629885
4120.0 0.7668603362441939
4122.0 0.7631929583306248
4124.0 0.7667028246051182
4126.0 0.7690833169223185
4128.0 0.7717911778960634
4130.0 0.7734105405556695
4132.0 0.7754430509907141
4134.0 0.778465904410995
4136.0 0.7928837449286552
4138.0 0.7961078000972861
4140.0 0.7920417156782485
4142.0 0.7805990442724529
4144.0 0.7847132034572265
4146.0 0.7805413845793768
4148.0 0.779116145368959
4150.0 0.7869608000207304
4152.0 0.79366384835447
4154.0 0.7962715378038422
4156.0 0.7916541636707419
4158.0 0.7946096360601287
4160.0 0.7942741496488243
4162.0 0.7881715610520375
4164.0 0.7884433754301866
4166.0 0.7833087146220657
4168.0 0.7724168488227179
4170.0 0.7776971302610495
4172.0 0.7848189395403387
4174.0 0.7811687740603281
4176.0 0.7706291051320314
4178.0 0.771283617473567
4180.0 0.7711314398754673
4182.0 0.7690585763498835
4184.0 0.765878801409046
4186.0 0.7722382646535321
4188.0 0.7684073609837727
4190.0 0.7626908982973207
4192.0 0.7517075311593011
4194.0 0.7466634710683534
4196.0 0.7443654062378182
4198.0 0.738036807939276
4200.0 0.7351429875769931
4202.0 0.7373638207242583
4204.0 0.7374183199309072
4206.0 0.7383035545016263
4208.0 0.7376956548306106
4210.0 0.7227395257727568
4212.0 0.7220880994279208
4214.0 0.7184016961029185
4216.0 0.7105676410368609
4218.0 0.7073354143843367
4220.0 0.7106683219185127
4222.0 0.7147117836066137
4224.0 0.7038838266560283
4226.0 0.7012458562896811
4228.0 0.6975337040481174
4230.0 0.6922794278417171
4232.0 0.6881270050659899
4234.0 0.6876386392823863
4236.0 0.6820268281250507
4238.0 0.6756151446843468
4240.0 0.682075503198989
4242.0 0.6805189280622532
4244.0 0.6823076285075768
4246.0 0.6751913499832662
4248.0 0.6638171976168806
4250.0 0.6655184541064002
4252.0 0.6661326092214386
4254.0 0.6696090010646127
4256.0 0.6596327679923807
4258.0 0.6554158066328121
4260.0 0.6570213563785403
4262.0 0.6646536502022258
4264.0 0.6639276589087769
4266.0 0.6580121741892575
4268.0 0.6515465551334058
4270.0 0.6491022729873674
4272.0 0.6565043817457785
4274.0 0.652936716507637
4276.0 0.6487845645698257
4278.0 0.645907300263643
4280.0 0.637699605081161
4282.0 0.6368057205874159
4284.0 0.6366274734282177
4286.0 0.6364193760269511
4288.0 0.6370109514254068
4290.0 0.6345288678681836
4292.0 0.6323233044524833
4294.0 0.628750810530681
4296.0 0.6347750772782478
4298.0 0.6328151939656473
4300.0 0.6342326853057823
4302.0 0.6347775114191168
4304.0 0.6333426476411222
4306.0 0.6291331187485265
4308.0 0.6341079520576006
4310.0 0.630228621873906
4312.0 0.6266178003755186
4314.0 0.6348910986385837
4316.0 0.6343627665208682
4318.0 0.6313500460287671
4320.0 0.635309010356903
4322.0 0.6407307377198215
4324.0 0.6364302610225504
4326.0 0.6310625548498107
4328.0 0.6256336946504835
4330.0 0.6316218934272655
4332.0 0.6290157148273291
4334.0 0.6216450677556482
4336.0 0.6193890626993498
4338.0 0.6215133912462438
4340.0 0.6294268181163598
4342.0 0.6249093495223818
4344.0 0.6222416874040495
4346.0 0.6248450701407962
4348.0 0.6226911292607565
4350.0 0.6248117440495184
4352.0 0.6232546824724227
4354.0 0.6198900269233782
4356.0 0.6114956902067887
4358.0 0.6087721921164636
4360.0 0.6060960230624534
4362.0 0.6059244372678668
4364.0 0.6032344971339733
4366.0 0.6018578498209465
4368.0 0.5955649683002947
4370.0 0.5978390383995086
4372.0 0.5913538954155119
4374.0 0.5852542161641835
4376.0 0.5781785884159572
4378.0 0.5769748309132406
4380.0 0.5724608998227961
4382.0 0.5644113602468648
4384.0 0.561208467546635
4386.0 0.5563838873344517
4388.0 0.5549822028898668
4390.0 0.5484129795182807
4392.0 0.54596523115612
4394.0 0.544177352242142
4396.0 0.5401117007695828
4398.0 0.5456826257395304
4400.0 0.5453039142213479
4402.0 0.5444146773484546
4404.0 0.5458285315900119
4406.0 0.549248187252136
4408.0 0.5495117949400428
4410.0 0.5500122600193328
4412.0 0.5485490957437461
4414.0 0.5491530593399386
4416.0 0.5555800885908356
4418.0 0.5496286746846862
4420.0 0.5542905288098317
4422.0 0.5649699752162367
4424.0 0.5692711318192896
4426.0 0.57642429140914
4428.0 0.5837308729789558
4430.0 0.5897385370312257
4432.0 0.598772350923775
4434.0 0.6027976684028522
4436.0 0.6109317461239351
4438.0 0.6222527011288562
4440.0 0.6303970693807275
4442.0 0.6323034183807522
4444.0 0.6345912792021868
4446.0 0.6475709848916883
4448.0 0.6518231408981932
4450.0 0.656260098337233
4452.0 0.6663175594871601
4454.0 0.66814050063081
4456.0 0.6671556134979999
4458.0 0.6691326484342511
4460.0 0.679407686664995
4462.0 0.68940320980239
4464.0 0.6904282547969023
4466.0 0.6923306060283576
4468.0 0.6980493223395775
4470.0 0.7053637415543353
4472.0 0.7084407129594942
4474.0 0.7148305125825469
4476.0 0.7182574798524085
4478.0 0.7298417464815553
4480.0 0.7438678199356559
4482.0 0.7497193334164026
4484.0 0.7511555524830127
4486.0 0.7625920763046306
4488.0 0.7702867846953492
4490.0 0.7741365745326143
4492.0 0.7796680121716311
4494.0 0.7822926861243463
4496.0 0.7951609380896956
4498.0 0.8042731201780812
4500.0 0.8082807989065861
4502.0 0.8102408287484779
4504.0 0.8224787418499621
4506.0 0.8275087002929838
4508.0 0.8292822277423795
4510.0 0.8317115588608917
4512.0 0.8390430826477977
4514.0 0.8476350781586388
4516.0 0.8479328472972562
4518.0 0.8483666927328719
4520.0 0.8579000055551198
4522.0 0.8649980772485378
4524.0 0.8638399969427165
4526.0 0.8679704107589374
4528.0 0.8728545639767015
4530.0 0.8751145460813504
4532.0 0.8821687099246901
4534.0 0.8902472710050258
4536.0 0.8964604089150585
4538.0 0.9023777597618797
4540.0 0.9073926041531655
4542.0 0.9067772691193569
4544.0 0.9151629848520543
4546.0 0.923046184747933
4548.0 0.9274204767757421
4550.0 0.9335641617099
4552.0 0.9349849959906029
4554.0 0.9321835197481328
4556.0 0.9345361718467675
4558.0 0.9369668582298439
4560.0 0.9425552486674077
4562.0 0.9483137492525
4564.0 0.9521327597814235
4566.0 0.9476780377826468
4568.0 0.9554754859009975
4570.0 0.9681328250811347
4572.0 0.9695674861222694
4574.0 0.9732999099825013
4576.0 0.9734821448387668
4578.0 0.9710291155043481
4580.0 0.9778449521535425
4582.0 0.9815795108558257
4584.0 0.9778180338628611
4586.0 0.9847596977445231
4588.0 0.9895387683384878
4590.0 0.9883040772327668
4592.0 0.9878814357341612
4594.0 0.989100146744526
4596.0 0.9983946595087697
4598.0 1.0
4600.0 0.9980645605494746
4602.0 0.99720858729427
4604.0 0.9930491666974949
4606.0 0.9902081388705694
4608.0 0.9839038910838062
4610.0 0.9762621420394745
4612.0 0.9630130902856583
4614.0 0.9530386721971104
4616.0 0.9392977597694139
4618.0 0.9287797417901551
4620.0 0.9203747895618438
4622.0 0.9136021153544063
4624.0 0.9037727734018819
4626.0 0.9011345819429539
4628.0 0.8850675106264153
4630.0 0.8793397825734908
4632.0 0.8635885984769763
4634.0 0.8568346187573002
4636.0 0.8453560403754393
4638.0 0.8392469479397245
4640.0 0.8301264809466586
4642.0 0.8202549286939982
4644.0 0.807929190178042
4646.0 0.8001401206405571
4648.0 0.7902161688831053
4650.0 0.7766283542361027
4652.0 0.771378466872486
4654.0 0.7625635950987072
4656.0 0.760766289507074
4658.0 0.7565344374259272
4660.0 0.7471125190689266
4662.0 0.7400996596128011
4664.0 0.7350040062326213
4666.0 0.7380316715747804
4668.0 0.7335469859628454
4670.0 0.7276871124752954
4672.0 0.7266440622598904
4674.0 0.7247882759604065
4676.0 0.7181815529890754
4678.0 0.7206569709316006
4680.0 0.7201027129385568
4682.0 0.7154631014997876
4684.0 0.7199499092166555
4686.0 0.7180286238116399
4688.0 0.7167673751038027
4690.0 0.7134519859922704
4692.0 0.7042547714427861
4694.0 0.6946791211458099
4696.0 0.6937806643731754
4698.0 0.6893281719090708
4700.0 0.6810969805727667
4702.0 0.6704212444497801
4704.0 0.6617175023962167
4706.0 0.6536312552025111
4708.0 0.6481883958810276
4710.0 0.6358246430655118
4712.0 0.626377634110165
4714.0 0.6165665916841561
4716.0 0.6053861263085075
4718.0 0.6007703306478102
4720.0 0.5940229981776327
4722.0 0.5896653426266422
4724.0 0.5820355938449279
4726.0 0.5735538513646946
4728.0 0.5729111931859546
4730.0 0.5659379162754652
4732.0 0.5600709160356486
4734.0 0.5574520946097606
4736.0 0.5528180408047073
4738.0 0.5513811652122559
4740.0 0.5506038814662285
4742.0 0.5533975065498904
4744.0 0.5537858695333023
4746.0 0.5517557824609106
4748.0 0.553169811724131
4750.0 0.553546086281065
4752.0 0.5589232116686232
4754.0 0.5631101350010445
4756.0 0.5616145344029851
4758.0 0.5641945818687719
4760.0 0.5701952416201665
4762.0 0.5695183397036133
4764.0 0.5793694013017712
4766.0 0.5841800006117007
4768.0 0.5858653863833814
4770.0 0.5937386432305299
4772.0 0.6023887217626706
4774.0 0.6071269810159287
4776.0 0.6052085683136963
4778.0 0.6122974188983006
4780.0 0.6190572728701231
4782.0 0.6188879528975437
4784.0 0.6185903113148774
4786.0 0.6209861734016273
4788.0 0.6189744077256844
4790.0 0.6113785843385279
4792.0 0.6064041235913646
4794.0 0.6015412521496404
4796.0 0.5929585586078209
4798.0 0.5877742997774721
4800.0 0.5851443937679582
4802.0 0.5779100971788577
4804.0 0.5707936847645608
4806.0 0.5610037429605483
4808.0 0.5594591594607031
4810.0 0.5529222415509749
4812.0 0.5437907499153651
4814.0 0.5357888277231302
4816.0 0.5314769060122597
4818.0 0.5254008971775709
4820.0 0.5174947649849979
4822.0 0.5104035338289539
4824.0 0.5024004547693925
4826.0 0.4999240165002351
4828.0 0.49733546035689613
4830.0 0.4939474176615667
4832.0 0.4892232025932532
4834.0 0.48280349175353426
4836.0 0.4746303325854367
4838.0 0.46803090815726556
4840.0 0.46779556791970806
4842.0 0.4677329872297047
4844.0 0.4690878433793305
4846.0 0.47226915565666555
4848.0 0.4722522259237474
4850.0 0.47104746480669024
4852.0 0.4736473799659377
4854.0 0.47722724135063216
4856.0 0.4781935700588716
4858.0 0.4829359752999201
4860.0 0.48817219068231843
4862.0 0.49421397769968123
4864.0 0.49989060393302936
4866.0 0.5054705972393844
4868.0 0.5099805900746102
4870.0 0.5119689595036065
4872.0 0.5199765115456539
4874.0 0.5261198540195363
4876.0 0.5335655309592909
4878.0 0.5396865885536517
4880.0 0.5460460172351161
4882.0 0.5540992700971193
4884.0 0.5624262383714893
4886.0 0.5676829709817597
4888.0 0.576354688438778
4890.0 0.5863169348474764
4892.0 0.5886395443439361
4894.0 0.5958703159545031
4896.0 0.6055321022702371
4898.0 0.6096921630791483
4900.0 0.6139616674949187
4902.0 0.6203791311642316
4904.0 0.6290803887029788
4906.0 0.6341082373285766
4908.0 0.6411976624533755
4910.0 0.6480792664223141
4912.0 0.6548765664472558
4914.0 0.6562433269594766
4916.0 0.6584625461705481
4918.0 0.6652463764143202
4920.0 0.671737537683188
4922.0 0.6725065904505017
4924.0 0.6713878378903586
4926.0 0.6705395483895503
4928.0 0.6718236010456464
4930.0 0.6693042955352397
4932.0 0.6620829386570968
4934.0 0.6560980998626917
4936.0 0.6524951685937355
4938.0 0.6466694519355335
4940.0 0.6373781949083376
4942.0 0.6285561275638121
4944.0 0.6214627890619819
4946.0 0.616485141513114
4948.0 0.6081405513938639
4950.0 0.597393888656558
4952.0 0.5905874966809661
4954.0 0.5896018903650011
4956.0 0.5852075536444576
4958.0 0.581211456890547
4960.0 0.5787116219418118
4962.0 0.5692343248589949
4964.0 0.5653813950169269
4966.0 0.5633387262438655
4968.0 0.5567328626901432
4970.0 0.5521345013686687
4972.0 0.5489026045588351
4974.0 0.5452810414575966
4976.0 0.5416473097219097
4978.0 0.5361838734989064
4980.0 0.534142711774525
4982.0 0.5367236257827048
4984.0 0.5334176591129048
4986.0 0.5281620163374102
4988.0 0.5213137698719974
4990.0 0.5201653647581456
4992.0 0.518445668569921
4994.0 0.5140369220259362
4996.0 0.5138187174822085
4998.0 0.5136311780955458
5000.0 0.5122583045532026
5002.0 0.515906985337726
5004.0 0.5140487965848434
5006.0 0.5153767796230756
5008.0 0.5135732462325298
5010.0 0.5127766772140134
5012.0 0.5146973971405647
5014.0 0.5124547200774707
5016.0 0.5193208476499424
5018.0 0.5248975752262538
5020.0 0.5226752147896615
5022.0 0.5253150034051616
5024.0 0.5277443342712117
5026.0 0.5334708032277546
5028.0 0.5364999295238656
5030.0 0.5375072073025104
5032.0 0.5361673823560902
5034.0 0.5389587416398808
5036.0 0.5430983499585137
5038.0 0.5410329998819169
5040.0 0.542807703108491
5042.0 0.544519544295807
5044.0 0.5457884326289525
5046.0 0.5485742287130091
5048.0 0.554456667262584
5050.0 0.5584878130603591
5052.0 0.5541790768242031
5054.0 0.5534644979355055
5056.0 0.560882736582153
5058.0 0.5625031361405334
5060.0 0.568678059949067
5062.0 0.5730249665316205
5064.0 0.5729235343950113
5066.0 0.5761054126478804
5068.0 0.5745818828751555
5070.0 0.5801476980174023
5072.0 0.5846057769543033
5074.0 0.5845672691218243
5076.0 0.5862730614625685
5078.0 0.5897554481215623
5080.0 0.5887639199838447
5082.0 0.5865251203133778
5084.0 0.5909611797276162
5086.0 0.5939684202116962
5088.0 0.5919686632828334
5090.0 0.5926776778419222
5092.0 0.5951230972767789
5094.0 0.593487425200578
5096.0 0.5934574796477411
5098.0 0.5948340066638912
5100.0 0.5923330673492541
5102.0 0.5935877939808931
5104.0 0.5978675127454238
5106.0 0.5985397640697603
5108.0 0.5986760440374441
5110.0 0.599512166279907
5112.0 0.599607484232093
5114.0 0.6068667528028691
5116.0 0.6054724838340722
5118.0 0.6023207970004968
5120.0 0.602995482819965
5122.0 0.6025141311378597
5124.0 0.60362908472379
5126.0 0.6059556134280881
5128.0 0.6045946203340654
5130.0 0.6072174170779454
5132.0 0.6089452160844456
5134.0 0.6091561884532126
5136.0 0.6114255965142764
5138.0 0.617451126461478
5140.0 0.6178459470575093
5142.0 0.62118571019958
5144.0 0.6214405955006868
5146.0 0.6233805963034447
5148.0 0.6270324175798166
5150.0 0.6323658469740121
5152.0 0.635097307276455
5154.0 0.6357754666399038
5156.0 0.637931232747482
5158.0 0.643206586046883
5160.0 0.6461414953674254
5162.0 0.6475589679983281
5164.0 0.6496765216251505
5166.0 0.6517147158278684
5168.0 0.6551664643367529
5170.0 0.6580596490137931
5172.0 0.6568757413284035
5174.0 0.6627304453302949
5176.0 0.6632806779713661
5178.0 0.6672750140553865
5180.0 0.6745479671485601
5182.0 0.6718506749557297
5184.0 0.6740801309654547
5186.0 0.6768299252196868
5188.0 0.6787777454344461
5190.0 0.6788944587024973
5192.0 0.6838461045624462
5194.0 0.6820995964960591
5196.0 0.6810458479638458
5198.0 0.6782621463631423
5200.0 0.6766162496713066
5202.0 0.6764009247157163
5204.0 0.6782510806004992
5206.0 0.6742045876753332
5208.0 0.6673652674845667
5210.0 0.6633982737002517
5212.0 0.6654734002513145
5214.0 0.6677001041932292
5216.0 0.6614228950693627
5218.0 0.6593252601883893
5220.0 0.6570623003807811
5222.0 0.6546704961558241
5224.0 0.6508827532246427
5226.0 0.6470963516073722
5228.0 0.6418069608705138
5230.0 0.6411250537581765
5232.0 0.6325891638221722
5234.0 0.6262763422157923
5236.0 0.6251457376270586
5238.0 0.6222212836152581
5240.0 0.6185939640426662
5242.0 0.6122917788606942
5244.0 0.6099935174171806
5246.0 0.6079343512117943
5248.0 0.6059698558294047
5250.0 0.6040746460791354
5252.0 0.6014191666439953
5254.0 0.5975405251526141
5256.0 0.5963402087819314
5258.0 0.5970558441449038
5260.0 0.5951967629319767
5262.0 0.5959862987459461
5264.0 0.5932143110781937
5266.0 0.5878764713733698
5268.0 0.5908254826801218
5270.0 0.5880639802716654
5272.0 0.5861248933198816
5274.0 0.5879670317221246
5276.0 0.5867600865334766
5278.0 0.5875772368894158
5280.0 0.5874368295314528
5282.0 0.5870537352842254
5284.0 0.5906739218079308
5286.0 0.5912152097057114
5288.0 0.5904647732715627
5290.0 0.5863311597778155
5292.0 0.5870349721778554
5294.0 0.5838933346880655
5296.0 0.5896090714139345
5298.0 0.58796277690237
5300.0 0.5891464700446069
5302.0 0.5918814620003058
5304.0 0.5930720889190466
5306.0 0.5932369928998864
5308.0 0.5954877623053864
5310.0 0.5966608356700084
5312.0 0.592525955336937
5314.0 0.5949110476951479
5316.0 0.5941966665493695
5318.0 0.5945341228533707
5320.0 0.5934116631146834
5322.0 0.5938228618518008
5324.0 0.5971198372573432
5326.0 0.5990817421246566
5328.0 0.6027289466806439
5330.0 0.6071772271136404
5332.0 0.6053968025521423
5334.0 0.6047058842287906
5336.0 0.6044494332172164
5338.0 0.6039181982640172
5340.0 0.6039096174603534
5342.0 0.6043162613147581
5344.0 0.6051426155186476
5346.0 0.605000518261506
5348.0 0.6061911935993642
5350.0 0.602067793362307
5352.0 0.6032541996508032
5354.0 0.6073966242551755
5356.0 0.6085404435273425
5358.0 0.6072972488365745
5360.0 0.6087152722019871
5362.0 0.6135251008127582
5364.0 0.6137769708596897
5366.0 0.613896005671703
5368.0 0.6148832576808742
5370.0 0.6149459963671453
5372.0 0.6154723462470041
5374.0 0.6174070282203102
5376.0 0.6180641670648701
5378.0 0.6212490814464414
5380.0 0.6164133641343854
5382.0 0.6154085700558178
5384.0 0.6208531707560098
5386.0 0.6170239176859178
5388.0 0.6202748303630197
5390.0 0.61993255486451
5392.0 0.6217270669940648
5394.0 0.6177886815441116
5396.0 0.6189288520049511
5398.0 0.6141806097987684
5400.0 0.6172338434744888
5402.0 0.6175941223503228
5404.0 0.6171970587046106
5406.0 0.6138523554899508
5408.0 0.610284690585683
5410.0 0.6072502495340086
5412.0 0.6086857132793883
5414.0 0.6053964748117621
5416.0 0.6011345185173887
5418.0 0.6035403324769231
5420.0 0.6054209796056645
5422.0 0.6025084752262634
5424.0 0.5944065779855309
5426.0 0.5935812227620908
5428.0 0.5940495288474673
5430.0 0.5955324571293996
5432.0 0.5945214628962042
5434.0 0.5921823289446029
5436.0 0.594794147038111
5438.0 0.5915820547914957
5440.0 0.5940228082361458
5442.0 0.5964053497526176
5444.0 0.5947081132135306
5446.0 0.5971934872397087
5448.0 0.5965305098162629
5450.0 0.5969048771832337
5452.0 0.5980476304422762
5454.0 0.6010615840828434
5456.0 0.606726255421301
5458.0 0.6052555281636406
5460.0 0.6048622844851407
5462.0 0.6057159327366474
5464.0 0.6073525105732083
5466.0 0.6129215638446521
5468.0 0.6187503443838203
5470.0 0.6192981485750508
5472.0 0.6241404545157236
5474.0 0.630197409816592
5476.0 0.6311704969755255
5478.0 0.6330158400064887
5480.0 0.6386872262776391
5482.0 0.6464200739399
5484.0 0.6498067041204832
5486.0 0.650094560781259
5488.0 0.6519816799390707
5490.0 0.6547632293311871
5492.0 0.6558342016034509
5494.0 0.6590637031667035
5496.0 0.6662825789468231
5498.0 0.6726006170711528
5500.0 0.671770814481564
5502.0 0.6761382573732527
5504.0 0.6832609282027603
5506.0 0.6854581459310177
5508.0 0.6837411559121983
5510.0 0.6891891548524429
5512.0 0.6916894986196898
5514.0 0.695656433901975
5516.0 0.6974990110757948
5518.0 0.6959129258728856
5520.0 0.6950506673804203
5522.0 0.6958224186255312
5524.0 0.6982407274950669
5526.0 0.699583549389966
5528.0 0.7011468392339336
5530.0 0.6974770253456181
5532.0 0.6952679657680519
5534.0 0.6990618054534656
5536.0 0.7005128954082778
5538.0 0.6977842502403353
5540.0 0.6968856693049299
5542.0 0.6958197757878847
5544.0 0.6893474352267598
5546.0 0.6838423995410099
5548.0 0.6863841676641455
5550.0 0.6855581790002366
5552.0 0.6827099589050684
5554.0 0.6811307888863817
5556.0 0.6859968322490375
5558.0 0.6850634290667451
5560.0 0.6822328125555118
5562.0 0.6807442268202037
5564.0 0.6770165198341668
5566.0 0.6765776764863671
5568.0 0.67532392069841
5570.0 0.6785220197052078
5572.0 0.6794022289936739
5574.0 0.6773799266775846
5576.0 0.6738961403246153
5578.0 0.6740280065418515
5580.0 0.6744696276801884
5582.0 0.6705129094829071
5584.0 0.6635738556359562
5586.0 0.6630623422647033
5588.0 0.6630516885358269
5590.0 0.6603738937724839
5592.0 0.6584298751829657
5594.0 0.6589899405467116
5596.0 0.6601606046222109
5598.0 0.65649734950955
5600.0 0.6540688838786912
5602.0 0.6481567995224701
5604.0 0.6458259457963698
5606.0 0.6438559014199967
5608.0 0.6423400572610114
5610.0 0.637858002825052
5612.0 0.6374183385837036
5614.0 0.6380650427189475
5616.0 0.6339210389508976
5618.0 0.6266600211758847
5620.0 0.6254368905723631
5622.0 0.6215864235880215
5624.0 0.611096742152269
5626.0 0.6108849743329612
5628.0 0.6101131228928589
5630.0 0.6104326570582497
5632.0 0.6022224290562653
5634.0 0.5962706353022994
5636.0 0.5943390518496441
5638.0 0.5925728855939437
5640.0 0.5849656319383797
5642.0 0.5804573917248702
5644.0 0.5780900777725756
5646.0 0.5786623337813356
5648.0 0.5749599579976188
5650.0 0.5719704293027112
5652.0 0.5679832423791384
5654.0 0.5646640984450492
5656.0 0.5633333874804753
5658.0 0.5619843003296814
5660.0 0.5646782692928202
5662.0 0.5593155799616804
5664.0 0.5588336921571968
5666.0 0.5574055556822465
5668.0 0.5518037062929962
5670.0 0.5517298729005568
5672.0 0.5486471282208384
5674.0 0.5479080131905704
5676.0 0.546417591534355
5678.0 0.5444000347108263
5680.0 0.541164067883916
5682.0 0.5399436390354945
5684.0 0.5355003911258953
5686.0 0.5333155087790704
5688.0 0.5344581971070838
5690.0 0.5300465309020541
5692.0 0.5269969908898029
5694.0 0.525199448460643
5696.0 0.5234409424348259
5698.0 0.520838379403433
5700.0 0.5189306093356559
5702.0 0.5120339660569606
5704.0 0.5114634421069764
5706.0 0.5102868185323446
5708.0 0.5090633041643126
5710.0 0.5065606917159498
5712.0 0.502618425327732
5714.0 0.5019206175594243
5716.0 0.49993257779298755
5718.0 0.49584424896426393
5720.0 0.4978697865424794
5722.0 0.49719337135466357
5724.0 0.49818445291953156
5726.0 0.4994182813055275
5728.0 0.5017325849593316
5730.0 0.5005996952910459
5732.0 0.49890881807937765
5734.0 0.5009207241648788
5736.0 0.5019733474075972
5738.0 0.5026954227761475
5740.0 0.4989429385536392
5742.0 0.5049924004950489
5744.0 0.5074941665595654
5746.0 0.5098067532845786
5748.0 0.5124223917047629
5750.0 0.5162242061055805
5752.0 0.5185337261082437
5754.0 0.5204788301129736
5756.0 0.5227728893648973
5758.0 0.5252296932420658
5760.0 0.5325047394868284
5762.0 0.5347014772447054
5764.0 0.5389544878629725
5766.0 0.5403240679762861
5768.0 0.5431256857150711
5770.0 0.552749502636081
5772.0 0.5525214350716537
5774.0 0.5556257176181165
5776.0 0.5544666618789528
5778.0 0.5551506020962992
5780.0 0.5646719931077383
5782.0 0.5679231436109308
5784.0 0.5739242425880403
5786.0 0.5762924917179336
5788.0 0.5776498867669059
5790.0 0.5847240752789917
5792.0 0.5862485677833106
5794.0 0.5882570387018056
5796.0 0.5858530972331212
5798.0 0.5883166409026341
5800.0 0.5946826717797569
5802.0 0.5975855757008413
5804.0 0.6035474138605159
5806.0 0.6051192003597976
5808.0 0.6055614796303653
5810.0 0.6096977625518014
5812.0 0.6134461355472901
5814.0 0.6120039579588141
5816.0 0.6136579911872448
5818.0 0.6195697333560557
5820.0 0.6211130269665265
5822.0 0.6191667081735058
5824.0 0.6246810150293616
5826.0 0.6292244089609531
5828.0 0.6315677930562063
5830.0 0.6315256720753073
5832.0 0.6313045861717191
5834.0 0.631103764230637
5836.0 0.6304251920774339
5838.0 0.6289013839958332
5840.0 0.6302820053312659
5842.0 0.627620623155796
5844.0 0.6270328137406285
5846.0 0.6201723220854413
5848.0 0.6096794433869419
5850.0 0.6083332869569972
5852.0 0.6140317022237229
5854.0 0.6133277418579342
5856.0 0.6132550956946543
5858.0 0.6166648306834579
5860.0 0.6161907205947473
5862.0 0.619132756883148
5864.0 0.6213499115980419
5866.0 0.6264202100452146
5868.0 0.6274116737731259
5870.0 0.6235130880829234
5872.0 0.6223349934037994
5874.0 0.6182009961682815
5876.0 0.6130922629799418
5878.0 0.6129945250844793
5880.0 0.6128670742552401
5882.0 0.6083922223230495
5884.0 0.610045100089746
5886.0 0.61117986317031
5888.0 0.6169552319829419
5890.0 0.617759736258986
5892.0 0.612706422221747
5894.0 0.6072984703538192
5896.0 0.6028532829709123
5898.0 0.6032775585549267
5900.0 0.5970699476500217
5902.0 0.5897374665409789
5904.0 0.5901831409124899
5906.0 0.5910340222533722
5908.0 0.5867032206569126
5910.0 0.5865906627746565
5912.0 0.5883485754401124
5914.0 0.5892939262197588
5916.0 0.5839162524100506
5918.0 0.5788137056277687
5920.0 0.5759536498135148
5922.0 0.5738336182349734
5924.0 0.5731044904559467
5926.0 0.5657419182024719
5928.0 0.5597293458573672
5930.0 0.5629841374193542
5932.0 0.5593375747172402
5934.0 0.5548693548810067
5936.0 0.5563153551221363
5938.0 0.5567807859160981
5940.0 0.55392416768291
5942.0 0.552297779300323
5944.0 0.5492144340357974
5946.0 0.549175991712484
5948.0 0.5465862004340865
5950.0 0.5424314095364204
5952.0 0.539255416924231
5954.0 0.5346924812976059
5956.0 0.5302222616268707
5958.0 0.5300289943096812
5960.0 0.5279712449862626
5962.0 0.523705097764554
5964.0 0.5202293269117567
5966.0 0.5159627968967416
5968.0 0.5140817412315499
5970.0 0.5136329842072671
5972.0 0.5128594808916731
5974.0 0.5141311538682096
5976.0 0.5106082551440243
5978.0 0.5078466938911406
5980.0 0.5091505866736419
5982.0 0.5045520833354559
5984.0 0.5034334182813481
5986.0 0.505093623424939
5988.0 0.5025562194178901
5990.0 0.5021875791811241
5992.0 0.4998556009457398
5994.0 0.4988210748960276
5996.0 0.4942394428990399
5998.0 0.49183450376810983
6000.0 0.4870323137619311
6002.0 0.48610602354628146
6004.0 0.4842028432789459
6006.0 0.4801850559500123
6008.0 0.4824881738227598
6010.0 0.4785137989086741
6012.0 0.4814896263586823
6014.0 0.4797087484511524
6016.0 0.477697429151574
6018.0 0.4735986689774476
6020.0 0.470873989077561
6022.0 0.46930881992611045
6024.0 0.46852450020299435
6026.0 0.46476446731154764
6028.0 0.46373148934419756
6030.0 0.46119720154389543
6032.0 0.4575404194870462
6034.0 0.45512558034481443
6036.0 0.4513812553074252
6038.0 0.4475669107419981
6040.0 0.4444689873627843
6042.0 0.44111199831037173
6044.0 0.4361028046656916
6046.0 0.43126359431543393
6048.0 0.42790945691849774
6050.0 0.423373893715173
6052.0 0.41579334095639375
6054.0 0.41046171110457796
6056.0 0.4016770797039158
6058.0 0.39542624645397145
6060.0 0.3870906507962036
6062.0 0.37661592329305904
6064.0 0.37117051540264717
6066.0 0.36121724764232865
6068.0 0.34779145770001507
6070.0 0.34195176561375
6072.0 0.3365050896767173
6074.0 0.3304800072523361
6076.0 0.32374754425211716
6078.0 0.3184266890452226
6080.0 0.314447414109144
6082.0 0.3076080216567801
6084.0 0.29916844386976127
6086.0 0.29278755323252204
6088.0 0.2919479226598859
6090.0 0.28570761587798105
6092.0 0.2826552407365546
6094.0 0.2789288971601422
6096.0 0.27501447643276294
6098.0 0.26738211837081827
6100.0 0.26276146513456594
6102.0 0.26181879481357856
6104.0 0.2591278211103143
6106.0 0.25840593804158596
6108.0 0.2575785206435584
6110.0 0.2560482026526741
6112.0 0.25613001231679955
6114.0 0.2528388606206975
6116.0 0.2502790343376831
6118.0 0.24724233140394983
6120.0 0.24352859780810335
6122.0 0.24431535846923053
6124.0 0.24528183678633975
6126.0 0.24219457511046286
6128.0 0.24334442316014396
6130.0 0.24367950698781535
6132.0 0.24148003808432536
6134.0 0.2414715082058877
6136.0 0.2455274078538246
6138.0 0.24796971956875694
6140.0 0.24789487593677814
6142.0 0.2488498815025618
6144.0 0.24997617821923487
6146.0 0.2523233499020295
6148.0 0.2558609008468315
6150.0 0.25768012277997815
6152.0 0.2603041703904167
6154.0 0.2639520211433192
6156.0 0.2677407409232479
6158.0 0.2685942346746312
6160.0 0.27574928816482835
6162.0 0.2778757613581126
6164.0 0.2817747546962415
6166.0 0.28697264413302975
6168.0 0.2900223288983472
6170.0 0.29224719096424745
6172.0 0.2962040017890603
6174.0 0.3053162738050385
6176.0 0.3090267688101888
6178.0 0.3122424023590515
6180.0 0.3194130976283692
6182.0 0.3241747001030583
6184.0 0.32579121494552926
6186.0 0.32842993428790207
6188.0 0.3352414262502224
6190.0 0.34311083854443625
6192.0 0.34823580114840597
6194.0 0.3482597716401694
6196.0 0.3512630098987919
6198.0 0.3556294313059722
6200.0 0.35627810993458137
6202.0 0.3592161040161618
6204.0 0.3642690723724866
6206.0 0.3639391423781243
6208.0 0.3668192231348283
6210.0 0.37465361248734796
6212.0 0.375909266197959
6214.0 0.3778804492090831
6216.0 0.3815664220035266
6218.0 0.3858227755313229
6220.0 0.3871006179679628
6222.0 0.38905701407839544
6224.0 0.3946980085575562
6226.0 0.38980824589514546
6228.0 0.38925216358687104
6230.0 0.3940015323796309
6232.0 0.39601052846696433
6234.0 0.4002204114290291
6236.0 0.4054692483278456
6238.0 0.403037235985095
6240.0 0.4022310052965431
6242.0 0.40284483927247405
6244.0 0.4043735725159352
6246.0 0.4130756850823477
6248.0 0.41018344788150635
6250.0 0.40991534258500734
6252.0 0.41196659691665494
6254.0 0.4161437278256239
6256.0 0.41582050696175604
6258.0 0.4184551805658634
6260.0 0.4226858220535428
6262.0 0.4246846650938773
6264.0 0.4267391381968905
6266.0 0.42742736625337113
6268.0 0.4317742980804194
6270.0 0.43334061249850364
6272.0 0.4361701173812613
6274.0 0.4417272942230781
6276.0 0.4397928569531238
6278.0 0.4410292347431962
6280.0 0.4372714812881279
6282.0 0.4376931280411688
6284.0 0.440638749617686
6286.0 0.44791789971904983
6288.0 0.4498276487530799
6290.0 0.4527623673118306
6292.0 0.45044384432306445
6294.0 0.448290242791778
6296.0 0.4502871586251544
6298.0 0.4473644237808632
6300.0 0.4504915809292251
6302.0 0.45613450560717567
6304.0 0.4674975533851768
6306.0 0.4696919213676001
6308.0 0.46135436371866395
6310.0 0.4550173311151974
6312.0 0.45347854013270256
6314.0 0.4574295196990412
6316.0 0.46448224013413353
6318.0 0.45981311411329573
6320.0 0.4549856345280987
6322.0 0.4591845973991431
6324.0 0.459614731222392
6326.0 0.4614179489325861
6328.0 0.46618587925894295
6330.0 0.4677467762170432
6332.0 0.4720010429786278
6334.0 0.47311465702797645
6336.0 0.4712401957696857
6338.0 0.4718284150703567
6340.0 0.4752022874663969
6342.0 0.475325666768443
6344.0 0.4775178165840385
6346.0 0.48011935907861086
6348.0 0.4810725728708159
6350.0 0.4805198899880341
6352.0 0.48432045196936835
6354.0 0.4865327891344075
6356.0 0.48885837354235456
6358.0 0.4920341654447967
6360.0 0.49599004572046984
6362.0 0.49716717689260076
6364.0 0.49270850209302436
6366.0 0.49289263528459637
6368.0 0.4997657780375829
6370.0 0.49829475489133035
6372.0 0.4979557589857105
6374.0 0.502631936292143
6376.0 0.5002195586355878
6378.0 0.5002224450093592
6380.0 0.5043620080946398
6382.0 0.5075738300912985
6384.0 0.5064706493929803
6386.0 0.5028553947489243
6388.0 0.5043978977412356
6390.0 0.5083905094190082
6392.0 0.50940711309456
6394.0 0.5101305887311922
6396.0 0.5123283818710854
6398.0 0.5094840622167589
6400.0 0.508799846353957
6402.0 0.5129366490231573
6404.0 0.5163499476058503
6406.0 0.5157154238338593
6408.0 0.5129235622107211
6410.0 0.5138876624603791
6412.0 0.5141387145414876
6414.0 0.5133518677253498
6416.0 0.511383376232388
6418.0 0.5117966617746837
6420.0 0.5155604523355368
6422.0 0.5150150203340333
6424.0 0.515981380880246
6426.0 0.513610002160955
6428.0 0.5117939985390881
6430.0 0.512454934015235
6432.0 0.5100508570509824
6434.0 0.5115082040386854
6436.0 0.5126638814975744
6438.0 0.5133073565305764
6440.0 0.5121225807955095
6442.0 0.5168909488082367
6444.0 0.5167948079986917
6446.0 0.5136792475178236
6448.0 0.5155072974026186
6450.0 0.5172388705452319
6452.0 0.5197758185035578
6454.0 0.5185433360199623
6456.0 0.5215420526291257
6458.0 0.5180148569591112
6460.0 0.5157381333938073
6462.0 0.5168817906170624
6464.0 0.516111392807859
6466.0 0.5174470593067446
6468.0 0.514010487983825
6470.0 0.5126017681507108
6472.0 0.509844826277143
6474.0 0.5106246349830827
6476.0 0.5122129309040493
6478.0 0.5139299907007285
6480.0 0.5098177240171878
6482.0 0.5124220732285334
6484.0 0.5127586629843782
6486.0 0.5105292715631183
6488.0 0.5077043927899573
6490.0 0.5092036510947883
6492.0 0.5088280834730622
6494.0 0.5088111023626534
6496.0 0.5105218216951938
6498.0 0.5067972970906327
6500.0 0.507220243974122
6502.0 0.5046481826245112
6504.0 0.5002502910445381
6506.0 0.49972640737270974
6508.0 0.5016983807947366
6510.0 0.5006806912162816
6512.0 0.5004373298400326
6514.0 0.5019231183953021
6516.0 0.49693968856532916
6518.0 0.49398827970020526
6520.0 0.49572982207591143
6522.0 0.4902896696519806
6524.0 0.48806335048782096
6526.0 0.4868764669285685
6528.0 0.48634992798642823
6530.0 0.48448667867644
6532.0 0.4822502086292096
6534.0 0.4826833328530242
6536.0 0.4818081993040607
6538.0 0.48010085613358
6540.0 0.47617104108149094
6542.0 0.4771432897461956
6544.0 0.47536259992862223
6546.0 0.4717930394022939
6548.0 0.4695456693342631
6550.0 0.4664895288615091
6552.0 0.4655739356896246
6554.0 0.4644688172693078
6556.0 0.46147255826521266
6558.0 0.46042194436568523
6560.0 0.45908853856613546
6562.0 0.4531732761867855
6564.0 0.45159230820819235
6566.0 0.4517097279804184
6568.0 0.44842748101336105
6570.0 0.44199122096101684
6572.0 0.44028428683141174
6574.0 0.43963671381837455
6576.0 0.43842916495225065
6578.0 0.4358318437428685
6580.0 0.43035676014872465
6582.0 0.4302510063859828
6584.0 0.4292507156935435
6586.0 0.4246761955180393
6588.0 0.4218161435083461
6590.0 0.4184139348437803
6592.0 0.415621177701175
6594.0 0.41297031393405836
6596.0 0.4103778019994194
6598.0 0.4100139423187663
6600.0 0.40671491170209495
6602.0 0.4027526766346266
6604.0 0.4004652493716098
6606.0 0.4013516909128241
6608.0 0.39708818319294964
6610.0 0.3951676366991666
6612.0 0.39272644260585776
6614.0 0.38766050796368895
6616.0 0.386162117791546
6618.0 0.3827733210824596
6620.0 0.37928630399291485
6622.0 0.37915940337431553
6624.0 0.3762308804201226
6626.0 0.3710602252899771
6628.0 0.37164534758813156
6630.0 0.36777573416391657
6632.0 0.3645810303011769
6634.0 0.3659509547757654
6636.0 0.3604309975313354
6638.0 0.35758340452155973
6640.0 0.35865542553935753
6642.0 0.35652453499471276
6644.0 0.35441701863326036
6646.0 0.35383991327898345
6648.0 0.3508828632348348
6650.0 0.34850253162463357
6652.0 0.34356975491803377
6654.0 0.3432537465853427
6656.0 0.34253222368850816
6658.0 0.3385886042552705
6660.0 0.33688937739510444
6662.0 0.33630091812234675
6664.0 0.3353830056827884
6666.0 0.33226799277858154
6668.0 0.32999048013873866
6670.0 0.3280694249671258
6672.0 0.3270055376557701
6674.0 0.32670506424296175
6676.0 0.3246689784467098
6678.0 0.32302004555526465
6680.0 0.31889098795507864
6682.0 0.3168130196097394
6684.0 0.3151370196167421
6686.0 0.31270954154642855
6688.0 0.31140957561668214
6690.0 0.30965922818959196
6692.0 0.3086439122437997
6694.0 0.3053663846687551
6696.0 0.3031468639301043
6698.0 0.30471078984983085
6700.0 0.30064366759144157
6702.0 0.3001725407376121
6704.0 0.3006258610203545
6706.0 0.2997203320242416
6708.0 0.2947867339434054
6710.0 0.2955349242685847
6712.0 0.2942903200376487
6714.0 0.2915479233289445
6716.0 0.2905835006001007
6718.0 0.2929821268143954
6720.0 0.2890324739368069
6722.0 0.2884243024864386
6724.0 0.28513103175907956
6726.0 0.2828045802377988
6728.0 0.28289368057699377
6730.0 0.28297379725165034
6732.0 0.28155041244108997
6734.0 0.28034590185569025
6736.0 0.2785287413346963
6738.0 0.2792993926136287
6740.0 0.2750617703579793
6742.0 0.27423625956077097
6744.0 0.27267525431669726
6746.0 0.2720809381706558
6748.0 0.27302126917725944
6750.0 0.2713843549042765
6752.0 0.2720718348105341
6754.0 0.2716497833771795
6756.0 0.268657412198421
6758.0 0.2678413187630605
6760.0 0.26893231760922837
6762.0 0.26913996566735304
6764.0 0.26772422935156803
6766.0 0.26510802619401447
6768.0 0.26407823494203503
6770.0 0.2645355959584346
6772.0 0.26432081419468545
6774.0 0.2617116309564542
6776.0 0.2626362087082208
6778.0 0.2619216958284704
6780.0 0.26209296248108344
6782.0 0.2620302181511751
6784.0 0.26162545183203206
6786.0 0.2624845481956089
6788.0 0.2608375003001334
6790.0 0.2593218245144546
6792.0 0.25747786670318773
6794.0 0.2612017511839075
6796.0 0.2608698240623753
6798.0 0.26041277339100244
6800.0 0.25949708022418266
6802.0 0.2645500325149526
6804.0 0.26328142548196143
6806.0 0.2619853351710351
6808.0 0.2622566813824277
6810.0 0.2633896784859068
6812.0 0.25790085252043005
6814.0 0.25777260863795737
6816.0 0.25806111859694914
6818.0 0.25225696612426135
6820.0 0.2489145930612145
6822.0 0.2516127666016936
6824.0 0.25332851586633115
6826.0 0.24921081314015914
6828.0 0.24457225019392892
6830.0 0.24922679819585067
6832.0 0.25176248286076786
6834.0 0.24755762605981918
6836.0 0.24350503798485928
6838.0 0.24539192690418182
6840.0 0.24955689781651877
6842.0 0.24748799601831084
6844.0 0.24917252433590628
6846.0 0.2456862348877687
6848.0 0.24610006603061294
6850.0 0.25189374646496765
6852.0 0.25123148819129704
6854.0 0.2478394192458781
6856.0 0.24320965175630388
6858.0 0.24605124472531795
6860.0 0.24570414281189124
6862.0 0.250307940038192
6864.0 0.2513357304038243
6866.0 0.24919347330924152
6868.0 0.2532530677364057
6870.0 0.2521304028913123
6872.0 0.25161276925505127
6874.0 0.25479414421277635
6876.0 0.2514227821794035
6878.0 0.2504224062106689
6880.0 0.2510953984811316
6882.0 0.25321899799967784
6884.0 0.25587128286047844
6886.0 0.25190172596321936
6888.0 0.254137593869191
6890.0 0.2542317523887303
6892.0 0.25602906666696296
6894.0 0.2546448301762589
6896.0 0.25173175180140595
6898.0 0.2511664140198961
6900.0 0.25248119992435275
6902.0 0.25589781218071883
6904.0 0.25358818651494436
6906.0 0.24877334491936542
6908.0 0.2533262042669903
6910.0 0.2555812496571497
6912.0 0.2543423396081562
6914.0 0.252417077539238
6916.0 0.25263538633760657
6918.0 0.25483496416681045
6920.0 0.2511911044534032
6922.0 0.2508443993264109
6924.0 0.2519400087185724
6926.0 0.25318488763966485
6928.0 0.2502217424081958
6930.0 0.24885830711333162
6932.0 0.2480428371605586
6934.0 0.2495411810484374
6936.0 0.2510959228016544
6938.0 0.2508879641662073
6940.0 0.24983637135015543
6942.0 0.24836019474516957
6944.0 0.24750517192655547
6946.0 0.2472778436009758
6948.0 0.2429867520413911
6950.0 0.2393438787088227
6952.0 0.24274564124234405
6954.0 0.24709375775995235
6956.0 0.2483105992407564
6958.0 0.24661151181079685
6960.0 0.24446891069945664
6962.0 0.2464508607213992
6964.0 0.2433913698695874
6966.0 0.2421953449394045
6968.0 0.24660460321785208
6970.0 0.2452431209176853
6972.0 0.24092399253387953
6974.0 0.24106794209443164
6976.0 0.23918322163032216
6978.0 0.24184937507070617
6980.0 0.24283589296478436
6982.0 0.24023461807821048
6984.0 0.23884331378841567
6986.0 0.23570409617875082
6988.0 0.2362455223192684
6990.0 0.2394193243489708
6992.0 0.23913478159808832
6994.0 0.24005347573474964
6996.0 0.2408292117407697
6998.0 0.24020250860417983
7000.0 0.23926071803416563
7002.0 0.234352651233507
7004.0 0.2353591056932499
7006.0 0.2372454759166845
7008.0 0.23390032453015722
7010.0 0.23742454438161575
7012.0 0.23556235211109577
7014.0 0.23268373616014135
7016.0 0.23686756266453154
7018.0 0.23518756901722424
7020.0 0.23506056348468818
7022.0 0.23499569964690478
7024.0 0.23366379895046188
7026.0 0.2362170213693213
7028.0 0.2358207553356402
7030.0 0.2333204710962322
7032.0 0.2359959668344497
7034.0 0.23323084716162032
7036.0 0.233727752537147
7038.0 0.233207580071092
7040.0 0.2323250363995223
7042.0 0.23324994005852803
7044.0 0.23156759133647456
7046.0 0.23060959704056705
7048.0 0.23132976848401898
7050.0 0.2357108789393477
7052.0 0.23437320436944412
7054.0 0.23178422295393483
7056.0 0.23304377519631453
7058.0 0.2329444514004057
7060.0 0.23090055729162556
7062.0 0.23458421682413033
7064.0 0.23227545684690945
7066.0 0.23341585011391122
7068.0 0.23201942294663427
7070.0 0.2331090246574085
7072.0 0.23498387999470732
7074.0 0.23543121477269177
7076.0 0.23885723069541767
7078.0 0.23589619867588751
7080.0 0.23417409364112773
7082.0 0.23539778586538582
7084.0 0.23363150496121673
7086.0 0.236120210228707
7088.0 0.23734203943212673
7090.0 0.2353847859934989
7092.0 0.2364924214063111
7094.0 0.24147037080657377
7096.0 0.2398638786516232
7098.0 0.23937823503564037
7100.0 0.24104366090341586
7102.0 0.24011806053488116
7104.0 0.2389651917716007
7106.0 0.2378057047548727
7108.0 0.23586709070873652
7110.0 0.23667298904955106
7112.0 0.23687181359372794
7114.0 0.2373263992030532
7116.0 0.23883489223453513
7118.0 0.242237012515458
7120.0 0.24240726905390833
7122.0 0.24154457786420505
7124.0 0.24351686157573887
7126.0 0.24172613279183267
7128.0 0.24450405845677978
7130.0 0.2439903225339429
7132.0 0.2419307842212945
7134.0 0.24529789035025534
7136.0 0.24858224162140646
7138.0 0.24842618361768537
7140.0 0.24703568146282728
7142.0 0.2449947970606615
7144.0 0.24945374231754636
7146.0 0.25103549253530644
7148.0 0.2498775262278333
7150.0 0.24961186881227337
7152.0 0.2516447290302591
7154.0 0.2532874627916343
7156.0 0.2513575481162205
7158.0 0.24944838877504263
7160.0 0.24697863916240145
7162.0 0.24698728661624456
7164.0 0.24561104468779926
7166.0 0.24626408601667854
7168.0 0.2482798690447566
7170.0 0.2473105591911127
7172.0 0.24900693388422357
7174.0 0.25199432018726153
7176.0 0.25211276327439175
7178.0 0.2500164242944474
7180.0 0.24844209630028424
7182.0 0.252423399080792
7184.0 0.2627181728243199
7186.0 0.273848902931551
7188.0 0.2648742858295577
7190.0 0.259144856687906
7192.0 0.2670062222934484
7194.0 0.26781144712574756
7196.0 0.2619426384546498
7198.0 0.2501088704897621
7200.0 0.25104948236078856
7202.0 0.2634427445829629
7204.0 0.26384314752553084
7206.0 0.25994663094975323
7208.0 0.26126868189509433
7210.0 0.2551403841246783
7212.0 0.25693546743975126
7214.0 0.25699712816455594
7216.0 0.256166061973735
7218.0 0.24897053272732184
7220.0 0.2446851281374003
7222.0 0.2467169160425252
7224.0 0.25909372545612125
7226.0 0.26500783323481747
7228.0 0.26520332349523934
7230.0 0.253660074515451
7232.0 0.25195373064977894
7234.0 0.24797607748270592
7236.0 0.24921881905943874
7238.0 0.254179510869466
7240.0 0.25963735827404594
7242.0 0.2624309291264207
7244.0 0.2562851352803226
7246.0 0.2520515954874248
7248.0 0.24688639274408472
7250.0 0.24823554171459244
7252.0 0.2559776271220182
7254.0 0.2560748801438022
7256.0 0.2532000227512763
7258.0 0.2526872084933671
7260.0 0.25212657342220046
7262.0 0.25396190046865286
7264.0 0.25006788928881907
7266.0 0.2527192193603352
7268.0 0.2548249211020324
7270.0 0.2459030295718048
7272.0 0.24141004354419227
7274.0 0.240350738050995
7276.0 0.24314653065587852
7278.0 0.24128368603921566
7280.0 0.24471200885035488
7282.0 0.2445436239914792
7284.0 0.24521433734118722
7286.0 0.24324831033068597
7288.0 0.24314560228417775
7290.0 0.24042740213426794
7292.0 0.23985169303269982
7294.0 0.2354361468459396
7296.0 0.23355913242837553
7298.0 0.23999070994035293
7300.0 0.23977504577541614
7302.0 0.2339832761421196
7304.0 0.23677563991783843
7306.0 0.23706168372665862
7308.0 0.2368921422117401
7310.0 0.23855071226097002
7312.0 0.2359327461617494
7314.0 0.23773306581837572
7316.0 0.24015393831639764
7318.0 0.24012861548510814
7320.0 0.23933232010156566
7322.0 0.23543819027544421
7324.0 0.229039121188077
7326.0 0.22879936835370268
7328.0 0.22776300523304271
7330.0 0.22870213914467455
7332.0 0.2321152616666103
7334.0 0.2324527499144751
7336.0 0.2346552800875104
7338.0 0.23700467178248866
7340.0 0.23621819782966286
7342.0 0.23087251622526608
7344.0 0.23083493841447447
7346.0 0.23709571983141473
7348.0 0.23210569831973968
7350.0 0.23075946904748043
7352.0 0.2317956745943613
7354.0 0.23285287568034563
7356.0 0.23041645830066312
7358.0 0.22669989930859233
7360.0 0.22514102487615675
7362.0 0.22631745400319878
7364.0 0.22617480205055565
7366.0 0.2240224236663898
7368.0 0.22730492099383354
7370.0 0.22719603628036103
7372.0 0.22648119937739256
7374.0 0.2267121753033322
7376.0 0.22756878672683242
7378.0 0.2297886817734196
7380.0 0.22816691742107703
7382.0 0.22770194613841502
7384.0 0.2267778069592216
7386.0 0.22900755397188208
7388.0 0.22767992138289816
7390.0 0.22644066361946943
7392.0 0.22444273891257263
7394.0 0.2243319340582843
7396.0 0.22223145515886716
7398.0 0.2239184325658606
7400.0 0.22473902922478925
7402.0 0.22472808395930088
7404.0 0.2246493497249811
7406.0 0.2227678753749771
7408.0 0.22278497146454992
7410.0 0.22075296718392784
7412.0 0.22191424841490026
7414.0 0.2194879449377828
7416.0 0.21782533776928514
7418.0 0.22070482941518282
7420.0 0.22019934692203302
7422.0 0.21796547830100518
7424.0 0.21312946876936337
7426.0 0.20965107440529435
7428.0 0.20926923879889545
7430.0 0.20721907577666304
7432.0 0.20591404947860578
7434.0 0.20316441400002683
7436.0 0.19922203752213274
7438.0 0.19922414125463606
7440.0 0.20077164352017796
7442.0 0.19889962492867194
7444.0 0.19791392948804978
7446.0 0.19495918021610678
7448.0 0.19313813959071868
7450.0 0.1918027870284726
7452.0 0.19100308057467394
7454.0 0.1901391975535492
7456.0 0.19006348581865787
7458.0 0.18931733086733687
7460.0 0.18814465219205387
7462.0 0.185932239063779
7464.0 0.18534137438830386
7466.0 0.18210244035012577
7468.0 0.184929148856832
7470.0 0.18563418628164957
7472.0 0.18220804370315064
7474.0 0.17975932089829705
7476.0 0.17639619463106684
7478.0 0.1748436210184522
7480.0 0.17636471390428246
7482.0 0.17590385760008023
7484.0 0.17719453010229583
7486.0 0.17655130767695004
7488.0 0.1758811358590534
7490.0 0.17412855211657804
7492.0 0.17594654400061596
7494.0 0.17546508433416833
7496.0 0.17554955239708203
7498.0 0.17324858373246166
7500.0 0.17689193508865456
7502.0 0.1773697015269388
7504.0 0.17731038061342738
7506.0 0.17633650219955355
7508.0 0.17598212101007743
7510.0 0.17318683741482468
7512.0 0.17281184514533382
7514.0 0.17291171107429917
7516.0 0.1729552879794579
7518.0 0.17148453705784478
7520.0 0.17169852005701958
7522.0 0.1722017348369706
7524.0 0.17288157889538816
7526.0 0.17380255445169376
7528.0 0.17521901403185436
7530.0 0.1765253539302384
7532.0 0.17602339151738422
7534.0 0.17564425821144566
7536.0 0.17527599564580978
7538.0 0.1736513880396993
7540.0 0.16886619303473946
7542.0 0.16616258812871762
7544.0 0.16089139150373855
7546.0 0.1578753547442395
7548.0 0.15231323496390597
7550.0 0.15008196114641756
7552.0 0.14953529102579133
7554.0 0.15049203885774057
7556.0 0.15170162067381815
7558.0 0.15392405427739084
7560.0 0.1566257126626081
7562.0 0.16208422982431858
7564.0 0.16531510529874194
7566.0 0.16638531666720918
7568.0 0.16561574866358325
7570.0 0.1643923022362841
7572.0 0.16246116467397173
7574.0 0.1614677118166724
7576.0 0.1599613532685371
7578.0 0.1589917784669889
7580.0 0.16077327302685357
7582.0 0.16226983642774687
7584.0 0.16169394100383783
7586.0 0.16286647601390322
7588.0 0.16406039171247266
7590.0 0.1649142844241775
7592.0 0.16498025647751305
7594.0 0.16640438521443798
7596.0 0.16827731777193008
7598.0 0.16869939112016305
7600.0 0.16915440065292103
7602.0 0.1702510169368108
7604.0 0.17061184385797115
7606.0 0.17168073103556608
7608.0 0.1731881035381944
7610.0 0.17486884715946907
7612.0 0.17591350762742144
7614.0 0.1774253858965434
7616.0 0.17857343587154367
7618.0 0.17618872639723188
7620.0 0.1759307092290379
7622.0 0.17707124059721602
7624.0 0.17796316760422493
7626.0 0.17954100276411153
7628.0 0.17967406646336023
7630.0 0.18008505048024237
7632.0 0.1814626324456047
7634.0 0.1820894063355585
7636.0 0.18186012174384283
7638.0 0.18167839995004706
7640.0 0.18044909332138515
7642.0 0.18014294456656163
7644.0 0.18005852194881367
7646.0 0.18042534026139317
7648.0 0.1828373418516688
7650.0 0.1829716725300893
7652.0 0.18311078594352942
7654.0 0.18305053167846239
7656.0 0.18311807637311933
7658.0 0.18293695398572013
7660.0 0.182592322730734
7662.0 0.18305945441183283
7664.0 0.1831195358515887
7666.0 0.18256379358290659
7668.0 0.18242447321409128
7670.0 0.18266934855519826
7672.0 0.1827887353741222
7674.0 0.18178990031209455
7676.0 0.18230041868229213
7678.0 0.1835872685362429
7680.0 0.1836154881317793
7682.0 0.18364618293801233
7684.0 0.18371756954353705
7686.0 0.1837635183063958
7688.0 0.18448696078941826
7690.0 0.18496661103921258
7692.0 0.18621357449695658
7694.0 0.186957322832763
7696.0 0.187390409238977
7698.0 0.18746338980476832
7700.0 0.1887532291229773
7702.0 0.1887217300939533
7704.0 0.18769361107658927
7706.0 0.1870882598639296
7708.0 0.18525993108928052
7710.0 0.1839762701035773
7712.0 0.18199088229594443
7714.0 0.17963920533320454
7716.0 0.17749056996855708
7718.0 0.1775801974554907
7720.0 0.17763966965095193
7722.0 0.17952545075127277
7724.0 0.180036354377053
7726.0 0.18586127920053688
7728.0 0.18612050324942342
7730.0 0.1868315206354212
7732.0 0.18699985178059272
7734.0 0.18750838880307485
7736.0 0.18746256775243778
7738.0 0.18716686450420358
7740.0 0.1855781135733637
7742.0 0.18401908176873918
7744.0 0.18620377054607587
7746.0 0.18764549762768284
7748.0 0.18867328814948384
7750.0 0.18903669430446174
7752.0 0.1883361465471265
7754.0 0.1881367015897361
7756.0 0.1858480706135292
7758.0 0.18539421487294808
7760.0 0.18467078625326044
7762.0 0.18390311885977487
7764.0 0.18264525321197425
7766.0 0.18175427875676758
7768.0 0.1812957521652312
7770.0 0.18327690253300605
7772.0 0.1844090328980879
7774.0 0.18580961745591362
7776.0 0.1858288288726156
7778.0 0.1872965283775534
7780.0 0.18767320844811028
7782.0 0.1903206849370232
7784.0 0.18976077741806158
7786.0 0.18817874100375814
7788.0 0.18742689761565262
7790.0 0.18613612480891345
7792.0 0.18503864783743257
7794.0 0.1839834573858193
7796.0 0.18279816982218136
7798.0 0.18228886669497252
7800.0 0.18145640828895265
7802.0 0.18116833694841658
7804.0 0.18293889313006262
7806.0 0.18375282990733818
7808.0 0.18393099915132818
7810.0 0.18463818130682486
7812.0 0.18701730242355694
7814.0 0.1871272231251362
7816.0 0.18717647049531938
7818.0 0.18634071458755455
7820.0 0.18497486310284025
7822.0 0.1847858307564729
7824.0 0.18509055098913552
7826.0 0.1862619031393476
7828.0 0.18675606502649147
7830.0 0.18674551094400524
7832.0 0.18648821433259472
7834.0 0.18635118538325818
7836.0 0.18643171130009314
7838.0 0.18616159765099133
7840.0 0.18569783294096048
7842.0 0.1848251992526811
7844.0 0.18351172574098917
7846.0 0.1819595196446649
7848.0 0.18052737371833116
7850.0 0.1795420868997495
7852.0 0.1795546516919239
7854.0 0.17959048275238623
7856.0 0.1790708926031341
7858.0 0.17879404638609184
7860.0 0.18135750170189122
7862.0 0.18131694088671638
7864.0 0.1829137446140454
7866.0 0.18294985930076355
7868.0 0.1832889766401103
7870.0 0.1835102208408893
7872.0 0.18390870150504773
7874.0 0.1834228322882398
7876.0 0.18300234470377721
7878.0 0.18235810260337088
7880.0 0.18212119190113504
7882.0 0.18087325625853873
7884.0 0.18081165407894648
7886.0 0.18171284786302022
7888.0 0.18140093356856057
7890.0 0.18092108815840105
7892.0 0.18044211045988026
7894.0 0.1793247904668445
7896.0 0.17936337698093915
7898.0 0.1793137130698482
7900.0 0.17838132652569202
7902.0 0.1773943599192575
7904.0 0.17634415393497888
7906.0 0.17570948828849306
7908.0 0.17539984134201342
7910.0 0.17529394312708882
7912.0 0.1766555376499008
7914.0 0.17695440831695938
7916.0 0.1790253905078222
7918.0 0.1796989845487925
7920.0 0.1813820849322334
7922.0 0.18133302710285037
7924.0 0.1812554049724025
7926.0 0.18090087342508065
7928.0 0.18031854499134123
7930.0 0.1778879052006235
7932.0 0.1763066064929801
7934.0 0.1740101006203532
7936.0 0.17352267832652718
7938.0 0.17235984528076922
7940.0 0.1722202517572983
7942.0 0.17228775281073008
7944.0 0.17257542389713368
7946.0 0.17376954907915232
7948.0 0.17457259550938065
7950.0 0.17551472108956828
7952.0 0.17597590648928402
7954.0 0.1765959218174791
7956.0 0.17606388254028832
7958.0 0.175445473091821
7960.0 0.174515469763345
7962.0 0.1741560032796615
7964.0 0.17346922704713108
7966.0 0.17332859920033958
7968.0 0.1723066243319227
7970.0 0.17231983110154028
7972.0 0.17285250710717884
7974.0 0.1736369226795285
7976.0 0.17492778383423085
7978.0 0.17365338689151097
7980.0 0.17214276688051466
7982.0 0.17172608515823512
7984.0 0.17157514070666727
7986.0 0.1708586420380554
7988.0 0.17050693818030263
7990.0 0.16860785942336173
7992.0 0.16844464614076754
7994.0 0.16947839509870885
7996.0 0.1693549413419439
7998.0 0.16993741243066524
8000.0 0.1702206271961086
8002.0 0.17080420392907283
8004.0 0.17158083873257998
8006.0 0.17259316067021693
8008.0 0.17331265661779707
8010.0 0.17364978473153633
8012.0 0.1717916911199061
8014.0 0.1712381122408783
8016.0 0.1690818208619067
8018.0 0.1690444113308378
8020.0 0.1690461429323732
8022.0 0.1689569532903858
8024.0 0.16830126228105757
8026.0 0.16886594878948633
8028.0 0.17018139198555435
8030.0 0.17004181642233304
8032.0 0.16980748715555027
8034.0 0.16983051107343944
8036.0 0.17011917446791489
8038.0 0.17025496498491471
8040.0 0.17025762526192695
8042.0 0.1695177883958721
8044.0 0.16936594685530112
8046.0 0.16794451058551121
8048.0 0.1672580245997365
8050.0 0.16380404481921657
8052.0 0.16386077820196995
8054.0 0.16402674455255262
8056.0 0.1645351595336908
8058.0 0.1651205575300204
8060.0 0.1655207021219107
8062.0 0.1657085754600495
8064.0 0.16705481538859634
8066.0 0.1675613295017967
8068.0 0.16986221420933156
8070.0 0.1701045173271908
8072.0 0.1682906257289394
8074.0 0.16764939018891845
8076.0 0.16530507168363948
8078.0 0.16497110672242027
8080.0 0.16449618212192216
8082.0 0.16376627811919828
8084.0 0.16281308340366363
8086.0 0.16380031554541316
8088.0 0.16414534332794667
8090.0 0.16535910342675508
8092.0 0.165916467585058
8094.0 0.16626477294550052
8096.0 0.16620321338333743
8098.0 0.16610541602474888
8100.0 0.16585974293351666
8102.0 0.1647741249144283
8104.0 0.1643678506829414
8106.0 0.1638536158273405
8108.0 0.16357673489647798
8110.0 0.1638330763248275
8112.0 0.16522836874904578
8114.0 0.16671890194823147
8116.0 0.16264972683564502
8118.0 0.15987508724082117
8120.0 0.15467628204085543
8122.0 0.15281236533882914
8124.0 0.15469782576707886
8126.0 0.1543366579960195
8128.0 0.15631936182967898
8130.0 0.1568295677349575
8132.0 0.15898399037413222
8134.0 0.15876596950011398
8136.0 0.15934475888665509
8138.0 0.15902782833184348
8140.0 0.15895626219808479
8142.0 0.1561329895483141
8144.0 0.1544385063518306
8146.0 0.1537422579898226
8148.0 0.15276887751584706
8150.0 0.15119060448734475
8152.0 0.15051986032037393
8154.0 0.1502263856747821
8156.0 0.14863020621610587
8158.0 0.14761067853544943
8160.0 0.14684872177280206
8162.0 0.14595759969638658
8164.0 0.14454583734543588
8166.0 0.14319445844895756
8168.0 0.14278111575446167
8170.0 0.14176253841369027
8172.0 0.14332900070460414
8174.0 0.14351898521313183
8176.0 0.1426927346829919
8178.0 0.1425866003017876
8180.0 0.14356084514564751
8182.0 0.14415249977123398
8184.0 0.14575029564324343
8186.0 0.14470018379875169
8188.0 0.143362777424683
8190.0 0.14353559572313954
8192.0 0.1438688727044587
8194.0 0.14438488413360148
8196.0 0.14460075639658954
8198.0 0.14287756267996574
8200.0 0.14230488638055586
8202.0 0.1440689534966627
8204.0 0.14426100955485158
8206.0 0.14499762175365546
8208.0 0.14530068058731932
8210.0 0.1460893179897108
8212.0 0.14587943595878716
8214.0 0.14524973203462152
8216.0 0.14401109135024925
8218.0 0.14249802498280206
8220.0 0.1409345226084894
8222.0 0.1398926715066008
8224.0 0.13942959814546046
8226.0 0.13934543449124095
8228.0 0.14056896282831938
8230.0 0.14072096684698407
8232.0 0.13877350943442646
8234.0 0.13895089534426677
8236.0 0.13941666729969876
8238.0 0.14026280486362297
8240.0 0.1423774257169134
8242.0 0.1433488249153133
8244.0 0.14487200609529358
8246.0 0.1457731083768282
8248.0 0.14656002229813297
8250.0 0.14795190773609307
8252.0 0.14867336921458846
8254.0 0.14972020067599992
8256.0 0.15007445058170346
8258.0 0.1505327321970213
8260.0 0.15025481422287615
8262.0 0.14894545396934789
8264.0 0.14836247859484694
8266.0 0.14662698415276618
8268.0 0.14643334348349896
8270.0 0.1460815703647232
8272.0 0.14491815309718645
8274.0 0.14383817576628188
8276.0 0.14451517030271863
8278.0 0.14476782786954678
8280.0 0.1445122588767252
8282.0 0.14441439133634434
8284.0 0.1441157689274543
8286.0 0.14404946882108685
8288.0 0.143881856969994
8290.0 0.14312270448937078
8292.0 0.14060185429507407
8294.0 0.14090492477532496
8296.0 0.14138573658336598
8298.0 0.14127108932782123
8300.0 0.14148006338005312
8302.0 0.14288359038645476
8304.0 0.14356397859726988
8306.0 0.14733297431935766
8308.0 0.1483416865772393
8310.0 0.15013112972537387
8312.0 0.15022211495360735
8314.0 0.14996508333722566
8316.0 0.14943269771097617
8318.0 0.14749456041804693
8320.0 0.14734376067305985
8322.0 0.1471559482489393
8324.0 0.14847980019766716
8326.0 0.14973462174575994
8328.0 0.14793510644676441
8330.0 0.14729972007341063
8332.0 0.14721924489702168
8334.0 0.1472756265445062
8336.0 0.1495946254194155
8338.0 0.14989361404908208
8340.0 0.14845514693038347
8342.0 0.1485739301578284
8344.0 0.148737766475054
8346.0 0.14791589166364902
8348.0 0.14593324607407573
8350.0 0.1448153476802098
8352.0 0.14367599356953284
8354.0 0.14437734392431795
8356.0 0.14480202531954564
8358.0 0.1453542398095655
8360.0 0.1460988713114573
8362.0 0.1489655615194584
8364.0 0.1495464931145609
8366.0 0.1515737536406648
8368.0 0.15278115564070385
8370.0 0.15637463018702097
8372.0 0.1585984907591549
8374.0 0.16307423052866518
8376.0 0.16380041598450854
8378.0 0.1641140075325049
8380.0 0.16270628777173046
8382.0 0.1617892310513151
8384.0 0.1602427284754994
8386.0 0.15976484546077196
8388.0 0.1570060041776698
8390.0 0.1573636951135526
8392.0 0.15734986774853144
8394.0 0.15753412759194532
8396.0 0.1569736827125305
8398.0 0.15704377977387896
8400.0 0.156512075208404
8402.0 0.1566203194942847
8404.0 0.15642074759663424
8406.0 0.15609522567486966
8408.0 0.155976064116167
8410.0 0.156852036266092
8412.0 0.15741783391267755
8414.0 0.15850436915745533
8416.0 0.1589996992822133
8418.0 0.15673588423071422
8420.0 0.15722152436963113
8422.0 0.1577180583560954
8424.0 0.15893093934330219
8426.0 0.1611257109393838
8428.0 0.1629043353865757
8430.0 0.16511216821819755
8432.0 0.16810829509030528
8434.0 0.17046887464448948
8436.0 0.17258373335552746
8438.0 0.17397230392059296
8440.0 0.17483346687740167
8442.0 0.17535002925999932
8444.0 0.17618222409015166
8446.0 0.17661241783717024
8448.0 0.1751741291878767
8450.0 0.17522798731297734
8452.0 0.17445040790880945
8454.0 0.17432923681649454
8456.0 0.17393001588907972
8458.0 0.17254705314020963
8460.0 0.17119565755664137
8462.0 0.1701760589651422
8464.0 0.16992669562442383
8466.0 0.17248290615423398
8468.0 0.17368915877249358
8470.0 0.17635018403528083
8472.0 0.17667249129035228
8474.0 0.17720778703555484
8476.0 0.17740913181116041
8478.0 0.17729029814678365
8480.0 0.17694410185370396
8482.0 0.17640538832324165
8484.0 0.17479212262883959
8486.0 0.1735285942118994
8488.0 0.17503953756364818
8490.0 0.17613376812321271
8492.0 0.17793172515588476
8494.0 0.17878283542824172
8496.0 0.1772429380695224
8498.0 0.17742633521878517
8500.0 0.17735741785487202
8502.0 0.17853319022572253
8504.0 0.18182937434878102
8506.0 0.18273356354305428
8508.0 0.18408527902417465
8510.0 0.18347638620995207
8512.0 0.18274519481269882
8514.0 0.18198717922588184
8516.0 0.18142649244566564
8518.0 0.18010469365711695
8520.0 0.17984511311182344
8522.0 0.17843369126311642
8524.0 0.17817346015741073
8526.0 0.17546799193712295
8528.0 0.17653294061764677
8530.0 0.1802364146361499
8532.0 0.1806195156028
8534.0 0.18152488324084562
8536.0 0.1829744846264847
8538.0 0.18472788162028217
8540.0 0.186606134827678
8542.0 0.18792752897204998
8544.0 0.1853389924872928
8546.0 0.18478057667529213
8548.0 0.18042877542314562
8550.0 0.1798770962908338
8552.0 0.1786470739775942
8554.0 0.1792310085823863
8556.0 0.1815738726292072
8558.0 0.18090107422163976
8560.0 0.17960964254102485
8562.0 0.179004768569152
8564.0 0.17829938063446707
8566.0 0.17785689023377485
8568.0 0.17753958422316718
8570.0 0.1774510181828943
8572.0 0.17745509063237658
8574.0 0.17845394490337976
8576.0 0.1785957799122511
8578.0 0.18181262892220934
8580.0 0.1827123698460604
8582.0 0.18701027883712723
8584.0 0.1874176401346216
8586.0 0.18823113703066355
8588.0 0.18877693872637757
8590.0 0.18945576272310635
8592.0 0.1891300283992496
8594.0 0.18890946546275478
8596.0 0.1890496273913109
8598.0 0.18899642142868106
8600.0 0.18859682208411957
8602.0 0.18833614013906
8604.0 0.18513132980574307
8606.0 0.18457216365577525
8608.0 0.1813498535802224
8610.0 0.18034674245269022
8612.0 0.1778838125395201
8614.0 0.17802065477637888
8616.0 0.17819791123102766
8618.0 0.1796540933530218
8620.0 0.18074741094983401
8622.0 0.181820425414882
8624.0 0.18221896169126225
8626.0 0.1808282672902499
8628.0 0.1806027275009946
8630.0 0.17777138001075382
8632.0 0.1780136235744478
8634.0 0.17891562724129045
8636.0 0.17882422989780025
8638.0 0.1785628858980971
8640.0 0.18018334190721136
8642.0 0.18244037999407917
8644.0 0.18428277718362973
8646.0 0.18573465908258327
8648.0 0.18610665172121463
8650.0 0.1862002999753236
8652.0 0.18795510830921303
8654.0 0.1881956398001373
8656.0 0.19276936621433188
8658.0 0.19306883519107226
8660.0 0.19383442471303247
8662.0 0.19299000469987704
8664.0 0.19012026302368076
8666.0 0.1896101241157648
8668.0 0.18873438376760113
8670.0 0.1888858361062401
8672.0 0.18900726291612033
8674.0 0.18779682354297927
8676.0 0.1872194665856203
8678.0 0.1867357623070571
8680.0 0.18656268113574423
8682.0 0.18800450269323937
8684.0 0.187977828959763
8686.0 0.1869448415073522
8688.0 0.1863713138855252
8690.0 0.18476001952104637
8692.0 0.18380618759442846
8694.0 0.18210057199282745
8696.0 0.18030189417657508
8698.0 0.1786327526052938
8700.0 0.17727810888560303
8702.0 0.17655871794877437
8704.0 0.17512602536219493
8706.0 0.17492243483153033
8708.0 0.1761705462628612
8710.0 0.17660222427967073
8712.0 0.18212212465061628
8714.0 0.1838919070328492
8716.0 0.18985419864810238
8718.0 0.19123501243564356
8720.0 0.19372085965792588
8722.0 0.1953430524024471
8724.0 0.19667014404990937
8726.0 0.19863376890674417
8728.0 0.1995702287460226
8730.0 0.19721761926531858
8732.0 0.19636734238413817
8734.0 0.1939131192929493
8736.0 0.19314964826730077
8738.0 0.18667671845008396
8740.0 0.18537618303307685
8742.0 0.1811805445477091
8744.0 0.180357495135669
8746.0 0.1788027554262135
8748.0 0.17839367262275255
8750.0 0.17821499249722825
8752.0 0.17835487234842246
8754.0 0.17855925691134228
8756.0 0.18336464573741834
8758.0 0.18512753649791228
8760.0 0.18817285237778622
8762.0 0.18893606764557808
8764.0 0.19320427098979923
8766.0 0.19253459765903852
8768.0 0.1894685433825699
8770.0 0.1880476281528836
8772.0 0.1851174829173277
8774.0 0.1838114759588797
8776.0 0.181912123036954
8778.0 0.18173666631591687
8780.0 0.18143318010865978
8782.0 0.18053091298221485
8784.0 0.1798524739541829
8786.0 0.1861308749252567
8788.0 0.18695465605130884
8790.0 0.1938514574345174
8792.0 0.19384454096567155
8794.0 0.195383389695772
8796.0 0.1955855904830319
8798.0 0.19635586253360487
8800.0 0.19368636376162696
8802.0 0.1900688648718711
8804.0 0.1865342836736573
8806.0 0.1840945165406568
8808.0 0.17994002230045428
8810.0 0.1781111878865295
8812.0 0.17305496200241918
8814.0 0.17206387846153495
8816.0 0.16540717884432507
8818.0 0.165210848632555
8820.0 0.1649445062834069
8822.0 0.16719505245673288
8824.0 0.17321192055535767
8826.0 0.17758714690063926
8828.0 0.18314024625584774
8830.0 0.18558824694536488
8832.0 0.1870535005923205
8834.0 0.19074625560984634
8836.0 0.19214881220204882
8838.0 0.19521700385581164
8840.0 0.195637357602324
8842.0 0.19465815269547834
8844.0 0.19420997867682602
8846.0 0.19146258696194376
8848.0 0.19032329761368033
8850.0 0.18765483060077398
8852.0 0.18357434312165938
8854.0 0.17757021000592196
8856.0 0.1745642100361641
8858.0 0.17180877819050816
8860.0 0.17148269502175953
8862.0 0.1712880375000581
8864.0 0.16898379470027886
8866.0 0.16834379729915105
8868.0 0.16873560236196056
8870.0 0.16877028880683856
8872.0 0.17011764123303105
8874.0 0.17108194490097434
8876.0 0.17442378646897225
8878.0 0.17490759450169455
8880.0 0.17563360164040506
8882.0 0.1743876193792819
8884.0 0.17296978783421654
8886.0 0.17327419076608935
8888.0 0.17323914130048285
8890.0 0.1741631056229091
8892.0 0.17433233920045457
8894.0 0.1724310805741019
8896.0 0.17209143816955946
8898.0 0.16981251089063562
8900.0 0.16987192395273826
8902.0 0.17036762872498445
8904.0 0.17149881843270773
8906.0 0.17362471649299321
8908.0 0.17570975020879143
8910.0 0.17784967284340297
8912.0 0.17862663301689424
8914.0 0.17897055862687222
8916.0 0.18096120025118742
8918.0 0.18147379634138772
8920.0 0.18156724111194064
8922.0 0.18109482362232474
8924.0 0.1770373752628699
8926.0 0.17546831470303728
8928.0 0.16985136085023123
8930.0 0.168987600583247
8932.0 0.16765602946151442
8934.0 0.16721545732213186
8936.0 0.1664574788865987
8938.0 0.16591446572983637
8940.0 0.16573440290296806
8942.0 0.16426049466878043
8944.0 0.1638548339440374
8946.0 0.1637670710896597
8948.0 0.16391894989452455
8950.0 0.16850685243874003
8952.0 0.1690549158027945
8954.0 0.1719443069587283
8956.0 0.17149293675286792
8958.0 0.17040687282507797
8960.0 0.1717353101763238
8962.0 0.17335282249654393
8964.0 0.1725562263880309
8966.0 0.17209312551971237
8968.0 0.17294199011936817
8970.0 0.17341474902926596
8972.0 0.16896513991869785
8974.0 0.16829700936854225
8976.0 0.1652754738300041
8978.0 0.16451912922831843
8980.0 0.1610709681052579
8982.0 0.15934702950758198
8984.0 0.15533971056314577
8986.0 0.1554489660555413
8988.0 0.1557020828464395
8990.0 0.1561189218893241
8992.0 0.15641755889916809
8994.0 0.1615956504230297
8996.0 0.16355644144563555
8998.0 0.16964798018054
9000.0 0.17064406751915479
9002.0 0.17856810493464717
9004.0 0.17886746775414666
9006.0 0.18137580695907657
9008.0 0.18067189915802162
9010.0 0.1794868199460909
9012.0 0.17962892862048788
9014.0 0.18002396755741717
9016.0 0.17872908659669812
9018.0 0.17746199135036614
9020.0 0.17262541395182598
9022.0 0.17052951858394463
9024.0 0.16714140001920677
9026.0 0.16651001245437677
9028.0 0.16657181975310525
9030.0 0.16615567767196607
9032.0 0.16080052824981395
9034.0 0.16174218539234173
9036.0 0.1646853070625416
9038.0 0.16415351903911157
9040.0 0.16345753188000214
9042.0 0.16465972517811198
9044.0 0.16559824487480165
9046.0 0.16525363813321514
9048.0 0.1653113785014835
9050.0 0.16503922164277177
9052.0 0.16512760257518766
9054.0 0.1631251277660686
9056.0 0.16263585460570962
9058.0 0.16377063024670754
9060.0 0.16382585968403535
9062.0 0.16376060484125488
9064.0 0.16306429891157448
9066.0 0.1615504731610231
9068.0 0.16249863083783642
9070.0 0.16313608006768077
9072.0 0.16440641564796818
9074.0 0.16484151899036878
9076.0 0.16669806864986902
9078.0 0.1674822210947841
9080.0 0.17193643257442254
9082.0 0.17207007162698973
9084.0 0.17390614409551836
9086.0 0.17219575002500054
9088.0 0.1689935964646643
9090.0 0.16709536192311367
9092.0 0.16406922184668962
9094.0 0.1611495937617419
9096.0 0.15869938378115875
9098.0 0.1564514538971862
9100.0 0.1556225700941857
9102.0 0.15488117407625343
9104.0 0.1546413663696606
9106.0 0.1554440764361203
9108.0 0.15549444078592978
9110.0 0.15727888187479147
9112.0 0.156808298131582
9114.0 0.15620837123468453
9116.0 0.15759904212202694
9118.0 0.16051064884434135
9120.0 0.1636596143292359
9122.0 0.16694734696905192
9124.0 0.16699777459634463
9126.0 0.16707869994239585
9128.0 0.1657308524060695
9130.0 0.16537509818915852
9132.0 0.16474545623239248
9134.0 0.16466268268819687
9136.0 0.1643031881930493
9138.0 0.1644667232558311
9140.0 0.164765137083952
9142.0 0.16437535693334251
9144.0 0.1634934657708143
9146.0 0.16219906569619644
9148.0 0.1604728406260041
9150.0 0.15895695479590585
9152.0 0.15772947306964488
9154.0 0.15550840745712233
9156.0 0.154742706438947
9158.0 0.15609462911439137
9160.0 0.15642367010462765
9162.0 0.15906849952341776
9164.0 0.15923986120549705
9166.0 0.16053752292580736
9168.0 0.16112920239393014
9170.0 0.1624853559045007
9172.0 0.16296506590262494
9174.0 0.16362781186132602
9176.0 0.16262955190593603
9178.0 0.16186859853933536
9180.0 0.15705786960030507
9182.0 0.15505602901930554
9184.0 0.15380755486718478
9186.0 0.1536333160739909
9188.0 0.15679777756366772
9190.0 0.1565471613907517
9192.0 0.15574287514376797
9194.0 0.1562067130620674
9196.0 0.15763813769952678
9198.0 0.15909812788487232
9200.0 0.16120678444854683
9202.0 0.16477043670823652
9204.0 0.16752948692050385
9206.0 0.1714860889370916
9208.0 0.17329388232417867
9210.0 0.17673700413864313
9212.0 0.1773787860404014
9214.0 0.17300373316074516
9216.0 0.17264539508190282
9218.0 0.17051549542917155
9220.0 0.16915038195294133
9222.0 0.16573007149741872
9224.0 0.16172123451696083
9226.0 0.15572958803625941
9228.0 0.15229518756034016
9230.0 0.14956037370163341
9232.0 0.14785527807732046
9234.0 0.14702676601859394
9236.0 0.15081191195336918
9238.0 0.15155106079287473
9240.0 0.15203765278994144
9242.0 0.15303317268298397
9244.0 0.16203091712725282
9246.0 0.16219336063506257
9248.0 0.1639732029838454
9250.0 0.16546167119127453
9252.0 0.1676483400603691
9254.0 0.16815332298274074
9256.0 0.1689561273648673
9258.0 0.16895446553306415
9260.0 0.16903108357597785
9262.0 0.1668745351530183
9264.0 0.16657361530863113
9266.0 0.16423729311659405
9268.0 0.16362031603849098
9270.0 0.1591353473481516
9272.0 0.1578885211976298
9274.0 0.1538797530692443
9276.0 0.15150927464673247
9278.0 0.14722717245953512
9280.0 0.14509499806668538
9282.0 0.1433023733269019
9284.0 0.14110448226195443
9286.0 0.14006474730028032
9288.0 0.13951089899017324
9290.0 0.13927860562852168
9292.0 0.14631343067267066
9294.0 0.1467991285346475
9296.0 0.15110758080985395
9298.0 0.15245188265410878
9300.0 0.15630359836378033
9302.0 0.15700314918778085
9304.0 0.15849114686289303
9306.0 0.1578526645419218
9308.0 0.15736866321990622
9310.0 0.15840459020070147
9312.0 0.15910301306532335
9314.0 0.15886795027465028
9316.0 0.15868963471618788
9318.0 0.16030732067692166
9320.0 0.16017440901783694
9322.0 0.15785276997051603
9324.0 0.15684504458119394
9326.0 0.15179259776885531
9328.0 0.1521532462070885
9330.0 0.15210724664560366
9332.0 0.15132023447020138
9334.0 0.15026384232896994
9336.0 0.14973049934534186
9338.0 0.14934891798902222
9340.0 0.15252771903930598
9342.0 0.15357906131256494
9344.0 0.16077016639629613
9346.0 0.16210944283973985
9348.0 0.16939521858623363
9350.0 0.17054457281594318
9352.0 0.17632719145836728
9354.0 0.17744576087108227
9356.0 0.1802382283585251
9358.0 0.1797846895265142
9360.0 0.1794457311999297
9362.0 0.17750376547410807
9364.0 0.17558352649474268
9366.0 0.1690442299744456
9368.0 0.16688522494041744
9370.0 0.16133232837866873
9372.0 0.16064880039198653
9374.0 0.1538614103555039
9376.0 0.15267970034463643
9378.0 0.14758608883771637
9380.0 0.14712577467901677
9382.0 0.14718684565874895
9384.0 0.14613829007302076
9386.0 0.14464552282271506
9388.0 0.14710195560604503
9390.0 0.14898818779093892
9392.0 0.15223764109889848
9394.0 0.15345937259584258
9396.0 0.1582623535765654
9398.0 0.15904127271585408
9400.0 0.1592443036451728
9402.0 0.15901699542294925
9404.0 0.15512451622586296
9406.0 0.15811497040370062
9408.0 0.16612598186527572
9410.0 0.1645773677267918
9412.0 0.16236587166817787
9414.0 0.162879477790365
9416.0 0.16328361751823275
9418.0 0.1613165503988144
9420.0 0.16005510117773464
9422.0 0.1556933544460852
9424.0 0.15490856790623406
9426.0 0.1457787260477025
9428.0 0.14521715633248244
9430.0 0.1446263488559669
9432.0 0.1442881269590865
9434.0 0.14344199355471624
9436.0 0.14291368258612433
9438.0 0.14167062419748255
9440.0 0.14546341937037352
9442.0 0.14871939687199717
9444.0 0.15447192238268934
9446.0 0.15762260779690318
9448.0 0.15958108545318497
9450.0 0.16000266865286725
9452.0 0.16597624509228365
9454.0 0.16673320866718944
9456.0 0.1703460695002237
9458.0 0.1693044860091684
9460.0 0.1658607729407818
9462.0 0.16459938203327595
9464.0 0.16249393836950698
9466.0 0.1629719038465921
9468.0 0.16353486759398742
9470.0 0.15884772468624658
9472.0 0.15601844694032319
9474.0 0.15094458925742144
9476.0 0.14945587858899922
9478.0 0.15048062498850073
9480.0 0.15056575398623442
9482.0 0.14828543396624436
9484.0 0.14859835253022327
9486.0 0.14935822579017727
9488.0 0.15068023185588475
9490.0 0.15325369770212818
9492.0 0.1562290213089081
9494.0 0.15940594900020097
9496.0 0.15656084200942327
9498.0 0.1548578605195167
9500.0 0.15520516899134873
9502.0 0.155154961260142
9504.0 0.16010614508794097
9506.0 0.16093974745022335
9508.0 0.1663240493620074
9510.0 0.1645911078254285
9512.0 0.1567733831696422
9514.0 0.1535911143686327
9516.0 0.14700944745000008
9518.0 0.1499268837839344
9520.0 0.1533642592582602
9522.0 0.1522522929751518
9524.0 0.15156774728510802
9526.0 0.14934399164761133
9528.0 0.14865841782041386
9530.0 0.15132217375281773
9532.0 0.15180797466161902
9534.0 0.15624966625802605
9536.0 0.15495463897290143
9538.0 0.14830757491258992
9540.0 0.1485481657713982
9542.0 0.14893131041680463
9544.0 0.14782992554263305
9546.0 0.14665118930390472
9548.0 0.14969898942794688
9550.0 0.15190661414929393
9552.0 0.15425994671204898
9554.0 0.15508712427251678
9556.0 0.15712887018351004
9558.0 0.15740838381151454
9560.0 0.1531173148425645
9562.0 0.15330811591865673
9564.0 0.15454341282678874
9566.0 0.155003438780769
9568.0 0.15587849392567793
9570.0 0.15546794803135194
9572.0 0.15463274243394223
9574.0 0.15471898682392182
9576.0 0.1548343134456281
9578.0 0.15672475201489774
9580.0 0.15773228981161513
9582.0 0.15578463348951635
9584.0 0.15515192797453856
9586.0 0.1527674566898612
9588.0 0.15266412229060358
9590.0 0.15157710161957613
9592.0 0.1500461183266605
9594.0 0.14587083981267376
9596.0 0.14665984004005225
9598.0 0.14797509150965477
9600.0 0.15484768355929615
9602.0 0.1604361090353555
9604.0 0.16432788247529723
9606.0 0.1661877853694639
9608.0 0.16497074508003068
9610.0 0.16471013987747418
9612.0 0.16855679941809928
9614.0 0.16907418392344098
9616.0 0.1701915079962704
9618.0 0.1677539685052706
9620.0 0.1605522778879199
9622.0 0.15820369473351173
9624.0 0.15442516514026378
9626.0 0.15240942387430795
9628.0 0.1505533732679776
9630.0 0.1498291054976975
9632.0 0.14953632233267744
9634.0 0.14719209710678505
9636.0 0.14666619064316339
9638.0 0.1478902580519955
9640.0 0.14857555070100154
9642.0 0.15961667586091655
9644.0 0.15932318749999955
9646.0 0.15762029189257445
9648.0 0.15777325023134062
9650.0 0.15812675012874886
9652.0 0.15996212052820796
9654.0 0.16168879987462242
9656.0 0.16259899622883942
9658.0 0.16299480115650702
9660.0 0.16287818439880603
9662.0 0.16244196798877558
9664.0 0.15874985767714175
9666.0 0.15830702868929486
9668.0 0.15796601889338316
9670.0 0.15693353152712403
9672.0 0.15228568769063863
9674.0 0.14975909575762647
9676.0 0.14564756306033771
9678.0 0.14809682520612422
9680.0 0.15070532729805491
9682.0 0.1441490403542969
9684.0 0.14049572000117344
9686.0 0.1349617521551078
9688.0 0.13327382007045468
9690.0 0.13942520345653747
9692.0 0.1406076321706862
9694.0 0.15043077260164936
9696.0 0.1520987796269425
9698.0 0.15901953884884557
9700.0 0.15814336487855024
9702.0 0.15631655287406757
9704.0 0.15764941166246682
9706.0 0.1593728285596116
9708.0 0.15593937590627951
9710.0 0.15353469565608513
9712.0 0.1495731258332884
9714.0 0.1480847902150321
9716.0 0.15048255301591726
9718.0 0.15079879475831054
9720.0 0.15105064898112833
9722.0 0.15160877147222684
9724.0 0.15417660291088292
9726.0 0.15281903822711262
9728.0 0.1501283138948252
9730.0 0.14513410191896475
9732.0 0.13884135674246176
9734.0 0.1384457078276863
9736.0 0.13836328963023245
9738.0 0.14226460557580162
9740.0 0.14393637409224969
9742.0 0.14464436751653176
9744.0 0.14480156293110552
9746.0 0.14796399261836565
9748.0 0.14926118677494277
9750.0 0.1558828076612217
9752.0 0.15464851261755902
9754.0 0.1514451088058301
9756.0 0.15626384611734997
9758.0 0.16265402986641353
9760.0 0.16140114852159704
9762.0 0.16046030499274064
9764.0 0.15891053024391547
9766.0 0.1580304716494174
9768.0 0.16027419118483813
9770.0 0.1606804430161681
9772.0 0.1565194510312793
9774.0 0.1558819877624066
9776.0 0.1518544162410239
9778.0 0.15234862537220206
9780.0 0.15413889440959067
9782.0 0.1565632555508027
9784.0 0.16005588612208604
9786.0 0.1590589926321522
9788.0 0.1580628035630804
9790.0 0.15786048205555173
9792.0 0.1578157911260123
9794.0 0.1611396815327037
9796.0 0.16200580364828318
9798.0 0.15631318355295354
9800.0 0.156146471064056
9802.0 0.1567157927665264
9804.0 0.1553848601916437
9806.0 0.15119606052712534
9808.0 0.15218445774418438
9810.0 0.15374831225054056
9812.0 0.15327291409441876
9814.0 0.15287825457057577
9816.0 0.1534971477573194
9818.0 0.15382742862479915
9820.0 0.16338881969106736
9822.0 0.16566186330084415
9824.0 0.16380640297267746
9826.0 0.16340252234413913
9828.0 0.15901907939649415
9830.0 0.16052840999522855
9832.0 0.1653459298338511
9834.0 0.1672799997204242
9836.0 0.17106326237189998
9838.0 0.1722159855343244
9840.0 0.17318080989204915
9842.0 0.16590990791632432
9844.0 0.16187556456330107
9846.0 0.15822389065042095
9848.0 0.1571762861560514
9850.0 0.16142665008306709
9852.0 0.1609815805177321
9854.0 0.15034389668697665
9856.0 0.15084168523505723
9858.0 0.15353031864631925
9860.0 0.15367583210405864
9862.0 0.15411016282963347
9864.0 0.15088331486096462
9866.0 0.14743678260637405
9868.0 0.1527667706866717
9870.0 0.15614136671221662
9872.0 0.15676580740653173
9874.0 0.1568464809961453
9876.0 0.15200927923084515
9878.0 0.15191586215235547
9880.0 0.1586563010125311
9882.0 0.16048753272318309
9884.0 0.16793201128849206
9886.0 0.16661356112635617
9888.0 0.16395159763680975
9890.0 0.15890422229948895
9892.0 0.1530110585919088
9894.0 0.15437718987919044
9896.0 0.1548586722804818
9898.0 0.15505552510457002
9900.0 0.15523193224603368
9902.0 0.15083516540297182
9904.0 0.15018855537195472
9906.0 0.14744782632245557
9908.0 0.14697677615895283
9910.0 0.14548683940099236
9912.0 0.1474245375273922
9914.0 0.15224840940535977
9916.0 0.15260164671434892
9918.0 0.1530445151171037
9920.0 0.15252493258388575
9922.0 0.1522188740351095
9924.0 0.15298292705076807
9926.0 0.15350764252665974
9928.0 0.15300965490988883
9930.0 0.15285829440095927
9932.0 0.15342422970684327
9934.0 0.15376501033774595
9936.0 0.15550412456752802
9938.0 0.1562372444192854
9940.0 0.15679665367264364
9942.0 0.15827600379799797
9944.0 0.16041956498638024
9946.0 0.15762491653377927
9948.0 0.15533794554590422
9950.0 0.1440259148577548
9952.0 0.1390280349501585
9954.0 0.13451846073812665
9956.0 0.13394432397655637
9958.0 0.13693389144575363
9960.0 0.1367042930412789
9962.0 0.1378306674644308
9964.0 0.13761411594998044
9966.0 0.13749430853115585
9968.0 0.14352953803986335
9970.0 0.15229620865226456
9972.0 0.1503638549335494
9974.0 0.14887405865562275
9976.0 0.153806895014056
9978.0 0.15597115727794877
9980.0 0.16441356099423013
9982.0 0.16607740292109846
9984.0 0.15724023237103982
9986.0 0.15729060075750825
9988.0 0.15788836036309575
9990.0 0.1582473521041303
9992.0 0.15873102305369527
9994.0 0.157770219914873
9996.0 0.15625851487963882
9998.0 0.15606483137870975
