# z obs_date
# 0 52280
3580.0 0.4628163283192525
3582.0 0.47603240876336134
3584.0 0.46465903503936323
3586.0 0.46823418036526127
3588.0 0.47078105118409763
3590.0 0.457500092159232
3592.0 0.46172085675466124
3594.0 0.46370529776397673
3596.0 0.46010679533752746
3598.0 0.45994419562161754
3600.0 0.45940760119386004
3602.0 0.45804926713057703
3604.0 0.4540624946551107
3606.0 0.4477396951480634
3608.0 0.45214855453815217
3610.0 0.45874479008458724
3612.0 0.46065111481730264
3614.0 0.46773538654002905
3616.0 0.46521129981845727
3618.0 0.4567103150455416
3620.0 0.4574972539577306
3622.0 0.4635491326238895
3624.0 0.4679025171709208
3626.0 0.47099720516501586
3628.0 0.4763987462339868
3630.0 0.47232427160079316
3632.0 0.478229830766694
3634.0 0.4823647395156172
3636.0 0.4870448619632026
3638.0 0.4914309191351392
3640.0 0.5001798245572313
3642.0 0.5042869220077705
3644.0 0.5040266315636449
3646.0 0.511925743276418
3648.0 0.5137853469526442
3650.0 0.5034742864865672
3652.0 0.5022695881086189
3654.0 0.5006087912895406
3656.0 0.4975855453370739
3658.0 0.5071778289811181
3660.0 0.5036108204858928
3662.0 0.49551704710903444
3664.0 0.48921611421404193
3666.0 0.49175788672449533
3668.0 0.49106659495592986
3670.0 0.48867424888603966
3672.0 0.4827126496426167
3674.0 0.4732640091893838
3676.0 0.47825373396391735
3678.0 0.4874802636900777
3680.0 0.48550831901128616
3682.0 0.4787396508258738
3684.0 0.4742329465296407
3686.0 0.48011075542704007
3688.0 0.4783273131355788
3690.0 0.4659991780957812
3692.0 0.46201797466150973
3694.0 0.4673907163452738
3696.0 0.4691950919181807
3698.0 0.4712800136022208
3700.0 0.47711888849161516
3702.0 0.474004441351414
3704.0 0.4760886417351576
3706.0 0.4815346821438581
3708.0 0.4865160195221366
3710.0 0.4922641500633676
3712.0 0.4965351854525728
3714.0 0.49539672168299376
3716.0 0.4906002027381138
3718.0 0.49310474703050033
3720.0 0.49600165416697056
3722.0 0.5001444868895312
3724.0 0.4937030308140578
3726.0 0.4867593478969138
3728.0 0.487445180566633
3730.0 0.4911910401068709
3732.0 0.492245589809486
3734.0 0.49225322096603075
3736.0 0.48971637951206715
3738.0 0.48795612367593993
3740.0 0.4876137915747462
3742.0 0.4771847983310039
3744.0 0.4777416822473589
3746.0 0.4895285241365043
3748.0 0.4942659917432702
3750.0 0.4877788957554247
3752.0 0.4869657235523901
3754.0 0.47807570156367996
3756.0 0.47660519851744104
3758.0 0.47316089985238213
3760.0 0.47526027711903296
3762.0 0.4758965648297602
3764.0 0.47378786895004127
3766.0 0.46829922426623977
3768.0 0.4691622295080793
3770.0 0.4711428573417083
3772.0 0.4740340088756217
3774.0 0.4739278681460545
3776.0 0.4716989509271464
3778.0 0.4766125137699549
3780.0 0.4792558160131802
3782.0 0.4857730853760936
3784.0 0.4870757662150223
3786.0 0.49104147756438027
3788.0 0.4915179068319183
3790.0 0.49251139753903006
3792.0 0.49811390344916
3794.0 0.5060905819942071
3796.0 0.5122935144127694
3798.0 0.5096331376211699
3800.0 0.5128528572412213
3802.0 0.5195983562660769
3804.0 0.5265042525885159
3806.0 0.5285392844780048
3808.0 0.538951047020668
3810.0 0.5437339188865105
3812.0 0.5553249863176302
3814.0 0.5599161302118826
3816.0 0.5604487846702243
3818.0 0.5732381334044178
3820.0 0.5842447529703096
3822.0 0.5917616119552607
3824.0 0.5939528214711354
3826.0 0.5958013886790542
3828.0 0.6057216083995548
3830.0 0.6139948605719383
3832.0 0.6264536931491005
3834.0 0.636258577359373
3836.0 0.6359104877696874
3838.0 0.645775693179012
3840.0 0.66041272965803
3842.0 0.6665240090058621
3844.0 0.6773155309414933
3846.0 0.6914163457376029
3848.0 0.7016385921940523
3850.0 0.7045844944149824
3852.0 0.7119486571143472
3854.0 0.7263020419062074
3856.0 0.7365751861149896
3858.0 0.7477762929865567
3860.0 0.7534550576464806
3862.0 0.756872145049685
3864.0 0.7691556984477816
3866.0 0.7829405740091803
3868.0 0.7854238324053845
3870.0 0.7847313880914428
3872.0 0.7920889673482556
3874.0 0.8005700554657128
3876.0 0.7991727262243222
3878.0 0.8081283637557511
3880.0 0.8215232281569602
3882.0 0.8273220560061605
3884.0 0.8343736982869868
3886.0 0.8354959164197713
3888.0 0.8396609041169577
3890.0 0.8449869241357174
3892.0 0.8532100231298435
3894.0 0.8560647450029412
3896.0 0.8571138859778181
3898.0 0.8617256359298163
3900.0 0.8616821036494144
3902.0 0.8576157889656829
3904.0 0.8561283011998293
3906.0 0.8512630641829153
3908.0 0.8617397834914977
3910.0 0.8694946660725452
3912.0 0.8741090694430678
3914.0 0.8739300841856875
3916.0 0.8740609156563232
3918.0 0.8754241093600237
3920.0 0.8773452301647654
3922.0 0.8744474741443846
3924.0 0.8768704211676039
3926.0 0.8783031960740723
3928.0 0.8760832704187638
3930.0 0.8604996150179067
3932.0 0.8312334629553776
3934.0 0.8152141623761219
3936.0 0.8184646558724595
3938.0 0.832774300043158
3940.0 0.8385081625786769
3942.0 0.8408414135073414
3944.0 0.8429348588145367
3946.0 0.8411978111922837
3948.0 0.8430381843641114
3950.0 0.8381653078924967
3952.0 0.8311689040211128
3954.0 0.8316189896044365
3956.0 0.8210778643100897
3958.0 0.8152296713934739
3960.0 0.8125339889299006
3962.0 0.8158016799493698
3964.0 0.8063534034843266
3966.0 0.781918770703699
3968.0 0.7682927055840728
3970.0 0.7676237199773766
3972.0 0.7733346564168805
3974.0 0.7751219238508911
3976.0 0.7811145022685352
3978.0 0.7810678344300513
3980.0 0.772147753660818
3982.0 0.7660920763729128
3984.0 0.7608533607177206
3986.0 0.7578656455858362
3988.0 0.7589492956161783
3990.0 0.7601652148825611
3992.0 0.7574510714670142
3994.0 0.7528464633076967
3996.0 0.7573086952830896
3998.0 0.7559294206710726
4000.0 0.7515680976196666
4002.0 0.7470909786708961
4004.0 0.7493699110830722
4006.0 0.7533850500026807
4008.0 0.7544824149473665
4010.0 0.7538985435324345
4012.0 0.7561610137905054
4014.0 0.7549670010887684
4016.0 0.7553977524194866
4018.0 0.7561824215482803
4020.0 0.7561690791466052
4022.0 0.7543713028046106
4024.0 0.7495198237679773
4026.0 0.7495978956937975
4028.0 0.7525328757803286
4030.0 0.7564760526491344
4032.0 0.7516472712911564
4034.0 0.7483321938829436
4036.0 0.7450369911122238
4038.0 0.7465978640163315
4040.0 0.748488914608068
4042.0 0.7437523985175605
4044.0 0.7474123921355806
4046.0 0.7524503171483037
4048.0 0.7460738986318116
4050.0 0.7430917160924272
4052.0 0.7407002909561465
4054.0 0.7374245788798156
4056.0 0.7364874204392478
4058.0 0.7295114261953779
4060.0 0.7315494426209987
4062.0 0.7342884486014616
4064.0 0.7419868445416031
4066.0 0.7377157365742132
4068.0 0.7332493808419759
4070.0 0.7338901164997383
4072.0 0.7321632168026794
4074.0 0.732064129871923
4076.0 0.7336279022790626
4078.0 0.7338363601906056
4080.0 0.7292875404671908
4082.0 0.7276209315276627
4084.0 0.7220530318503982
4086.0 0.7221226969251793
4088.0 0.7207501210533394
4090.0 0.7193275538184483
4092.0 0.7197021390054245
4094.0 0.7181068714391871
4096.0 0.7216454933256027
4098.0 0.7179839520126569
4100.0 0.7222092838453127
4102.0 0.719869607555641
4104.0 0.7145201877573135
4106.0 0.7191088514706439
4108.0 0.7191479527087704
4110.0 0.7188560402613153
4112.0 0.7174393579406211
4114.0 0.711803184775012
4116.0 0.709843404085663
4118.0 0.7124466142845879
4120.0 0.7152935251278328
4122.0 0.7169391205739324
4124.0 0.7105364991065651
4126.0 0.7065373459712733
4128.0 0.7030582547840657
4130.0 0.7041454388184223
4132.0 0.699401050123739
4134.0 0.7003696794288029
4136.0 0.6972128258184976
4138.0 0.7058877022306012
4140.0 0.7106907788269723
4142.0 0.7154069151785674
4144.0 0.717841486613725
4146.0 0.7163427253890626
4148.0 0.7201676741047913
4150.0 0.7164572275767023
4152.0 0.7163061122799856
4154.0 0.7121257506716194
4156.0 0.7153004814018781
4158.0 0.7176617021344043
4160.0 0.7137618837798289
4162.0 0.7087212154331264
4164.0 0.7088087786408475
4166.0 0.7044067302509558
4168.0 0.6995944408790996
4170.0 0.696315058166146
4172.0 0.6964971288691927
4174.0 0.6961768647058934
4176.0 0.6903999694107036
4178.0 0.6881778345157936
4180.0 0.6862234904921878
4182.0 0.6850492447832368
4184.0 0.686376569285229
4186.0 0.6859289047710082
4188.0 0.6828898435415653
4190.0 0.6801109378390087
4192.0 0.6780064300953581
4194.0 0.670568206774581
4196.0 0.6716253295364472
4198.0 0.6737554052073578
4200.0 0.6745479292285774
4202.0 0.6711483974044374
4204.0 0.6721404048349969
4206.0 0.6668641914937368
4208.0 0.6653273299689406
4210.0 0.661651006137725
4212.0 0.660047726525205
4214.0 0.6610693056963218
4216.0 0.6598886085686786
4218.0 0.6527122154256054
4220.0 0.6452068268618661
4222.0 0.6445400105210981
4224.0 0.6438785214679079
4226.0 0.6388143908508589
4228.0 0.6363102045662271
4230.0 0.6376811306221045
4232.0 0.6308726803782356
4234.0 0.6315211107392946
4236.0 0.635871691285976
4238.0 0.6283571680999717
4240.0 0.6267004913520801
4242.0 0.6261894829079984
4244.0 0.626120756714754
4246.0 0.619530604454716
4248.0 0.6191950129462017
4250.0 0.622509364877269
4252.0 0.6217067250673802
4254.0 0.624016713232849
4256.0 0.6220111168922141
4258.0 0.6180221823071049
4260.0 0.61235766679
4262.0 0.6149599247144841
4264.0 0.619084809267975
4266.0 0.6182712501800656
4268.0 0.615999200477875
4270.0 0.6117240064848849
4272.0 0.6122038590898045
4274.0 0.6146666148144627
4276.0 0.6179663063729836
4278.0 0.6217602221614212
4280.0 0.6196051128472698
4282.0 0.6196171472951362
4284.0 0.6182346887116414
4286.0 0.6208744826361483
4288.0 0.619738540389697
4290.0 0.613966233580369
4292.0 0.610953509852253
4294.0 0.6098791230775527
4296.0 0.6050906003311805
4298.0 0.6036393091248321
4300.0 0.6060793804870561
4302.0 0.602697263209564
4304.0 0.6003243221769886
4306.0 0.5967167291357798
4308.0 0.5932997676628147
4310.0 0.5903922302464202
4312.0 0.5869584644167831
4314.0 0.5842509887180052
4316.0 0.5828537455090613
4318.0 0.5777759531811667
4320.0 0.5734483155501663
4322.0 0.5723140990527625
4324.0 0.5723983764168694
4326.0 0.568956658392754
4328.0 0.5594004545107019
4330.0 0.5587926459372389
4332.0 0.5595962791486322
4334.0 0.558993774668177
4336.0 0.5592299762112615
4338.0 0.5519638091143038
4340.0 0.5469085154886014
4342.0 0.5496478779082712
4344.0 0.5514344823635212
4346.0 0.5481295849996463
4348.0 0.5452020368805788
4350.0 0.5470551982233958
4352.0 0.5408429984920707
4354.0 0.5355312746927583
4356.0 0.5276794826030775
4358.0 0.5296195168475476
4360.0 0.5294480394287151
4362.0 0.5273985141001435
4364.0 0.5337681159753123
4366.0 0.5343859920725793
4368.0 0.5320591185505522
4370.0 0.5312098418729683
4372.0 0.5296017227499185
4374.0 0.5329199730574601
4376.0 0.533786480839758
4378.0 0.5363236314601132
4380.0 0.5422931351706012
4382.0 0.5457398881018694
4384.0 0.5459737384499658
4386.0 0.547239090279341
4388.0 0.5461054854991643
4390.0 0.5472805424991795
4392.0 0.5475043820869957
4394.0 0.5536273545512965
4396.0 0.5577805667815509
4398.0 0.558313872159597
4400.0 0.5579295433710867
4402.0 0.561799896833119
4404.0 0.567569558005634
4406.0 0.57240171275797
4408.0 0.577092194324553
4410.0 0.5835185862693659
4412.0 0.585434563549862
4414.0 0.5923353455366546
4416.0 0.5958773615182054
4418.0 0.6017367082500652
4420.0 0.6062376709637692
4422.0 0.6083666031522583
4424.0 0.6123022071370676
4426.0 0.6171306237049119
4428.0 0.6119432296799883
4430.0 0.6209801070722469
4432.0 0.6301431526075713
4434.0 0.637444890869922
4436.0 0.6451300094309818
4438.0 0.6528647538842783
4440.0 0.6554684678313124
4442.0 0.6591229368601909
4444.0 0.6674051960777351
4446.0 0.6743034851207584
4448.0 0.6782313469343673
4450.0 0.6824284253177748
4452.0 0.6923781256714773
4454.0 0.7028796614144298
4456.0 0.7051446466711834
4458.0 0.7102933501308107
4460.0 0.7137338982752444
4462.0 0.7190496164355967
4464.0 0.7275922829901822
4466.0 0.7340305639227646
4468.0 0.7386989737546166
4470.0 0.7469829957269551
4472.0 0.748573683395596
4474.0 0.7520857114030614
4476.0 0.7625205891939724
4478.0 0.7669309622847217
4480.0 0.7746220573543421
4482.0 0.7753035571535157
4484.0 0.7794676393837296
4486.0 0.782854648763014
4488.0 0.7919900333595106
4490.0 0.7981769877420731
4492.0 0.7992652163559429
4494.0 0.7979038923302988
4496.0 0.8096212815655093
4498.0 0.8133643126536061
4500.0 0.8161815618193159
4502.0 0.8197254477920278
4504.0 0.8256001569723694
4506.0 0.8337753860516216
4508.0 0.8421896929263234
4510.0 0.851723071474665
4512.0 0.855945300654376
4514.0 0.8631487828587722
4516.0 0.8684077135382573
4518.0 0.8725697826845494
4520.0 0.8800048360224377
4522.0 0.8798616073496595
4524.0 0.8835713859105024
4526.0 0.8938048843660349
4528.0 0.9029870519333194
4530.0 0.9071273555190243
4532.0 0.9122172630822434
4534.0 0.9144297781648033
4536.0 0.9191452112734687
4538.0 0.9234098289810213
4540.0 0.9258121430387724
4542.0 0.9279217469632957
4544.0 0.9309011901708407
4546.0 0.9411919798854927
4548.0 0.9487303985834828
4550.0 0.9517559489181779
4552.0 0.9550921410079295
4554.0 0.954322000531849
4556.0 0.9635087256459248
4558.0 0.9733744399764486
4560.0 0.9766009592284514
4562.0 0.979588356869256
4564.0 0.9821429248028185
4566.0 0.9888721672460872
4568.0 0.9869641573679343
4570.0 0.9938351407098394
4572.0 0.9981598853955331
4574.0 0.9998998522261736
4576.0 0.9956725351042662
4578.0 0.9973506934986395
4580.0 1.0
4582.0 0.9973629296848787
4584.0 0.9988834906967747
4586.0 0.9994442689061206
4588.0 0.9970381411584334
4590.0 0.9934233292243964
4592.0 0.9894005757327261
4594.0 0.9858615465488395
4596.0 0.9839880565704233
4598.0 0.984305432749197
4600.0 0.9794352537353969
4602.0 0.970304907363018
4604.0 0.9719947718393884
4606.0 0.9701081325637975
4608.0 0.9627552776354017
4610.0 0.9614287944329521
4612.0 0.960038701976537
4614.0 0.9565942170971908
4616.0 0.9534964099971391
4618.0 0.9459689629963725
4620.0 0.9404961456465383
4622.0 0.9341941516556319
4624.0 0.9256052560111713
4626.0 0.9216754679258652
4628.0 0.9169631972890598
4630.0 0.9115246003891727
4632.0 0.9005573077699283
4634.0 0.8883780389558185
4636.0 0.8810400898605583
4638.0 0.8726330113336072
4640.0 0.8632976162005163
4642.0 0.8544954187204172
4644.0 0.8460317363415866
4646.0 0.836905022723776
4648.0 0.8306228011553317
4650.0 0.8243878277223383
4652.0 0.8160974983109364
4654.0 0.8012136366029071
4656.0 0.7991191705243006
4658.0 0.7919572913360062
4660.0 0.7822662565238376
4662.0 0.7754648914485595
4664.0 0.764198831107837
4666.0 0.7601993850990278
4668.0 0.7508617606297053
4670.0 0.738424451034398
4672.0 0.7289023519765446
4674.0 0.7186767908253432
4676.0 0.7077680635071089
4678.0 0.6997788516414749
4680.0 0.6897115980625736
4682.0 0.6796671968405925
4684.0 0.6700117243518938
4686.0 0.6586240406142678
4688.0 0.6556828494277375
4690.0 0.6490673359973709
4692.0 0.6401114003754236
4694.0 0.6315298654576399
4696.0 0.6246769046176632
4698.0 0.6183589036525107
4700.0 0.6111163567381425
4702.0 0.6039332503690927
4704.0 0.6042570620608751
4706.0 0.604341356465553
4708.0 0.5989824990581792
4710.0 0.5921136200437679
4712.0 0.5874675954310734
4714.0 0.5848628679182538
4716.0 0.58144118691524
4718.0 0.5733003934217051
4720.0 0.5680059836704143
4722.0 0.5657285315386614
4724.0 0.5599673845981026
4726.0 0.5559156868417392
4728.0 0.5525208788235428
4730.0 0.5453139524252438
4732.0 0.5418498133654377
4734.0 0.535767037699939
4736.0 0.538920914258149
4738.0 0.535030929124346
4740.0 0.5345324694819324
4742.0 0.5314188800132328
4744.0 0.5292033614711164
4746.0 0.5241144101597032
4748.0 0.5198813082973397
4750.0 0.5235013342967632
4752.0 0.5209128547317563
4754.0 0.5151028941346169
4756.0 0.5151285310970732
4758.0 0.5116404661339741
4760.0 0.5112154188333827
4762.0 0.5092292655186779
4764.0 0.49923145860648294
4766.0 0.49390831194736873
4768.0 0.4967440178597785
4770.0 0.49454570021833477
4772.0 0.49088804856415486
4774.0 0.4865273974641549
4776.0 0.4844073327483235
4778.0 0.4779929449497718
4780.0 0.47403701029501855
4782.0 0.4691249938804889
4784.0 0.46730019277172397
4786.0 0.46628954035805475
4788.0 0.46102523349158386
4790.0 0.45913931874668984
4792.0 0.45871927642849525
4794.0 0.4536904472411319
4796.0 0.44947003056908896
4798.0 0.44721473909667353
4800.0 0.44694344754431314
4802.0 0.4463904114866371
4804.0 0.44659807105491356
4806.0 0.4446972165298987
4808.0 0.4462742426936123
4810.0 0.44624294435279854
4812.0 0.44677855530175986
4814.0 0.45050017677116716
4816.0 0.4529854083962654
4818.0 0.4505834485866598
4820.0 0.45423420490725586
4822.0 0.4581381078370605
4824.0 0.46416524403353365
4826.0 0.4673694745127191
4828.0 0.46639711142940504
4830.0 0.4714823628117599
4832.0 0.4760977884711586
4834.0 0.48154282260494735
4836.0 0.48672553720209105
4838.0 0.48785648662234987
4840.0 0.490720888610292
4842.0 0.49677459771046717
4844.0 0.5029270405676942
4846.0 0.50508404949989
4848.0 0.508734197608719
4850.0 0.5162287108483532
4852.0 0.5214951338131267
4854.0 0.5286871891504185
4856.0 0.5331900544523308
4858.0 0.5364672637805046
4860.0 0.5392097790084108
4862.0 0.5393086990860562
4864.0 0.5461801642347529
4866.0 0.5579685412236215
4868.0 0.5702663267260883
4870.0 0.5785935373520732
4872.0 0.584808493414491
4874.0 0.5853925117198338
4876.0 0.5885538984716177
4878.0 0.5957888937363193
4880.0 0.60168564568613
4882.0 0.6044675001062876
4884.0 0.6059581055814536
4886.0 0.6094986280922746
4888.0 0.6139704305254482
4890.0 0.6158459468794727
4892.0 0.6158006292409152
4894.0 0.6169046658432813
4896.0 0.6158957038823606
4898.0 0.6146899311695729
4900.0 0.6167098155054588
4902.0 0.6091102315248874
4904.0 0.6064915518321812
4906.0 0.6014084272238814
4908.0 0.5982550044023607
4910.0 0.596880433817816
4912.0 0.5914247934086279
4914.0 0.5896738957189936
4916.0 0.5872295719873565
4918.0 0.5858674628514606
4920.0 0.582890237997242
4922.0 0.5798305282174654
4924.0 0.5751433547173774
4926.0 0.5722314141996375
4928.0 0.5700638468692545
4930.0 0.5727237692332463
4932.0 0.5707569358888931
4934.0 0.5671810209392774
4936.0 0.5661753577791755
4938.0 0.5633215691821382
4940.0 0.5601420260333073
4942.0 0.5588353081168478
4944.0 0.556146374581132
4946.0 0.549412374389917
4948.0 0.5505733686549183
4950.0 0.5525384220654467
4952.0 0.5483112407333901
4954.0 0.5438719623441404
4956.0 0.5413825402194656
4958.0 0.5431127366715888
4960.0 0.54174764267782
4962.0 0.5386814977045529
4964.0 0.5383090566371094
4966.0 0.5385987714599134
4968.0 0.5378984930698276
4970.0 0.5348908634603369
4972.0 0.5369337878245425
4974.0 0.5356958908500837
4976.0 0.5364791139421617
4978.0 0.5358908248332898
4980.0 0.5351932031234037
4982.0 0.5362992904838569
4984.0 0.5332314337626646
4986.0 0.5355687684194107
4988.0 0.5401822031255873
4990.0 0.5397909064455128
4992.0 0.5406905863914485
4994.0 0.5458005440870861
4996.0 0.5451556489923712
4998.0 0.5495445368959907
5000.0 0.5509687199065971
5002.0 0.5524078685705428
5004.0 0.5555376545756728
5006.0 0.5559147010009561
5008.0 0.5562420203543496
5010.0 0.5561300244339318
5012.0 0.560203077235931
5014.0 0.5643672888972138
5016.0 0.5671575606224002
5018.0 0.5666534854123625
5020.0 0.5704287221715955
5022.0 0.5725593014915666
5024.0 0.5721452542737718
5026.0 0.5728621112434993
5028.0 0.5745983677541151
5030.0 0.5756709649706813
5032.0 0.5781637441262996
5034.0 0.5802996113093359
5036.0 0.583890784690619
5038.0 0.5841304972135335
5040.0 0.583707247260711
5042.0 0.5851055436940916
5044.0 0.5856303105862118
5046.0 0.5861768937982886
5048.0 0.5878669272097967
5050.0 0.5918991416025547
5052.0 0.5937907004718248
5054.0 0.5949125450401792
5056.0 0.5956408308695919
5058.0 0.5972920756946848
5060.0 0.59647052509614
5062.0 0.5957440320494176
5064.0 0.597890557880385
5066.0 0.5983315740578834
5068.0 0.6036139124392228
5070.0 0.6040072860477718
5072.0 0.6047433744043285
5074.0 0.6077303651428111
5076.0 0.6127781036644876
5078.0 0.6154122430811294
5080.0 0.6150031868072137
5082.0 0.6169788805044064
5084.0 0.6198853447573965
5086.0 0.627833631868292
5088.0 0.6278753611784306
5090.0 0.6308896881406955
5092.0 0.6356332803641159
5094.0 0.6403699100354979
5096.0 0.6460997542804647
5098.0 0.6496291028809339
5100.0 0.6506937824581897
5102.0 0.6552998390384285
5104.0 0.6607761076501038
5106.0 0.6668351998363824
5108.0 0.6752317556607885
5110.0 0.6772555976316703
5112.0 0.6761523595974467
5114.0 0.6768928538951192
5116.0 0.6826892909578146
5118.0 0.6917877250520706
5120.0 0.6963897818530796
5122.0 0.7009176742116937
5124.0 0.7084101350655737
5126.0 0.7133134468306571
5128.0 0.7172543529955062
5130.0 0.723800712202365
5132.0 0.7284238198987367
5134.0 0.7313251766306933
5136.0 0.7366956855754284
5138.0 0.739965829841832
5140.0 0.7445566448053657
5142.0 0.7500596466693817
5144.0 0.7570276033552318
5146.0 0.7616174202188902
5148.0 0.7615030372538446
5150.0 0.762391299432244
5152.0 0.7675315161280701
5154.0 0.7675318891832947
5156.0 0.7685991704390797
5158.0 0.7695890117251799
5160.0 0.7749772818463451
5162.0 0.7757650747103544
5164.0 0.778940248351556
5166.0 0.7818237873546819
5168.0 0.7817394790402645
5170.0 0.7801469054180626
5172.0 0.7834094652303478
5174.0 0.785209989984017
5176.0 0.7844471787255191
5178.0 0.7827666148148508
5180.0 0.782709502108846
5182.0 0.7823846903122689
5184.0 0.7843893333047359
5186.0 0.7840424479652386
5188.0 0.784417618877734
5190.0 0.7854437408576813
5192.0 0.7868199119947743
5194.0 0.7853031443484938
5196.0 0.7847491751350701
5198.0 0.7810734545698049
5200.0 0.7793069297087211
5202.0 0.7801125051162126
5204.0 0.7838403867578734
5206.0 0.7854986847635876
5208.0 0.7830569756377633
5210.0 0.7812860991798861
5212.0 0.7830043809090308
5214.0 0.7844650342013313
5216.0 0.7857018754657794
5218.0 0.7880177718614307
5220.0 0.7866561403172518
5222.0 0.789709785099126
5224.0 0.7923081192659843
5226.0 0.7947281016453092
5228.0 0.7995478516834974
5230.0 0.8002221572039344
5232.0 0.7987036707487283
5234.0 0.8012362129871711
5236.0 0.8030407604257409
5238.0 0.8054138068967494
5240.0 0.8058847149539525
5242.0 0.8050508440710613
5244.0 0.8086695079140188
5246.0 0.8116953397309267
5248.0 0.8139862454555401
5250.0 0.817358254163127
5252.0 0.8177921546489524
5254.0 0.8165723657850783
5256.0 0.8177043769717277
5258.0 0.8221790731884338
5260.0 0.8215699873088835
5262.0 0.8248649469394747
5264.0 0.8269727410786277
5266.0 0.8264754518187626
5268.0 0.8273940386214902
5270.0 0.8275959742427886
5272.0 0.8324640106205378
5274.0 0.8318427323864122
5276.0 0.8335352616548045
5278.0 0.8322158169565413
5280.0 0.8321127894235182
5282.0 0.8356053558581517
5284.0 0.8360814754970759
5286.0 0.8358103713335373
5288.0 0.8390598259231823
5290.0 0.840338816935432
5292.0 0.8421376442048446
5294.0 0.8397806024692287
5296.0 0.8422078930876745
5298.0 0.84219609064026
5300.0 0.8424265342187567
5302.0 0.8449866977132633
5304.0 0.8429320446073111
5306.0 0.8423133875631741
5308.0 0.8433489300068321
5310.0 0.8434817123705589
5312.0 0.8444122013987402
5314.0 0.8467884769245537
5316.0 0.8458644370744963
5318.0 0.8456450109860916
5320.0 0.8467423769591151
5322.0 0.8471882172679658
5324.0 0.8482066395112813
5326.0 0.8458167036227952
5328.0 0.8494391524734028
5330.0 0.8495084145969758
5332.0 0.8477584644469597
5334.0 0.8484593611382016
5336.0 0.8491163367618545
5338.0 0.8483209036664887
5340.0 0.8476407386214803
5342.0 0.8448024849013496
5344.0 0.8441336014741191
5346.0 0.8454641058245632
5348.0 0.8444457891051889
5350.0 0.8393095335079586
5352.0 0.841705667676554
5354.0 0.8412825766646715
5356.0 0.8408306827521038
5358.0 0.8377912752770568
5360.0 0.8394584892678493
5362.0 0.8377405048350625
5364.0 0.8331582721282562
5366.0 0.8342235387588537
5368.0 0.8363677494869678
5370.0 0.8349388747700931
5372.0 0.8326985053144611
5374.0 0.8360135645470109
5376.0 0.8329058809615144
5378.0 0.82637368027903
5380.0 0.8246030893771918
5382.0 0.8224447101803043
5384.0 0.8247192028721565
5386.0 0.8246236873886876
5388.0 0.8238923659241005
5390.0 0.822610447828818
5392.0 0.820812550980208
5394.0 0.8222213826111223
5396.0 0.820705656696357
5398.0 0.8192353583921662
5400.0 0.8182051531827245
5402.0 0.818855455961666
5404.0 0.8207494480163218
5406.0 0.8194230817027646
5408.0 0.8192179802873808
5410.0 0.8212906197351442
5412.0 0.8233050978854342
5414.0 0.8223533621777374
5416.0 0.8228935455500981
5418.0 0.8219893106546601
5420.0 0.8253846897867169
5422.0 0.8279027544780754
5424.0 0.8256647174862904
5426.0 0.827484588836079
5428.0 0.829150458241663
5430.0 0.8300037602454072
5432.0 0.8328754238114413
5434.0 0.8347660292856552
5436.0 0.8344704617519825
5438.0 0.835703371441051
5440.0 0.837982545562337
5442.0 0.8394805281085658
5444.0 0.8404657253116427
5446.0 0.8430017564950922
5448.0 0.8442942897403687
5450.0 0.8439038464726253
5452.0 0.8450976139707502
5454.0 0.8438503335023275
5456.0 0.847737192991374
5458.0 0.8507697696044928
5460.0 0.853212459845284
5462.0 0.8547013203465733
5464.0 0.8587257058450171
5466.0 0.8573974557946287
5468.0 0.8608782367993928
5470.0 0.8593399331339195
5472.0 0.8585069154554373
5474.0 0.8617695244051624
5476.0 0.8664849119576326
5478.0 0.8653782144229919
5480.0 0.866732777823654
5482.0 0.870455126196375
5484.0 0.8662127247980106
5486.0 0.8633677211605781
5488.0 0.864251998815146
5490.0 0.8656193410157623
5492.0 0.868566282252997
5494.0 0.8685603257483223
5496.0 0.8710287207150045
5498.0 0.8747035398923861
5500.0 0.8737638880656633
5502.0 0.8735013284940969
5504.0 0.8781119680702739
5506.0 0.8795955823510125
5508.0 0.8796821613182574
5510.0 0.877052459210505
5512.0 0.8774442014525186
5514.0 0.8801430408529382
5516.0 0.8826898454569946
5518.0 0.8863885996099177
5520.0 0.8862513323545945
5522.0 0.8873893812610721
5524.0 0.8890325039917505
5526.0 0.8921861594033839
5528.0 0.8930471392495567
5530.0 0.8942062429211723
5532.0 0.8939340930696368
5534.0 0.8938041801432574
5536.0 0.8909300877120864
5538.0 0.88806644858474
5540.0 0.8941370938653811
5542.0 0.8948961655204849
5544.0 0.8963489651555527
5546.0 0.8949431482611045
5548.0 0.8932361667851935
5550.0 0.8953754518566167
5552.0 0.8954269131318425
5554.0 0.8929736668390683
5556.0 0.890638378209272
5558.0 0.8893232903299791
5560.0 0.8885999009086919
5562.0 0.886434022066492
5564.0 0.8825245956023682
5566.0 0.8828956186418787
5568.0 0.8832587815461004
5570.0 0.8827147061249683
5572.0 0.8766398211142378
5574.0 0.8741246530645993
5576.0 0.8705772998958315
5578.0 0.867148124299162
5580.0 0.8676794301054355
5582.0 0.8634268829207242
5584.0 0.8616408213019675
5586.0 0.8628851736588727
5588.0 0.857541958942484
5590.0 0.8520428570687139
5592.0 0.8514866716317263
5594.0 0.8443904682654251
5596.0 0.8413312139772557
5598.0 0.838707120023373
5600.0 0.8365265562229622
5602.0 0.832806745214404
5604.0 0.8260110950294857
5606.0 0.8231657039725994
5608.0 0.8206504738992325
5610.0 0.8198381573512502
5612.0 0.8156109144099185
5614.0 0.8076146123824505
5616.0 0.8012697118241713
5618.0 0.7999655975296357
5620.0 0.7956773341530928
5622.0 0.7910360040246531
5624.0 0.7877118997015587
5626.0 0.7798505178424896
5628.0 0.7776537231050766
5630.0 0.7723153252540899
5632.0 0.7676254934739958
5634.0 0.7641448402123727
5636.0 0.7587203313116451
5638.0 0.7538435565500969
5640.0 0.7484736957552024
5642.0 0.741577998592985
5644.0 0.7363832548866781
5646.0 0.7314683680964083
5648.0 0.7278503005700881
5650.0 0.7235602423000306
5652.0 0.7187468732769529
5654.0 0.7135746326507897
5656.0 0.7085888563150469
5658.0 0.707407162108476
5660.0 0.7032531450754155
5662.0 0.6971366820101123
5664.0 0.6932398846584527
5666.0 0.6917959693808735
5668.0 0.6866199448422825
5670.0 0.6831230428392268
5672.0 0.6804264234483037
5674.0 0.677311223116903
5676.0 0.6729426502582437
5678.0 0.6713474330090974
5680.0 0.6678140125302321
5682.0 0.665796422515433
5684.0 0.6655668667714754
5686.0 0.6624964051972472
5688.0 0.6613217011941349
5690.0 0.6611180736052731
5692.0 0.6588286800449412
5694.0 0.6583123849946748
5696.0 0.6550359758971995
5698.0 0.6521560885473605
5700.0 0.6511024103571372
5702.0 0.6506982996785333
5704.0 0.6493668729812112
5706.0 0.6501166015880118
5708.0 0.648689405281309
5710.0 0.6487868854856327
5712.0 0.6507373755097874
5714.0 0.653784767037716
5716.0 0.6546367739966071
5718.0 0.6562919959499248
5720.0 0.6588757893425017
5722.0 0.6585532006478623
5724.0 0.6632818992653711
5726.0 0.6640378594700295
5728.0 0.6648747443913603
5730.0 0.6669296696447647
5732.0 0.6709262164133527
5734.0 0.6722856677497083
5736.0 0.6741296057622831
5738.0 0.6763054786131278
5740.0 0.6770351861927457
5742.0 0.6767976069887942
5744.0 0.6811479546550497
5746.0 0.684558462849373
5748.0 0.6888604920715636
5750.0 0.6959600845451511
5752.0 0.7025174915857605
5754.0 0.7088688207182963
5756.0 0.7164230064235926
5758.0 0.719038291942624
5760.0 0.7248583995070333
5762.0 0.7307891215842325
5764.0 0.7375600899912252
5766.0 0.7406807313686199
5768.0 0.7440791913610159
5770.0 0.7508280435397683
5772.0 0.7555507944637904
5774.0 0.7580186227443274
5776.0 0.7620399091523674
5778.0 0.7649391602693963
5780.0 0.7665085100669866
5782.0 0.7694054832359162
5784.0 0.7761756262117376
5786.0 0.78237428565699
5788.0 0.7929317267553483
5790.0 0.8022339603560961
5792.0 0.8090743163791513
5794.0 0.8142539010434536
5796.0 0.8158065419063136
5798.0 0.8201076376158789
5800.0 0.8260140617650549
5802.0 0.8317488797306704
5804.0 0.8395707809024701
5806.0 0.843751440234851
5808.0 0.8446365647889043
5810.0 0.8466163109820058
5812.0 0.8511195383613357
5814.0 0.8546982235603225
5816.0 0.8596205661066348
5818.0 0.863542726163173
5820.0 0.8690860755098431
5822.0 0.872774007713501
5824.0 0.8797486889831064
5826.0 0.8812922656523237
5828.0 0.8832993520950866
5830.0 0.8821602276461015
5832.0 0.8859141430247228
5834.0 0.8868146322831658
5836.0 0.8867478788546999
5838.0 0.8914744522825271
5840.0 0.8937296836008948
5842.0 0.8901058230335537
5844.0 0.8861418609613307
5846.0 0.8822865377438651
5848.0 0.8748469884691624
5850.0 0.8603627318057608
5852.0 0.8417889277969784
5854.0 0.8375159763726089
5856.0 0.8387809933852628
5858.0 0.8428953711250907
5860.0 0.8495212437743308
5862.0 0.8559280923404528
5864.0 0.8613496054334464
5866.0 0.8628953321286954
5868.0 0.8660384281927137
5870.0 0.8649911889823463
5872.0 0.8684590277302424
5874.0 0.8632610966092896
5876.0 0.8582633490224623
5878.0 0.8557507284379741
5880.0 0.8569447752468948
5882.0 0.853162242537303
5884.0 0.8526357211768226
5886.0 0.8482212702266313
5888.0 0.8275048034030998
5890.0 0.7937567167946634
5892.0 0.7795364152562788
5894.0 0.7818717643419718
5896.0 0.7862165068188993
5898.0 0.7877929486990314
5900.0 0.7987312780339326
5902.0 0.8173993949409329
5904.0 0.8252292648402939
5906.0 0.822524292291996
5908.0 0.8209583803761197
5910.0 0.82317669845136
5912.0 0.8220550439639299
5914.0 0.8170495490742093
5916.0 0.815555132244705
5918.0 0.8124298597880754
5920.0 0.8093040295976088
5922.0 0.8055126460884913
5924.0 0.7997971131369337
5926.0 0.7926376882106624
5928.0 0.7902317764234781
5930.0 0.7872169848909241
5932.0 0.7843662029327483
5934.0 0.7801043905241873
5936.0 0.7747402479625172
5938.0 0.7732877809641242
5940.0 0.7690789004522146
5942.0 0.7576314741180733
5944.0 0.7554460887715616
5946.0 0.753434382863325
5948.0 0.7493681630845612
5950.0 0.7464708482412852
5952.0 0.7371986535203411
5954.0 0.7316708340663056
5956.0 0.7289994670738988
5958.0 0.7259428628599076
5960.0 0.7181747506147886
5962.0 0.7074364000981396
5964.0 0.701870682463401
5966.0 0.6939944685899792
5968.0 0.6819137901119678
5970.0 0.6733399310957229
5972.0 0.6637358695162294
5974.0 0.6566411008499854
5976.0 0.6512336275029038
5978.0 0.6399180414920144
5980.0 0.6318598618503658
5982.0 0.626140599438028
5984.0 0.6172759393037558
5986.0 0.607386332080559
5988.0 0.5993469297265145
5990.0 0.5929578614327142
5992.0 0.5823193954896891
5994.0 0.5754121428173609
5996.0 0.5720543179296986
5998.0 0.5645463653350272
6000.0 0.5586731050343811
6002.0 0.551804412718988
6004.0 0.5409393644453653
6006.0 0.5330454690237657
6008.0 0.5255083555283463
6010.0 0.5168623769406427
6012.0 0.508166726199181
6014.0 0.49984259081386906
6016.0 0.48977535447461346
6018.0 0.4818888193844794
6020.0 0.4719685216541834
6022.0 0.4635887425005787
6024.0 0.45431781548443473
6026.0 0.4483440648790031
6028.0 0.4388924712966898
6030.0 0.42987122314057175
6032.0 0.42347469786248315
6034.0 0.41495847181381973
6036.0 0.4095186197590354
6038.0 0.4034380128103136
6040.0 0.39981513382318656
6042.0 0.3945330093586779
6044.0 0.38634026188490217
6046.0 0.3810334340963376
6048.0 0.3780016333132079
6050.0 0.37636837850072224
6052.0 0.3720789638738899
6054.0 0.36867701574962414
6056.0 0.36639352986753365
6058.0 0.3613863249959227
6060.0 0.36013847362422197
6062.0 0.3574912409278992
6064.0 0.3546558454266091
6066.0 0.35297177489660164
6068.0 0.349424943129191
6070.0 0.34625687998357724
6072.0 0.34736170948516204
6074.0 0.3461689223900424
6076.0 0.3472620427540302
6078.0 0.3456302376233024
6080.0 0.3446394815624324
6082.0 0.34452225177565865
6084.0 0.3445552639603069
6086.0 0.3483821529543336
6088.0 0.3505245586330275
6090.0 0.35195844734250037
6092.0 0.3532300498320048
6094.0 0.3555270647458875
6096.0 0.3571853082016316
6098.0 0.3590493951358392
6100.0 0.365169203092248
6102.0 0.3676340539529556
6104.0 0.3687879818500844
6106.0 0.3741424504922718
6108.0 0.37819788170727514
6110.0 0.38175658766190473
6112.0 0.3866030408467481
6114.0 0.38668034311620786
6116.0 0.3921502945642413
6118.0 0.3989626134609659
6120.0 0.40462093065708477
6122.0 0.40667687388331575
6124.0 0.40927242001603914
6126.0 0.4160733610394744
6128.0 0.41933221564582157
6130.0 0.42416735027100577
6132.0 0.4300745818708434
6134.0 0.4332022521014432
6136.0 0.44047224078016395
6138.0 0.4464737520563617
6140.0 0.4488037188952603
6142.0 0.4544408970737465
6144.0 0.4604987943270087
6146.0 0.4686802469316006
6148.0 0.4745029148782312
6150.0 0.48006904782462057
6152.0 0.4865098797396401
6154.0 0.49119022117606276
6156.0 0.4977950038427074
6158.0 0.5051305092186276
6160.0 0.5119039076603569
6162.0 0.5171682524234079
6164.0 0.518810345401954
6166.0 0.5210134020130186
6168.0 0.528161486098736
6170.0 0.5341069763926534
6172.0 0.5399555219108649
6174.0 0.5451099170693272
6176.0 0.5487055914402978
6178.0 0.5526943584128045
6180.0 0.5601100934599447
6182.0 0.5678800234597656
6184.0 0.5734072385740072
6186.0 0.5779829279149038
6188.0 0.5799740681824452
6190.0 0.5813491996956269
6192.0 0.5830634279339778
6194.0 0.5866391603630965
6196.0 0.5910271837917457
6198.0 0.5964999093749702
6200.0 0.5984701979299334
6202.0 0.5993041534329548
6204.0 0.6035963902268803
6206.0 0.608666733335056
6208.0 0.6138717763974084
6210.0 0.6193474487433339
6212.0 0.6237582623234936
6214.0 0.6276075573657195
6216.0 0.6331735455773586
6218.0 0.6337665241376962
6220.0 0.637266410049376
6222.0 0.6416043957076059
6224.0 0.6444912097048228
6226.0 0.645666693606065
6228.0 0.6476663802203301
6230.0 0.6519421112395474
6232.0 0.6537799607243447
6234.0 0.6539528599235431
6236.0 0.657149613278456
6238.0 0.6533627624457848
6240.0 0.655766681616507
6242.0 0.6579555381581887
6244.0 0.652784817945945
6246.0 0.6559144267722508
6248.0 0.6585219514041907
6250.0 0.6649298874553915
6252.0 0.6700386184433603
6254.0 0.6739131041266869
6256.0 0.678169406472874
6258.0 0.6769637834816596
6260.0 0.6786502034639375
6262.0 0.6760834233386495
6264.0 0.675651193343426
6266.0 0.6776131206221744
6268.0 0.6796839285419519
6270.0 0.6791650511257125
6272.0 0.6788971607623133
6274.0 0.6767170169388874
6276.0 0.6743600356837488
6278.0 0.6740451273675828
6280.0 0.6750140049860033
6282.0 0.6718876185417646
6284.0 0.6669276395325933
6286.0 0.6644595502767138
6288.0 0.6653063491196489
6290.0 0.6695566016745971
6292.0 0.6741501725216918
6294.0 0.6731009237659151
6296.0 0.6731614205267176
6298.0 0.6730097430416897
6300.0 0.6755765935894428
6302.0 0.6769212578166167
6304.0 0.6776010680774812
6306.0 0.6768040994952336
6308.0 0.6772248646760994
6310.0 0.67511364788739
6312.0 0.6771971656836688
6314.0 0.6751737625494424
6316.0 0.6703446523113006
6318.0 0.6713646525265194
6320.0 0.6721551254119169
6322.0 0.6694788466244783
6324.0 0.6669111396993389
6326.0 0.664369010936101
6328.0 0.6653686872806016
6330.0 0.665987490939289
6332.0 0.6659388826401053
6334.0 0.6672580379240395
6336.0 0.6684268684024421
6338.0 0.6700172846453628
6340.0 0.6710841533758802
6342.0 0.6705692220614088
6344.0 0.6701998749604569
6346.0 0.6695093909083671
6348.0 0.6692532000693221
6350.0 0.6682888980521839
6352.0 0.6653970892929986
6354.0 0.6672936680106074
6356.0 0.6670360278134116
6358.0 0.6709426317716426
6360.0 0.6705264590653432
6362.0 0.6711679758592544
6364.0 0.672335279657764
6366.0 0.6707089497949634
6368.0 0.6714974533898994
6370.0 0.6722698161738265
6372.0 0.6734197108833214
6374.0 0.6748560270082358
6376.0 0.6743763908743087
6378.0 0.6736289266119675
6380.0 0.6748088480290139
6382.0 0.6763475872281506
6384.0 0.6753060046723582
6386.0 0.6789853375075926
6388.0 0.6789047047522222
6390.0 0.6788070003261114
6392.0 0.6822528114299862
6394.0 0.6833332510390958
6396.0 0.684983482716318
6398.0 0.6861163919248147
6400.0 0.6858311787854526
6402.0 0.6865222369355399
6404.0 0.6896549333780074
6406.0 0.6885588713926685
6408.0 0.6884450779117249
6410.0 0.6905395981137075
6412.0 0.6918420304285808
6414.0 0.690533643952458
6416.0 0.6914978826087519
6418.0 0.692987193561424
6420.0 0.6937164639821319
6422.0 0.6942647474545159
6424.0 0.6950039412791642
6426.0 0.6958569511455026
6428.0 0.6979273279986867
6430.0 0.6987280786092092
6432.0 0.6984186200815788
6434.0 0.6998925366196569
6436.0 0.7022191054761899
6438.0 0.7011427689572473
6440.0 0.7031093099608244
6442.0 0.7040577726081311
6444.0 0.7053437466093843
6446.0 0.7054176482224472
6448.0 0.7069511882703826
6450.0 0.7086843378839095
6452.0 0.7099528595141482
6454.0 0.7102134114977592
6456.0 0.708245702545224
6458.0 0.707688527761317
6460.0 0.7075797112489889
6462.0 0.7096329597129442
6464.0 0.7135699331822257
6466.0 0.7145438244440613
6468.0 0.7160818191327187
6470.0 0.71690192379341
6472.0 0.7148136250913621
6474.0 0.7122114070133841
6476.0 0.7145672538523454
6478.0 0.715297934630912
6480.0 0.7137330201007658
6482.0 0.7146976829692184
6484.0 0.7175089450390391
6486.0 0.7164316286807787
6488.0 0.7172425125320151
6490.0 0.720539161011772
6492.0 0.7197972777745025
6494.0 0.7190070576196358
6496.0 0.717184549998176
6498.0 0.7151238946200048
6500.0 0.7165579288449386
6502.0 0.7140078221201724
6504.0 0.7166919324494131
6506.0 0.7171840891167248
6508.0 0.7167640396095016
6510.0 0.7125280232782378
6512.0 0.7101083437502062
6514.0 0.7078774053013275
6516.0 0.7065809916659397
6518.0 0.705140940037643
6520.0 0.7037961974377104
6522.0 0.7011882908534791
6524.0 0.69814701380398
6526.0 0.7006075976240476
6528.0 0.6993404328343187
6530.0 0.6969290268630598
6532.0 0.6959168782168461
6534.0 0.6944004797411973
6536.0 0.6915350983683891
6538.0 0.6913358446405751
6540.0 0.688968156234722
6542.0 0.6843634868839558
6544.0 0.6832397543494771
6546.0 0.6812758715135282
6548.0 0.6758896084549942
6550.0 0.6753444476757112
6552.0 0.673979698953506
6554.0 0.6700952407365459
6556.0 0.6712399276037172
6558.0 0.6632424776631192
6560.0 0.6558112009799356
6562.0 0.6477824968156382
6564.0 0.6421694448066986
6566.0 0.6400081142103591
6568.0 0.6434199296822769
6570.0 0.6463120838427489
6572.0 0.6454614691619797
6574.0 0.6406291689135407
6576.0 0.6389613479462053
6578.0 0.6381100301802062
6580.0 0.6333356277577439
6582.0 0.6260144224810545
6584.0 0.618013805989932
6586.0 0.6151659173544424
6588.0 0.6152608551056802
6590.0 0.6150116191763096
6592.0 0.6135455142492827
6594.0 0.6120896835936273
6596.0 0.6071609370318239
6598.0 0.6017234839537852
6600.0 0.600520981645787
6602.0 0.5997346727554101
6604.0 0.5959774541713796
6606.0 0.5919725794912133
6608.0 0.5895412283110495
6610.0 0.5871095498720232
6612.0 0.584757890713111
6614.0 0.5773259100289834
6616.0 0.574570031494293
6618.0 0.5702589297687203
6620.0 0.5669551526723092
6622.0 0.5638202795721283
6624.0 0.5598529892206628
6626.0 0.555155259139367
6628.0 0.5501667126491123
6630.0 0.5464546607448952
6632.0 0.5460903673252354
6634.0 0.5428421192063363
6636.0 0.5368484777862456
6638.0 0.533826834843324
6640.0 0.5290721809700284
6642.0 0.5226709979659137
6644.0 0.5203756997442827
6646.0 0.5178975930785538
6648.0 0.514032514338045
6650.0 0.5105614863976147
6652.0 0.5085206905402028
6654.0 0.5053139868361295
6656.0 0.5013439775427276
6658.0 0.49910976876420765
6660.0 0.4950312884342397
6662.0 0.4907880209627956
6664.0 0.4884121715539905
6666.0 0.485400335887487
6668.0 0.4831088432891474
6670.0 0.4801478656894506
6672.0 0.4736963148519009
6674.0 0.47138947874708564
6676.0 0.46733191710908545
6678.0 0.4644326399245003
6680.0 0.46174963572898264
6682.0 0.45958634682618893
6684.0 0.45680999540488865
6686.0 0.4527246561977047
6688.0 0.45123075582946315
6690.0 0.44918680433838165
6692.0 0.44385099174745624
6694.0 0.4408437125455084
6696.0 0.44092446542483915
6698.0 0.436728704110916
6700.0 0.4339193397189982
6702.0 0.4341261576949652
6704.0 0.43171898284234095
6706.0 0.4314937760797664
6708.0 0.429864637088218
6710.0 0.4264780837036538
6712.0 0.4240474530095763
6714.0 0.41882498132272494
6716.0 0.4141699385167476
6718.0 0.4124335452226317
6720.0 0.4117130389403351
6722.0 0.41108813706784275
6724.0 0.4094583620171283
6726.0 0.40905196907498587
6728.0 0.4046767997874153
6730.0 0.4020873094982256
6732.0 0.40106212360861343
6734.0 0.39960380271952106
6736.0 0.3988719048395582
6738.0 0.3975757290942315
6740.0 0.3954889102951909
6742.0 0.3966506665079669
6744.0 0.3948553324199176
6746.0 0.3954833822747376
6748.0 0.3958945034719689
6750.0 0.39204474264557493
6752.0 0.39233608453330554
6754.0 0.3934097471548549
6756.0 0.39273249363208224
6758.0 0.390803766574493
6760.0 0.38861952722086535
6762.0 0.38839794956015455
6764.0 0.38630880501707343
6766.0 0.3857264389547181
6768.0 0.38476884200435457
6770.0 0.3846612275056843
6772.0 0.3840041623882116
6774.0 0.3831097229393961
6776.0 0.3839449281491126
6778.0 0.38145232828589803
6780.0 0.3806468476203417
6782.0 0.3814210806571982
6784.0 0.3795633073549015
6786.0 0.3800801684990791
6788.0 0.37945193613091555
6790.0 0.37829167672523234
6792.0 0.37805405411510123
6794.0 0.37640089992319886
6796.0 0.3790207714828162
6798.0 0.3771760355331877
6800.0 0.37698914577679343
6802.0 0.3779121610204199
6804.0 0.37796379680545317
6806.0 0.37708517351467435
6808.0 0.37700427854126795
6810.0 0.3737450356651878
6812.0 0.3746369887754009
6814.0 0.3759395766896444
6816.0 0.3748354867671833
6818.0 0.3740646465954931
6820.0 0.3728677119753856
6822.0 0.3739826662138392
6824.0 0.3741601488087432
6826.0 0.3749982603244073
6828.0 0.3705317412313577
6830.0 0.3725840156088454
6832.0 0.3752414838670912
6834.0 0.3751340409565611
6836.0 0.37462208694398763
6838.0 0.3720595986916614
6840.0 0.3716061545689388
6842.0 0.37082223949218857
6844.0 0.3722150458983141
6846.0 0.3728607340768275
6848.0 0.37262443329136824
6850.0 0.3736330989309503
6852.0 0.37112506226596176
6854.0 0.37015941485214376
6856.0 0.36851645867776617
6858.0 0.36851260494499055
6860.0 0.36964217071558786
6862.0 0.369797072437314
6864.0 0.36956029305945887
6866.0 0.37098980115132724
6868.0 0.37146304556092435
6870.0 0.3703732031201034
6872.0 0.37192095178982804
6874.0 0.3685979501270742
6876.0 0.36794959240741676
6878.0 0.36980818902341867
6880.0 0.37043148923012087
6882.0 0.36834563606256143
6884.0 0.3675150360381391
6886.0 0.36458983841320036
6888.0 0.36627523736470957
6890.0 0.36758928377387806
6892.0 0.3664024423356902
6894.0 0.3672030596852915
6896.0 0.36770068452390603
6898.0 0.36538458272406993
6900.0 0.3642099073944044
6902.0 0.3601470999520212
6904.0 0.3598960667406004
6906.0 0.36344828290716913
6908.0 0.3641868080695381
6910.0 0.3635351029309209
6912.0 0.3619291708018227
6914.0 0.35769386645916074
6916.0 0.35924157079260005
6918.0 0.3602859138783732
6920.0 0.35687996903363667
6922.0 0.3571623445579257
6924.0 0.358799197502437
6926.0 0.35956297884115784
6928.0 0.3574015661622512
6930.0 0.35572299123085477
6932.0 0.35551454456863363
6934.0 0.35355114376263186
6936.0 0.35268475491896595
6938.0 0.3524207108256797
6940.0 0.3531004848386924
6942.0 0.35254827823576185
6944.0 0.3525447240038882
6946.0 0.3488425031933868
6948.0 0.3499512913005131
6950.0 0.34894263193122443
6952.0 0.34840667711322737
6954.0 0.34783302169381114
6956.0 0.3466123666848269
6958.0 0.3451529631062033
6960.0 0.3462269982198809
6962.0 0.34982026213334716
6964.0 0.34771952236231274
6966.0 0.34482757132335556
6968.0 0.3469647644899382
6970.0 0.3436867365933099
6972.0 0.3436916353262616
6974.0 0.34162407957529906
6976.0 0.34175601950904055
6978.0 0.34033615526308597
6980.0 0.33991026592489937
6982.0 0.3403095703165293
6984.0 0.33805040017355587
6986.0 0.33908146736909184
6988.0 0.34073118028189864
6990.0 0.34296457755592225
6992.0 0.34123990300726614
6994.0 0.3404588059420067
6996.0 0.339777507713354
6998.0 0.33987769162221704
7000.0 0.33786339549698013
7002.0 0.33958418028769993
7004.0 0.3385997245903041
7006.0 0.33497906806151023
7008.0 0.335207809059408
7010.0 0.33487473511476307
7012.0 0.33533117992367784
7014.0 0.3342825071768733
7016.0 0.33540181113057715
7018.0 0.33451628721692267
7020.0 0.33344410419494225
7022.0 0.3351372553716787
7024.0 0.3333616143557736
7026.0 0.3313522916844919
7028.0 0.3310538749183105
7030.0 0.32968292978301605
7032.0 0.3330936118159963
7034.0 0.33435503318420473
7036.0 0.3318416792631209
7038.0 0.33294022346918273
7040.0 0.3301427722441514
7042.0 0.3321509416618434
7044.0 0.3322568314368147
7046.0 0.3317745097966964
7048.0 0.33188383475014394
7050.0 0.3300672843295718
7052.0 0.3293375520102528
7054.0 0.32946657160306414
7056.0 0.3335370539815376
7058.0 0.33293649351359544
7060.0 0.3306969530857715
7062.0 0.33036055490785987
7064.0 0.3316804263123717
7066.0 0.3328005608217904
7068.0 0.3307487969828744
7070.0 0.33087126059768773
7072.0 0.33372415203641903
7074.0 0.3325243053290358
7076.0 0.3331515389281607
7078.0 0.33224087070425884
7080.0 0.33193330230683
7082.0 0.3309929474831974
7084.0 0.332133404532866
7086.0 0.3333361791781172
7088.0 0.33364338015744394
7090.0 0.3325563937819663
7092.0 0.3339958841026487
7094.0 0.33532584091843737
7096.0 0.33497451664170774
7098.0 0.3330274678934995
7100.0 0.331602347991313
7102.0 0.33425402244679503
7104.0 0.3345941170657319
7106.0 0.33302314216045914
7108.0 0.3329972753105473
7110.0 0.33349849764922146
7112.0 0.3325695809837205
7114.0 0.33331580058431837
7116.0 0.33321219930335433
7118.0 0.3338414230715234
7120.0 0.33446208808020245
7122.0 0.33331947341719503
7124.0 0.3354698531448216
7126.0 0.3367925283195388
7128.0 0.33558897233268825
7130.0 0.3366216564491823
7132.0 0.338305176282886
7134.0 0.3409924379314589
7136.0 0.3399097793161145
7138.0 0.33688469488147227
7140.0 0.33801448389388206
7142.0 0.3388379052111739
7144.0 0.33700916447390267
7146.0 0.3354412744901041
7148.0 0.33805171319755706
7150.0 0.3373836200636115
7152.0 0.33940221453870695
7154.0 0.34081997282704385
7156.0 0.3410794685362483
7158.0 0.34331854659182565
7160.0 0.34269767543209934
7162.0 0.34058829505819854
7164.0 0.33916116158989523
7166.0 0.34119218625689274
7168.0 0.34359738495870357
7170.0 0.3424819438002901
7172.0 0.33922649408388644
7174.0 0.34091325418372026
7176.0 0.3416926794560965
7178.0 0.342508244443891
7180.0 0.3433158905010674
7182.0 0.3444064671693815
7184.0 0.34340051787846204
7186.0 0.3431058233706749
7188.0 0.3467916451507422
7190.0 0.3472088063138911
7192.0 0.347788313000342
7194.0 0.34500001647655654
7196.0 0.3495502721741184
7198.0 0.3506513208216182
7200.0 0.3487637468220676
7202.0 0.3479006170941657
7204.0 0.35056539309176094
7206.0 0.3507619822200254
7208.0 0.34794542115550264
7210.0 0.351511785519656
7212.0 0.3521300065188602
7214.0 0.35042070305683565
7216.0 0.35275600151291403
7218.0 0.3529748216663986
7220.0 0.35236969958562075
7222.0 0.3530481060908879
7224.0 0.35328291389776784
7226.0 0.35611385307540666
7228.0 0.354826770510414
7230.0 0.3515634388027834
7232.0 0.356956462522661
7234.0 0.35775076641141107
7236.0 0.3594225190781682
7238.0 0.36014924833272105
7240.0 0.35505453078155363
7242.0 0.3559434209228402
7244.0 0.3572778693797008
7246.0 0.35975365437589274
7248.0 0.3587822278541558
7250.0 0.35638959932809394
7252.0 0.35694222554460847
7254.0 0.35674781960831503
7256.0 0.35743745859659076
7258.0 0.3582194797688578
7260.0 0.3564455175002386
7262.0 0.35949773948476893
7264.0 0.35976528629476057
7266.0 0.36004623841640504
7268.0 0.35976009442978824
7270.0 0.3605543691451909
7272.0 0.35940501472502995
7274.0 0.35986638263744025
7276.0 0.36007425439015006
7278.0 0.35970236154322155
7280.0 0.3601423292130987
7282.0 0.35739020349582595
7284.0 0.3565284213873746
7286.0 0.35826912674436423
7288.0 0.35969983482111395
7290.0 0.3570044806090647
7292.0 0.3598892611816741
7294.0 0.3556964630181279
7296.0 0.35606307244770985
7298.0 0.3573535131439964
7300.0 0.35528221070462096
7302.0 0.3533884569446005
7304.0 0.35309040797390584
7306.0 0.3536148471604529
7308.0 0.354939618614876
7310.0 0.3525415606997332
7312.0 0.3496976787855869
7314.0 0.3490954556873651
7316.0 0.34779531492203614
7318.0 0.3459742751652833
7320.0 0.34454759828526577
7322.0 0.3420395180345901
7324.0 0.34208311735129127
7326.0 0.3406791400320468
7328.0 0.3393498638200556
7330.0 0.33654422467601014
7332.0 0.3346988447217603
7334.0 0.33380661749175067
7336.0 0.33374211345623545
7338.0 0.33256213569595133
7340.0 0.33246539194002434
7342.0 0.3315689334082209
7344.0 0.3296410770074213
7346.0 0.32780476329126546
7348.0 0.32904732848725443
7350.0 0.3318401007089908
7352.0 0.330504683452305
7354.0 0.32569813470015097
7356.0 0.32539881550675215
7358.0 0.325015906022126
7360.0 0.3234710661750745
7362.0 0.3212460316692629
7364.0 0.3204852898861264
7366.0 0.3201137385412756
7368.0 0.3246398983720069
7370.0 0.32523690475322947
7372.0 0.3246540354601494
7374.0 0.3253110330962737
7376.0 0.3240899541965133
7378.0 0.3232564759623014
7380.0 0.3241664358988717
7382.0 0.3246758051879675
7384.0 0.32500516992621686
7386.0 0.3258778890957143
7388.0 0.3263306881831959
7390.0 0.32642920013978516
7392.0 0.3264441190745291
7394.0 0.32649308781042313
7396.0 0.32749557743122115
7398.0 0.32765208567853255
7400.0 0.32852835695558713
7402.0 0.3288956400723622
7404.0 0.3282627671976339
7406.0 0.3285596896420376
7408.0 0.3288702982161078
7410.0 0.32884684138877485
7412.0 0.3286824824549506
7414.0 0.3292903360917671
7416.0 0.3295417070158652
7418.0 0.3297637866116598
7420.0 0.33018207749427136
7422.0 0.33022252346264175
7424.0 0.32996588964960666
7426.0 0.32984886600219543
7428.0 0.3312455641961406
7430.0 0.33178162679374457
7432.0 0.33265464826708424
7434.0 0.33315311294889793
7436.0 0.332076772587598
7438.0 0.3317252203669755
7440.0 0.3317745431129088
7442.0 0.3320123850155161
7444.0 0.33212522187807003
7446.0 0.3331323880235886
7448.0 0.33227327898783426
7450.0 0.33152581542207843
7452.0 0.3319800165605905
7454.0 0.3311303981788475
7456.0 0.3307338914164056
7458.0 0.3315120017931869
7460.0 0.3318659063170745
7462.0 0.3309530606484241
7464.0 0.3306147810474067
7466.0 0.3310739721136433
7468.0 0.331758611997575
7470.0 0.3316236010368293
7472.0 0.3311687683916789
7474.0 0.33076785925911706
7476.0 0.33099024110079467
7478.0 0.3315591663303793
7480.0 0.3319454953281765
7482.0 0.33258628937836
7484.0 0.33295037266916455
7486.0 0.33307240946710964
7488.0 0.3334520936493502
7490.0 0.33422608104350615
7492.0 0.33432453955132124
7494.0 0.33404470887455334
7496.0 0.33376034316868464
7498.0 0.33350294925564744
7500.0 0.3332074297751771
7502.0 0.3329390063663856
7504.0 0.3326657834731654
7506.0 0.3323701506301125
7508.0 0.3321176698213858
7510.0 0.3318286177086797
7512.0 0.3315441144048794
7514.0 0.33128509003715273
7516.0 0.33099145164037413
7518.0 0.33072268047463677
7520.0 0.3304479084649588
7522.0 0.3301606575149612
7524.0 0.32989487435207393
7526.0 0.329610726820798
7528.0 0.3293393364527215
7530.0 0.32905759528793627
7532.0 0.32877504749863123
7534.0 0.32851651390382935
7536.0 0.32822031496180404
7538.0 0.3279537110919295
7540.0 0.3276793481334906
7542.0 0.3273830358958546
7544.0 0.3271323747929184
7546.0 0.3268421814494008
7548.0 0.326558234086482
7550.0 0.32629856122087203
7552.0 0.3260050157526322
7554.0 0.3257367996870428
7556.0 0.32546137978112866
7558.0 0.3251754558966952
7560.0 0.32490775951643036
7562.0 0.32462419761435146
7564.0 0.324354135584079
7566.0 0.32397267146348013
7568.0 0.3233775081839114
7570.0 0.32327343198108194
7572.0 0.32393736089597513
7574.0 0.3239173089985582
7576.0 0.3234055223071235
7578.0 0.3232368339659181
7580.0 0.3240363265788698
7582.0 0.32413491359526586
7584.0 0.3244269804982618
7586.0 0.32529018773302576
7588.0 0.32542985174803746
7590.0 0.3246656715393686
7592.0 0.3235602634076063
7594.0 0.3235709234878859
7596.0 0.3234798558131645
7598.0 0.32346953359630737
7600.0 0.32422754886193983
7602.0 0.32428347566367854
7604.0 0.32472532931211384
7606.0 0.3264519638464126
7608.0 0.32686538213243443
7610.0 0.32571132567047895
7612.0 0.3237947338641042
7614.0 0.3231618395977844
7616.0 0.32374254649147616
7618.0 0.32418034182085254
7620.0 0.32469612968930794
7622.0 0.32555875941124507
7624.0 0.32595185429253787
7626.0 0.3260456643785807
7628.0 0.32666949397468215
7630.0 0.3276574868537026
7632.0 0.326672894422351
7634.0 0.3273366030775421
7636.0 0.32840351541874896
7638.0 0.3304540224983803
7640.0 0.32977103707288546
7642.0 0.32949032501702935
7644.0 0.3302141635562237
7646.0 0.3306195916210053
7648.0 0.3303411578680539
7650.0 0.32979269199627936
7652.0 0.3282653307068407
7654.0 0.32863805659241707
7656.0 0.3298250944824121
7658.0 0.3309436780972793
7660.0 0.3313374590120578
7662.0 0.3309236521289255
7664.0 0.3316874373676193
7666.0 0.33296683450137315
7668.0 0.33339055589701877
7670.0 0.33311918821518977
7672.0 0.33353155104662424
7674.0 0.33400597723698766
7676.0 0.3338239125310636
7678.0 0.3339321950337286
7680.0 0.3336222276443434
7682.0 0.33438111723968117
7684.0 0.33551220032348955
7686.0 0.3365696869643666
7688.0 0.3377910551976797
7690.0 0.33825330657542946
7692.0 0.3376021387486723
7694.0 0.33790557687529266
7696.0 0.3383674077034021
7698.0 0.3401574790341256
7700.0 0.33948635707534947
7702.0 0.3393949488819674
7704.0 0.3381829725451055
7706.0 0.33821105802885254
7708.0 0.3387256978347296
7710.0 0.33769163740819336
7712.0 0.33857797498647174
7714.0 0.3386944120686786
7716.0 0.3376653024631746
7718.0 0.3377883744225377
7720.0 0.3371830176032356
7722.0 0.33637759029309966
7724.0 0.3376285526193883
7726.0 0.33841485219462464
7728.0 0.338275649867382
7730.0 0.3395097204143594
7732.0 0.33924304097638674
7734.0 0.33747185269547514
7736.0 0.3375680776545758
7738.0 0.33771435994745524
7740.0 0.3365588356947676
7742.0 0.33609001294166146
7744.0 0.33572546865747466
7746.0 0.33559856525586534
7748.0 0.33558016568613686
7750.0 0.33574526507115177
7752.0 0.3357774326055142
7754.0 0.33577999769112926
7756.0 0.33575788944404106
7758.0 0.3353411386136528
7760.0 0.3349789011757854
7762.0 0.33478085637251526
7764.0 0.3344929561460956
7766.0 0.3342145943930275
7768.0 0.33401628674937517
7770.0 0.3337101253498767
7772.0 0.3334502882644013
7774.0 0.3332337792677894
7776.0 0.3329452334949785
7778.0 0.33268598219615353
7780.0 0.3324502636335047
7782.0 0.3321813520736549
7784.0 0.3319095574282304
7786.0 0.33167886750955616
7788.0 0.3314174641859223
7790.0 0.33112630885453914
7792.0 0.33091429772487113
7794.0 0.3306472817971569
7796.0 0.3303493565961443
7798.0 0.3300713131116411
7800.0 0.3295251893428212
7802.0 0.3293425745169397
7804.0 0.3289241967046997
7806.0 0.3286307044250183
7808.0 0.328686035577621
7810.0 0.3282267457201336
7812.0 0.32738728480754115
7814.0 0.32784139099761556
7816.0 0.3283989459201448
7818.0 0.3280646284246559
7820.0 0.32677577111630796
7822.0 0.32528746421963095
7824.0 0.3250433787884958
7826.0 0.32363322389783084
7828.0 0.32274246364353115
7830.0 0.32141196031711244
7832.0 0.3222070245412705
7834.0 0.32167887922808225
7836.0 0.32155075501242775
7838.0 0.3217162713735065
7840.0 0.32202186035733876
7842.0 0.3222788736826867
7844.0 0.322600147092213
7846.0 0.3225930084969273
7848.0 0.3220603341372132
7850.0 0.32099524643114646
7852.0 0.3206719867177542
7854.0 0.31970426125879164
7856.0 0.3187743316343856
7858.0 0.3182517666734031
7860.0 0.31815100944475483
7862.0 0.3171234612479394
7864.0 0.31659080019782565
7866.0 0.31644859414403875
7868.0 0.3159473837857535
7870.0 0.31523924222421684
7872.0 0.31408130354312125
7874.0 0.3126938822984759
7876.0 0.3116264312782001
7878.0 0.3107974537127479
7880.0 0.31006515803653345
7882.0 0.30943078939961205
7884.0 0.3095066564466136
7886.0 0.3080094273959498
7888.0 0.3071330777296068
7890.0 0.3057584758729345
7892.0 0.3048663120451329
7894.0 0.3046453519440626
7896.0 0.3037543429213307
7898.0 0.30251091253391754
7900.0 0.3018996312870251
7902.0 0.3003524457900614
7904.0 0.29913811481633346
7906.0 0.29872160477627163
7908.0 0.29951384930980135
7910.0 0.29901536504647
7912.0 0.2988329696883533
7914.0 0.29827658569531557
7916.0 0.298582000711052
7918.0 0.29815835863958473
7920.0 0.2972964553527548
7922.0 0.29664491867893855
7924.0 0.2955723950402117
7926.0 0.2957004587520871
7928.0 0.2961815457269864
7930.0 0.2955351590021261
7932.0 0.2948893669832572
7934.0 0.2945361618766039
7936.0 0.2949959312243854
7938.0 0.29464762690524415
7940.0 0.29426676398364304
7942.0 0.2946026708364389
7944.0 0.29453608161856165
7946.0 0.2939354487350146
7948.0 0.29368877820770256
7950.0 0.29405911431776216
7952.0 0.2940298201455856
7954.0 0.29363967656309714
7956.0 0.29293273576175477
7958.0 0.29305663265855386
7960.0 0.29301143275408936
7962.0 0.2934736451017612
7964.0 0.29232805551887414
7966.0 0.2918922049681395
7968.0 0.29097229308411454
7970.0 0.2905021605941769
7972.0 0.29004806234728736
7974.0 0.2894326079412593
7976.0 0.28815875377586525
7978.0 0.2870432327925582
7980.0 0.28640376475605756
7982.0 0.28549971460568974
7984.0 0.28485098367747674
7986.0 0.284444630153742
7988.0 0.2863229644706758
7990.0 0.28748041579956896
7992.0 0.2873252730933694
7994.0 0.2866045072131078
7996.0 0.28531119799776383
7998.0 0.2850379932222939
8000.0 0.2841895783020178
8002.0 0.28411033907380245
8004.0 0.28422363423857466
8006.0 0.2843859108205065
8008.0 0.28372105224574073
8010.0 0.28313862241403054
8012.0 0.2832498136811016
8014.0 0.28141736406040224
8016.0 0.2785430205987263
8018.0 0.2798602792057466
8020.0 0.28084020020551026
8022.0 0.27929969321844317
8024.0 0.27823304695610157
8026.0 0.2772783285732094
8028.0 0.27698125087185166
8030.0 0.27628736975140705
8032.0 0.27486239961656034
8034.0 0.27308583448503904
8036.0 0.2713051847524843
8038.0 0.269720381755745
8040.0 0.2689395990585344
8042.0 0.2689697512655608
8044.0 0.2682623761518398
8046.0 0.26639124564263994
8048.0 0.26484288092000935
8050.0 0.2641823040526971
8052.0 0.2629578731807074
8054.0 0.261877065299402
8056.0 0.2609845180306016
8058.0 0.25892886563858813
8060.0 0.257949649496775
8062.0 0.25712835435651005
8064.0 0.2566597843438051
8066.0 0.2559828342850293
8068.0 0.2552864246313936
8070.0 0.25443707227691614
8072.0 0.2535267215926519
8074.0 0.25340930090239067
8076.0 0.2528946853698926
8078.0 0.25091309592884986
8080.0 0.24909765304088177
8082.0 0.24697442780761197
8084.0 0.24555190786643977
8086.0 0.2443838339696465
8088.0 0.2431874860603338
8090.0 0.24173958392055808
8092.0 0.23964830063512457
8094.0 0.23760152885589367
8096.0 0.23599311704014173
8098.0 0.23438512981692827
8100.0 0.23332307962891324
8102.0 0.2326544030778949
8104.0 0.2316910984840307
8106.0 0.23098919808226812
8108.0 0.2300349692114872
8110.0 0.2291743568218017
8112.0 0.22841648905034992
8114.0 0.22761404776714103
8116.0 0.22792626682246098
8118.0 0.22776166068471979
8120.0 0.22703420556992016
8122.0 0.22610290325341847
8124.0 0.22517513126801622
8126.0 0.22514604108451294
8128.0 0.22510897775382255
8130.0 0.22477865237299147
8132.0 0.2242859188223702
8134.0 0.2237220206166547
8136.0 0.22330586737149227
8138.0 0.22310940176856164
8140.0 0.2228450334304706
8142.0 0.22261851850029618
8144.0 0.2221483256366718
8146.0 0.22162736785718312
8148.0 0.22101023443633486
8150.0 0.22049661972976603
8152.0 0.22090133565601205
8154.0 0.22099037121595907
8156.0 0.22072435180088076
8158.0 0.21993959789183185
8160.0 0.219471999202966
8162.0 0.2185588601695054
8164.0 0.2183087308492657
8166.0 0.21862211531708112
8168.0 0.21881855901910902
8170.0 0.21901920602294309
8172.0 0.22017293159574713
8174.0 0.22063046240249246
8176.0 0.22021708275758461
8178.0 0.2198839148850563
8180.0 0.22099757395806868
8182.0 0.22113010910495093
8184.0 0.22025260387479756
8186.0 0.2220799876311844
8188.0 0.2226605865570185
8190.0 0.2225548514415068
8192.0 0.22345421446272318
8194.0 0.22322211049048263
8196.0 0.22341320242142362
8198.0 0.2240576620892596
8200.0 0.22442314360861418
8202.0 0.22435404154251676
8204.0 0.22482200735716978
8206.0 0.2248709279983006
8208.0 0.22529674645132483
8210.0 0.22386293846686825
8212.0 0.22330388221849956
8214.0 0.22258162931654704
8216.0 0.22163139683736158
8218.0 0.22201524102309028
8220.0 0.222535042638688
8222.0 0.2239414947858675
8224.0 0.2246308539993681
8226.0 0.22504162667062597
8228.0 0.22560281374698735
8230.0 0.2262854420177222
8232.0 0.2265694680119411
8234.0 0.22705418211830428
8236.0 0.2277579143611702
8238.0 0.22824481771073546
8240.0 0.22897492925094534
8242.0 0.23033008528048846
8244.0 0.23140851930389966
8246.0 0.23191428699145825
8248.0 0.2318717398890747
8250.0 0.23106864646961173
8252.0 0.23191558885420605
8254.0 0.23211601787299552
8256.0 0.23263833266436706
8258.0 0.2331284761653739
8260.0 0.2336774837549649
8262.0 0.23423305309763848
8264.0 0.23294517352063698
8266.0 0.2327410588139223
8268.0 0.232527532899268
8270.0 0.23319715533585178
8272.0 0.23348113272062596
8274.0 0.23409044811672614
8276.0 0.23504416131846176
8278.0 0.23590373226751718
8280.0 0.23693643055441202
8282.0 0.23857142748284318
8284.0 0.239340867981748
8286.0 0.23951798666792343
8288.0 0.24113916870502472
8290.0 0.24234529363339002
8292.0 0.2435202733063293
8294.0 0.24510921302815425
8296.0 0.24554048353581523
8298.0 0.24638458038004374
8300.0 0.24716496444062364
8302.0 0.24829817365116755
8304.0 0.24959520211369862
8306.0 0.24935827253452109
8308.0 0.2503621820327275
8310.0 0.25194618166642185
8312.0 0.25243297847207746
8314.0 0.25278727981561766
8316.0 0.25258068273309076
8318.0 0.2522931784634307
8320.0 0.2534551473342161
8322.0 0.25406083883703057
8324.0 0.25517122002392995
8326.0 0.2555828715987917
8328.0 0.2561596359182538
8330.0 0.25883836250952486
8332.0 0.26121138517660536
8334.0 0.263808840961368
8336.0 0.26355314584901773
8338.0 0.2633492845269669
8340.0 0.26492927868195765
8342.0 0.26603441792614274
8344.0 0.26740437608796924
8346.0 0.2692273741636806
8348.0 0.270885594166391
8350.0 0.27195425991605615
8352.0 0.2721765514594509
8354.0 0.2730261530298986
8356.0 0.27350540385631766
8358.0 0.27451771195620506
8360.0 0.2771369632315826
8362.0 0.27783583237979287
8364.0 0.2793901152914467
8366.0 0.28192910306344726
8368.0 0.283879499550415
8370.0 0.28609757129681596
8372.0 0.2870285224052512
8374.0 0.2876573276391429
8376.0 0.289216971169537
8378.0 0.28791445640231794
8380.0 0.2900812019061996
8382.0 0.2927501384726564
8384.0 0.2938548830736621
8386.0 0.29471554823595253
8388.0 0.2959744017312524
8390.0 0.29627318900432226
8392.0 0.297865990648582
8394.0 0.298540554638875
8396.0 0.29979800563334175
8398.0 0.3008872762467344
8400.0 0.3029998761733761
8402.0 0.30454992195152997
8404.0 0.3050816993520113
8406.0 0.3057863126209521
8408.0 0.3073013369806034
8410.0 0.30859163354630126
8412.0 0.3095729295857758
8414.0 0.3107153258906902
8416.0 0.31176125648669195
8418.0 0.313177345575472
8420.0 0.31494322710226225
8422.0 0.3173736961985513
8424.0 0.31852391343236935
8426.0 0.32159900460369145
8428.0 0.32252436305800997
8430.0 0.3241519469161411
8432.0 0.3262686821397583
8434.0 0.32754708630926926
8436.0 0.32886174704587556
8438.0 0.33105407434578893
8440.0 0.33294865551649616
8442.0 0.33320194865525427
8444.0 0.33376324781783684
8446.0 0.33498262224308384
8448.0 0.33740081763738905
8450.0 0.3381570197979362
8452.0 0.33837428610733106
8454.0 0.33905435697960723
8456.0 0.33987924024080163
8458.0 0.3405437074328605
8460.0 0.33980664965111823
8462.0 0.3385236050089491
8464.0 0.33779626884537367
8466.0 0.33653891003300757
8468.0 0.3364060422533727
8470.0 0.33712198708903934
8472.0 0.3370221418018991
8474.0 0.33860567238143724
8476.0 0.3412166648295864
8478.0 0.34302086190018394
8480.0 0.34364689580103147
8482.0 0.343450170682306
8484.0 0.3442655724098801
8486.0 0.3455701233663395
8488.0 0.3475398144649203
8490.0 0.34908644167188657
8492.0 0.34836552895603196
8494.0 0.34861177802228194
8496.0 0.3499169038553962
8498.0 0.3513675712975007
8500.0 0.35239826009234887
8502.0 0.351676389093626
8504.0 0.3501323175417565
8506.0 0.3495585400404306
8508.0 0.35064542240087004
8510.0 0.3519041578815311
8512.0 0.35105938909447665
8514.0 0.35185744235711636
8516.0 0.3502024519420786
8518.0 0.348760725941105
8520.0 0.34692848922300007
8522.0 0.3466465415381766
8524.0 0.34830746831721987
8526.0 0.34826844658962286
8528.0 0.3462722997795672
8530.0 0.3490788677289511
8532.0 0.35211695677509913
8534.0 0.35390912635190624
8536.0 0.35467293506828573
8538.0 0.3545970381906635
8540.0 0.35416281846510383
8542.0 0.35502447108807644
8544.0 0.3561489496854522
8546.0 0.3572680901734458
8548.0 0.35653194074424005
8550.0 0.35583153070392187
8552.0 0.3541341781804819
8554.0 0.35539237469255475
8556.0 0.3560539666575083
8558.0 0.3554569670574313
8560.0 0.35530954535390896
8562.0 0.353975505996071
8564.0 0.35367961413386845
8566.0 0.3526204188859033
8568.0 0.351658140178878
8570.0 0.35214039542276426
8572.0 0.35337497460782674
8574.0 0.3540421755407845
8576.0 0.35256883340072365
8578.0 0.35166995362921255
8580.0 0.3519528443057762
8582.0 0.3508760123375089
8584.0 0.35171647828424546
8586.0 0.3532637827900798
8588.0 0.3540409354225847
8590.0 0.355123648462259
8592.0 0.35519010670698076
8594.0 0.3535389869723437
8596.0 0.35268971714309844
8598.0 0.3534771178466142
8600.0 0.35495353499385646
8602.0 0.3557450168574496
8604.0 0.35670512699827917
8606.0 0.3573545493455176
8608.0 0.35511396432042797
8610.0 0.35531686776429744
8612.0 0.3545577447215657
8614.0 0.35397541493669366
8616.0 0.35427159227647953
8618.0 0.35414121675026417
8620.0 0.3536582945408971
8622.0 0.35305653595913533
8624.0 0.35177278575663323
8626.0 0.35164842980128885
8628.0 0.35237645869099143
8630.0 0.3529081190113501
8632.0 0.3530512127145988
8634.0 0.35242563793163173
8636.0 0.3523359043681886
8638.0 0.35300303535643573
8640.0 0.354198976842537
8642.0 0.3547562773895673
8644.0 0.3553570305843493
8646.0 0.35597788471583747
8648.0 0.3564435086312084
8650.0 0.3564359455766285
8652.0 0.35596812319882287
8654.0 0.3560625502745858
8656.0 0.35680487199447625
8658.0 0.3576445674445688
8660.0 0.3575375673043424
8662.0 0.35800575425132347
8664.0 0.3585211903980969
8666.0 0.35917055453333885
8668.0 0.35791956342477227
8670.0 0.35838694646292685
8672.0 0.3581021173746858
8674.0 0.35879215768523787
8676.0 0.36001238696611987
8678.0 0.35962209954335467
8680.0 0.3587251711410364
8682.0 0.3575015602998902
8684.0 0.3584279146523245
8686.0 0.3572577646224254
8688.0 0.3561427152811966
8690.0 0.35567942798655666
8692.0 0.35605337104283374
8694.0 0.3557786899721949
8696.0 0.35577087290744636
8698.0 0.3543545485900017
8700.0 0.35289928508297636
8702.0 0.3527922734550496
8704.0 0.353791237103347
8706.0 0.35310407600705096
8708.0 0.3503757229647462
8710.0 0.35153483425975557
8712.0 0.35338215298839115
8714.0 0.35394633011867815
8716.0 0.35247586409442294
8718.0 0.35283310801062234
8720.0 0.3516118561028359
8722.0 0.3497286706543737
8724.0 0.34957784991152585
8726.0 0.3501031247656614
8728.0 0.3499100416611635
8730.0 0.34937253942995466
8732.0 0.3483426292881499
8734.0 0.349196239232207
8736.0 0.34985755025127857
8738.0 0.34979797635538773
8740.0 0.34855973710322885
8742.0 0.3490601413515318
8744.0 0.3496611858761194
8746.0 0.3483280588062787
8748.0 0.34814538209190493
8750.0 0.3483160540927409
8752.0 0.34786978948586733
8754.0 0.34746811923123866
8756.0 0.3474372202531985
8758.0 0.34836271369139543
8760.0 0.34724155201809354
8762.0 0.34717411398789394
8764.0 0.3464795349121475
8766.0 0.34425773761151146
8768.0 0.34236202900757373
8770.0 0.341296119252433
8772.0 0.3417874767250509
8774.0 0.3432470115928765
8776.0 0.3447350467939014
8778.0 0.34560834186986206
8780.0 0.34518408805244744
8782.0 0.34258163841731765
8784.0 0.3426621313860421
8786.0 0.3443621887041121
8788.0 0.34452697768264096
8790.0 0.34409294373672616
8792.0 0.34468758452964987
8794.0 0.3454290886987849
8796.0 0.3445992729891092
8798.0 0.34362174419113173
8800.0 0.3438837725034501
8802.0 0.34396691364799126
8804.0 0.34401747518446424
8806.0 0.3440116424686818
8808.0 0.34295117599332325
8810.0 0.3423388246908433
8812.0 0.340440941575345
8814.0 0.3400635187835022
8816.0 0.3401331010768107
8818.0 0.3403685757471785
8820.0 0.339570528054478
8822.0 0.33843137838324017
8824.0 0.338715045384352
8826.0 0.33846785892189396
8828.0 0.3378888415170149
8830.0 0.33626430860592293
8832.0 0.33525034255007463
8834.0 0.3331554913142294
8836.0 0.3329713871342175
8838.0 0.33420159211007955
8840.0 0.33409282182925965
8842.0 0.33380454875729865
8844.0 0.33386951821557814
8846.0 0.33394383555274065
8848.0 0.33129424895858234
8850.0 0.33017058163747803
8852.0 0.3298590136039754
8854.0 0.3310383087464251
8856.0 0.33152871739398293
8858.0 0.33275273425153806
8860.0 0.3304805610699042
8862.0 0.32762742440545106
8864.0 0.3252291403582594
8866.0 0.3234071029555186
8868.0 0.32235218233735946
8870.0 0.3220314606953652
8872.0 0.32107841340170723
8874.0 0.3213231923416146
8876.0 0.32060588271759133
8878.0 0.3199437140271711
8880.0 0.31865699644685713
8882.0 0.3184207249299969
8884.0 0.31681989452255843
8886.0 0.315350424033677
8888.0 0.31659854077637434
8890.0 0.3153328618198597
8892.0 0.3154547758750572
8894.0 0.31569687538163094
8896.0 0.3175209931965697
8898.0 0.3166489613687285
8900.0 0.314747155217068
8902.0 0.3135905370883128
8904.0 0.31287297609223497
8906.0 0.3117914140989577
8908.0 0.31116253666179655
8910.0 0.3093773175773511
8912.0 0.3089540324722694
8914.0 0.308178697697553
8916.0 0.30866386588800154
8918.0 0.3105073505795089
8920.0 0.3112867702574526
8922.0 0.309826554920905
8924.0 0.3078073743345873
8926.0 0.3054517306166657
8928.0 0.304694309813027
8930.0 0.30433513889790764
8932.0 0.30481002250078454
8934.0 0.30443353595864525
8936.0 0.3042037330490904
8938.0 0.303503871642138
8940.0 0.3023730450180735
8942.0 0.3023268151692065
8944.0 0.3031848602641006
8946.0 0.30325598157665085
8948.0 0.30304448013195034
8950.0 0.30144832118964743
8952.0 0.30153680142254796
8954.0 0.3004078211892168
8956.0 0.3001848682206011
8958.0 0.2988159217441641
8960.0 0.2969648458946286
8962.0 0.29681339448413036
8964.0 0.2959615137018857
8966.0 0.29557518951515604
8968.0 0.29596237183728147
8970.0 0.29647705547843556
8972.0 0.2951624758539628
8974.0 0.29304717875206754
8976.0 0.2922911633724095
8978.0 0.2920987040864389
8980.0 0.29228863886404916
8982.0 0.2926209987410227
8984.0 0.29163841431867954
8986.0 0.29170817606833577
8988.0 0.2895167180463199
8990.0 0.2879510969280348
8992.0 0.28824466501006424
8994.0 0.28869235577131386
8996.0 0.2895531186835389
8998.0 0.2887888513189827
9000.0 0.288160292600222
9002.0 0.28650658974454735
9004.0 0.28580130974357937
9006.0 0.2867120708808192
9008.0 0.2876742355561513
9010.0 0.28940778229473235
9012.0 0.2895871083104182
9014.0 0.2883592642974768
9016.0 0.2872553176765369
9018.0 0.2875354332360699
9020.0 0.2866510603789997
9022.0 0.2858360006618987
9024.0 0.2859840415680096
9026.0 0.28689996901763837
9028.0 0.2883694524964564
9030.0 0.2870784960482316
9032.0 0.2853156480523234
9034.0 0.28423622396993925
9036.0 0.2838435292835719
9038.0 0.2831152863178645
9040.0 0.2803522795260984
9042.0 0.2798271719177331
9044.0 0.27847969202789047
9046.0 0.279349807326332
9048.0 0.2809095321086156
9050.0 0.28121205660738763
9052.0 0.28110524601590586
9054.0 0.2808171903918735
9056.0 0.2805519284045194
9058.0 0.2806015845024152
9060.0 0.27919567842806425
9062.0 0.2775396337249524
9064.0 0.27693835804150685
9066.0 0.27767750658717855
9068.0 0.27909234126339066
9070.0 0.28195326460117126
9072.0 0.2821290322005935
9074.0 0.2827019010764901
9076.0 0.28202917669037764
9078.0 0.28105202642128424
9080.0 0.28037798946644743
9082.0 0.28108772383591996
9084.0 0.2832050783138
9086.0 0.28299648241855374
9088.0 0.2810260369665674
9090.0 0.2810900192994207
9092.0 0.2809665247786799
9094.0 0.2821235944928737
9096.0 0.2834086084313325
9098.0 0.28339543646999044
9100.0 0.2825694580763335
9102.0 0.2810838474486091
9104.0 0.28106314996922616
9106.0 0.283639838227325
9108.0 0.2831707021571706
9110.0 0.28152694790910676
9112.0 0.280341619229563
9114.0 0.2806066305935041
9116.0 0.2801108326751055
9118.0 0.27952560856537084
9120.0 0.2787601517862829
9122.0 0.2789071774244074
9124.0 0.2789351131751573
9126.0 0.27892196010864106
9128.0 0.27941916117561116
9130.0 0.28036523868062385
9132.0 0.28044961480551667
9134.0 0.2807535517494918
9136.0 0.27998387959075083
9138.0 0.2791546761214518
9140.0 0.27823399318903236
9142.0 0.277798963763101
9144.0 0.2770139599313217
9146.0 0.27690262998642523
9148.0 0.2782259546092818
9150.0 0.27902032018004924
9152.0 0.2795654209830653
9154.0 0.2808372054345334
9156.0 0.28079725480851236
9158.0 0.2810295070823072
9160.0 0.28100501170706693
9162.0 0.2804082160132206
9164.0 0.28039940452871964
9166.0 0.27822522949857115
9168.0 0.27622128067963164
9170.0 0.2753919406351782
9172.0 0.2751327470119883
9174.0 0.2754007045556727
9176.0 0.2756948465749256
9178.0 0.27584717013515536
9180.0 0.2757297089867803
9182.0 0.27551213705932687
9184.0 0.2753726811709621
9186.0 0.2746718425576564
9188.0 0.2741108205614778
9190.0 0.2737230189300458
9192.0 0.27348875397431405
9194.0 0.2745316486313746
9196.0 0.27551729455983115
9198.0 0.2753024065567028
9200.0 0.2748777803127251
9202.0 0.27327049118965846
9204.0 0.27224660841752524
9206.0 0.27061665017206565
9208.0 0.2705194373832869
9210.0 0.2705400689666208
9212.0 0.2709840869933371
9214.0 0.2685452233061505
9216.0 0.26788469120142455
9218.0 0.26815609886889336
9220.0 0.27062395547917595
9222.0 0.2717455803069566
9224.0 0.2714540467448491
9226.0 0.27193227391280467
9228.0 0.27129188842739876
9230.0 0.2719077636208833
9232.0 0.2705136104440715
9234.0 0.27111895480870984
9236.0 0.2718027128692334
9238.0 0.26996402910645956
9240.0 0.2697787637534981
9242.0 0.26971481340837916
9244.0 0.2706228520557395
9246.0 0.27078486358756815
9248.0 0.2707255892244949
9250.0 0.2710269383233555
9252.0 0.26997958492475493
9254.0 0.2684840425787608
9256.0 0.2650632190391513
9258.0 0.2656612590968099
9260.0 0.26593116278197915
9262.0 0.26773628346132383
9264.0 0.26664754400717905
9266.0 0.2654059227008881
9268.0 0.26485484788913316
9270.0 0.26439876751060487
9272.0 0.2643933541736284
9274.0 0.26439578708275185
9276.0 0.26510189461986294
9278.0 0.2662614982615509
9280.0 0.26601655775679756
9282.0 0.2656148445571934
9284.0 0.2645724081365442
9286.0 0.26441459778613874
9288.0 0.2638685375343325
9290.0 0.2634551585101948
9292.0 0.2631566058738277
9294.0 0.2626031785941415
9296.0 0.26344421607941393
9298.0 0.26345269408853167
9300.0 0.26388756842753913
9302.0 0.2648224917303019
9304.0 0.26576676756930695
9306.0 0.2661254792627072
9308.0 0.2659643419910458
9310.0 0.26215070105545185
9312.0 0.26277235375498803
9314.0 0.26303809440128234
9316.0 0.2636656111007521
9318.0 0.26310474302648845
9320.0 0.2635055822737905
9322.0 0.26306218513521495
9324.0 0.2619553633554619
9326.0 0.26053071905331066
9328.0 0.2591429030911429
9330.0 0.25947813423659805
9332.0 0.2588577472235595
9334.0 0.2590578152409064
9336.0 0.2587300438049057
9338.0 0.25842660266511386
9340.0 0.25913716530496717
9342.0 0.259337585146429
9344.0 0.25950552958956374
9346.0 0.25830623662505153
9348.0 0.25746565629376095
9350.0 0.2569413306805306
9352.0 0.2579197381768408
9354.0 0.2576538121973292
9356.0 0.2580092250501288
9358.0 0.25734663038481775
9360.0 0.2586947568549396
9362.0 0.2587508979322938
9364.0 0.25935199470942977
9366.0 0.2597533387287953
9368.0 0.2593853739115443
9370.0 0.257321770131644
9372.0 0.25627191551356415
9374.0 0.25536869258586964
9376.0 0.2562273405566144
9378.0 0.2578914325018881
9380.0 0.2588220880331331
9382.0 0.26024301023710034
9384.0 0.2596804929986478
9386.0 0.2594038974555194
9388.0 0.25842581749586585
9390.0 0.25873539310685406
9392.0 0.25952729684324416
9394.0 0.2604027517594192
9396.0 0.2598579017568416
9398.0 0.2594859584055206
9400.0 0.25814757630033197
9402.0 0.2594355358318819
9404.0 0.25934339230379205
9406.0 0.259422507648809
9408.0 0.25937419637801595
9410.0 0.2588355758732661
9412.0 0.25561242909236365
9414.0 0.25505421854562565
9416.0 0.25476612112746067
9418.0 0.25519047551589435
9420.0 0.25587624995822417
9422.0 0.25653690567916293
9424.0 0.25777757657334754
9426.0 0.2572532332645731
9428.0 0.25725606074465773
9430.0 0.2596411138147235
9432.0 0.26070594664135405
9434.0 0.25886226102269366
9436.0 0.25846136638456685
9438.0 0.2581903448215859
9440.0 0.258919125051849
9442.0 0.2596532592354906
9444.0 0.2592187348363915
9446.0 0.25869586313871756
9448.0 0.2585184773050696
9450.0 0.25897558796499925
9452.0 0.25939955215226157
9454.0 0.26031611939940236
9456.0 0.2613191477426429
9458.0 0.2611137605427812
9460.0 0.26112888389918587
9462.0 0.26087790283433404
9464.0 0.2609907600317902
9466.0 0.26101339246997457
9468.0 0.2616350040543362
9470.0 0.26217712635454016
9472.0 0.2624092473733021
9474.0 0.2623896353174896
9476.0 0.26215363975917655
9478.0 0.26177860303793865
9480.0 0.2612637109191832
9482.0 0.26028463468135965
9484.0 0.25900136601254836
9486.0 0.258450821824149
9488.0 0.25824985381182486
9490.0 0.25824507305047645
9492.0 0.25831270924908944
9494.0 0.25826369305912
9496.0 0.25845885920435563
9498.0 0.2583251981433664
9500.0 0.25771476286012224
9502.0 0.25721715586904254
9504.0 0.25713699261794976
9506.0 0.25737963521153434
9508.0 0.25772846593026505
9510.0 0.25786724484971274
9512.0 0.25858104546508887
9514.0 0.2597141657789904
9516.0 0.2601290485917377
9518.0 0.259618198173449
9520.0 0.25913822544973025
9522.0 0.25922359862060834
9524.0 0.25934345075033566
9526.0 0.25956241237186123
9528.0 0.25989139741848555
9530.0 0.25949208447539984
9532.0 0.2593174034476488
9534.0 0.2594087930483708
9536.0 0.26019920051454964
9538.0 0.26054756624869074
9540.0 0.26092101628298464
9542.0 0.2615309145584951
9544.0 0.26155436525938286
9546.0 0.261850274615625
9548.0 0.261371302083059
9550.0 0.2603958489621661
9552.0 0.25941249326552024
9554.0 0.2591627002506055
9556.0 0.25953493432982105
9558.0 0.26013762893713155
9560.0 0.2609838324759886
9562.0 0.2607230931711062
9564.0 0.2600732579570968
9566.0 0.2591135219007202
9568.0 0.2594305802854873
9570.0 0.2598764042561761
9572.0 0.26078736230682154
9574.0 0.2612493074486008
9576.0 0.2610848766261723
9578.0 0.2610577506541634
9580.0 0.2608531639721607
9582.0 0.26054180597207893
9584.0 0.25986340588932677
9586.0 0.25914099758811276
9588.0 0.25911816596936926
9590.0 0.25929290970872276
9592.0 0.2595280578942356
9594.0 0.2597308946532991
9596.0 0.25975190332072046
9598.0 0.25868304443899043
9600.0 0.2578591530602783
9602.0 0.2572434051179089
9604.0 0.2571842662056286
9606.0 0.2574111206005296
9608.0 0.258723865606817
9610.0 0.25951582554518443
9612.0 0.2598061687777231
9614.0 0.2597566155719426
9616.0 0.2597196730118971
9618.0 0.26050051438555605
9620.0 0.26058421631100087
9622.0 0.26066756107005523
9624.0 0.25961521050990816
9626.0 0.25822374095039696
9628.0 0.25645489481729405
9630.0 0.2564640577271286
9632.0 0.25719082273483024
9634.0 0.256825998538989
9636.0 0.25689799691014054
9638.0 0.2569371734408087
9640.0 0.25690631712579165
9642.0 0.25683743894638106
9644.0 0.25653980084764266
9646.0 0.2563201838369258
9648.0 0.2561528740136985
9650.0 0.2564252610013696
9652.0 0.2563878350169837
9654.0 0.2564015643084523
9656.0 0.2562374468683926
9658.0 0.25656899577317693
9660.0 0.2559725477720198
9662.0 0.25557126946713793
9664.0 0.2548459254550608
9666.0 0.2551267695065212
9668.0 0.2555493793331013
9670.0 0.25554302624913183
9672.0 0.2552097072685473
9674.0 0.2552913229368884
9676.0 0.2550733203254095
9678.0 0.2548772663308445
9680.0 0.2557805474147137
9682.0 0.2559551852605208
9684.0 0.25579096965228887
9686.0 0.2555025077937066
9688.0 0.25558720956183534
9690.0 0.2557188483477805
9692.0 0.25593326001620276
9694.0 0.2556057398303912
9696.0 0.2554227076897578
9698.0 0.2552323577920232
9700.0 0.25626388400349637
9702.0 0.25649380574793357
9704.0 0.25701587863126135
9706.0 0.2569048662105352
9708.0 0.25553524733181776
9710.0 0.2536064345131472
9712.0 0.25467186627916577
9714.0 0.2559101874669735
9716.0 0.25607208642631724
9718.0 0.25656928303089666
9720.0 0.2569142440113161
9722.0 0.25528173157829676
9724.0 0.25452251660156433
9726.0 0.25533924249479206
9728.0 0.2559090449548063
9730.0 0.2552302127840505
9732.0 0.2549924171448455
9734.0 0.255319463986749
9736.0 0.254982247869914
9738.0 0.2552307572924324
9740.0 0.254858860729415
9742.0 0.2549149044550091
9744.0 0.254321722224242
9746.0 0.2528214284132535
9748.0 0.2536586142802344
9750.0 0.2547628264488747
9752.0 0.25506027633832395
9754.0 0.2551544836101223
9756.0 0.25457016668416144
9758.0 0.2541704236755122
9760.0 0.2540624238486312
9762.0 0.2547200269185358
9764.0 0.25517887364203423
9766.0 0.2553456133639245
9768.0 0.2550118262232381
9770.0 0.2551873466982049
9772.0 0.25630264432832456
9774.0 0.25700462461255685
9776.0 0.25809200930562576
9778.0 0.2573772990002554
9780.0 0.25665288840794365
9782.0 0.25787939539963844
9784.0 0.2574654142915669
9786.0 0.2572300830279386
9788.0 0.2569754797363627
9790.0 0.256826955369185
9792.0 0.25676237487227116
9794.0 0.25659139295155386
9796.0 0.2568866194144985
9798.0 0.2589964116128022
9800.0 0.2601840842389613
9802.0 0.25971147486536716
9804.0 0.25907901809652656
9806.0 0.2584506436939908
9808.0 0.2567184546155743
9810.0 0.25605045526340936
9812.0 0.2565844334597704
9814.0 0.2584047540930559
9816.0 0.25838738275843437
9818.0 0.25706129461481125
9820.0 0.25721852238555304
9822.0 0.2576428702217102
9824.0 0.2584451944448263
9826.0 0.25954797040386074
9828.0 0.2601947226154367
9830.0 0.2592436455029477
9832.0 0.2583696688705182
9834.0 0.25853689355409437
9836.0 0.2593409773192305
9838.0 0.26111018578129913
9840.0 0.2655853434380876
9842.0 0.26636220533653215
9844.0 0.2629201148818165
9846.0 0.26080683124098036
9848.0 0.25994158066818307
9850.0 0.26012129148780433
9852.0 0.26041780934925257
9854.0 0.26100811515560796
9856.0 0.2620382344903
9858.0 0.26343781536240485
9860.0 0.2632890597607718
9862.0 0.26240159301122257
9864.0 0.26231756276698803
9866.0 0.2639225666250795
9868.0 0.266027441809764
9870.0 0.265524999588909
9872.0 0.2639494601552459
9874.0 0.26200146240330824
9876.0 0.2611534044678957
9878.0 0.2609818525983037
9880.0 0.2618338621396958
9882.0 0.26265128315241887
9884.0 0.26324214743965796
9886.0 0.2645651086263791
9888.0 0.26465655508497093
9890.0 0.2638978325538717
9892.0 0.26400232612415325
9894.0 0.26473676493992593
9896.0 0.2638404704499465
9898.0 0.26379411489793425
9900.0 0.2642150240302109
9902.0 0.2643068038608191
9904.0 0.2642445063299729
9906.0 0.2628906810056253
9908.0 0.26240709726903866
9910.0 0.2634752170174534
9912.0 0.263866430030447
9914.0 0.2640692419391025
9916.0 0.2634368499318042
9918.0 0.2633434206145821
9920.0 0.26387920545023097
9922.0 0.2654559234373706
9924.0 0.2664755367395418
9926.0 0.2674122848602738
9928.0 0.2672905724420166
9930.0 0.2665264285612853
9932.0 0.26553402313107644
9934.0 0.2647257759449606
9936.0 0.2636681727588998
9938.0 0.26429548376918194
9940.0 0.26537153633387195
9942.0 0.2655539634403585
9944.0 0.26612996284501084
9946.0 0.26662186989576386
9948.0 0.2666923605206881
9950.0 0.266645453681607
9952.0 0.26645233140071994
9954.0 0.26627410664890944
9956.0 0.26624399239467356
9958.0 0.26689325044888207
9960.0 0.26777636376484537
9962.0 0.2694587517591563
9964.0 0.2694216671419729
9966.0 0.2679157746253439
9968.0 0.2664359541714042
9970.0 0.2669368754122953
9972.0 0.26873377614296723
9974.0 0.2695563978333646
9976.0 0.2699285971107857
9978.0 0.26947783780521045
9980.0 0.2684659171262665
9982.0 0.26645472473147014
9984.0 0.2663773509650504
9986.0 0.26629459641499365
9988.0 0.26542644664943693
9990.0 0.264518679053172
9992.0 0.2639737869016497
9994.0 0.2643397860557913
9996.0 0.265725488665148
9998.0 0.2676553445489351
