# z obs_date
# 0 52280
3580.0 0.522838576448701
3582.0 0.4717810328051927
3584.0 0.42823118475861754
3586.0 0.36440160654211423
3588.0 0.37984323187685215
3590.0 0.483394365514499
3592.0 0.4927977332478186
3594.0 0.5002564843598458
3596.0 0.5554148784101974
3598.0 0.5388645470377643
3600.0 0.4560046499129977
3602.0 0.437331208767335
3604.0 0.47947346443626837
3606.0 0.5037762325782223
3608.0 0.4847300929639521
3610.0 0.5179288630939533
3612.0 0.5329606694195909
3614.0 0.4982273275751525
3616.0 0.5464027822588287
3618.0 0.507016980459775
3620.0 0.5081500838227527
3622.0 0.5872711242250616
3624.0 0.5477968177666293
3626.0 0.49619022012282743
3628.0 0.5377518756924856
3630.0 0.5914472393519951
3632.0 0.6079507079635063
3634.0 0.629064564238096
3636.0 0.6340335774343877
3638.0 0.5741790728893006
3640.0 0.5679104357407584
3642.0 0.5963106858792132
3644.0 0.5450410229116387
3646.0 0.5059837185734375
3648.0 0.49427917540406846
3650.0 0.4908803982681725
3652.0 0.5314445487032657
3654.0 0.5231452994751483
3656.0 0.5522408455539768
3658.0 0.517361868210732
3660.0 0.5077427494942499
3662.0 0.48164021627731496
3664.0 0.5295113243983192
3666.0 0.5908752739161445
3668.0 0.5705638816911258
3670.0 0.558794885169175
3672.0 0.6024034411549019
3674.0 0.5873037170928868
3676.0 0.5907404374731642
3678.0 0.568673381622999
3680.0 0.5655290807151445
3682.0 0.5563106148649954
3684.0 0.5677298579774988
3686.0 0.5892780989037086
3688.0 0.5688849816308355
3690.0 0.5889634063231971
3692.0 0.5411090461217032
3694.0 0.5289706311947264
3696.0 0.5082958624669348
3698.0 0.5193611304324378
3700.0 0.5908032344344192
3702.0 0.5506826203443287
3704.0 0.5321803593332685
3706.0 0.48863704277193537
3708.0 0.4833252429127174
3710.0 0.5139085244849547
3712.0 0.491112325644461
3714.0 0.4669425369587321
3716.0 0.44091242084769094
3718.0 0.4430224745772744
3720.0 0.44234318560282443
3722.0 0.4513797299618232
3724.0 0.4592213078756631
3726.0 0.4687115147887146
3728.0 0.4875206935954251
3730.0 0.49665420805781285
3732.0 0.4910656004456491
3734.0 0.4539811837279803
3736.0 0.45112824496577536
3738.0 0.43852212228441445
3740.0 0.4228972881394391
3742.0 0.4029682054517232
3744.0 0.3793022357507993
3746.0 0.39372512702640156
3748.0 0.3669142171155342
3750.0 0.3324533573758012
3752.0 0.3111785880540722
3754.0 0.3204789801184249
3756.0 0.31138708836710177
3758.0 0.27054173591973707
3760.0 0.32299501001913056
3762.0 0.3195515664659932
3764.0 0.33001051126804914
3766.0 0.3646540190704113
3768.0 0.36067931512589335
3770.0 0.34196887398726467
3772.0 0.36162627792751706
3774.0 0.400275424143663
3776.0 0.3970633596753925
3778.0 0.3780607990898929
3780.0 0.4163352290699101
3782.0 0.35813525748379854
3784.0 0.32892009628721564
3786.0 0.28031752024825474
3788.0 0.3180483160505409
3790.0 0.36640555304088623
3792.0 0.4304422008425132
3794.0 0.4374123218254826
3796.0 0.39695510337525564
3798.0 0.38346354552709727
3800.0 0.4095431245882003
3802.0 0.39325866540155685
3804.0 0.38405944717290474
3806.0 0.3570105212103209
3808.0 0.3655832097020242
3810.0 0.4144656698694525
3812.0 0.38877935782561635
3814.0 0.41691717225829045
3816.0 0.41304294046156065
3818.0 0.3776407514845315
3820.0 0.42025308567712594
3822.0 0.41591483721620714
3824.0 0.4348718138246427
3826.0 0.4315445968050439
3828.0 0.4655357636059471
3830.0 0.4636261305287453
3832.0 0.5438581980382008
3834.0 0.597413721969655
3836.0 0.5563349875328728
3838.0 0.5499783307243629
3840.0 0.5239272708906723
3842.0 0.5114592272485681
3844.0 0.5563457762562554
3846.0 0.5294040629476882
3848.0 0.49875254549366144
3850.0 0.5316164547733229
3852.0 0.6082596399876558
3854.0 0.6076614182460972
3856.0 0.5409747683139654
3858.0 0.5621327591597474
3860.0 0.5863350602434392
3862.0 0.6237874226062697
3864.0 0.5907856959585266
3866.0 0.5946673067029679
3868.0 0.6545184636775747
3870.0 0.6478306998688281
3872.0 0.6470738037310237
3874.0 0.7247733353736412
3876.0 0.6785058587273075
3878.0 0.6828614152080091
3880.0 0.7537535536381856
3882.0 0.7266449613310304
3884.0 0.7485928322601008
3886.0 0.7462390105676386
3888.0 0.7375029902552228
3890.0 0.7430284042424091
3892.0 0.7244457183201453
3894.0 0.6879909480340499
3896.0 0.6782866246508573
3898.0 0.6791409932798343
3900.0 0.6984321465451028
3902.0 0.6867021238450461
3904.0 0.7029516903288647
3906.0 0.7034996006434456
3908.0 0.7226933711389192
3910.0 0.7322863480184755
3912.0 0.7426633847845313
3914.0 0.7480403218497749
3916.0 0.7579572598227264
3918.0 0.7757497626374026
3920.0 0.7725513211030103
3922.0 0.7712954606904388
3924.0 0.7800633520816761
3926.0 0.7623810041755489
3928.0 0.8187908562211795
3930.0 0.8404775790103398
3932.0 0.8146962913180855
3934.0 0.7996135121894943
3936.0 0.7800426834241475
3938.0 0.7900510006681735
3940.0 0.8178985550279362
3942.0 0.8498115555315968
3944.0 0.8958088635925282
3946.0 0.909771067277592
3948.0 0.9002329417679023
3950.0 0.9219696331356892
3952.0 0.9312649637578669
3954.0 0.9405133950975406
3956.0 0.9321870011624088
3958.0 0.9127262829453853
3960.0 0.9169082200879956
3962.0 0.9387741902421535
3964.0 0.9566240715630492
3966.0 0.9481208831075912
3968.0 0.9587172158275808
3970.0 0.9662635237724282
3972.0 0.95036542158957
3974.0 0.9529034767806712
3976.0 0.9842132767911269
3978.0 1.0
3980.0 0.9936676931982463
3982.0 0.9673139530975592
3984.0 0.959231309034495
3986.0 0.9808345456785201
3988.0 0.9704604559254293
3990.0 0.9645675475586171
3992.0 0.9511777471742014
3994.0 0.9580612133747117
3996.0 0.9945954433972253
3998.0 0.9831373601409273
4000.0 0.9712715605091166
4002.0 0.9663291317977033
4004.0 0.9331439727109098
4006.0 0.9525988838103513
4008.0 0.9925989487920311
4010.0 0.9421296017262444
4012.0 0.900646366183822
4014.0 0.90381233315396
4016.0 0.9050999887573903
4018.0 0.892618930712756
4020.0 0.8912139857684684
4022.0 0.8893946906923718
4024.0 0.8550188294556396
4026.0 0.8283440149784402
4028.0 0.8339338717990182
4030.0 0.8230580092219975
4032.0 0.8270331898664817
4034.0 0.8417007890625321
4036.0 0.8253239621925426
4038.0 0.834942213144429
4040.0 0.8778412113256185
4042.0 0.867192749778196
4044.0 0.8283380303757243
4046.0 0.8098312773729901
4048.0 0.7900509497208991
4050.0 0.7793614739516761
4052.0 0.8034936023474616
4054.0 0.8371103010884922
4056.0 0.8357123443430946
4058.0 0.8225195151076687
4060.0 0.7661139116327867
4062.0 0.7366662190323134
4064.0 0.7570451233002912
4066.0 0.7928104272000873
4068.0 0.7808008734950452
4070.0 0.751462659022356
4072.0 0.7300675168484396
4074.0 0.7378327806033336
4076.0 0.7614816672759213
4078.0 0.7618122058354103
4080.0 0.7649439479571631
4082.0 0.773990657875409
4084.0 0.7639763811970552
4086.0 0.7415911470157274
4088.0 0.7490441317800479
4090.0 0.7626201375923066
4092.0 0.7544065211296795
4094.0 0.7344523875476711
4096.0 0.7660931463276801
4098.0 0.7465017918089863
4100.0 0.7202018503268536
4102.0 0.728938548224428
4104.0 0.7243061588077652
4106.0 0.7033144081855095
4108.0 0.7153480717566656
4110.0 0.7106207862229991
4112.0 0.7016861162803318
4114.0 0.698132153947796
4116.0 0.6780048778398855
4118.0 0.6729251401147548
4120.0 0.7284358176345557
4122.0 0.7478089376656477
4124.0 0.7248340694438344
4126.0 0.6919084759551394
4128.0 0.6778073147903874
4130.0 0.6709392998443967
4132.0 0.6561755257585525
4134.0 0.6657182617200478
4136.0 0.6712252653708277
4138.0 0.6610421065447464
4140.0 0.6496622615110544
4142.0 0.64966850008687
4144.0 0.6523787745570144
4146.0 0.6365687005107441
4148.0 0.6172439334188778
4150.0 0.6136915985084676
4152.0 0.6199812431476082
4154.0 0.6448761135267032
4156.0 0.6500208117575085
4158.0 0.6362960723071223
4160.0 0.6135042666582412
4162.0 0.6211354470612794
4164.0 0.6355538773702964
4166.0 0.6451156829988527
4168.0 0.636648421279375
4170.0 0.6313103409766248
4172.0 0.6302923390095878
4174.0 0.6377082833404955
4176.0 0.6298192317041749
4178.0 0.6243332792990633
4180.0 0.6372093048883815
4182.0 0.6517041404011927
4184.0 0.6578063554726773
4186.0 0.6452439437933876
4188.0 0.6460976648121454
4190.0 0.6506632848556749
4192.0 0.66083628967289
4194.0 0.6734449937562222
4196.0 0.6881828801042137
4198.0 0.6789949971692467
4200.0 0.6688427258527586
4202.0 0.6591968510491107
4204.0 0.6701828271974344
4206.0 0.6791829275698854
4208.0 0.6716135498138966
4210.0 0.6837117571943685
4212.0 0.6982566247814909
4214.0 0.7011098996614696
4216.0 0.7093742446307243
4218.0 0.7176840458040457
4220.0 0.7120194205569851
4222.0 0.7130048286463568
4224.0 0.7300772538822282
4226.0 0.7126337206153668
4228.0 0.7045168601107461
4230.0 0.7019746725322182
4232.0 0.7052324646233139
4234.0 0.7017060723300034
4236.0 0.7080270794366474
4238.0 0.7085607520124874
4240.0 0.7109212161954327
4242.0 0.7078151305707268
4244.0 0.6962176561071016
4246.0 0.6811211932544855
4248.0 0.6716041573039326
4250.0 0.680377136158285
4252.0 0.6635442826671535
4254.0 0.6474090131071362
4256.0 0.6525261542026229
4258.0 0.6504055204531494
4260.0 0.6554572786359771
4262.0 0.6515557385968546
4264.0 0.643854418339612
4266.0 0.6354148618231362
4268.0 0.6265413534983666
4270.0 0.6484520628348259
4272.0 0.6720260711579166
4274.0 0.6530434642048812
4276.0 0.6552293728730882
4278.0 0.6693437480688481
4280.0 0.6549752634513393
4282.0 0.6373055535866471
4284.0 0.6501616939402742
4286.0 0.6541277465446855
4288.0 0.6756454452736843
4290.0 0.6772970443898628
4292.0 0.6468456667977296
4294.0 0.6476092827663519
4296.0 0.6535646069884169
4298.0 0.6397840742163194
4300.0 0.6394492164918103
4302.0 0.6348929087116639
4304.0 0.6341221055195022
4306.0 0.6204773514462338
4308.0 0.6044399334508351
4310.0 0.5859527734532152
4312.0 0.5872052631610027
4314.0 0.5770908860739453
4316.0 0.572280679206407
4318.0 0.6041360468241607
4320.0 0.5886405942517886
4322.0 0.5381169340879396
4324.0 0.5429453212482994
4326.0 0.5604328908636816
4328.0 0.5581701828431708
4330.0 0.5519285880271328
4332.0 0.5403032360765576
4334.0 0.5308727894457844
4336.0 0.5237606464074833
4338.0 0.5132752250848317
4340.0 0.5020933382313133
4342.0 0.5105882865243748
4344.0 0.5171179048626121
4346.0 0.5080384511509113
4348.0 0.5244618009389189
4350.0 0.5363183659542067
4352.0 0.5398678319727688
4354.0 0.5460717162696945
4356.0 0.549976985854263
4358.0 0.5521386570427118
4360.0 0.5732638877621108
4362.0 0.5783357958024766
4364.0 0.5710167781440332
4366.0 0.5773597534573085
4368.0 0.5764445169570614
4370.0 0.5663702516106814
4372.0 0.5702932880608624
4374.0 0.5704861643768369
4376.0 0.5732104507536445
4378.0 0.5769650003285345
4380.0 0.5888886993008464
4382.0 0.5860148224057643
4384.0 0.58337079006322
4386.0 0.6061613864877278
4388.0 0.6162733957106487
4390.0 0.6015751734060945
4392.0 0.6044137091624211
4394.0 0.6219680261012355
4396.0 0.6157604185234498
4398.0 0.6230022428577195
4400.0 0.6402662242723188
4402.0 0.6227874519459351
4404.0 0.6115456288634333
4406.0 0.628544608924416
4408.0 0.6517283147488426
4410.0 0.6629653787776623
4412.0 0.6335739456133004
4414.0 0.608128987168658
4416.0 0.6127547018480632
4418.0 0.6256775681032262
4420.0 0.6450396304198897
4422.0 0.664659104139473
4424.0 0.6621665101773039
4426.0 0.6623214383527971
4428.0 0.6653873506286104
4430.0 0.6852133019429651
4432.0 0.7081081805786368
4434.0 0.6923433890919798
4436.0 0.6834552349947643
4438.0 0.6949153175022751
4440.0 0.6796729525287286
4442.0 0.6849446755758694
4444.0 0.6965542343299828
4446.0 0.6918794786725295
4448.0 0.6813134342574889
4450.0 0.7038834939036731
4452.0 0.7145623954445092
4454.0 0.703918737984721
4456.0 0.7093266086376933
4458.0 0.7200047791588421
4460.0 0.7070553497962995
4462.0 0.7205969302736452
4464.0 0.7218380734233825
4466.0 0.6912344977503768
4468.0 0.7017644757882778
4470.0 0.714305418658554
4472.0 0.7348645955441971
4474.0 0.7463462256897556
4476.0 0.745852766516128
4478.0 0.7381589568480443
4480.0 0.7491420485975114
4482.0 0.7493210851142577
4484.0 0.742570899441548
4486.0 0.7665836197483511
4488.0 0.7819665389510599
4490.0 0.7733260001303373
4492.0 0.7659811934025049
4494.0 0.7728401617873648
4496.0 0.7816587688230736
4498.0 0.7896374137541047
4500.0 0.793943573046198
4502.0 0.7888999239289016
4504.0 0.8064670951389724
4506.0 0.8019906778872823
4508.0 0.8011308956272577
4510.0 0.8030452987976167
4512.0 0.8134113466009192
4514.0 0.8257813307835697
4516.0 0.8190410560721039
4518.0 0.8238027993291106
4520.0 0.8181274168278527
4522.0 0.8192701673646968
4524.0 0.8383140087236365
4526.0 0.851891759806635
4528.0 0.8578241624670448
4530.0 0.8527841432954834
4532.0 0.8623278552774288
4534.0 0.8811585220122482
4536.0 0.8591704315678992
4538.0 0.8394162826957732
4540.0 0.8423148184629277
4542.0 0.8546030645541863
4544.0 0.8207639849871801
4546.0 0.8109131727007468
4548.0 0.8310817118324618
4550.0 0.8409441107346753
4552.0 0.8309839643971099
4554.0 0.8235346415406357
4556.0 0.8283652349271972
4558.0 0.8220535361899199
4560.0 0.8200214226053236
4562.0 0.790206792703731
4564.0 0.7870524038169194
4566.0 0.8047592321511577
4568.0 0.8047790724309938
4570.0 0.7873105979390828
4572.0 0.8041669914051169
4574.0 0.7810913442648276
4576.0 0.7601676428720417
4578.0 0.7713352044312564
4580.0 0.7967900281720491
4582.0 0.7832016210582761
4584.0 0.7565572170059143
4586.0 0.7703341549499008
4588.0 0.7771113324965094
4590.0 0.7587062822963813
4592.0 0.7584041391858405
4594.0 0.7591357817365785
4596.0 0.7545831329361482
4598.0 0.7479308163194789
4600.0 0.7581700590692682
4602.0 0.7361421154734795
4604.0 0.7192649837733256
4606.0 0.7449265063118933
4608.0 0.7477730839404948
4610.0 0.7416531439062576
4612.0 0.7328320920775915
4614.0 0.7207520017632089
4616.0 0.7127178392577423
4618.0 0.7159988152633033
4620.0 0.6999451234587144
4622.0 0.7044354288461133
4624.0 0.694443331269451
4626.0 0.6740606505784066
4628.0 0.6893384291384456
4630.0 0.6857745752549224
4632.0 0.6719690553100485
4634.0 0.6584659319293084
4636.0 0.6443339876847894
4638.0 0.6342179405735965
4640.0 0.6161610052436695
4642.0 0.6038911882168638
4644.0 0.5982090061662588
4646.0 0.6112921383610532
4648.0 0.6096443545048742
4650.0 0.6071922203758383
4652.0 0.597200518623946
4654.0 0.593988286656773
4656.0 0.5887907355780552
4658.0 0.593518042797658
4660.0 0.5815961664965451
4662.0 0.5695244989434068
4664.0 0.5765618022327427
4666.0 0.5988433895080016
4668.0 0.6152159377067422
4670.0 0.6174509441102114
4672.0 0.6286462892453774
4674.0 0.6453785740137546
4676.0 0.6684229253795948
4678.0 0.6793411263168485
4680.0 0.6895762165630017
4682.0 0.6865101509150562
4684.0 0.7115664560369989
4686.0 0.7162089936978253
4688.0 0.7249996110916244
4690.0 0.7350171703655447
4692.0 0.7286172017011657
4694.0 0.7380420574578495
4696.0 0.7410691100788596
4698.0 0.7306298400875276
4700.0 0.7228833710390434
4702.0 0.7351403453355342
4704.0 0.730828631840095
4706.0 0.7255751458482385
4708.0 0.73883290037103
4710.0 0.7417802726523584
4712.0 0.7117165454349668
4714.0 0.6867908596082427
4716.0 0.6978449181073406
4718.0 0.7261790568208573
4720.0 0.7338313757529015
4722.0 0.718415607133304
4724.0 0.7149675276481002
4726.0 0.7064855740572709
4728.0 0.6994521310048131
4730.0 0.7008168883420844
4732.0 0.6838253091625871
4734.0 0.6805682059153818
4736.0 0.6987865376490506
4738.0 0.7007513031447605
4740.0 0.6850750561508888
4742.0 0.6755083291462811
4744.0 0.6767603079170532
4746.0 0.6863618245194638
4748.0 0.6856246531527495
4750.0 0.6645293420161156
4752.0 0.6563318089103296
4754.0 0.6435777627581961
4756.0 0.6295750817027118
4758.0 0.6302334400111738
4760.0 0.6425213862866498
4762.0 0.6225214744064866
4764.0 0.6167526379591163
4766.0 0.6257462703534672
4768.0 0.6099291372946873
4770.0 0.6024264888132621
4772.0 0.6264003383549758
4774.0 0.6295413890683971
4776.0 0.6045969460021574
4778.0 0.5945750069491184
4780.0 0.5852130404768863
4782.0 0.5783844817067242
4784.0 0.5719024653035633
4786.0 0.5716733921971896
4788.0 0.579805788288368
4790.0 0.5754446973767429
4792.0 0.5696888535909542
4794.0 0.5764109801702562
4796.0 0.5767596572857837
4798.0 0.5795928742022898
4800.0 0.5722928854578412
4802.0 0.5786313496633273
4804.0 0.576778616949304
4806.0 0.5766930479060084
4808.0 0.5770400404284655
4810.0 0.5745797427248132
4812.0 0.5918744076654896
4814.0 0.6127033292015935
4816.0 0.59651340083465
4818.0 0.599944834932672
4820.0 0.6212056455646207
4822.0 0.6246011897612674
4824.0 0.5979783071500013
4826.0 0.5805176668182614
4828.0 0.587170149535127
4830.0 0.5807441517394751
4832.0 0.5674500265314696
4834.0 0.5626680301133097
4836.0 0.5604090718987345
4838.0 0.5578020281558644
4840.0 0.5544243055289304
4842.0 0.5506778454298961
4844.0 0.5473955402785089
4846.0 0.5439574037917181
4848.0 0.5404682926275375
4850.0 0.537067868414294
4852.0 0.5335029398440844
4854.0 0.5301275411841097
4856.0 0.5268569411468105
4858.0 0.5231978856250571
4860.0 0.51983814082319
4862.0 0.5164594036345806
4864.0 0.5128751642861064
4866.0 0.5132666905282603
4868.0 0.5113827818279748
4870.0 0.5311678349577516
4872.0 0.55072494882316
4874.0 0.5428852335511535
4876.0 0.526611372521625
4878.0 0.5482092987398538
4880.0 0.5690395310057815
4882.0 0.5701640156364801
4884.0 0.5777132344152972
4886.0 0.5857397878372952
4888.0 0.5971590608625466
4890.0 0.6125309644583068
4892.0 0.6064670865240146
4894.0 0.5816371066518728
4896.0 0.6067908979473766
4898.0 0.6375683265163639
4900.0 0.6327920337391632
4902.0 0.6393454880222935
4904.0 0.6667523334156411
4906.0 0.6701574776296054
4908.0 0.6766249333892361
4910.0 0.6879393482271877
4912.0 0.688210295902341
4914.0 0.6941136436388672
4916.0 0.7072490308172463
4918.0 0.7087027276436731
4920.0 0.7302593241131009
4922.0 0.7596180937972764
4924.0 0.7658056676652009
4926.0 0.7622739966220589
4928.0 0.7836558718607669
4930.0 0.7744374454871443
4932.0 0.7714603148869891
4934.0 0.7739068854912049
4936.0 0.7793539473705986
4938.0 0.7849200752383779
4940.0 0.7896905784340111
4942.0 0.7949217455031935
4944.0 0.7998701966201509
4946.0 0.805172969051172
4948.0 0.8105132440887993
4950.0 0.8152687061559338
4952.0 0.8203055897744762
4954.0 0.8258474382300964
4956.0 0.8308336847349844
4958.0 0.8360236216229857
4960.0 0.8410048573064727
4962.0 0.8460136275887549
4964.0 0.8517597570449847
4966.0 0.8602109744808498
4968.0 0.8605244698063254
4970.0 0.8744958386702142
4972.0 0.8583152817170747
4974.0 0.8495463220233823
4976.0 0.8843927009912994
4978.0 0.8979103298775145
4980.0 0.8761739474569418
4982.0 0.8786056448725994
4984.0 0.8894861922193777
4986.0 0.9080611334080937
4988.0 0.9153727192719593
4990.0 0.9202414763028063
4992.0 0.9220638563698429
4994.0 0.9187564848242287
4996.0 0.9154108138312472
4998.0 0.9122786956305908
5000.0 0.9093659164922089
5002.0 0.9068187331265415
5004.0 0.9041120600788324
5006.0 0.9009621325658156
5008.0 0.8980610268369721
5010.0 0.8952589495392819
5012.0 0.8925410444828896
5014.0 0.8899479803257586
5016.0 0.8866396101753898
5018.0 0.8840323193530725
5020.0 0.881393513974983
5022.0 0.8785904967505451
5024.0 0.8755714269911421
5026.0 0.8720657010506672
5028.0 0.8641391948480835
5030.0 0.8437575535820842
5032.0 0.8217032172165238
5034.0 0.8190881998616815
5036.0 0.8314217725479958
5038.0 0.8387881689172172
5040.0 0.8165922184389859
5042.0 0.8042161808586115
5044.0 0.8023603543853792
5046.0 0.7935299416266057
5048.0 0.803488493138762
5050.0 0.8103798956060915
5052.0 0.8135457592742041
5054.0 0.8196527164592077
5056.0 0.8244345761678794
5058.0 0.8308997234089109
5060.0 0.832969552047492
5062.0 0.822624993340947
5064.0 0.831984239411723
5066.0 0.8346866037426621
5068.0 0.8351550155800884
5070.0 0.8401041107454602
5072.0 0.8308576414924982
5074.0 0.813568742951338
5076.0 0.8212039647705982
5078.0 0.8266913105481213
5080.0 0.8358871741290976
5082.0 0.8339726470429907
5084.0 0.8304720936873327
5086.0 0.8462034082279761
5088.0 0.8420778646854886
5090.0 0.8223189148400808
5092.0 0.8055517849150051
5094.0 0.8023205820602678
5096.0 0.7960267172045904
5098.0 0.7922228416234443
5100.0 0.792123924171895
5102.0 0.7935769908285034
5104.0 0.7976481213464918
5106.0 0.7836153464321157
5108.0 0.7735184373392543
5110.0 0.7790315354930482
5112.0 0.7956498392746932
5114.0 0.8051948066145539
5116.0 0.8289289558904607
5118.0 0.8116539393087602
5120.0 0.8065850854169351
5122.0 0.8297974367029161
5124.0 0.8249010722761979
5126.0 0.8178365959993914
5128.0 0.8284646790259308
5130.0 0.8228833944235611
5132.0 0.8323151226019644
5134.0 0.8363696878755773
5136.0 0.837136838168525
5138.0 0.8363637271640809
5140.0 0.8507594121565658
5142.0 0.8575612877717411
5144.0 0.8617642008371657
5146.0 0.8604448937762058
5148.0 0.8475065930601949
5150.0 0.856974982820679
5152.0 0.8500809425022957
5154.0 0.8360946803870832
5156.0 0.8534643252800512
5158.0 0.8853508666747272
5160.0 0.9026734024363636
5162.0 0.881745111283011
5164.0 0.8545153082081197
5166.0 0.8649294778385275
5168.0 0.8872563088283059
5170.0 0.9037297500091431
5172.0 0.876864467479991
5174.0 0.8560914265646686
5176.0 0.8663466047999012
5178.0 0.8686646829276251
5180.0 0.8748051388565403
5182.0 0.8766360528549096
5184.0 0.8661275170403178
5186.0 0.8517684480607447
5188.0 0.8505970561967121
5190.0 0.8552259235323624
5192.0 0.8710398002853712
5194.0 0.8793316221027287
5196.0 0.8683398244807602
5198.0 0.8473107880407589
5200.0 0.8452189680988
5202.0 0.8356928146241197
5204.0 0.8338714797926098
5206.0 0.8360104994817736
5208.0 0.8448596190642093
5210.0 0.8474308957638553
5212.0 0.8362387975537967
5214.0 0.8354214385126791
5216.0 0.8469451986526312
5218.0 0.8263614153210437
5220.0 0.8286106199098942
5222.0 0.8547485244652945
5224.0 0.8510758251969728
5226.0 0.8416775345359729
5228.0 0.8560018201875058
5230.0 0.8558910319322048
5232.0 0.8430254256188617
5234.0 0.8385918181291455
5236.0 0.8402213728874128
5238.0 0.8418424010999285
5240.0 0.8391588958312672
5242.0 0.8346586166244954
5244.0 0.826298415601998
5246.0 0.8162787881158797
5248.0 0.8222087926069243
5250.0 0.835632795372435
5252.0 0.8392594980279546
5254.0 0.8390773064174347
5256.0 0.842589536704485
5258.0 0.8425615233751502
5260.0 0.8323712949651692
5262.0 0.8423482241131158
5264.0 0.8483759148112747
5266.0 0.838719883342335
5268.0 0.8436305667552175
5270.0 0.8467618721916249
5272.0 0.8463345130412934
5274.0 0.8413554237359848
5276.0 0.8440932452926211
5278.0 0.8400929116017022
5280.0 0.830448854600401
5282.0 0.8231758783773803
5284.0 0.8184353068716205
5286.0 0.8253833313970207
5288.0 0.8211200502860796
5290.0 0.8140654480265275
5292.0 0.8143832067207865
5294.0 0.8045216059761663
5296.0 0.8018283846000672
5298.0 0.8013011590394418
5300.0 0.7936919536499882
5302.0 0.8096771951202063
5304.0 0.8275327431793644
5306.0 0.8072520041954092
5308.0 0.8057655549137278
5310.0 0.8224194960310807
5312.0 0.8148343519428916
5314.0 0.8159526798700724
5316.0 0.8168699513109886
5318.0 0.8204764917483588
5320.0 0.8314928982121956
5322.0 0.8351621848445595
5324.0 0.820851200703235
5326.0 0.8259355124022352
5328.0 0.8420601580988752
5330.0 0.8359816578006191
5332.0 0.823506607790838
5334.0 0.8213992292868212
5336.0 0.8279810875998941
5338.0 0.8165317376253562
5340.0 0.7948337416183406
5342.0 0.7799246289180767
5344.0 0.7870100559869282
5346.0 0.790378093339578
5348.0 0.7890569304674246
5350.0 0.7905017262272376
5352.0 0.7880547578943488
5354.0 0.7856873871815901
5356.0 0.7852637447510619
5358.0 0.7781022349441888
5360.0 0.7768217708824515
5362.0 0.7831345909630093
5364.0 0.791697895197799
5366.0 0.7871492167604209
5368.0 0.7698029355611775
5370.0 0.7754873401671788
5372.0 0.7928067957646311
5374.0 0.7778474335183629
5376.0 0.7709117118217144
5378.0 0.788292718723461
5380.0 0.7805161685814552
5382.0 0.7768942024241926
5384.0 0.7687092463007055
5386.0 0.7553571106604565
5388.0 0.7608720934264013
5390.0 0.7580022539771166
5392.0 0.7539570957778288
5394.0 0.74611883084675
5396.0 0.7525799560270703
5398.0 0.7565132704288268
5400.0 0.7496335071777611
5402.0 0.7535032007547452
5404.0 0.7615003562927257
5406.0 0.7644129236176458
5408.0 0.7576916491038462
5410.0 0.7453031256435783
5412.0 0.7615304147612206
5414.0 0.7592252233914434
5416.0 0.7455120593666268
5418.0 0.7558035399065778
5420.0 0.7580248782767871
5422.0 0.758525317195892
5424.0 0.7658632981818928
5426.0 0.7671063843941903
5428.0 0.7711838936978295
5430.0 0.777788319858183
5432.0 0.7801246144307573
5434.0 0.7714544211583263
5436.0 0.7791438730028363
5438.0 0.7985444247305058
5440.0 0.7836312279437633
5442.0 0.7851650653443841
5444.0 0.7866621796054682
5446.0 0.7759196786506845
5448.0 0.7742809376774271
5450.0 0.7858920326587616
5452.0 0.7724591946774394
5454.0 0.7724730990834235
5456.0 0.7842809971283697
5458.0 0.7816285118414427
5460.0 0.7863934310357675
5462.0 0.7922161320105927
5464.0 0.7884707849086288
5466.0 0.7998807053394139
5468.0 0.7959371035328774
5470.0 0.796395428207491
5472.0 0.8012674476674924
5474.0 0.8041700537219224
5476.0 0.8018589779266898
5478.0 0.7952906066376081
5480.0 0.7896517660993869
5482.0 0.7916956533647219
5484.0 0.7922010549125563
5486.0 0.7918360181731617
5488.0 0.7854128651703604
5490.0 0.7945909390087919
5492.0 0.7903894046019247
5494.0 0.7723479906904517
5496.0 0.7885665728025821
5498.0 0.7974486571086608
5500.0 0.8009856874746007
5502.0 0.8075928004169872
5504.0 0.7910134440831659
5506.0 0.7910581330859114
5508.0 0.797602423590985
5510.0 0.7833796136103589
5512.0 0.7678588145307282
5514.0 0.7620476251167518
5516.0 0.7716421870632899
5518.0 0.7833937677555901
5520.0 0.7963008667256694
5522.0 0.8106197692207628
5524.0 0.7999838324087148
5526.0 0.7746320827918113
5528.0 0.732812298793037
5530.0 0.7270886904890128
5532.0 0.7491531531480241
5534.0 0.7646383883975297
5536.0 0.7826583195476076
5538.0 0.7900494096374845
5540.0 0.7832613516967747
5542.0 0.7831904340775694
5544.0 0.7681565338757921
5546.0 0.7552552520878468
5548.0 0.7541258165036766
5550.0 0.7631303507723655
5552.0 0.7661360765176446
5554.0 0.7655932278215742
5556.0 0.771315417733561
5558.0 0.7703180588272777
5560.0 0.7692847499037444
5562.0 0.7741232212029703
5564.0 0.7672543445223002
5566.0 0.7554489927939648
5568.0 0.7582615319918838
5570.0 0.768992673859489
5572.0 0.7707526712304856
5574.0 0.7718879124810725
5576.0 0.7774005653013166
5578.0 0.7673798991882991
5580.0 0.7638065890809288
5582.0 0.7508188063400745
5584.0 0.7448392572901359
5586.0 0.7469466952218721
5588.0 0.7430489579263682
5590.0 0.7425539732908956
5592.0 0.7520069696421107
5594.0 0.7678788072441725
5596.0 0.7728470079310801
5598.0 0.7454288542310935
5600.0 0.7217735456454863
5602.0 0.7236281001988188
5604.0 0.7328556807228125
5606.0 0.7402094752668673
5608.0 0.7250170298849321
5610.0 0.7112483027872178
5612.0 0.7030208921730204
5614.0 0.6955816875321328
5616.0 0.7031014482675126
5618.0 0.7108242714833464
5620.0 0.708723722670698
5622.0 0.7098138960016511
5624.0 0.7163463812830574
5626.0 0.7045592975670716
5628.0 0.6958800075230966
5630.0 0.6993023542606636
5632.0 0.7023080477079744
5634.0 0.6835457778938498
5636.0 0.6832591506011658
5638.0 0.669798986467749
5640.0 0.6600863064970626
5642.0 0.6550818036575107
5644.0 0.6507967205063403
5646.0 0.6487199113511122
5648.0 0.6407633550492569
5650.0 0.6362600212996466
5652.0 0.618817527623243
5654.0 0.5992883864230415
5656.0 0.5922845581066101
5658.0 0.5807346106470271
5660.0 0.5594843152543891
5662.0 0.5434339088159997
5664.0 0.524636932241975
5666.0 0.5005875776647364
5668.0 0.47985616395516334
5670.0 0.4708095324770909
5672.0 0.45680540712342466
5674.0 0.4419896793208985
5676.0 0.4381308223161262
5678.0 0.43199512877863794
5680.0 0.4204941274229562
5682.0 0.39896672375900066
5684.0 0.39687520795599673
5686.0 0.4047461495132246
5688.0 0.4045143565898122
5690.0 0.39259519839374823
5692.0 0.3780442799558751
5694.0 0.3834993867574481
5696.0 0.3980171008842762
5698.0 0.39098239700303516
5700.0 0.3902605133823873
5702.0 0.39715606306333934
5704.0 0.3987489149256996
5706.0 0.4146901160545065
5708.0 0.4211041396018235
5710.0 0.4209300236416389
5712.0 0.4159286708696743
5714.0 0.4169224651421423
5716.0 0.4243601917175918
5718.0 0.435839413737172
5720.0 0.4455193428963328
5722.0 0.44439284555448827
5724.0 0.4531799037399677
5726.0 0.47179404711730316
5728.0 0.4898569340135992
5730.0 0.508710869505117
5732.0 0.5033563851277966
5734.0 0.5015162165115585
5736.0 0.5220100415181677
5738.0 0.5391220587450835
5740.0 0.5492572494368512
5742.0 0.5581440069267006
5744.0 0.5652263043710106
5746.0 0.5649342371211113
5748.0 0.5854113456333464
5750.0 0.600260989786985
5752.0 0.606575990262671
5754.0 0.6290132312797244
5756.0 0.6519509331901518
5758.0 0.6675181627684476
5760.0 0.6646870408703118
5762.0 0.6699030915782607
5764.0 0.6975617362323495
5766.0 0.7001074392597754
5768.0 0.6960484807424118
5770.0 0.7034262979683431
5772.0 0.7186428482236706
5774.0 0.7255287161790424
5776.0 0.7261924031259213
5778.0 0.7374106261349885
5780.0 0.7511355533568926
5782.0 0.7597643754415146
5784.0 0.760554833359347
5786.0 0.7582148986192897
5788.0 0.7710188284586181
5790.0 0.7956091796186919
5792.0 0.8052502777380967
5794.0 0.8117671295974932
5796.0 0.8336298806389848
5798.0 0.8485115362799475
5800.0 0.8488272315130049
5802.0 0.8519072857006083
5804.0 0.8627946347649488
5806.0 0.8852332944832503
5808.0 0.8957318099195198
5810.0 0.881656389294647
5812.0 0.8792606230758498
5814.0 0.9013065058656142
5816.0 0.9064867901495985
5818.0 0.9055547158804372
5820.0 0.9212207100531035
5822.0 0.9449096080989638
5824.0 0.9446795968313103
5826.0 0.9492123315718702
5828.0 0.9533936932427626
5830.0 0.9532256121780894
5832.0 0.950998998834352
5834.0 0.9371448657724171
5836.0 0.9225192474135337
5838.0 0.9195072826424046
5840.0 0.9246737822329356
5842.0 0.9177026679050111
5844.0 0.9295715220091322
5846.0 0.9584576684626201
5848.0 0.9781583400984917
5850.0 0.965734200854516
5852.0 0.951305068579199
5854.0 0.9487929557219107
5856.0 0.9609513055247613
5858.0 0.9605653899196595
5860.0 0.9613171003627573
5862.0 0.9587044799333757
5864.0 0.95503109636527
5866.0 0.9529451201783826
5868.0 0.9461752313902734
5870.0 0.9544165545618958
5872.0 0.951538354298678
5874.0 0.9483359641384076
5876.0 0.9479867459049023
5878.0 0.9479571997744294
5880.0 0.9476686985396386
5882.0 0.9474693017064302
5884.0 0.9472731102161419
5886.0 0.9469986059241203
5888.0 0.9468469468720655
5890.0 0.946683470943039
5892.0 0.9463513354290484
5894.0 0.9462108352455435
5896.0 0.9459825808994958
5898.0 0.9457334156858079
5900.0 0.9456186778536502
5902.0 0.9454186344080142
5904.0 0.9462095808153207
5906.0 0.9439403607085521
5908.0 0.9412833822848099
5910.0 0.9396290466582442
5912.0 0.9313306497616815
5914.0 0.9165153833580967
5916.0 0.9099368886315354
5918.0 0.9161538461256783
5920.0 0.9095286198002808
5922.0 0.9076933170796555
5924.0 0.9234209724975982
5926.0 0.9164207307554404
5928.0 0.9104855312796591
5930.0 0.9018690152781599
5932.0 0.8809971177245195
5934.0 0.879549344681535
5936.0 0.8827606962405827
5938.0 0.8827874658248203
5940.0 0.8776578556171318
5942.0 0.8706019152854484
5944.0 0.8674416232458555
5946.0 0.8633125515119232
5948.0 0.8612924053646344
5950.0 0.8499263806635894
5952.0 0.8302876693082873
5954.0 0.8335563696137595
5956.0 0.8218329370139548
5958.0 0.8081632540599425
5960.0 0.817221587800987
5962.0 0.8252339568012315
5964.0 0.8152788013310631
5966.0 0.7999999513729975
5968.0 0.7912730802871606
5970.0 0.7864164647805929
5972.0 0.7825658556963425
5974.0 0.7800155868178923
5976.0 0.7761994423834124
5978.0 0.7618636438579787
5980.0 0.7575088621614385
5982.0 0.7561376400115511
5984.0 0.7554908673823327
5986.0 0.7553241097556042
5988.0 0.7392274239302237
5990.0 0.7288921994283337
5992.0 0.7226977221376879
5994.0 0.7175844306323871
5996.0 0.7021781789738537
5998.0 0.6900105398579678
6000.0 0.6908329122548473
6002.0 0.6862210454854794
6004.0 0.6907943290353963
6006.0 0.6823850419986726
6008.0 0.6685477669035396
6010.0 0.6639567062324341
6012.0 0.6607942904868963
6014.0 0.6547281409016236
6016.0 0.6561631263086548
6018.0 0.6557406035393797
6020.0 0.6525268001472512
6022.0 0.6519166049881862
6024.0 0.6486150044732476
6026.0 0.6393910706487193
6028.0 0.6394614773981941
6030.0 0.6474499734410226
6032.0 0.655340955839771
6034.0 0.6486454654359729
6036.0 0.6491348042078879
6038.0 0.6395822687144439
6040.0 0.6369300522965098
6042.0 0.6369697884041543
6044.0 0.634167380797627
6046.0 0.6418113202675674
6048.0 0.6423127281532852
6050.0 0.644180944521905
6052.0 0.6468279315822806
6054.0 0.6434019741558399
6056.0 0.6402668983197269
6058.0 0.6407101596629103
6060.0 0.6335039384204327
6062.0 0.6267502583460125
6064.0 0.6262239993728401
6066.0 0.6233390485795859
6068.0 0.6149977269549953
6070.0 0.6165426941374631
6072.0 0.6180358848060817
6074.0 0.6079678436793333
6076.0 0.6057994861374121
6078.0 0.6011068055168963
6080.0 0.5948744999834465
6082.0 0.589478319797162
6084.0 0.5798819509806724
6086.0 0.5756176185792018
6088.0 0.5761884104336595
6090.0 0.5790810504877082
6092.0 0.5782427581324845
6094.0 0.5796314641923499
6096.0 0.5684582677561777
6098.0 0.5605338273763472
6100.0 0.568741457135803
6102.0 0.5650783906113936
6104.0 0.558489923132294
6106.0 0.5557528808160971
6108.0 0.5671591533546722
6110.0 0.5680279438454294
6112.0 0.5601654342012534
6114.0 0.5587457656205639
6116.0 0.5647496593402511
6118.0 0.5623245456960424
6120.0 0.5633439348266637
6122.0 0.5725312623943963
6124.0 0.5816109479131588
6126.0 0.5838079860813669
6128.0 0.5792791067324665
6130.0 0.5695664455496343
6132.0 0.5678106848414531
6134.0 0.5719776282668465
6136.0 0.5820493271340649
6138.0 0.5929180505990445
6140.0 0.5927408665767381
6142.0 0.577939782280426
6144.0 0.5762385616480317
6146.0 0.5763398789232829
6148.0 0.5849962075025058
6150.0 0.5910324584539385
6152.0 0.5933269967630399
6154.0 0.5990706162003586
6156.0 0.5986437948791551
6158.0 0.5914575056774336
6160.0 0.5895824765670842
6162.0 0.5972588259786931
6164.0 0.5829870010988665
6166.0 0.5752350307101465
6168.0 0.5814209348413886
6170.0 0.5900373208326974
6172.0 0.5885519144151694
6174.0 0.5861120694570172
6176.0 0.5816690703328155
6178.0 0.5782108878757619
6180.0 0.5741018038141062
6182.0 0.5716894456325212
6184.0 0.5695466885434348
6186.0 0.5607809164066205
6188.0 0.5536984275184252
6190.0 0.5494306553715276
6192.0 0.5368233076993445
6194.0 0.5364322679347749
6196.0 0.5318909681340361
6198.0 0.5278492653448398
6200.0 0.52099354879957
6202.0 0.5170778916631116
6204.0 0.5110233815206627
6206.0 0.4975043014427239
6208.0 0.4859127450534358
6210.0 0.4924782792942354
6212.0 0.5021422249410029
6214.0 0.4939225144845659
6216.0 0.4800422714934718
6218.0 0.47704542435453656
6220.0 0.4689222588126443
6222.0 0.4640162322864674
6224.0 0.4737519075037573
6226.0 0.4919569555527195
6228.0 0.4969250095474074
6230.0 0.4885408903520865
6232.0 0.494092857471263
6234.0 0.5086272600180808
6236.0 0.507513411372162
6238.0 0.5097330813107146
6240.0 0.5072016008406591
6242.0 0.4875184742404023
6244.0 0.4716427240012004
6246.0 0.475196274489077
6248.0 0.47610885332208364
6250.0 0.4775598332630555
6252.0 0.4793714591870135
6254.0 0.47308708495835594
6256.0 0.4684959298566925
6258.0 0.457626330450298
6260.0 0.4422882814377805
6262.0 0.4353027854292269
6264.0 0.4369175739903581
6266.0 0.4321626253961768
6268.0 0.43002511113915837
6270.0 0.4244985290798245
6272.0 0.4306225719443719
6274.0 0.43208365884712463
6276.0 0.4182227433564608
6278.0 0.40796731546800413
6280.0 0.40678814309009115
6282.0 0.41814136583834377
6284.0 0.42281385284346085
6286.0 0.43040847650063996
6288.0 0.42872883199241996
6290.0 0.4226627511538869
6292.0 0.4257363031188066
6294.0 0.4308635360412156
6296.0 0.4420938525575975
6298.0 0.4441234517553227
6300.0 0.4451701994810075
6302.0 0.4574664561174061
6304.0 0.4495259911524799
6306.0 0.45533675838834686
6308.0 0.47405376026142865
6310.0 0.4823723086709001
6312.0 0.5026216695435181
6314.0 0.5282880316123951
6316.0 0.5560281420739386
6318.0 0.5763011170974975
6320.0 0.6042961348377708
6322.0 0.6372896582359885
6324.0 0.657289137563168
6326.0 0.6679756792705165
6328.0 0.6870060418225604
6330.0 0.7077577639046039
6332.0 0.7138879281211983
6334.0 0.7291060012603239
6336.0 0.7467784153215309
6338.0 0.7589557997954058
6340.0 0.7684548274824671
6342.0 0.7709166764870189
6344.0 0.7624047312682662
6346.0 0.7728841058356672
6348.0 0.7846699211460335
6350.0 0.7930057709233886
6352.0 0.7987321050284112
6354.0 0.7968035467492486
6356.0 0.7889064336102324
6358.0 0.7839391059981708
6360.0 0.7907140535502096
6362.0 0.7908518146695513
6364.0 0.7933830892062068
6366.0 0.7958333005444065
6368.0 0.8052564617930883
6370.0 0.8059944568172964
6372.0 0.8109793086109759
6374.0 0.8142765928629201
6376.0 0.816936100370168
6378.0 0.8204514710137029
6380.0 0.8249891468726268
6382.0 0.823466677373657
6384.0 0.8379148650062768
6386.0 0.8348144798126049
6388.0 0.8290916248335601
6390.0 0.827048211473475
6392.0 0.8163632122674962
6394.0 0.8220221906231895
6396.0 0.83644630114677
6398.0 0.8337456067291185
6400.0 0.8300115152841335
6402.0 0.8260120353958187
6404.0 0.8216867439669603
6406.0 0.8176026637090696
6408.0 0.8134777896534705
6410.0 0.8093623139855858
6412.0 0.8054472702997568
6414.0 0.8010312030532636
6416.0 0.7969623111951726
6418.0 0.7930202452110442
6420.0 0.7887260760973871
6422.0 0.7846046390955838
6424.0 0.7805236666750964
6426.0 0.7762938054719194
6428.0 0.7724252565175695
6430.0 0.7682864942442587
6432.0 0.7616198087754597
6434.0 0.7628893248731152
6436.0 0.7457485917865733
6438.0 0.7200725806630891
6440.0 0.7104157631630524
6442.0 0.7112105933209488
6444.0 0.7101653743322263
6446.0 0.7007299518967794
6448.0 0.6938067606782451
6450.0 0.6876688081340487
6452.0 0.6758917350374773
6454.0 0.6620524244710061
6456.0 0.6496918858853927
6458.0 0.6452276050480898
6460.0 0.641190462804888
6462.0 0.6382063464228521
6464.0 0.6456074785178681
6466.0 0.6500178920298216
6468.0 0.6386299637441056
6470.0 0.6371789659970086
6472.0 0.6326681092980878
6474.0 0.6207809323773409
6476.0 0.6090848025536134
6478.0 0.6135904396913088
6480.0 0.6174078429168345
6482.0 0.6132320636573256
6484.0 0.6085403818049347
6486.0 0.6123686937061502
6488.0 0.6104569367601239
6490.0 0.6130715416798918
6492.0 0.6181080433708758
6494.0 0.6201790056698699
6496.0 0.6222094870417946
6498.0 0.6251646286356474
6500.0 0.6282103333142025
6502.0 0.6428073519500003
6504.0 0.658274451368557
6506.0 0.6652468816563831
6508.0 0.6555712263483676
6510.0 0.6686873813232188
6512.0 0.6909465924171125
6514.0 0.6997447554889241
6516.0 0.7009669624265943
6518.0 0.7159620831439114
6520.0 0.7108848279875439
6522.0 0.7075288401555434
6524.0 0.7220383004720731
6526.0 0.7386446574081568
6528.0 0.7526739045227965
6530.0 0.755867688501584
6532.0 0.7515966254647412
6534.0 0.7697402443131425
6536.0 0.7764503688648972
6538.0 0.768276843267074
6540.0 0.7579002723691315
6542.0 0.7553182928173898
6544.0 0.7646558135241902
6546.0 0.7700416659138087
6548.0 0.7714993096336052
6550.0 0.7722034384593124
6552.0 0.7730617239013196
6554.0 0.7737188218807751
6556.0 0.7736476262151352
6558.0 0.7742745832643687
6560.0 0.7748563397265087
6562.0 0.7757881970806657
6564.0 0.7759815709555234
6566.0 0.7761678493416261
6568.0 0.7770912377440891
6570.0 0.7778575592127346
6572.0 0.7782740326836227
6574.0 0.7784824198219031
6576.0 0.7789832680085705
6578.0 0.7797832886988771
6580.0 0.7817323521978351
6582.0 0.7850921079771319
6584.0 0.7830102786354092
6586.0 0.7691150230578458
6588.0 0.7684073398621588
6590.0 0.787396758272846
6592.0 0.8224483498231737
6594.0 0.8378780652490675
6596.0 0.8559274149194303
6598.0 0.8679843411388818
6600.0 0.8737460116356082
6602.0 0.8801610931882552
6604.0 0.8932444340454149
6606.0 0.8899966491113842
6608.0 0.8871198874948996
6610.0 0.8935967745312227
6612.0 0.8991654561793554
6614.0 0.9072468123229239
6616.0 0.8974154186820194
6618.0 0.8901974289568659
6620.0 0.8933314374562301
6622.0 0.887272908267408
6624.0 0.8884593463360816
6626.0 0.8879050644556
6628.0 0.8764676833668398
6630.0 0.8823415773957922
6632.0 0.883956404154072
6634.0 0.8831115257373539
6636.0 0.8918649899395874
6638.0 0.8952968899897293
6640.0 0.8906655095098757
6642.0 0.885228660582792
6644.0 0.8746942358074427
6646.0 0.8776953315303102
6648.0 0.8825428743604302
6650.0 0.8726816450974076
6652.0 0.8608218687197386
6654.0 0.8564170991731137
6656.0 0.8582751979151837
6658.0 0.8616490329129026
6660.0 0.8645898099820263
6662.0 0.8544943982273423
6664.0 0.8547396175119274
6666.0 0.8602977438135995
6668.0 0.8557312166289469
6670.0 0.8515507982508278
6672.0 0.8491755802929815
6674.0 0.8505252828494934
6676.0 0.8543055003411677
6678.0 0.8545375937686039
6680.0 0.8462996654872182
6682.0 0.8345678807932989
6684.0 0.8319901451426025
6686.0 0.8342427260104212
6688.0 0.8374583647536278
6690.0 0.8503479155757908
6692.0 0.8512694838501672
6694.0 0.8493105539843893
6696.0 0.8389727103671469
6698.0 0.8268541007445366
6700.0 0.8294389882932897
6702.0 0.8331820614939299
6704.0 0.8261225988480831
6706.0 0.8278524080930169
6708.0 0.8225273805263557
6710.0 0.8128851815139675
6712.0 0.8087876747349975
6714.0 0.8019387948436882
6716.0 0.7965922530561561
6718.0 0.7850528441125689
6720.0 0.7742419149397827
6722.0 0.7740899792279914
6724.0 0.7889239205006218
6726.0 0.8073868314653462
6728.0 0.8145704531637202
6730.0 0.8058125895780428
6732.0 0.786354089925256
6734.0 0.7796066635588934
6736.0 0.7802877075176516
6738.0 0.7858507763250419
6740.0 0.7877677303880619
6742.0 0.7871805177035744
6744.0 0.7863194169359043
6746.0 0.7876982197859859
6748.0 0.7807120830818396
6750.0 0.7736776715362539
6752.0 0.7655254026698076
6754.0 0.7578924023391005
6756.0 0.7476960311792564
6758.0 0.7411859572842066
6760.0 0.7374193599457376
6762.0 0.7270206585103232
6764.0 0.7189791130097967
6766.0 0.7148638689553894
6768.0 0.7112025710055484
6770.0 0.7062490050024478
6772.0 0.7024071023149363
6774.0 0.6985492881559674
6776.0 0.6939019669112733
6778.0 0.6900410212528625
6780.0 0.6858573378777397
6782.0 0.6814669954238917
6784.0 0.6778147347734715
6786.0 0.6733209410702979
6788.0 0.6690820232626767
6790.0 0.6653870111299686
6792.0 0.6607137999194648
6794.0 0.6550132728252185
6796.0 0.654311983663735
6798.0 0.650983893333132
6800.0 0.6345711461983737
6802.0 0.6097516713061519
6804.0 0.5587950376201163
6806.0 0.5097371608948964
6808.0 0.4855872998171725
6810.0 0.47045876085546506
6812.0 0.4812920975890829
6814.0 0.48829186655620455
6816.0 0.5117530460768323
6818.0 0.5307926035222011
6820.0 0.5188053822646249
6822.0 0.505256709352785
6824.0 0.49778764549066645
6826.0 0.4871248314652538
6828.0 0.4842985135779875
6830.0 0.4775594222609985
6832.0 0.47297798193673873
6834.0 0.46877846518441335
6836.0 0.4613612794269274
6838.0 0.4641720933211796
6840.0 0.4597523694151763
6842.0 0.45642264948241834
6844.0 0.4605942047439144
6846.0 0.46343400799388634
6848.0 0.45680752965452487
6850.0 0.45064549082673044
6852.0 0.45797163015538733
6854.0 0.4586842092105232
6856.0 0.4548119732745815
6858.0 0.4541708131378299
6860.0 0.4561385353276667
6862.0 0.4609827341731093
6864.0 0.4638547072422123
6866.0 0.4609812186530285
6868.0 0.4647588318452886
6870.0 0.4666319216701437
6872.0 0.46284895156272604
6874.0 0.4665508077648452
6876.0 0.4808434979654617
6878.0 0.48714988039521007
6880.0 0.48790838501960326
6882.0 0.48405039703063446
6884.0 0.48455459239783905
6886.0 0.5080945064895733
6888.0 0.5300727077740152
6890.0 0.527428419690942
6892.0 0.5280381691790188
6894.0 0.5402363235630175
6896.0 0.5497840381221268
6898.0 0.5537529594581426
6900.0 0.566189922236123
6902.0 0.5789214874704995
6904.0 0.5977813026786438
6906.0 0.5987569699090182
6908.0 0.59968549673389
6910.0 0.6068904928906362
6912.0 0.6065574332712503
6914.0 0.6032907878119688
6916.0 0.6159689315852154
6918.0 0.6313289612455264
6920.0 0.6296324369939462
6922.0 0.6303315095188868
6924.0 0.633015741513617
6926.0 0.6443509351588311
6928.0 0.6487928660870227
6930.0 0.6565387091132722
6932.0 0.6614174591097334
6934.0 0.6693990032236945
6936.0 0.672596324027539
6938.0 0.6794206615356552
6940.0 0.6851351396988473
6942.0 0.693510914857865
6944.0 0.7064473119581921
6946.0 0.7163812054117514
6948.0 0.7225139268037737
6950.0 0.7276817800341872
6952.0 0.73646544780067
6954.0 0.7360103017991373
6956.0 0.7423739521407834
6958.0 0.7523298519299533
6960.0 0.7594578255939953
6962.0 0.7691735830938605
6964.0 0.7713706396460359
6966.0 0.785496932447912
6968.0 0.8029103018091164
6970.0 0.8096108833907011
6972.0 0.8180435876631843
6974.0 0.8247943553278081
6976.0 0.829255848018348
6978.0 0.8450127138948085
6980.0 0.8523291334788431
6982.0 0.8613778700273558
6984.0 0.8765933122309658
6986.0 0.8812876008893702
6988.0 0.8831008266031966
6990.0 0.8910067340215521
6992.0 0.8873740728235723
6994.0 0.8873575839256949
6996.0 0.8874206562844487
6998.0 0.8750370683460251
7000.0 0.86869084570176
7002.0 0.8733255752895316
7004.0 0.8764766790701457
7006.0 0.8672136562751045
7008.0 0.8506193247657563
7010.0 0.8397598893185818
7012.0 0.831520874722741
7014.0 0.8295613536084825
7016.0 0.821315135494436
7018.0 0.8208877796892525
7020.0 0.821126298925046
7022.0 0.8224369214640331
7024.0 0.8266949032024961
7026.0 0.8196639710518216
7028.0 0.8146776336264354
7030.0 0.809379317809595
7032.0 0.8112083174417463
7034.0 0.8104185691318276
7036.0 0.8062500897097359
7038.0 0.7913351452104825
7040.0 0.7612477578315332
7042.0 0.7447486873480107
7044.0 0.7524399580903118
7046.0 0.7709638205725433
7048.0 0.7655992757801373
7050.0 0.74863195233643
7052.0 0.735052776269525
7054.0 0.7265049554457369
7056.0 0.7297699964454011
7058.0 0.7248359000545848
7060.0 0.7161548050079891
7062.0 0.7094787580795692
7064.0 0.7040299504907064
7066.0 0.701890099527174
7068.0 0.6909079314474041
7070.0 0.6936101641988236
7072.0 0.6944073521149576
7074.0 0.6979349632423137
7076.0 0.6988583752029403
7078.0 0.6898481190015917
7080.0 0.685469072100622
7082.0 0.6901862968962987
7084.0 0.6897275509333383
7086.0 0.6873679793859735
7088.0 0.6863860624315362
7090.0 0.68113457671853
7092.0 0.6777902823434272
7094.0 0.6901386448599924
7096.0 0.6986019188382391
7098.0 0.6903103943532569
7100.0 0.692703970184056
7102.0 0.6866019002576236
7104.0 0.6760730404994149
7106.0 0.6764404695944016
7108.0 0.6784883814921728
7110.0 0.6694343089968647
7112.0 0.6654681047920292
7114.0 0.6738786686023721
7116.0 0.6690562361438843
7118.0 0.6569234435812875
7120.0 0.6545171393095439
7122.0 0.6601595081546824
7124.0 0.6656035061513199
7126.0 0.6514508575047454
7128.0 0.6454383276650643
7130.0 0.6473843108565924
7132.0 0.6443292516152677
7134.0 0.6402051048329176
7136.0 0.6426362366690167
7138.0 0.6449754643942202
7140.0 0.6426504351360336
7142.0 0.6477061196989099
7144.0 0.6685730910329649
7146.0 0.6828396631282921
7148.0 0.6721878466696162
7150.0 0.6719683426749563
7152.0 0.6669310801465677
7154.0 0.662054277973161
7156.0 0.6671572070617151
7158.0 0.6622153810815458
7160.0 0.6575946180261767
7162.0 0.6489641573348098
7164.0 0.6500272397653505
7166.0 0.6436071849392727
7168.0 0.6395005375717231
7170.0 0.6337663978756444
7172.0 0.6458889802447686
7174.0 0.6367402559323859
7176.0 0.6384232703869925
7178.0 0.6486173083278315
7180.0 0.6548516335730941
7182.0 0.6724413969458953
7184.0 0.6839981155376365
7186.0 0.6849894504614441
7188.0 0.6816373467556542
7190.0 0.6858592571122388
7192.0 0.6947263768748368
7194.0 0.6958297312953426
7196.0 0.70281952362761
7198.0 0.7056390274797751
7200.0 0.7039409145069677
7202.0 0.7245511908708271
7204.0 0.7303780773712215
7206.0 0.7301896477777415
7208.0 0.7315688416045334
7210.0 0.7223171604130686
7212.0 0.7205085305157931
7214.0 0.7271997340656855
7216.0 0.7393848600116415
7218.0 0.7434661596998916
7220.0 0.7489228975813248
7222.0 0.7545625979353554
7224.0 0.7520504551824782
7226.0 0.7546019024261036
7228.0 0.7600539431841974
7230.0 0.7506306537903862
7232.0 0.7390056228683051
7234.0 0.7431461568149454
7236.0 0.7586811521733325
7238.0 0.7584890884450091
7240.0 0.758419101774695
7242.0 0.7620278616652562
7244.0 0.7614514692242124
7246.0 0.7632360795740094
7248.0 0.7600138834225271
7250.0 0.7515033848588132
7252.0 0.7478632102553463
7254.0 0.7624318397361707
7256.0 0.7782827487825672
7258.0 0.7658730737268827
7260.0 0.7578301306764301
7262.0 0.7715769544121646
7264.0 0.759370488584593
7266.0 0.7564348581789432
7268.0 0.754365616432507
7270.0 0.7553177718721298
7272.0 0.7582050418843734
7274.0 0.7602239181888151
7276.0 0.7468717666724057
7278.0 0.7378602656938172
7280.0 0.7462701588327043
7282.0 0.7423799948816291
7284.0 0.7302341226115554
7286.0 0.7378108123985724
7288.0 0.7345173001316978
7290.0 0.7184333688624386
7292.0 0.7213843859824073
7294.0 0.7118050355103528
7296.0 0.7047175005181896
7298.0 0.7208153154126257
7300.0 0.7190264426928131
7302.0 0.6980329174206273
7304.0 0.6843555644152173
7306.0 0.6938824945535995
7308.0 0.6984901828627763
7310.0 0.704314957660142
7312.0 0.7034415777526659
7314.0 0.7023940877628567
7316.0 0.7041375905969268
7318.0 0.6970554920138889
7320.0 0.7062185281815434
7322.0 0.7070840273752258
7324.0 0.6979120128828906
7326.0 0.6906708492721552
7328.0 0.6935058690275888
7330.0 0.7013978370457824
7332.0 0.6944315698992587
7334.0 0.6992352699862532
7336.0 0.7052054227906934
7338.0 0.6977560411346962
7340.0 0.690230618597089
7342.0 0.6807363526294747
7344.0 0.6803821168599093
7346.0 0.6766675800978926
7348.0 0.6853180319768883
7350.0 0.6894781079552422
7352.0 0.6750994988395111
7354.0 0.6743485084689258
7356.0 0.6819250633326245
7358.0 0.6816244167505144
7360.0 0.6736758484470684
7362.0 0.6673422610824412
7364.0 0.6638702821846457
7366.0 0.6711843230060424
7368.0 0.6738415719425689
7370.0 0.6644803209284509
7372.0 0.6581762431008896
7374.0 0.6583056322789063
7376.0 0.651237637415414
7378.0 0.6448438246907904
7380.0 0.642159399972664
7382.0 0.6442675275365809
7384.0 0.6411948930268064
7386.0 0.6372572337499296
7388.0 0.6329886267135602
7390.0 0.6333146173952827
7392.0 0.6258209399150777
7394.0 0.6188371477406661
7396.0 0.6209737568601269
7398.0 0.6217532698942618
7400.0 0.6271229108897434
7402.0 0.6262503108271383
7404.0 0.6073816289556083
7406.0 0.602909227840538
7408.0 0.6011250250419043
7410.0 0.5971124510447843
7412.0 0.6027671674303208
7414.0 0.5978835739359774
7416.0 0.5841068769226293
7418.0 0.5819839242116862
7420.0 0.5888109318675233
7422.0 0.5864864943889888
7424.0 0.5961010199918586
7426.0 0.6003000218250957
7428.0 0.5966795789690914
7430.0 0.5863118310412143
7432.0 0.5832433756393255
7434.0 0.5841192406790355
7436.0 0.590368106986601
7438.0 0.5869008876158709
7440.0 0.579977082450053
7442.0 0.5859520542520736
7444.0 0.5841442418187719
7446.0 0.579674501713349
7448.0 0.5750805987462001
7450.0 0.5740947401453516
7452.0 0.5741182761069105
7454.0 0.5651286404682966
7456.0 0.5629395879813887
7458.0 0.5647616118548607
7460.0 0.5539564684692677
7462.0 0.5435084400040684
7464.0 0.5495256427089577
7466.0 0.5446977070420131
7468.0 0.5472477772180977
7470.0 0.5383174437428468
7472.0 0.5349117265981909
7474.0 0.5383618944775966
7476.0 0.5323992898828789
7478.0 0.5219359473127037
7480.0 0.5234767340532207
7482.0 0.5177348371420009
7484.0 0.5124094988263722
7486.0 0.5208207233004543
7488.0 0.521421169708177
7490.0 0.5146676111909756
7492.0 0.5037937729661847
7494.0 0.496610709252508
7496.0 0.4917190244635526
7498.0 0.4832942260944857
7500.0 0.47590069115359307
7502.0 0.46866050761827494
7504.0 0.46011930651975713
7506.0 0.45293582521551373
7508.0 0.44507969482793225
7510.0 0.4371350415247432
7512.0 0.43007821473000657
7514.0 0.4218057915663259
7516.0 0.41421984063154904
7518.0 0.4070521676243768
7520.0 0.39858276211755433
7522.0 0.3913371940987405
7524.0 0.3821619869355424
7526.0 0.36336217074162797
7528.0 0.35266963490981057
7530.0 0.3402687184227464
7532.0 0.33056853329517155
7534.0 0.32618811628343924
7536.0 0.3211937499156259
7538.0 0.31652736425105676
7540.0 0.3122844604437891
7542.0 0.3068158722483643
7544.0 0.30250675208893435
7546.0 0.29812364699859856
7548.0 0.2928935308668791
7550.0 0.28864388274080843
7552.0 0.2837622668308397
7554.0 0.27892989561340853
7556.0 0.2747520160929175
7558.0 0.26950730901700604
7560.0 0.2647755799044208
7562.0 0.2594120160485553
7564.0 0.25431867531476215
7566.0 0.26071302433561444
7568.0 0.2708298014458831
7570.0 0.26832405779005725
7572.0 0.2736537639893061
7574.0 0.2775146591342506
7576.0 0.2917112023250911
7578.0 0.3098574992982095
7580.0 0.3226756162977495
7582.0 0.33148062974219594
7584.0 0.34563879721949786
7586.0 0.35325795839088225
7588.0 0.3652736464137843
7590.0 0.3675303448118331
7592.0 0.3735479950298182
7594.0 0.3812536232062646
7596.0 0.3904783092252788
7598.0 0.4014824642121213
7600.0 0.410474200345711
7602.0 0.4166140312625035
7604.0 0.4185238923564062
7606.0 0.4191997700317544
7608.0 0.41897821297841586
7610.0 0.42826177506679014
7612.0 0.43172313035680365
7614.0 0.4393595234207105
7616.0 0.4321243773702821
7618.0 0.4310849500134669
7620.0 0.4366482023791779
7622.0 0.44193005757896425
7624.0 0.45525353245951156
7626.0 0.460052832249585
7628.0 0.4503746980338587
7630.0 0.44686259619860785
7632.0 0.44531162143381886
7634.0 0.44442681626366515
7636.0 0.44688336422664454
7638.0 0.4470454442292192
7640.0 0.4462097228137667
7642.0 0.45719188676985023
7644.0 0.45735431746430527
7646.0 0.4362606752641503
7648.0 0.42992795537251693
7650.0 0.4324088387944753
7652.0 0.43958955320608445
7654.0 0.4499620325785768
7656.0 0.4506803406116208
7658.0 0.45512049483745504
7660.0 0.45873899613375274
7662.0 0.45453480844131716
7664.0 0.46358928765825647
7666.0 0.47046497115726
7668.0 0.46362732166476145
7670.0 0.46553640711152855
7672.0 0.4719832876433348
7674.0 0.476055416997398
7676.0 0.49968665039144083
7678.0 0.502876368750801
7680.0 0.48531580313705386
7682.0 0.4660054559746959
7684.0 0.45444919657520094
7686.0 0.4518197864248425
7688.0 0.44693181090844986
7690.0 0.446076816857385
7692.0 0.4514042121380065
7694.0 0.459965324021671
7696.0 0.4653001697526527
7698.0 0.4598152768412545
7700.0 0.4569829444342248
7702.0 0.4558152997478094
7704.0 0.47004636775644965
7706.0 0.4847270055743388
7708.0 0.48066137102110157
7710.0 0.4740354922885343
7712.0 0.480300074405279
7714.0 0.47865210701292393
7716.0 0.4814810278415344
7718.0 0.503882117706762
7720.0 0.518473401992328
7722.0 0.5096651501657189
7724.0 0.5108468953369767
7726.0 0.5056842172643065
7728.0 0.5166373629543903
7730.0 0.5132984421838459
7732.0 0.512643061007714
7734.0 0.510159503388528
7736.0 0.5021564244995277
7738.0 0.49294821403643485
7740.0 0.5078882698818814
7742.0 0.5242858777759319
7744.0 0.5188376318997608
7746.0 0.5070467675419713
7748.0 0.5064945386890413
7750.0 0.4980238610984042
7752.0 0.4917888594797436
7754.0 0.48885325796936435
7756.0 0.491459064839806
7758.0 0.4976375276018746
7760.0 0.4975280976588775
7762.0 0.5032723932038373
7764.0 0.5038749345655912
7766.0 0.5040430031793786
7768.0 0.5043162215844604
7770.0 0.5046234080122495
7772.0 0.5047149600742208
7774.0 0.5051228894686352
7776.0 0.505374360540209
7778.0 0.5055104235463893
7780.0 0.505855535059791
7782.0 0.5059969157371401
7784.0 0.5063098725206631
7786.0 0.50660954233874
7788.0 0.5066844169878553
7790.0 0.5069878167142162
7792.0 0.5069334433534217
7794.0 0.5068606715203281
7796.0 0.5080796963093633
7798.0 0.49756801169808124
7800.0 0.48274980187381206
7802.0 0.48680987959261396
7804.0 0.5005105394915134
7806.0 0.5057986068433646
7808.0 0.5012956551489176
7810.0 0.48982323123318616
7812.0 0.49452891163394885
7814.0 0.5079641004203972
7816.0 0.5067455967761877
7818.0 0.49215860419597407
7820.0 0.4794441688274725
7822.0 0.46933727064107567
7824.0 0.4738532030747634
7826.0 0.48208084176068433
7828.0 0.484350794391431
7830.0 0.48589309577220563
7832.0 0.48104808555439654
7834.0 0.47739723556949193
7836.0 0.47772490011876834
7838.0 0.4835474727421089
7840.0 0.4842998083097745
7842.0 0.47513514495714665
7844.0 0.4678457625722791
7846.0 0.45525721282669673
7848.0 0.45866361218742363
7850.0 0.465795052710679
7852.0 0.47023359346762295
7854.0 0.4755880797660168
7856.0 0.48104554654842824
7858.0 0.47549904924636605
7860.0 0.46764800376337584
7862.0 0.46812195925320094
7864.0 0.4664974431896721
7866.0 0.4571590676213201
7868.0 0.46307430627918184
7870.0 0.4667614935737849
7872.0 0.4671130093642331
7874.0 0.4735990896530169
7876.0 0.4755072974741863
7878.0 0.4676736453894022
7880.0 0.46872752833010745
7882.0 0.47100952157793374
7884.0 0.45741185632113174
7886.0 0.46068525646463676
7888.0 0.47040504532413246
7890.0 0.46770485077752116
7892.0 0.455035057470175
7894.0 0.43959762612212344
7896.0 0.4416387513892214
7898.0 0.44379207350290745
7900.0 0.4463123464986541
7902.0 0.44944727746931945
7904.0 0.4550709947294921
7906.0 0.438021118677727
7908.0 0.4351220528352022
7910.0 0.43750190931924027
7912.0 0.44035946725846126
7914.0 0.44259060161091257
7916.0 0.4502890011094625
7918.0 0.43092696856631135
7920.0 0.4214223136066932
7922.0 0.4261242257682459
7924.0 0.4189247048750846
7926.0 0.41694055140911984
7928.0 0.4186003725912539
7930.0 0.3999314222363655
7932.0 0.4026978894914314
7934.0 0.39775559830501034
7936.0 0.4186233343005356
7938.0 0.43285444418396746
7940.0 0.43298015794192446
7942.0 0.42900480498954047
7944.0 0.4207223789879247
7946.0 0.4091218763797436
7948.0 0.40113374660608864
7950.0 0.3975620719611162
7952.0 0.4114558238452913
7954.0 0.4192609489264067
7956.0 0.4254332517704827
7958.0 0.4172963196093975
7960.0 0.40553300910488865
7962.0 0.40248776885888854
7964.0 0.40648870437362955
7966.0 0.41506998445066734
7968.0 0.4105328525748724
7970.0 0.403734928476211
7972.0 0.40440040893826934
7974.0 0.39784678386371986
7976.0 0.3929674178914789
7978.0 0.3939389522857513
7980.0 0.3992316753530391
7982.0 0.4013595047348058
7984.0 0.40820067676104727
7986.0 0.4200245809738003
7988.0 0.4185376728435163
7990.0 0.41149147411196557
7992.0 0.39809468553437694
7994.0 0.3959030801073552
7996.0 0.3937998220338513
7998.0 0.39291098296609195
8000.0 0.3920968597009451
8002.0 0.3887690146714377
8004.0 0.3913585043294927
8006.0 0.39016803378878406
8008.0 0.3887078019327291
8010.0 0.38665091320518274
8012.0 0.3888232235886706
8014.0 0.3887651536798251
8016.0 0.3873608713290962
8018.0 0.38881189077876027
8020.0 0.3834403764000131
8022.0 0.37765075707139134
8024.0 0.3855110729782861
8026.0 0.39466970461405343
8028.0 0.39889188595249164
8030.0 0.40072104107630124
8032.0 0.38715345474018553
8034.0 0.3843043911360855
8036.0 0.3829904353815458
8038.0 0.38210081508892896
8040.0 0.3658222904574119
8042.0 0.35940446336698045
8044.0 0.35909705828848787
8046.0 0.3551498093316241
8048.0 0.3553076431502463
8050.0 0.35691002737392885
8052.0 0.3635707678645735
8054.0 0.37379193829786733
8056.0 0.3761044987176493
8058.0 0.3728138891236326
8060.0 0.37039471854868844
8062.0 0.3601325630051905
8064.0 0.3611136678301085
8066.0 0.3622108327293343
8068.0 0.35907305128858596
8070.0 0.3552096087940142
8072.0 0.35345559075998123
8074.0 0.34561577337812893
8076.0 0.3434234219942212
8078.0 0.3452021698671869
8080.0 0.35047960492814745
8082.0 0.35455330951771563
8084.0 0.35418893067324936
8086.0 0.3459741510385683
8088.0 0.33934847495626064
8090.0 0.33871679153156103
8092.0 0.3422967312713285
8094.0 0.3490446455880895
8096.0 0.34791916326813876
8098.0 0.34603451002234115
8100.0 0.35723300560713195
8102.0 0.3515034411537762
8104.0 0.3400929399337776
8106.0 0.33891360770007184
8108.0 0.3487746520074096
8110.0 0.34916014894257397
8112.0 0.35198684432274
8114.0 0.34334757271565297
8116.0 0.34043937093099264
8118.0 0.3481783228562079
8120.0 0.3506443974914881
8122.0 0.3528142491752515
8124.0 0.3503815158867047
8126.0 0.35669152352766637
8128.0 0.3668430141158734
8130.0 0.3707010808970746
8132.0 0.36577270247573695
8134.0 0.35697394137890476
8136.0 0.35678173443557654
8138.0 0.35049286122706413
8140.0 0.34978170985431695
8142.0 0.3490543363777745
8144.0 0.3492125334299593
8146.0 0.3366901488016969
8148.0 0.3015506942072958
8150.0 0.28048886551118096
8152.0 0.26483677247425264
8154.0 0.2615480750724212
8156.0 0.2772415008046659
8158.0 0.28751049858706573
8160.0 0.30022932218081394
8162.0 0.3068884844595199
8164.0 0.30220160682241404
8166.0 0.295666798882406
8168.0 0.29524937914745436
8170.0 0.29757646927719067
8172.0 0.3043601271578048
8174.0 0.3117016371790649
8176.0 0.3120244110998351
8178.0 0.3088091807306211
8180.0 0.29461078318258843
8182.0 0.2886375794536088
8184.0 0.28857184744303316
8186.0 0.28437631153271115
8188.0 0.29016887388311136
8190.0 0.293211950480249
8192.0 0.2881588748757573
8194.0 0.28055766913744523
8196.0 0.2857965381765094
8198.0 0.2955410408032265
8200.0 0.30392231944534903
8202.0 0.30735421268866875
8204.0 0.2952250440108811
8206.0 0.28285391599248294
8208.0 0.27648875879915
8210.0 0.24846945040907661
8212.0 0.23316779324319245
8214.0 0.2408741779442137
8216.0 0.2866185336068565
8218.0 0.30762541477525956
8220.0 0.31476242457964043
8222.0 0.29384343410945396
8224.0 0.27603030987986593
8226.0 0.2788745635354536
8228.0 0.27586514091659864
8230.0 0.275872259110585
8232.0 0.2851641835236501
8234.0 0.2919548401253494
8236.0 0.31641988067376275
8238.0 0.31716423034802727
8240.0 0.32333604466009697
8242.0 0.3282969747082993
8244.0 0.32107744482189526
8246.0 0.3174644879553308
8248.0 0.32799397699489896
8250.0 0.3321072388839082
8252.0 0.32798788881534385
8254.0 0.31953545806379524
8256.0 0.3145889986073852
8258.0 0.3128396124861424
8260.0 0.30493537594943365
8262.0 0.3066144132120356
8264.0 0.31808355165831526
8266.0 0.32322598544719205
8268.0 0.3143572231102191
8270.0 0.2891523363561279
8272.0 0.2926403534402412
8274.0 0.29320290462234866
8276.0 0.29734952686800864
8278.0 0.2951960712515156
8280.0 0.2871445166242417
8282.0 0.27480372527326463
8284.0 0.2736478084920578
8286.0 0.260409795068315
8288.0 0.2519036015552609
8290.0 0.25550581871400213
8292.0 0.26388942603553
8294.0 0.2777836245034066
8296.0 0.2881610107880317
8298.0 0.288122168193131
8300.0 0.292300144722557
8302.0 0.2829161325100615
8304.0 0.28078975149657537
8306.0 0.2775467325038355
8308.0 0.26758266283206195
8310.0 0.2704644395079998
8312.0 0.27150648764239643
8314.0 0.28283203363029996
8316.0 0.30527829851946714
8318.0 0.3416914742055841
8320.0 0.3153742368061808
8322.0 0.2662120845932438
8324.0 0.2758392336983796
8326.0 0.28502659214659803
8328.0 0.2883306002193628
8330.0 0.29185319053716163
8332.0 0.29208550602521316
8334.0 0.31101111544091514
8336.0 0.31459488699858695
8338.0 0.3001119537506944
8340.0 0.3073793018954433
8342.0 0.3019430843957827
8344.0 0.305286221129685
8346.0 0.32296889534084344
8348.0 0.35672214650342127
8350.0 0.3360247135313336
8352.0 0.31520944147048574
8354.0 0.3082955935385911
8356.0 0.30997255355232206
8358.0 0.3139455630773239
8360.0 0.31899883240599924
8362.0 0.33611517926416373
8364.0 0.34730899952544086
8366.0 0.3515632756380257
8368.0 0.34144105012649245
8370.0 0.36663049362497424
8372.0 0.3845389835446483
8374.0 0.39285872105389436
8376.0 0.3717357240738898
8378.0 0.3581218186416896
8380.0 0.3620083231669013
8382.0 0.3782068453757358
8384.0 0.38734010370529576
8386.0 0.38920247275990116
8388.0 0.38910448456589247
8390.0 0.39057766302746605
8392.0 0.380212404477556
8394.0 0.3846666903314628
8396.0 0.39073312070394023
8398.0 0.39643150137124394
8400.0 0.40869766338931224
8402.0 0.4059871714010894
8404.0 0.3979356914203927
8406.0 0.39476229035556043
8408.0 0.4012236765517007
8410.0 0.4157376121686524
8412.0 0.43523090860371355
8414.0 0.4447777318037297
8416.0 0.43827962486608474
8418.0 0.42768982152438184
8420.0 0.4274592832139636
8422.0 0.45466473899279647
8424.0 0.4732499422727276
8426.0 0.4494499953276377
8428.0 0.41808428633107486
8430.0 0.42420859218147394
8432.0 0.4313785240117712
8434.0 0.421488638174429
8436.0 0.41845143792121803
8438.0 0.41497888182240544
8440.0 0.4057175304621064
8442.0 0.40901806201619795
8444.0 0.41362834291740486
8446.0 0.4141790583622544
8448.0 0.4109539844792408
8450.0 0.4186869968213326
8452.0 0.4267368659801963
8454.0 0.42017694456910476
8456.0 0.4336503325770005
8458.0 0.44827557148017516
8460.0 0.44263256275858287
8462.0 0.43192666556662246
8464.0 0.4330177491490412
8466.0 0.43468446858915083
8468.0 0.4405772963689658
8470.0 0.446249142939774
8472.0 0.45358174680010477
8474.0 0.4556119017851773
8476.0 0.46333218510292545
8478.0 0.4613925475885176
8480.0 0.4579829271370695
8482.0 0.4752096818291155
8484.0 0.47913874990987954
8486.0 0.47906947223685864
8488.0 0.4951631460979707
8490.0 0.5068000233840495
8492.0 0.5046703697080641
8494.0 0.5016210303226557
8496.0 0.5025009907610688
8498.0 0.5060123423672044
8500.0 0.522134222243305
8502.0 0.5357487591944137
8504.0 0.5367303551886983
8506.0 0.5294944414830199
8508.0 0.5279291160129073
8510.0 0.535404976323711
8512.0 0.5439540079353493
8514.0 0.5587109734072114
8516.0 0.551471315392678
8518.0 0.54802261101428
8520.0 0.5564883926213375
8522.0 0.577144499396592
8524.0 0.5700811015473493
8526.0 0.574252102650293
8528.0 0.5927458998970623
8530.0 0.5930262381321993
8532.0 0.5737125582756555
8534.0 0.5747578509696051
8536.0 0.5847535920082793
8538.0 0.6019275092460367
8540.0 0.5932499101810832
8542.0 0.5793878639690138
8544.0 0.5725153171336126
8546.0 0.5735424369854225
8548.0 0.584633061284252
8550.0 0.5998108585235392
8552.0 0.6218316015249001
8554.0 0.645526442723034
8556.0 0.6522242791519457
8558.0 0.657370383592525
8560.0 0.6524917926622013
8562.0 0.6386434016650716
8564.0 0.6175973515672818
8566.0 0.6119938793783772
8568.0 0.6042431306615581
8570.0 0.5894703917664722
8572.0 0.5888726647496572
8574.0 0.5989521603622322
8576.0 0.6196640830575822
8578.0 0.6460038745728964
8580.0 0.656002180570977
8582.0 0.6566009224371793
8584.0 0.6551582339499387
8586.0 0.6582976258651885
8588.0 0.6665355691320894
8590.0 0.655580018754782
8592.0 0.6407093524424207
8594.0 0.6314249502629682
8596.0 0.6247394788255853
8598.0 0.6266649850458466
8600.0 0.6222533777371526
8602.0 0.6280630778048728
8604.0 0.6243152243447733
8606.0 0.6177881276466859
8608.0 0.6251062768383465
8610.0 0.6273070141347402
8612.0 0.6370370208667919
8614.0 0.6356102820130148
8616.0 0.6406225401194086
8618.0 0.6495420876069765
8620.0 0.6675648350783228
8622.0 0.6755615278710659
8624.0 0.6667152315925264
8626.0 0.6602421266326928
8628.0 0.667233006449306
8630.0 0.6631838568956837
8632.0 0.656415948525415
8634.0 0.6531899213468173
8636.0 0.6659527776685633
8638.0 0.6770625360314521
8640.0 0.6867618614990525
8642.0 0.6970018853239216
8644.0 0.7047311786546078
8646.0 0.7083055748929068
8648.0 0.7123722741745924
8650.0 0.7044908546549142
8652.0 0.7082944905501565
8654.0 0.715431408596838
8656.0 0.708775127579671
8658.0 0.7050310554443834
8660.0 0.7021760757029851
8662.0 0.6935340140157394
8664.0 0.6894034984435238
8666.0 0.6733448741086853
8668.0 0.6397215847765507
8670.0 0.6573867449328876
8672.0 0.6919755895950576
8674.0 0.7158947214596851
8676.0 0.7521784655741993
8678.0 0.7731831440584103
8680.0 0.7872771843484132
8682.0 0.8041019532766714
8684.0 0.7913411665945818
8686.0 0.739880618571759
8688.0 0.7025122567872707
8690.0 0.6560647412091685
8692.0 0.6298122563054759
8694.0 0.6212196006691784
8696.0 0.6297724508042453
8698.0 0.6531564967579161
8700.0 0.6642910126896338
8702.0 0.6930749480513992
8704.0 0.711479688215484
8706.0 0.7197983409516613
8708.0 0.7093571563011258
8710.0 0.7109725661930582
8712.0 0.700289471486612
8714.0 0.6781872924455282
8716.0 0.6446004684972821
8718.0 0.6381013280965987
8720.0 0.6439830073153955
8722.0 0.6416101088050522
8724.0 0.6433389255859903
8726.0 0.6551578632711375
8728.0 0.6497452635775894
8730.0 0.646511483584289
8732.0 0.6369922285085957
8734.0 0.6397471635558764
8736.0 0.6502575890210038
8738.0 0.6642919484039893
8740.0 0.7160737816860699
8742.0 0.7694567897730471
8744.0 0.7730716488048686
8746.0 0.6922627685769247
8748.0 0.5996081380889251
8750.0 0.5552342393821904
8752.0 0.5560516112746701
8754.0 0.5626783801531328
8756.0 0.5833261381471132
8758.0 0.5861513305314643
8760.0 0.5951460178172068
8762.0 0.5985213814748735
8764.0 0.6129756042031272
8766.0 0.6199571597068351
8768.0 0.5863023332280597
8770.0 0.5729712395408061
8772.0 0.5606683879534432
8774.0 0.5338501210580976
8776.0 0.5495272918311229
8778.0 0.5701208748036706
8780.0 0.5777697838997506
8782.0 0.5892828023257041
8784.0 0.5748054096032281
8786.0 0.5685645680746497
8788.0 0.5807899862426249
8790.0 0.5555033058007339
8792.0 0.5261144355718435
8794.0 0.5084757679276523
8796.0 0.4994115403443808
8798.0 0.49393683435109603
8800.0 0.48955738986672653
8802.0 0.47574254232922103
8804.0 0.4368635915444421
8806.0 0.4300801770750438
8808.0 0.47579418838556864
8810.0 0.5052484092917046
8812.0 0.5228548548519095
8814.0 0.5281713926585494
8816.0 0.5242886571057358
8818.0 0.51922375778585
8820.0 0.49389112111435896
8822.0 0.47775036392853204
8824.0 0.4672366131975262
8826.0 0.4532957179896404
8828.0 0.45256988829292266
8830.0 0.45135012747250153
8832.0 0.4243722298608008
8834.0 0.3852021931615616
8836.0 0.3802756698525913
8838.0 0.3882607746284557
8840.0 0.42476039883482947
8842.0 0.4430037755585107
8844.0 0.4304978426911923
8846.0 0.45406170896585824
8848.0 0.480559103617309
8850.0 0.4928051772436408
8852.0 0.48049738369974276
8854.0 0.4584934582149934
8856.0 0.45535635675750663
8858.0 0.44675722447194555
8860.0 0.4289575643446877
8862.0 0.4111364423055593
8864.0 0.4095120414878114
8866.0 0.4040848655543816
8868.0 0.42245865761132334
8870.0 0.4274545074498516
8872.0 0.4340909627054327
8874.0 0.4385775287846701
8876.0 0.4149762930303335
8878.0 0.39970193585383096
8880.0 0.3864367563566668
8882.0 0.36983172225751426
8884.0 0.39242926634057756
8886.0 0.4114580155207987
8888.0 0.4084116645144966
8890.0 0.41719277569782165
8892.0 0.4297701328011808
8894.0 0.4216843942781117
8896.0 0.4213256998346356
8898.0 0.41295878550366744
8900.0 0.3994919011653605
8902.0 0.3822566304919185
8904.0 0.3830798568770612
8906.0 0.38484716265603797
8908.0 0.39521188889114306
8910.0 0.4000640504532556
8912.0 0.3995339469687216
8914.0 0.39795409926551795
8916.0 0.3953669201998952
8918.0 0.38353610547305506
8920.0 0.38101837998635857
8922.0 0.3907519779208907
8924.0 0.3913015559993615
8926.0 0.3852976098208688
8928.0 0.3823406861074263
8930.0 0.3804776552790258
8932.0 0.37744076509070135
8934.0 0.3835919786059689
8936.0 0.39485652477273425
8938.0 0.39739030666303965
8940.0 0.39816156244762807
8942.0 0.387076538431697
8944.0 0.3834208895514685
8946.0 0.3821808900746322
8948.0 0.38041578985038554
8950.0 0.38201631492424915
8952.0 0.3780092701156201
8954.0 0.37576954544750435
8956.0 0.3763986157796088
8958.0 0.37805565302092065
8960.0 0.38090499508988573
8962.0 0.37770536166993895
8964.0 0.37574534705751095
8966.0 0.374563141686684
8968.0 0.3782001881413084
8970.0 0.38272105594115113
8972.0 0.3800217955624972
8974.0 0.38189157036247323
8976.0 0.3782561474511476
8978.0 0.3782712760672457
8980.0 0.3773109881212844
8982.0 0.37343510414849906
8984.0 0.371416611926703
8986.0 0.3725602080398509
8988.0 0.37386631354469146
8990.0 0.3702399112849718
8992.0 0.3632911687657947
8994.0 0.3675945363103512
8996.0 0.3696263779242924
8998.0 0.36859954465727446
9000.0 0.36619509658185295
9002.0 0.36903913516644965
9004.0 0.37213622530933255
9006.0 0.3721375228473959
9008.0 0.3705892706083457
9010.0 0.36978627276109144
9012.0 0.36850054607386845
9014.0 0.36915995952469044
9016.0 0.3668389492159103
9018.0 0.36603567425136696
9020.0 0.3645116844275845
9022.0 0.3658260678480182
9024.0 0.36293036573619536
9026.0 0.36106400014627166
9028.0 0.3630816002481195
9030.0 0.36456640696797377
9032.0 0.36524219666604146
9034.0 0.36525142532823524
9036.0 0.3680949003863495
9038.0 0.3700702467436606
9040.0 0.36975979337461035
9042.0 0.37268668082564316
9044.0 0.37222119181892976
9046.0 0.36787890277259255
9048.0 0.362993035259243
9050.0 0.36135262783247707
9052.0 0.3570156362782143
9054.0 0.3575316991955044
9056.0 0.35976854599403124
9058.0 0.36142679369471814
9060.0 0.363111962197855
9062.0 0.3679363697365878
9064.0 0.3729180835214867
9066.0 0.3714318388663669
9068.0 0.3673923757370491
9070.0 0.3677128205265249
9072.0 0.373780517948193
9074.0 0.3714569511761022
9076.0 0.3715667427767678
9078.0 0.36905059580698146
9080.0 0.3643988648965817
9082.0 0.3618622538877898
9084.0 0.36148351557218056
9086.0 0.3678735120822882
9088.0 0.366891849880927
9090.0 0.36673328383589227
9092.0 0.3702283411214617
9094.0 0.37389675641627246
9096.0 0.3738535765538114
9098.0 0.3731080491622935
9100.0 0.36747207022613343
9102.0 0.366654075116114
9104.0 0.37184889390872355
9106.0 0.37241400066698543
9108.0 0.372758297814373
9110.0 0.37598041120413966
9112.0 0.3715598886208385
9114.0 0.369425130285063
9116.0 0.3715140197853852
9118.0 0.3751538935921061
9120.0 0.37436901230706465
9122.0 0.37638200539327266
9124.0 0.37791698520745315
9126.0 0.3809844922874841
9128.0 0.3781819997233816
9130.0 0.3757655640669144
9132.0 0.3799455107680834
9134.0 0.3796083387224023
9136.0 0.3770258687702155
9138.0 0.37719391646496436
9140.0 0.37945683290761245
9142.0 0.3813191704224594
9144.0 0.38036116422930505
9146.0 0.3817997419627482
9148.0 0.38392066964597293
9150.0 0.3820540268393557
9152.0 0.38183999564122406
9154.0 0.379255393274466
9156.0 0.3763896701468156
9158.0 0.379941293875424
9160.0 0.386958810532874
9162.0 0.40076066345186356
9164.0 0.39396560528089103
9166.0 0.40319850078998987
9168.0 0.42047011959321695
9170.0 0.4159710378805228
9172.0 0.41995946319885596
9174.0 0.4224741016280141
9176.0 0.4251983444837249
9178.0 0.4257126865594287
9180.0 0.42403008944525966
9182.0 0.4228701960858644
9184.0 0.42479844161030433
9186.0 0.4271571579037151
9188.0 0.4303304468044901
9190.0 0.4292451875192055
9192.0 0.43001264353613866
9194.0 0.4327373577793592
9196.0 0.4307211514087998
9198.0 0.430994879312307
9200.0 0.42867287232379225
9202.0 0.4300485968649011
9204.0 0.43165012091962285
9206.0 0.4256673715647277
9208.0 0.42998820767160306
9210.0 0.42843077558021536
9212.0 0.4288017505379021
9214.0 0.43527189254117143
9216.0 0.438192420308426
9218.0 0.4343700355165903
9220.0 0.4318359621334525
9222.0 0.43513854513187317
9224.0 0.43819246163547426
9226.0 0.4394624348871597
9228.0 0.4386614964961562
9230.0 0.4314930591987259
9232.0 0.4272757741009974
9234.0 0.4327517765489135
9236.0 0.44027544051665346
9238.0 0.43944167588917843
9240.0 0.43839049377324724
9242.0 0.44144526609739915
9244.0 0.4402908260654733
9246.0 0.44394406109248485
9248.0 0.43951990821751646
9250.0 0.43087824672972547
9252.0 0.43086829618598776
9254.0 0.4373212194862063
9256.0 0.4394877907710445
9258.0 0.4345249090615564
9260.0 0.44401163474598826
9262.0 0.4504453281983203
9264.0 0.44883411788920335
9266.0 0.45142142407776586
9268.0 0.4529383476302256
9270.0 0.44430093408544785
9272.0 0.44327726302283094
9274.0 0.45125287221411026
9276.0 0.45247655125009123
9278.0 0.45069308051131385
9280.0 0.44826035536801356
9282.0 0.45192827050383405
9284.0 0.4561311337258851
9286.0 0.45523177123130504
9288.0 0.45223524159484185
9290.0 0.4612041113775147
9292.0 0.47230274279091145
9294.0 0.4572703851500577
9296.0 0.43785755473185417
9298.0 0.4484781775549889
9300.0 0.45621599046635475
9302.0 0.4547500780567596
9304.0 0.45604587243412403
9306.0 0.45720104617393126
9308.0 0.4537367371839379
9310.0 0.45946883795189564
9312.0 0.4588238387563668
9314.0 0.45531415964894695
9316.0 0.4524046213460666
9318.0 0.4619570415940358
9320.0 0.4472113402857223
9322.0 0.4477788707041274
9324.0 0.4543367440530317
9326.0 0.45006377760704547
9328.0 0.4309896598345515
9330.0 0.43441665968566195
9332.0 0.4646040721768295
9334.0 0.4760010713884996
9336.0 0.47830125848913047
9338.0 0.46763060723105343
9340.0 0.4528253237788457
9342.0 0.45266678121420234
9344.0 0.4485221906232013
9346.0 0.450651499491764
9348.0 0.4681485184833665
9350.0 0.4773583219867545
9352.0 0.4784497229721818
9354.0 0.4746873793765586
9356.0 0.4722087619936498
9358.0 0.464046283813165
9360.0 0.4612908287373216
9362.0 0.4783617886784237
9364.0 0.5003057259088561
9366.0 0.49227519365680955
9368.0 0.4743465310577719
9370.0 0.46649231791954177
9372.0 0.459528912067628
9374.0 0.4702564996153242
9376.0 0.48982153826231795
9378.0 0.4920501743713204
9380.0 0.48430666730370975
9382.0 0.4956061744742671
9384.0 0.5062530151772027
9386.0 0.4990918150108526
9388.0 0.5033728218655936
9390.0 0.513968747266215
9392.0 0.5237039695480954
9394.0 0.513354531970166
9396.0 0.5111404717871243
9398.0 0.5159754317953121
9400.0 0.507285626284696
9402.0 0.5017422817231934
9404.0 0.5005023303524789
9406.0 0.5011363937872443
9408.0 0.504185435879345
9410.0 0.5166993810978828
9412.0 0.5231096270513277
9414.0 0.50921305680338
9416.0 0.5092130530655704
9418.0 0.5092130499689236
9420.0 0.5092130721051841
9422.0 0.5092130879716739
9424.0 0.5092130510648815
9426.0 0.5092130404830595
9428.0 0.5092130213973877
9430.0 0.5092130167626859
9432.0 0.5092130145574998
9434.0 0.5092130183992453
9436.0 0.5092130239878138
9438.0 0.5092130327442526
9440.0 0.5092130597056828
9442.0 0.5092130687998643
9444.0 0.5092130700233288
9446.0 0.5092130635815285
9448.0 0.5092130564283833
9450.0 0.5092130586499339
9452.0 0.5092130630694138
9454.0 0.5092130793312224
9456.0 0.5092130834336903
9458.0 0.5092130866820906
9460.0 0.5092130825779417
9462.0 0.5092130765594286
9464.0 0.5092130620739195
9466.0 0.5092130479185975
9468.0 0.5092130401770408
9470.0 0.509213077202307
9472.0 0.5092130664397488
9474.0 0.5092130477307466
9476.0 0.5092130368848962
9478.0 0.5092130367214046
9480.0 0.5092130773096822
9482.0 0.5092130684915666
9484.0 0.5092130576894364
9486.0 0.5092130573787661
9488.0 0.5092130565658665
9490.0 0.5092130530083653
9492.0 0.5092130394786705
9494.0 0.5092130276573643
9496.0 0.5092130582879513
9498.0 0.5092130568879022
9500.0 0.5092130424282423
9502.0 0.5092130548029106
9504.0 0.5092130624536043
9506.0 0.5092130663948278
9508.0 0.5092130651167939
9510.0 0.5092130624839721
9512.0 0.5092130675231664
9514.0 0.5092130691216091
9516.0 0.5092130611945938
9518.0 0.5092130611945938
9520.0 0.5092130624687882
9522.0 0.5092130624687882
9524.0 0.5092130624687882
9526.0 0.5092130624687882
9528.0 0.5092130624687882
9530.0 0.5092130624687882
9532.0 0.5092130624687882
9534.0 0.5092130624687882
9536.0 0.5092130624687882
9538.0 0.5092130624687882
9540.0 0.5092130624687882
9542.0 0.5092130624687882
9544.0 0.5092130624687882
9546.0 0.5092130624687882
9548.0 0.5092130624687882
9550.0 0.5092130624687882
9552.0 0.5092130624687882
9554.0 0.5092130624687882
9556.0 0.5092130624687882
9558.0 0.5092130624687882
9560.0 0.5092130624687882
9562.0 0.5092130624687882
9564.0 0.5092130624687882
9566.0 0.5092130624687882
9568.0 0.5092130624687882
9570.0 0.5092130624687882
9572.0 0.5092130624687882
9574.0 0.5092130624687882
9576.0 0.5092130624687882
9578.0 0.5092130624687882
9580.0 0.5092130624687882
9582.0 0.5092130624687882
9584.0 0.5092130624687882
9586.0 0.5092130624687882
9588.0 0.5092130624687882
9590.0 0.5092130624687882
9592.0 0.5092130624687882
9594.0 0.5092130624687882
9596.0 0.5092130624687882
9598.0 0.5092130624687882
9600.0 0.5092130624687882
9602.0 0.5092130624687882
9604.0 0.5092130624687882
9606.0 0.5092130624687882
9608.0 0.5092130624687882
9610.0 0.5092130624687882
9612.0 0.5092130624687882
9614.0 0.5092130624687882
9616.0 0.5092130624687882
9618.0 0.5092130624687882
9620.0 0.5092130624687882
9622.0 0.5092130624687882
9624.0 0.5092130624687882
9626.0 0.5092130624687882
9628.0 0.5092130624687882
9630.0 0.5092130624687882
9632.0 0.5092130624687882
9634.0 0.5092130624687882
9636.0 0.5092130624687882
9638.0 0.5092130624687882
9640.0 0.5092130624687882
9642.0 0.5092130624687882
9644.0 0.5092130624687882
9646.0 0.5092130624687882
9648.0 0.5092130624687882
9650.0 0.5092130624687882
9652.0 0.5092130624687882
9654.0 0.5092130624687882
9656.0 0.5092130624687882
9658.0 0.5092130624687882
9660.0 0.5092130624687882
9662.0 0.5092130624687882
9664.0 0.5092130624687882
9666.0 0.5092130624687882
9668.0 0.5092130624687882
9670.0 0.5092130624687882
9672.0 0.5092130624687882
9674.0 0.5092130624687882
9676.0 0.5092130624687882
9678.0 0.5092130624687882
9680.0 0.5092130624687882
9682.0 0.5092130624687882
9684.0 0.5092130624687882
9686.0 0.5092130624687882
9688.0 0.5092130624687882
9690.0 0.5092130624687882
9692.0 0.5092130624687882
9694.0 0.5092130624687882
9696.0 0.5092130624687882
9698.0 0.5092130624687882
9700.0 0.5092130624687882
9702.0 0.5092130624687882
9704.0 0.5092130624687882
9706.0 0.5092130624687882
9708.0 0.5092130624687882
9710.0 0.5092130624687882
9712.0 0.5092130624687882
9714.0 0.5092130624687882
9716.0 0.5092130624687882
9718.0 0.5092130624687882
9720.0 0.5092130624687882
9722.0 0.5092130624687882
9724.0 0.5092130624687882
9726.0 0.5092130624687882
9728.0 0.5092130624687882
9730.0 0.5092130624687882
9732.0 0.5092130624687882
9734.0 0.5092130624687882
9736.0 0.5092130624687882
9738.0 0.5092130624687882
9740.0 0.5092130624687882
9742.0 0.5092130624687882
9744.0 0.5092130624687882
9746.0 0.5092130624687882
9748.0 0.5092130624687882
9750.0 0.5092130624687882
9752.0 0.5092130624687882
9754.0 0.5092130624687882
9756.0 0.5092130624687882
9758.0 0.5092130624687882
9760.0 0.5092130624687882
9762.0 0.5092130624687882
9764.0 0.5092130624687882
9766.0 0.5092130624687882
9768.0 0.5092130624687882
9770.0 0.5092130624687882
9772.0 0.5092130624687882
9774.0 0.5092130624687882
9776.0 0.5092130624687882
9778.0 0.5092130624687882
9780.0 0.5092130624687882
9782.0 0.5092130624687882
9784.0 0.5092130624687882
9786.0 0.5092130624687882
9788.0 0.5092130624687882
9790.0 0.5092130624687882
9792.0 0.5092130624687882
9794.0 0.5092130624687882
9796.0 0.5092130624687882
9798.0 0.5092130624687882
9800.0 0.5092130624687882
9802.0 0.5092130624687882
9804.0 0.5092130624687882
9806.0 0.5092130624687882
9808.0 0.5092130624687882
9810.0 0.5092130624687882
9812.0 0.5092130624687882
9814.0 0.5092130624687882
9816.0 0.5092130624687882
9818.0 0.5092130624687882
9820.0 0.5092130624687882
9822.0 0.5092130624687882
9824.0 0.5092130624687882
9826.0 0.5092130624687882
9828.0 0.5092130624687882
9830.0 0.5092130624687882
9832.0 0.5092130624687882
9834.0 0.5092130624687882
9836.0 0.5092130624687882
9838.0 0.5092130624687882
9840.0 0.5092130624687882
9842.0 0.5092130624687882
9844.0 0.5092130624687882
9846.0 0.5092130624687882
9848.0 0.5092130624687882
9850.0 0.5092130624687882
9852.0 0.5092130624687882
9854.0 0.5092130624687882
9856.0 0.5092130624687882
9858.0 0.5092130624687882
9860.0 0.5092130624687882
9862.0 0.5092130624687882
9864.0 0.5092130624687882
9866.0 0.5092130624687882
9868.0 0.5092130624687882
9870.0 0.5092130624687882
9872.0 0.5092130624687882
9874.0 0.5092130624687882
9876.0 0.5092130624687882
9878.0 0.5092130624687882
9880.0 0.5092130624687882
9882.0 0.5092130624687882
9884.0 0.5092130624687882
9886.0 0.5092130624687882
9888.0 0.5092130624687882
9890.0 0.5092130624687882
9892.0 0.5092130624687882
9894.0 0.5092130624687882
9896.0 0.5092130624687882
9898.0 0.5092130624687882
9900.0 0.5092130624687882
9902.0 0.5092130624687882
9904.0 0.5092130624687882
9906.0 0.5092130624687882
9908.0 0.5092130624687882
9910.0 0.5092130624687882
9912.0 0.5092130624687882
9914.0 0.5092130624687882
9916.0 0.5092130624687882
9918.0 0.5092130624687882
9920.0 0.5092130624687882
9922.0 0.5092130624687882
9924.0 0.5092130624687882
9926.0 0.5092130624687882
9928.0 0.5092130624687882
9930.0 0.5092130624687882
9932.0 0.5092130624687882
9934.0 0.5092130624687882
9936.0 0.5092130624687882
9938.0 0.5092130624687882
9940.0 0.5092130624687882
9942.0 0.5092130624687882
9944.0 0.5092130624687882
9946.0 0.5092130624687882
9948.0 0.5092130624687882
9950.0 0.5092130624687882
9952.0 0.5092130624687882
9954.0 0.5092130624687882
9956.0 0.5092130624687882
9958.0 0.5092130624687882
9960.0 0.5092130624687882
9962.0 0.5092130624687882
9964.0 0.5092130624687882
9966.0 0.5092130624687882
9968.0 0.5092130624687882
9970.0 0.5092130624687882
9972.0 0.5092130624687882
9974.0 0.5092130624687882
9976.0 0.5092130624687882
9978.0 0.5092130624687882
9980.0 0.5092130624687882
9982.0 0.5092130624687882
9984.0 0.5092130624687882
9986.0 0.5092130624687882
9988.0 0.5092130624687882
9990.0 0.5092130624687882
9992.0 0.5092130624687882
9994.0 0.5092130624687882
9996.0 0.5092130624687882
9998.0 0.5092130624687882
