# z obs_date
# 0 52280
3580.0 0.4169921128154429
3582.0 0.4215464998020064
3584.0 0.42040289688535454
3586.0 0.41830207279074944
3588.0 0.42054092291927914
3590.0 0.4177855279756226
3592.0 0.41358327078412
3594.0 0.42367859202391944
3596.0 0.41383351286460845
3598.0 0.41338350535764196
3600.0 0.42553268210067563
3602.0 0.4183156643931479
3604.0 0.41431449288400407
3606.0 0.41322309028580084
3608.0 0.4099108328636729
3610.0 0.4061440738035768
3612.0 0.4063680073867275
3614.0 0.4103100947892646
3616.0 0.4122289083107165
3618.0 0.4138194752314612
3620.0 0.4161246747473253
3622.0 0.4189646273771507
3624.0 0.4175193422744531
3626.0 0.4167664929110775
3628.0 0.4112743681666566
3630.0 0.4231932594922599
3632.0 0.42483839180894256
3634.0 0.4247020626397334
3636.0 0.4222546453492845
3638.0 0.423246165642458
3640.0 0.422321338710384
3642.0 0.42279146737630086
3644.0 0.42451302584605505
3646.0 0.41891749435815756
3648.0 0.4264661973976069
3650.0 0.4267035972869899
3652.0 0.42624605692142736
3654.0 0.4327722954115259
3656.0 0.43541094649132406
3658.0 0.43752389526639024
3660.0 0.43348323869509076
3662.0 0.4279622994161096
3664.0 0.4311516210999245
3666.0 0.4336993017939501
3668.0 0.4449927139077651
3670.0 0.4432877023185372
3672.0 0.4486148621034507
3674.0 0.44824366734010734
3676.0 0.4461565744742717
3678.0 0.4567105548381432
3680.0 0.4584222805355499
3682.0 0.4588493691523871
3684.0 0.46518183669640956
3686.0 0.4653888144718641
3688.0 0.4613629379849904
3690.0 0.4535370061891382
3692.0 0.45901679082590696
3694.0 0.4584606212300737
3696.0 0.45217432890366105
3698.0 0.4498785645840061
3700.0 0.4500063863389993
3702.0 0.450471034243285
3704.0 0.44392064168785195
3706.0 0.4449024269753713
3708.0 0.44506658116322495
3710.0 0.4334642204711568
3712.0 0.4271192111827118
3714.0 0.42224884443593774
3716.0 0.4114424603628875
3718.0 0.40867774146934704
3720.0 0.4087362710769212
3722.0 0.4105356211605519
3724.0 0.41912752904818346
3726.0 0.4366483104889534
3728.0 0.43327154666750956
3730.0 0.4175599792885839
3732.0 0.3912745193980164
3734.0 0.37088437127498997
3736.0 0.3678652470518152
3738.0 0.3571098441402173
3740.0 0.348076243217468
3742.0 0.3486484367140211
3744.0 0.3540866052295792
3746.0 0.3442241938470617
3748.0 0.3371330162913272
3750.0 0.3311716334486627
3752.0 0.326993068094123
3754.0 0.3315616881531365
3756.0 0.33201756249216413
3758.0 0.32750235944496925
3760.0 0.3240403329685786
3762.0 0.318932312754623
3764.0 0.3150357700650949
3766.0 0.3140264296141212
3768.0 0.31200165140761027
3770.0 0.31088374096499655
3772.0 0.3093980707101113
3774.0 0.3101202882510322
3776.0 0.31319240658000225
3778.0 0.3032775335251937
3780.0 0.30400967789481165
3782.0 0.30870997741710104
3784.0 0.3063761306058617
3786.0 0.3037017812821605
3788.0 0.2969501870955255
3790.0 0.29594614296835986
3792.0 0.2987142131161399
3794.0 0.30464871019921846
3796.0 0.30856651130727536
3798.0 0.3116581876493285
3800.0 0.31628085629889746
3802.0 0.32076759130901955
3804.0 0.31971212086316775
3806.0 0.3170207889776021
3808.0 0.32099469503080813
3810.0 0.3264177950338619
3812.0 0.3330247608778863
3814.0 0.3318061491169577
3816.0 0.33197651047502724
3818.0 0.33839353729547744
3820.0 0.3414890930104561
3822.0 0.34580673298843134
3824.0 0.34989019588165293
3826.0 0.35769577950063175
3828.0 0.36368637891685246
3830.0 0.3675782688965484
3832.0 0.37533714974927274
3834.0 0.38471978436915766
3836.0 0.39237205840579314
3838.0 0.4051126152884193
3840.0 0.4130581670207332
3842.0 0.41807858078775956
3844.0 0.4287338138510953
3846.0 0.44549882366001287
3848.0 0.45646450571915415
3850.0 0.45880859332243046
3852.0 0.4694847599731158
3854.0 0.48595748411715456
3856.0 0.4995521805756657
3858.0 0.5092479704000024
3860.0 0.5174463641156987
3862.0 0.5251385979778512
3864.0 0.5361798859608344
3866.0 0.5523175721551341
3868.0 0.5660245856930239
3870.0 0.5824943593052845
3872.0 0.5934824196111174
3874.0 0.6035524781493257
3876.0 0.620128936444872
3878.0 0.6310137303693977
3880.0 0.6463092079784543
3882.0 0.6650599254246764
3884.0 0.6806250421090428
3886.0 0.6962910910636902
3888.0 0.7159323529096264
3890.0 0.7296309872976583
3892.0 0.7365669436561231
3894.0 0.749603272635968
3896.0 0.7635559833775398
3898.0 0.7747240387628243
3900.0 0.7851342611596875
3902.0 0.7990442920192102
3904.0 0.8084168475199146
3906.0 0.8187973413844319
3908.0 0.8297095842219795
3910.0 0.8367995956297695
3912.0 0.8419835823224091
3914.0 0.8457020503489223
3916.0 0.8434639235849372
3918.0 0.8417840577481884
3920.0 0.8421898078107886
3922.0 0.8364812932043424
3924.0 0.8198285632169456
3926.0 0.8060705500708727
3928.0 0.8076655241491186
3930.0 0.8150982422629135
3932.0 0.8211872555757675
3934.0 0.8229047784753419
3936.0 0.837007183840661
3938.0 0.8557401265564464
3940.0 0.8603637189219122
3942.0 0.8630627252216417
3944.0 0.8682605747691721
3946.0 0.8645284180478561
3948.0 0.863756913579248
3950.0 0.8640644804292978
3952.0 0.8607849848664685
3954.0 0.8579401127714217
3956.0 0.8534242834449948
3958.0 0.8428864207963053
3960.0 0.8320565708830854
3962.0 0.8266201373873859
3964.0 0.8302439063082738
3966.0 0.8338827476212383
3968.0 0.8370200129089573
3970.0 0.8446917288254002
3972.0 0.851260537053242
3974.0 0.8529190547035749
3976.0 0.8553364164450886
3978.0 0.8611770207992938
3980.0 0.8605025077839841
3982.0 0.8586862709846739
3984.0 0.8586512593957807
3986.0 0.859000648635943
3988.0 0.8596274664076059
3990.0 0.8594742135447648
3992.0 0.8598004103185476
3994.0 0.8610416346226036
3996.0 0.8621122807687313
3998.0 0.8616110523900877
4000.0 0.8587752096238355
4002.0 0.8604629493284827
4004.0 0.8652006077178052
4006.0 0.8682413370144073
4008.0 0.8677384240429784
4010.0 0.8700609896485078
4012.0 0.8719777475523369
4014.0 0.8733343047220229
4016.0 0.8748116136090471
4018.0 0.8764585593450749
4020.0 0.8741674450405293
4022.0 0.8704293337357795
4024.0 0.8651221363449342
4026.0 0.8589745460934061
4028.0 0.8574844565338973
4030.0 0.8599487493993235
4032.0 0.8616822790367318
4034.0 0.8587617646125387
4036.0 0.8505726673580504
4038.0 0.8445532915195378
4040.0 0.8423635991882776
4042.0 0.840329240327077
4044.0 0.8305992809826862
4046.0 0.8198083025162218
4048.0 0.8084843989827486
4050.0 0.8010889032598397
4052.0 0.7928541748970778
4054.0 0.7810666558619836
4056.0 0.7733687832224304
4058.0 0.7664766787345201
4060.0 0.7613883146390563
4062.0 0.7533574979420381
4064.0 0.7439786218844288
4066.0 0.736112961055137
4068.0 0.7289112459227006
4070.0 0.7182551830398693
4072.0 0.7098141314140902
4074.0 0.7103259297920511
4076.0 0.7062214807046558
4078.0 0.699733025830544
4080.0 0.6932116141058219
4082.0 0.6830125883670558
4084.0 0.673512324211252
4086.0 0.664137188261182
4088.0 0.6538015525436274
4090.0 0.6439650669219215
4092.0 0.6375252669568373
4094.0 0.6364791788668109
4096.0 0.6373649808708162
4098.0 0.635821024477121
4100.0 0.633869217464461
4102.0 0.6332524411965176
4104.0 0.627939741238433
4106.0 0.6229843091759093
4108.0 0.6174489178900797
4110.0 0.6139009099002393
4112.0 0.6065444114106353
4114.0 0.6004376645497884
4116.0 0.5971798786442021
4118.0 0.5962952783466886
4120.0 0.5926624841778708
4122.0 0.5848571273084255
4124.0 0.5815801933488519
4126.0 0.5803299110316823
4128.0 0.5809170278563422
4130.0 0.5839302432686349
4132.0 0.583982782321902
4134.0 0.5783297195770819
4136.0 0.5762380001992767
4138.0 0.578630452542458
4140.0 0.5794227821097808
4142.0 0.5792409777500136
4144.0 0.5790439697520827
4146.0 0.5783609498389134
4148.0 0.5737237463533247
4150.0 0.5705228746236972
4152.0 0.5719253693022958
4154.0 0.5709599930894164
4156.0 0.5716675358811213
4158.0 0.5703328658538974
4160.0 0.5677433437121026
4162.0 0.5684958629299784
4164.0 0.5694356991572522
4166.0 0.5688339306794746
4168.0 0.5711410144900426
4170.0 0.5730787941586079
4172.0 0.5690766503534732
4174.0 0.5687264289498445
4176.0 0.5713060143300189
4178.0 0.5706620170309713
4180.0 0.5721712834071235
4182.0 0.5733312046971627
4184.0 0.5742377549122892
4186.0 0.5759024336338021
4188.0 0.5783057620896594
4190.0 0.5769173694919534
4192.0 0.5722144809712438
4194.0 0.5719130328466049
4196.0 0.5744581968505034
4198.0 0.5770303157288694
4200.0 0.5799061889092159
4202.0 0.5792740773405693
4204.0 0.5784588054548372
4206.0 0.5741387437470961
4208.0 0.5762904142164116
4210.0 0.5801540787451207
4212.0 0.5799845946898158
4214.0 0.5808517379882538
4216.0 0.5777524027478069
4218.0 0.5743729976615697
4220.0 0.5798062211309584
4222.0 0.5848692573784434
4224.0 0.5831768924582054
4226.0 0.5804458035201858
4228.0 0.5801812318974838
4230.0 0.5816511126333895
4232.0 0.5873838942902952
4234.0 0.5892253054709756
4236.0 0.5869704555754989
4238.0 0.5897337233521196
4240.0 0.5945735096716378
4242.0 0.5934848254097863
4244.0 0.5916551782194185
4246.0 0.5960360342128126
4248.0 0.6008806178226231
4250.0 0.6020917744729125
4252.0 0.598631484928729
4254.0 0.5967843962606062
4256.0 0.6006488396437258
4258.0 0.6031162095366133
4260.0 0.6020718844289072
4262.0 0.6032554647203391
4264.0 0.601798799077406
4266.0 0.601468762685997
4268.0 0.6015198288029818
4270.0 0.5992688114451341
4272.0 0.5995996136931405
4274.0 0.601009987125016
4276.0 0.604102446361233
4278.0 0.6056749368689901
4280.0 0.6010030661636556
4282.0 0.5978945134474267
4284.0 0.5991941306823985
4286.0 0.6010475790424099
4288.0 0.6004111120421776
4290.0 0.5968767171684023
4292.0 0.5955774236371912
4294.0 0.5934966056790139
4296.0 0.5901969878683289
4298.0 0.5896940709512454
4300.0 0.5887498267764103
4302.0 0.5916848162357905
4304.0 0.5953827006771353
4306.0 0.5995927638794243
4308.0 0.6012181974018338
4310.0 0.5979041598100664
4312.0 0.594372142948493
4314.0 0.592877849643067
4316.0 0.5905946273197445
4318.0 0.5876177789525693
4320.0 0.5874364062697507
4322.0 0.5869811354837506
4324.0 0.5857657571382685
4326.0 0.5820773458978127
4328.0 0.5762240851365528
4330.0 0.5731122098521594
4332.0 0.5689188994509128
4334.0 0.5692732762474894
4336.0 0.5787142225673398
4338.0 0.591916254290916
4340.0 0.5966451082042239
4342.0 0.5888502265434494
4344.0 0.5792092187477602
4346.0 0.56927268466865
4348.0 0.5655391143466508
4350.0 0.566902583651748
4352.0 0.5642918569211871
4354.0 0.5652606821004276
4356.0 0.5656307056363489
4358.0 0.5554691968013102
4360.0 0.5485221689302407
4362.0 0.5442347018648778
4364.0 0.5434750109252291
4366.0 0.5424620354830035
4368.0 0.5395763510108437
4370.0 0.5408972791460994
4372.0 0.5377193054220495
4374.0 0.5309127559718244
4376.0 0.5281322011403892
4378.0 0.5314504968594107
4380.0 0.5324455309773595
4382.0 0.5344622226343998
4384.0 0.5316029598357398
4386.0 0.5289186936890355
4388.0 0.5275331310912432
4390.0 0.5302777239205003
4392.0 0.5275866405576998
4394.0 0.525290140562844
4396.0 0.5242922972012903
4398.0 0.5246048077078953
4400.0 0.5272984689665652
4402.0 0.5279397536440281
4404.0 0.5251842821506789
4406.0 0.5230038630143097
4408.0 0.5224038282118494
4410.0 0.5223263499605806
4412.0 0.5214972919753431
4414.0 0.5189448759643401
4416.0 0.5183443908149526
4418.0 0.5150354960194673
4420.0 0.5123856536041707
4422.0 0.5178144525251719
4424.0 0.5195877893551492
4426.0 0.5200699023732867
4428.0 0.5203715871794117
4430.0 0.5200323786063152
4432.0 0.5252115971561773
4434.0 0.5268786665950888
4436.0 0.5258278665328942
4438.0 0.5267004183852431
4440.0 0.5286002301842533
4442.0 0.5340964144087277
4444.0 0.5352910134091222
4446.0 0.5360273072895446
4448.0 0.5404342158051348
4450.0 0.5500536834369188
4452.0 0.5564455043618473
4454.0 0.556223676954699
4456.0 0.5581298188297715
4458.0 0.5668326217820415
4460.0 0.5752895232491234
4462.0 0.5811126566364023
4464.0 0.5851941631538384
4466.0 0.5918501323210378
4468.0 0.5965920809304543
4470.0 0.6051363270015914
4472.0 0.6094194221524775
4474.0 0.6171580747904405
4476.0 0.6285864056295191
4478.0 0.6371153908570594
4480.0 0.6434115621613447
4482.0 0.6519026908956934
4484.0 0.6612547232154821
4486.0 0.6724617210971944
4488.0 0.6824858113260187
4490.0 0.6912161955198862
4492.0 0.7028546307029043
4494.0 0.7110760637260737
4496.0 0.7178315416691577
4498.0 0.7232415905789937
4500.0 0.7316126305219256
4502.0 0.7456538286099769
4504.0 0.750572671553461
4506.0 0.7601093184243439
4508.0 0.76822462251447
4510.0 0.7762696292961717
4512.0 0.7835763061527758
4514.0 0.7896265862213233
4516.0 0.798316835758583
4518.0 0.8082909970939683
4520.0 0.8197725007919854
4522.0 0.8289298408091779
4524.0 0.8379951204892216
4526.0 0.8448724076401607
4528.0 0.8531614871131565
4530.0 0.8635486100987789
4532.0 0.8767219848186123
4534.0 0.8870834268734562
4536.0 0.8900395909935003
4538.0 0.8892733882336807
4540.0 0.8947307651968882
4542.0 0.8976330007988486
4544.0 0.9036140709324914
4546.0 0.9070484992374082
4548.0 0.91298070272173
4550.0 0.917965166737282
4552.0 0.9177050674542874
4554.0 0.9243391381609399
4556.0 0.9293671618482342
4558.0 0.9340160155655043
4560.0 0.9420404061560966
4562.0 0.9539331289273844
4564.0 0.9576348936990612
4566.0 0.9574170332494254
4568.0 0.9580036141685669
4570.0 0.9670005664096509
4572.0 0.9722681132586801
4574.0 0.973800343880573
4576.0 0.9824659801560118
4578.0 0.9877337901793662
4580.0 0.9885692001916492
4582.0 0.9854627469334346
4584.0 0.9805583292456942
4586.0 0.979065268424229
4588.0 0.9809015503664239
4590.0 0.9819022671176348
4592.0 0.9889075609908253
4594.0 0.9916458630911144
4596.0 0.995729986696533
4598.0 0.9926335990458492
4600.0 0.9887666193160364
4602.0 0.9909545921278887
4604.0 0.9965421288508076
4606.0 0.9925613807578567
4608.0 0.9877003720155669
4610.0 0.9962367808363763
4612.0 0.9993184029908618
4614.0 1.0
4616.0 0.9993406649036056
4618.0 0.997391531178857
4620.0 0.9945294143896203
4622.0 0.9969950855535441
4624.0 0.9987160831677734
4626.0 0.9911979723126415
4628.0 0.9877432897682041
4630.0 0.9876382086469623
4632.0 0.9804601004778616
4634.0 0.9724882271341614
4636.0 0.9684561706532587
4638.0 0.9608521734823054
4640.0 0.9558311358887858
4642.0 0.9521602033736709
4644.0 0.9461948988486982
4646.0 0.9366507694887206
4648.0 0.9283562109476674
4650.0 0.9240404564451208
4652.0 0.9154776819898229
4654.0 0.9030179752333295
4656.0 0.8977085082067213
4658.0 0.890265059851418
4660.0 0.8808980592227692
4662.0 0.872155324322772
4664.0 0.8696200803053363
4666.0 0.8638624771584192
4668.0 0.8562774746035008
4670.0 0.8495336584611921
4672.0 0.8414592688596814
4674.0 0.8365175581398768
4676.0 0.8296923558910547
4678.0 0.8220790378246519
4680.0 0.8147232512971905
4682.0 0.814746348612564
4684.0 0.8099939372842996
4686.0 0.8018023633772422
4688.0 0.7928362501586301
4690.0 0.7798957705238255
4692.0 0.7742754436867415
4694.0 0.7676407051339711
4696.0 0.7585878319706407
4698.0 0.7614183604793625
4700.0 0.7540493145173299
4702.0 0.7443683207654787
4704.0 0.7404339886498111
4706.0 0.7389358937036341
4708.0 0.7355909188378309
4710.0 0.731114015002487
4712.0 0.7285086993401294
4714.0 0.7281873004422725
4716.0 0.7193511922972574
4718.0 0.7120022515634653
4720.0 0.7126730361572635
4722.0 0.70888865447824
4724.0 0.705505833024892
4726.0 0.7010501844234669
4728.0 0.6965559161300078
4730.0 0.6925594342290049
4732.0 0.6924234789284536
4734.0 0.6883021174932682
4736.0 0.6868311617048499
4738.0 0.677465372833689
4740.0 0.676820054675771
4742.0 0.6695083534469868
4744.0 0.667053392864489
4746.0 0.6643511070648378
4748.0 0.6622425321800481
4750.0 0.658360404377312
4752.0 0.6526969955119832
4754.0 0.6507912783429032
4756.0 0.6444278222126627
4758.0 0.6394069071783661
4760.0 0.637240844696456
4762.0 0.6325964775459507
4764.0 0.62932577757336
4766.0 0.6285578128838283
4768.0 0.6284970780853641
4770.0 0.6266633978977036
4772.0 0.6197052115906646
4774.0 0.6196758640002202
4776.0 0.6164648141781631
4778.0 0.6140432015740125
4780.0 0.6133898302032621
4782.0 0.6071151726174563
4784.0 0.6008763462517032
4786.0 0.5962462349088202
4788.0 0.5960417803155315
4790.0 0.5932841130369965
4792.0 0.5880633604035861
4794.0 0.5867769617273989
4796.0 0.5843017254531307
4798.0 0.5853444766592603
4800.0 0.5839932166942919
4802.0 0.5809289332834555
4804.0 0.5813934533632569
4806.0 0.5825141084660799
4808.0 0.5842827936232704
4810.0 0.5840721988423669
4812.0 0.5796681426668765
4814.0 0.5769978103766061
4816.0 0.5789304146203268
4818.0 0.5831244613054283
4820.0 0.584130718290648
4822.0 0.5854479327411298
4824.0 0.5865694012553933
4826.0 0.5885581697551105
4828.0 0.5910382204741328
4830.0 0.5946368595908974
4832.0 0.5971214112825708
4834.0 0.6018637589680835
4836.0 0.6069225957290116
4838.0 0.6105371604033932
4840.0 0.6146931949415977
4842.0 0.6188935813475475
4844.0 0.6231566939265624
4846.0 0.627433849035621
4848.0 0.631643071605496
4850.0 0.6358955233143834
4852.0 0.6401816957251116
4854.0 0.6444208178459422
4856.0 0.6486430281179365
4858.0 0.6529113845238073
4860.0 0.6567635957749304
4862.0 0.6604146483691603
4864.0 0.6635786377689912
4866.0 0.6664911535332594
4868.0 0.6670217673021663
4870.0 0.6679777716701567
4872.0 0.6658072825049073
4874.0 0.6623821272220947
4876.0 0.659829968783367
4878.0 0.6596217754010708
4880.0 0.6571202650795459
4882.0 0.6531765669265337
4884.0 0.6529033306690193
4886.0 0.6526481401516755
4888.0 0.6520603744786043
4890.0 0.6498583289776516
4892.0 0.6457746352610789
4894.0 0.6463850122291391
4896.0 0.6436582431566037
4898.0 0.6405348631386519
4900.0 0.6395150014032033
4902.0 0.6415198310606215
4904.0 0.6426245325592915
4906.0 0.6423085863331716
4908.0 0.6425478215479247
4910.0 0.643884104378073
4912.0 0.6474502176956319
4914.0 0.6491067466844553
4916.0 0.6523790556351537
4918.0 0.654867196920561
4920.0 0.6554813819665186
4922.0 0.6584335402446051
4924.0 0.6629962150230426
4926.0 0.6674307897954181
4928.0 0.6697741079715744
4930.0 0.6744114779539988
4932.0 0.6810051048510927
4934.0 0.6860217494564832
4936.0 0.6899144149803667
4938.0 0.6944007086199459
4940.0 0.6983362575812714
4942.0 0.7019138833473936
4944.0 0.7054203660550954
4946.0 0.7090584333403693
4948.0 0.7126551369473425
4950.0 0.7162048377672471
4952.0 0.7198082435027924
4954.0 0.7233981673759383
4956.0 0.7269300543976379
4958.0 0.7306016332001937
4960.0 0.7342311306335789
4962.0 0.7378800963289767
4964.0 0.7405052807805262
4966.0 0.7416532308083293
4968.0 0.7430963013248036
4970.0 0.7428380628445246
4972.0 0.7378619210980235
4974.0 0.7353869994919832
4976.0 0.7365778649434239
4978.0 0.7364379573608558
4980.0 0.739899918702019
4982.0 0.7396015970684174
4984.0 0.7378236978031677
4986.0 0.73366877264726
4988.0 0.7291046670364072
4990.0 0.7227255271886691
4992.0 0.7129421639307572
4994.0 0.704707311753573
4996.0 0.6982478374812109
4998.0 0.6918932913942835
5000.0 0.6856366555269621
5002.0 0.6792808369873654
5004.0 0.6726638252522719
5006.0 0.6659312119768643
5008.0 0.6592319189459603
5010.0 0.6526267778821129
5012.0 0.6459593414569539
5014.0 0.6391863708244249
5016.0 0.6325750630232639
5018.0 0.6259246175440201
5020.0 0.6189804628620547
5022.0 0.6127067498071207
5024.0 0.6082147392786528
5026.0 0.6026366784543308
5028.0 0.5955807159690175
5030.0 0.5891371377305241
5032.0 0.5841262113176414
5034.0 0.5814629419388865
5036.0 0.5774695917844971
5038.0 0.5747026261769415
5040.0 0.5757831790759386
5042.0 0.5753094981058448
5044.0 0.5765064410641826
5046.0 0.5752748768993036
5048.0 0.573889077343346
5050.0 0.5732525573007526
5052.0 0.5709908303777992
5054.0 0.5702891991354517
5056.0 0.5696483229280508
5058.0 0.5718955350578772
5060.0 0.5742032299090774
5062.0 0.5758982498171067
5064.0 0.5756586479540949
5066.0 0.578151265744887
5068.0 0.5837796251910006
5070.0 0.5900150100477713
5072.0 0.5909785947853079
5074.0 0.593011588370603
5076.0 0.6047407337760283
5078.0 0.6117846111465339
5080.0 0.6164496923270132
5082.0 0.6223796039086481
5084.0 0.6282791874672137
5086.0 0.6324901187604
5088.0 0.637687148527527
5090.0 0.6430705392289877
5092.0 0.6496505546932477
5094.0 0.6539453604252944
5096.0 0.6576840505823727
5098.0 0.6612369979039329
5100.0 0.6653848196983546
5102.0 0.6689811405595679
5104.0 0.6748855270324996
5106.0 0.6787418629987059
5108.0 0.6820947552889448
5110.0 0.6880839685027542
5112.0 0.6911069543564353
5114.0 0.6954305611380281
5116.0 0.7010006854355643
5118.0 0.7036907543778794
5120.0 0.7077836550142416
5122.0 0.7111406322702777
5124.0 0.7146688526832486
5126.0 0.7183408934639658
5128.0 0.7189111785127242
5130.0 0.71888544653748
5132.0 0.7193824186859616
5134.0 0.7207632984433603
5136.0 0.7244824421946808
5138.0 0.7262807484252322
5140.0 0.7254734010942312
5142.0 0.7282460733544996
5144.0 0.7306787750778346
5146.0 0.7316743745411576
5148.0 0.7333969247710157
5150.0 0.7376596633877414
5152.0 0.7377254260848511
5154.0 0.7354654746502489
5156.0 0.736895188810331
5158.0 0.7375860755918906
5160.0 0.7416710656916883
5162.0 0.7467145826455397
5164.0 0.7509386115715523
5166.0 0.7553585971515128
5168.0 0.7569196725428327
5170.0 0.7577060965817292
5172.0 0.7586302465113691
5174.0 0.7589314332249414
5176.0 0.7601182980081783
5178.0 0.7627866840134564
5180.0 0.7675017307225198
5182.0 0.7687439534605434
5184.0 0.7691320404470945
5186.0 0.7728385131123438
5188.0 0.7769779324267917
5190.0 0.7811838760853275
5192.0 0.7845183306855046
5194.0 0.7858911279506737
5196.0 0.7867051516022115
5198.0 0.7844587959216874
5200.0 0.786837299321575
5202.0 0.7912766367401706
5204.0 0.794840329407399
5206.0 0.796700497212953
5208.0 0.7979922475166158
5210.0 0.8003500190407014
5212.0 0.8036955484648414
5214.0 0.8068555149734986
5216.0 0.8085629431003211
5218.0 0.8122382979294255
5220.0 0.8158182291391274
5222.0 0.8182789222702862
5224.0 0.8225472027304177
5226.0 0.8260874806825224
5228.0 0.8270569008864875
5230.0 0.8297907924635946
5232.0 0.8332237320603537
5234.0 0.8367495018741601
5236.0 0.8428969854856131
5238.0 0.8456850053024696
5240.0 0.8477429744551891
5242.0 0.8539919335226532
5244.0 0.8571644334544276
5246.0 0.8560530557719102
5248.0 0.8562879278673965
5250.0 0.8586554755443789
5252.0 0.8617332641678187
5254.0 0.8641214583417768
5256.0 0.8660310013522101
5258.0 0.8691760863769138
5260.0 0.8764077975094727
5262.0 0.8815675577973178
5264.0 0.8840328771857344
5266.0 0.8858215238262955
5268.0 0.8883415887955975
5270.0 0.8890115924040549
5272.0 0.8928196679924558
5274.0 0.8961745463360338
5276.0 0.8971228829484812
5278.0 0.899971533972491
5280.0 0.9017237673049469
5282.0 0.9011892724777969
5284.0 0.9012031021021752
5286.0 0.9001321484022472
5288.0 0.897491005076684
5290.0 0.8979700754148839
5292.0 0.9023670989999804
5294.0 0.9060007553529184
5296.0 0.9072365606988003
5298.0 0.907144785014104
5300.0 0.9063549959910577
5302.0 0.9049383855728514
5304.0 0.907421149066954
5306.0 0.9116204832124764
5308.0 0.9100222079963736
5310.0 0.9108755907386208
5312.0 0.9131177490963126
5314.0 0.9129552549479143
5316.0 0.9137251059914275
5318.0 0.9135939753292793
5320.0 0.9116603196415621
5322.0 0.9101290587404547
5324.0 0.9099761008173115
5326.0 0.9116565955744667
5328.0 0.9128836065031053
5330.0 0.910573190028793
5332.0 0.9089749683338003
5334.0 0.9103773511109904
5336.0 0.9074748674781673
5338.0 0.903268341115067
5340.0 0.9038167525146419
5342.0 0.9044539750973599
5344.0 0.9063794987209532
5346.0 0.9075407179903199
5348.0 0.9042912967896445
5350.0 0.8819941412971942
5352.0 0.8563763232804377
5354.0 0.8559551523449038
5356.0 0.8587995433841399
5358.0 0.8594820209543151
5360.0 0.8571876475792388
5362.0 0.8555865928819778
5364.0 0.8563743379690052
5366.0 0.85576075330677
5368.0 0.85482472728359
5370.0 0.8553995215417529
5372.0 0.8570827419645823
5374.0 0.8572681178608422
5376.0 0.8545312978227473
5378.0 0.8531240348433407
5380.0 0.8518050808053218
5382.0 0.8497632679127102
5384.0 0.8474180244614471
5386.0 0.8435411753145253
5388.0 0.8393537305984028
5390.0 0.8369637491051236
5392.0 0.8342389979433494
5394.0 0.8312337222894715
5396.0 0.8293289048260745
5398.0 0.8258111257946208
5400.0 0.8195262914916489
5402.0 0.8132203927877462
5404.0 0.810443773292933
5406.0 0.8089164945778256
5408.0 0.8043992417736032
5410.0 0.8008356532096327
5412.0 0.7971043641748082
5414.0 0.7931066498854406
5416.0 0.7896036377768259
5418.0 0.7877219549668492
5420.0 0.7852696650978127
5422.0 0.7805064686667899
5424.0 0.777430382444584
5426.0 0.7770090513039372
5428.0 0.7763750577297932
5430.0 0.7750061373970338
5432.0 0.7719070457046665
5434.0 0.7706724914700883
5436.0 0.7713249988981706
5438.0 0.7730617908710323
5440.0 0.7720589888814918
5442.0 0.7688893769740729
5444.0 0.7682843831532951
5446.0 0.7704338838523179
5448.0 0.7713189479828134
5450.0 0.7749415573727896
5452.0 0.7833536519554698
5454.0 0.8035582028369214
5456.0 0.8077676871747537
5458.0 0.8093479243230371
5460.0 0.8097642188029025
5462.0 0.8130522041528572
5464.0 0.8173239123906634
5466.0 0.8206008863768143
5468.0 0.8266529250649757
5470.0 0.831469987330605
5472.0 0.8362537356765238
5474.0 0.8409411113722476
5476.0 0.8441522999080597
5478.0 0.8481995483151108
5480.0 0.8542637620536705
5482.0 0.85731359729206
5484.0 0.8594032618934718
5486.0 0.8630297899312466
5488.0 0.8681194424108668
5490.0 0.8715538841456233
5492.0 0.873865875052708
5494.0 0.8753633237706236
5496.0 0.8793931514677474
5498.0 0.883414386380647
5500.0 0.8837370678954374
5502.0 0.8837239303196455
5504.0 0.8852954019262737
5506.0 0.88421282819227
5508.0 0.8811702485288776
5510.0 0.8761363828811914
5512.0 0.8707130544435886
5514.0 0.8706298117591781
5516.0 0.8678597747355854
5518.0 0.863388808795531
5520.0 0.8589837499188926
5522.0 0.8531553421267976
5524.0 0.8478234863988944
5526.0 0.8443244449858828
5528.0 0.8400250188646049
5530.0 0.8369516272194835
5532.0 0.832907348409837
5534.0 0.8278997373609728
5536.0 0.8245930662851412
5538.0 0.8205065333322564
5540.0 0.8145802737053671
5542.0 0.809287325149957
5544.0 0.804316786067414
5546.0 0.7984551765317618
5548.0 0.7912061930536061
5550.0 0.7840248188207364
5552.0 0.7760466910775029
5554.0 0.7811057140752995
5556.0 0.7825640556717306
5558.0 0.7767270839155885
5560.0 0.7724026815464078
5562.0 0.7682608720208232
5564.0 0.7657511732201978
5566.0 0.7638677381898727
5568.0 0.7592936753975507
5570.0 0.754142226227325
5572.0 0.7520985826962122
5574.0 0.7497703440330916
5576.0 0.7461928408987691
5578.0 0.7470991764674789
5580.0 0.7485773369146682
5582.0 0.748554231948179
5584.0 0.7482457154636153
5586.0 0.7469019596054989
5588.0 0.746207709459453
5590.0 0.7449626300667614
5592.0 0.7464251116013922
5594.0 0.7475855946340859
5596.0 0.7483723201966663
5598.0 0.7494167310173196
5600.0 0.7507189408854115
5602.0 0.7523417475873438
5604.0 0.7543040752286189
5606.0 0.7569364911716389
5608.0 0.7578350652517716
5610.0 0.7579956888317725
5612.0 0.7596882977867315
5614.0 0.7617528097431587
5616.0 0.7625278449521654
5618.0 0.762674241999005
5620.0 0.7636513822823116
5622.0 0.7653996969336584
5624.0 0.7655149762697023
5626.0 0.7650219105503087
5628.0 0.760530775630686
5630.0 0.7577150963685855
5632.0 0.7559768397157366
5634.0 0.7553633914989895
5636.0 0.7548913085801594
5638.0 0.7529310917280789
5640.0 0.7489382855973323
5642.0 0.746109519508318
5644.0 0.7435841991603105
5646.0 0.7388306740967912
5648.0 0.7347970400411231
5650.0 0.7309589196275139
5652.0 0.7262432788252899
5654.0 0.7220040739931778
5656.0 0.7190617857648807
5658.0 0.7143487970262167
5660.0 0.7083716418955581
5662.0 0.7014469572971834
5664.0 0.6934373810254487
5666.0 0.6867106342101179
5668.0 0.6816561644785994
5670.0 0.6734198262032289
5672.0 0.6627459779896038
5674.0 0.6558980856277707
5676.0 0.6512433661682817
5678.0 0.6443936661117196
5680.0 0.6347453993271303
5682.0 0.624813096417573
5684.0 0.615258044385948
5686.0 0.6063395897038788
5688.0 0.5989993322814819
5690.0 0.593134335874518
5692.0 0.5870986021933458
5694.0 0.5815934901676751
5696.0 0.5749951499307815
5698.0 0.5670379852387665
5700.0 0.5615037817672619
5702.0 0.5561149029562285
5704.0 0.5497634689077231
5706.0 0.545384150946647
5708.0 0.5405515388673564
5710.0 0.5367510054530061
5712.0 0.5337149822171418
5714.0 0.5300024734366614
5716.0 0.5250760917687058
5718.0 0.5213309308370006
5720.0 0.5166619085462612
5722.0 0.512429796658434
5724.0 0.5095375156612019
5726.0 0.507732142747042
5728.0 0.5049583212405702
5730.0 0.5022728231007912
5732.0 0.5016269121433696
5734.0 0.5024063796191857
5736.0 0.5031924513247299
5738.0 0.5020615005692157
5740.0 0.5004214555457727
5742.0 0.5007227422297925
5744.0 0.5010190680612969
5746.0 0.5018035666626042
5748.0 0.5042816896002782
5750.0 0.507849198831925
5752.0 0.5089021010790286
5754.0 0.5093408595639912
5756.0 0.511174735687529
5758.0 0.513078955257521
5760.0 0.5151427106661299
5762.0 0.5162811703473178
5764.0 0.515999211435943
5766.0 0.5177663487041538
5768.0 0.5198406183317364
5770.0 0.5216105006432813
5772.0 0.527230413228329
5774.0 0.5322347788450639
5776.0 0.5366422143277373
5778.0 0.5399187136892404
5780.0 0.5414756300731839
5782.0 0.5462341821201968
5784.0 0.5530562806444422
5786.0 0.559212225447828
5788.0 0.5647504249684986
5790.0 0.5707845358300546
5792.0 0.5760665830023184
5794.0 0.5820590018780051
5796.0 0.5887793964828218
5798.0 0.5957016090618468
5800.0 0.6041456299803204
5802.0 0.6100584442755758
5804.0 0.6192038746764379
5806.0 0.6288377617368625
5808.0 0.6364863784586119
5810.0 0.6440154680996334
5812.0 0.6524722472142136
5814.0 0.6597548898376268
5816.0 0.6661463191117439
5818.0 0.6738279064037483
5820.0 0.6800728650719023
5822.0 0.6855726208597254
5824.0 0.6907305801785936
5826.0 0.6961942586607176
5828.0 0.7010076984925057
5830.0 0.7037168673139715
5832.0 0.7079267922073993
5834.0 0.7110696225220879
5836.0 0.7154418422119734
5838.0 0.7197618022194123
5840.0 0.7233907111946707
5842.0 0.7273711021548763
5844.0 0.7313366968303444
5846.0 0.7347215724922254
5848.0 0.7367626439669308
5850.0 0.7395404901942484
5852.0 0.7426350247223261
5854.0 0.7445163540380318
5856.0 0.744900304255231
5858.0 0.7449508802963798
5860.0 0.7476279193666752
5862.0 0.7520240803213946
5864.0 0.753752996999264
5866.0 0.7532643451955335
5868.0 0.7519723726670893
5870.0 0.7502624904727508
5872.0 0.7473231055917596
5874.0 0.742586248967658
5876.0 0.7393727645782167
5878.0 0.7378401889738035
5880.0 0.7377585746954762
5882.0 0.7380812623990197
5884.0 0.7384390505326903
5886.0 0.7387671892868011
5888.0 0.7390986504780851
5890.0 0.7394526508664931
5892.0 0.7398016835650869
5894.0 0.740128276825533
5896.0 0.7404717754509694
5898.0 0.7408578598899649
5900.0 0.741215779800123
5902.0 0.7406322020969843
5904.0 0.7395993281449142
5906.0 0.7383809406226198
5908.0 0.7374720241235108
5910.0 0.7390194962640798
5912.0 0.7415051047734559
5914.0 0.7428417301535327
5916.0 0.7437236493114568
5918.0 0.7437679927580585
5920.0 0.743181963502576
5922.0 0.7433492327373751
5924.0 0.7436790367518232
5926.0 0.7422509955801503
5928.0 0.7392731295595082
5930.0 0.7352922172678171
5932.0 0.7302446069973242
5934.0 0.7272430542870183
5936.0 0.7261200188311236
5938.0 0.7259696349063524
5940.0 0.7265570427793429
5942.0 0.7269024695484546
5944.0 0.7276785954115945
5946.0 0.7277894528556755
5948.0 0.7265335615435946
5950.0 0.7273551069807108
5952.0 0.7274118866548268
5954.0 0.7279956888992439
5956.0 0.7283630636315811
5958.0 0.7277998887383826
5960.0 0.7248157199978568
5962.0 0.7212754427858984
5964.0 0.7208906476345748
5966.0 0.7221577176810863
5968.0 0.7226594166957909
5970.0 0.7213974752755128
5972.0 0.7190856607501253
5974.0 0.7176367688055284
5976.0 0.7163139320549771
5978.0 0.7152269842018563
5980.0 0.7157553820594944
5982.0 0.7149765036862833
5984.0 0.7118712164338892
5986.0 0.7091168423340481
5988.0 0.7067238937758038
5990.0 0.7035502302794024
5992.0 0.6983079675286188
5994.0 0.6961495790552747
5996.0 0.6931803994807486
5998.0 0.6912145629606078
6000.0 0.6869456618586889
6002.0 0.6858434841193296
6004.0 0.6831409777040942
6006.0 0.6798007817838616
6008.0 0.6790072761256722
6010.0 0.679335894741809
6012.0 0.6785993759626908
6014.0 0.6755655103358879
6016.0 0.6724837451314747
6018.0 0.6704046044417804
6020.0 0.6695780168325253
6022.0 0.6669648026716952
6024.0 0.6638515692053671
6026.0 0.6634831442849817
6028.0 0.6643886911266133
6030.0 0.6643272755305872
6032.0 0.6633066671780345
6034.0 0.6595545410334305
6036.0 0.6581667112076988
6038.0 0.6567343124915868
6040.0 0.6553567056066094
6042.0 0.652186031530291
6044.0 0.6511811556301518
6046.0 0.650418945297102
6048.0 0.6476195798810916
6050.0 0.6478988256585944
6052.0 0.6468834949848041
6054.0 0.6435895349272409
6056.0 0.6428210766049202
6058.0 0.6449054945420963
6060.0 0.6466138635176001
6062.0 0.6471655392879331
6064.0 0.6464809702843
6066.0 0.6469018670474644
6068.0 0.6476445323889938
6070.0 0.6486230725365606
6072.0 0.6501526702338779
6074.0 0.6499351387404496
6076.0 0.6485490757139983
6078.0 0.6484141822440281
6080.0 0.6511168643556123
6082.0 0.6528747991485048
6084.0 0.6531029162266305
6086.0 0.6532864526244013
6088.0 0.6543844597628284
6090.0 0.6559150830567031
6092.0 0.6564639319226856
6094.0 0.6567842672823124
6096.0 0.6576522732590981
6098.0 0.6566446438568048
6100.0 0.6558736883594196
6102.0 0.6557960010881205
6104.0 0.6586613597868711
6106.0 0.6602402191013278
6108.0 0.6588552907964833
6110.0 0.6563764289530072
6112.0 0.6532590088435533
6114.0 0.650619488720717
6116.0 0.6499319021314982
6118.0 0.6488804289363531
6120.0 0.6454965482967151
6122.0 0.6434261292573445
6124.0 0.6424236891380325
6126.0 0.6397376981453229
6128.0 0.6370611783008676
6130.0 0.6359256131499732
6132.0 0.635134676690476
6134.0 0.6345048475206246
6136.0 0.6311008247490837
6138.0 0.6280145469440983
6140.0 0.6268260756089842
6142.0 0.625719160440749
6144.0 0.6247227094976889
6146.0 0.6247381964113113
6148.0 0.6247231639846811
6150.0 0.6245948963601679
6152.0 0.6238869046290164
6154.0 0.6242873835680409
6156.0 0.6259564938929576
6158.0 0.6275262021055483
6160.0 0.6283770054447068
6162.0 0.6292299086758469
6164.0 0.6312105863256495
6166.0 0.6352668010433649
6168.0 0.6375248190392264
6170.0 0.6393755180991263
6172.0 0.6422698808013984
6174.0 0.6451930079876601
6176.0 0.6473892514180745
6178.0 0.6497078086306932
6180.0 0.6530301814875964
6182.0 0.6578135236295701
6184.0 0.6610817078768978
6186.0 0.6626912838043971
6188.0 0.6655640861577938
6190.0 0.6701198530933893
6192.0 0.6759886271665326
6194.0 0.6795102786930425
6196.0 0.682819642727642
6198.0 0.6866175216084963
6200.0 0.6908940363737947
6202.0 0.6972882851094274
6204.0 0.7034699118389313
6206.0 0.7085148731952259
6208.0 0.7116148927503216
6210.0 0.7122078861219346
6212.0 0.7133140444921641
6214.0 0.7163130982172745
6216.0 0.7197049132645734
6218.0 0.72319106592776
6220.0 0.7252965146325479
6222.0 0.7253491546567745
6224.0 0.7259897530820735
6226.0 0.7294661384954277
6228.0 0.7323107159697598
6230.0 0.7331976113219911
6232.0 0.7342782901337794
6234.0 0.7355980742119135
6236.0 0.7366793497628797
6238.0 0.7377515110330808
6240.0 0.7373753149788402
6242.0 0.7399272561172733
6244.0 0.7444835846716458
6246.0 0.7478358616272324
6248.0 0.7503493240191824
6250.0 0.7533896961581905
6252.0 0.7567242219663148
6254.0 0.7593788260604171
6256.0 0.7609466753148205
6258.0 0.7615095065394095
6260.0 0.7597750357727473
6262.0 0.7566487633073768
6264.0 0.754372067502241
6266.0 0.7526096391237675
6268.0 0.7522236380089969
6270.0 0.7521529049060914
6272.0 0.7510116997232424
6274.0 0.7528932965252937
6276.0 0.7550814874215132
6278.0 0.7560375013215577
6280.0 0.7568881818657488
6282.0 0.7569139597622738
6284.0 0.7561372337260794
6286.0 0.7550481489815383
6288.0 0.755414204369587
6290.0 0.7572324196263447
6292.0 0.7589768528199606
6294.0 0.7603356379446923
6296.0 0.7614548111745558
6298.0 0.7611197445363791
6300.0 0.7596680834715995
6302.0 0.7582399283522075
6304.0 0.7569531962572263
6306.0 0.7544447189503414
6308.0 0.7520926631096225
6310.0 0.751184428606035
6312.0 0.7515008235445013
6314.0 0.7524002113977438
6316.0 0.7507800122619503
6318.0 0.7475950822784768
6320.0 0.7462152470349499
6322.0 0.7445375271711004
6324.0 0.7422410426005306
6326.0 0.7390112373772406
6328.0 0.7343130498138066
6330.0 0.7303943428355593
6332.0 0.7276992056918269
6334.0 0.7265322306515968
6336.0 0.7251700260064575
6338.0 0.7228629730327095
6340.0 0.7209135753504813
6342.0 0.7167866883305322
6344.0 0.712270507409838
6346.0 0.7099016475727162
6348.0 0.7079848100176906
6350.0 0.7047803741756234
6352.0 0.7025406165379546
6354.0 0.702507368736579
6356.0 0.7020526637476736
6358.0 0.701330195132346
6360.0 0.6998498218190002
6362.0 0.6986901807263909
6364.0 0.697552865742477
6366.0 0.6981149979155044
6368.0 0.6987148122146319
6370.0 0.6991925491731442
6372.0 0.7004019030428844
6374.0 0.700266452608757
6376.0 0.6997021144805139
6378.0 0.6989717967772096
6380.0 0.6991876963920601
6382.0 0.7007039541289757
6384.0 0.699569843187287
6386.0 0.6977934809482642
6388.0 0.6979060245930195
6390.0 0.6979531092034109
6392.0 0.6975401930061904
6394.0 0.6985359124658161
6396.0 0.6993164432966462
6398.0 0.6981519218666499
6400.0 0.6974240468945767
6402.0 0.6977041558614536
6404.0 0.6983689085279897
6406.0 0.6973681463377618
6408.0 0.6978212448087552
6410.0 0.7001275371035214
6412.0 0.7017583801096998
6414.0 0.7023773619036855
6416.0 0.7021191629234318
6418.0 0.7022131936969659
6420.0 0.7028062822645039
6422.0 0.7041286532866529
6424.0 0.7056653434121772
6426.0 0.7065235924890291
6428.0 0.7087521122543365
6430.0 0.7118797479667693
6432.0 0.7129349397910916
6434.0 0.7147163025661881
6436.0 0.7162917889197029
6438.0 0.7159776748914488
6440.0 0.7158362910914967
6442.0 0.7166567400223053
6444.0 0.7180709089799829
6446.0 0.7172130035763286
6448.0 0.7170026589054137
6450.0 0.7179701377960593
6452.0 0.7185821011464841
6454.0 0.7160725893116746
6456.0 0.7128217855237609
6458.0 0.7102537858479296
6460.0 0.7091554776350772
6462.0 0.7084648002608649
6464.0 0.7073998999322214
6466.0 0.7058254458906871
6468.0 0.70573213457385
6470.0 0.7064015966228874
6472.0 0.7065377851345672
6474.0 0.7062624853410535
6476.0 0.7061219014984393
6478.0 0.7050780347018116
6480.0 0.7028746319110883
6482.0 0.7015950482880506
6484.0 0.701776379383666
6486.0 0.7027570087342476
6488.0 0.7049637532770575
6490.0 0.7055288584603286
6492.0 0.7050031804155431
6494.0 0.7036788042515376
6496.0 0.7010811615087323
6498.0 0.6987644304258528
6500.0 0.6954718675762884
6502.0 0.6903822848242415
6504.0 0.6860197836437423
6506.0 0.6829460081196174
6508.0 0.6823926247101703
6510.0 0.6831548172084091
6512.0 0.6846079889319384
6514.0 0.686265406343342
6516.0 0.6879772806370722
6518.0 0.6882703000362635
6520.0 0.6879497941599676
6522.0 0.6872679014147428
6524.0 0.6871116418867139
6526.0 0.6869301043319535
6528.0 0.6856685835574207
6530.0 0.6860478377176061
6532.0 0.6845459975817596
6534.0 0.6819469548271951
6536.0 0.679767321205039
6538.0 0.6795522936072339
6540.0 0.6806033248589267
6542.0 0.6812777564191931
6544.0 0.6810415982729469
6546.0 0.679994565916829
6548.0 0.6797864426759399
6550.0 0.6794537055773058
6552.0 0.679641882013465
6554.0 0.679546368479743
6556.0 0.6794250107349846
6558.0 0.6792697781213023
6560.0 0.6790591114232659
6562.0 0.6788880604180438
6564.0 0.6787284615993364
6566.0 0.6785251689716751
6568.0 0.6783456679015375
6570.0 0.6781879835837277
6572.0 0.6779886809943587
6574.0 0.6777994558861635
6576.0 0.6777562583325113
6578.0 0.6783584580839227
6580.0 0.679929607078538
6582.0 0.6810065167197635
6584.0 0.6810149722867974
6586.0 0.6780603502529204
6588.0 0.6703058371057523
6590.0 0.6593518793762639
6592.0 0.6518668656178227
6594.0 0.6467262024718797
6596.0 0.6419115183498665
6598.0 0.6383607248909902
6600.0 0.6363836408886491
6602.0 0.6330696627568804
6604.0 0.6294096169957695
6606.0 0.6285935039823466
6608.0 0.6286708573801016
6610.0 0.6263669935244215
6612.0 0.6246170900147691
6614.0 0.622226891077419
6616.0 0.6182840216397992
6618.0 0.6147803170023396
6620.0 0.6115333694224845
6622.0 0.6099183873341986
6624.0 0.6089665284285607
6626.0 0.6077502880679626
6628.0 0.6079395647437319
6630.0 0.6076726604923651
6632.0 0.6071678504378408
6634.0 0.6068868398278813
6636.0 0.6062772679840681
6638.0 0.6049016883161739
6640.0 0.6027499433723457
6642.0 0.5999469191060851
6644.0 0.5960449112087391
6646.0 0.5927215805715762
6648.0 0.5905609282521166
6650.0 0.5898801169327551
6652.0 0.5885019050942744
6654.0 0.5872593159271169
6656.0 0.5852054798160689
6658.0 0.5828005822931193
6660.0 0.5826611231902395
6662.0 0.5808414960212711
6664.0 0.5792968710953457
6666.0 0.580608414340763
6668.0 0.5793371243775959
6670.0 0.5754077368283865
6672.0 0.5740059697950005
6674.0 0.572707146900661
6676.0 0.5705152965453859
6678.0 0.569243879476826
6680.0 0.5691949402362361
6682.0 0.5675343175662051
6684.0 0.5644991042452029
6686.0 0.5609511518618892
6688.0 0.5574007949636344
6690.0 0.555029877905616
6692.0 0.5547700382607389
6694.0 0.5546232493926473
6696.0 0.5527407033499457
6698.0 0.5502503970895208
6700.0 0.5476132327216204
6702.0 0.5480177821068509
6704.0 0.549077588587372
6706.0 0.5480981115380809
6708.0 0.5488316775554996
6710.0 0.5501640128015423
6712.0 0.5514938621293469
6714.0 0.552616830664916
6716.0 0.5550628541064392
6718.0 0.555017166808578
6720.0 0.5531545375681408
6722.0 0.5487293471064377
6724.0 0.5435875332945078
6726.0 0.5407099660434049
6728.0 0.5424648502419424
6730.0 0.5449729124490745
6732.0 0.5445352975839036
6734.0 0.5431549907136812
6736.0 0.5417399414737417
6738.0 0.5387559670084978
6740.0 0.5367240698833844
6742.0 0.5376963170712789
6744.0 0.5378051278040035
6746.0 0.5360985770387495
6748.0 0.5351969564227484
6750.0 0.5340335755369607
6752.0 0.5314819985936836
6754.0 0.5292496397544463
6756.0 0.5286681754805785
6758.0 0.5295029231079055
6760.0 0.5287166716127832
6762.0 0.5289170513075728
6764.0 0.5301777959627196
6766.0 0.5311801899448096
6768.0 0.5311262281650639
6770.0 0.5304644243076131
6772.0 0.5292131647453475
6774.0 0.5286470009472339
6776.0 0.5275285794850957
6778.0 0.5267638039761027
6780.0 0.525606963712282
6782.0 0.5236984633321614
6784.0 0.5223434177039764
6786.0 0.5220834108496742
6788.0 0.5219527724247569
6790.0 0.5214091058493021
6792.0 0.5225754129131485
6794.0 0.5235996948545223
6796.0 0.5252162915761835
6798.0 0.525956780022876
6800.0 0.5245286921399693
6802.0 0.5223985594726522
6804.0 0.5205123072004211
6806.0 0.5194205876455861
6808.0 0.5189786950210017
6810.0 0.5173952700420745
6812.0 0.5164187761332087
6814.0 0.5144953767852436
6816.0 0.5107127068235845
6818.0 0.5093613938663263
6820.0 0.5081915194001148
6822.0 0.5067393212139943
6824.0 0.5065098081646097
6826.0 0.5047482437479623
6828.0 0.5021317699621921
6830.0 0.49973336182740336
6832.0 0.5003499789078446
6834.0 0.5004342112262556
6836.0 0.49813365528436626
6838.0 0.4954754228423982
6840.0 0.49391830000116627
6842.0 0.4925906319651901
6844.0 0.4925428489482177
6846.0 0.4908198690707215
6848.0 0.4904134404928549
6850.0 0.4915547630559268
6852.0 0.4870089194937285
6854.0 0.4801365696206544
6856.0 0.4731062047361142
6858.0 0.4670650134533025
6860.0 0.4621680159549198
6862.0 0.46040543438046594
6864.0 0.46722610902859124
6866.0 0.4736873839153481
6868.0 0.478427891676717
6870.0 0.4790476310885631
6872.0 0.47888132451133725
6874.0 0.47886870163734807
6876.0 0.47717379516868386
6878.0 0.4715416027096437
6880.0 0.46717156538424764
6882.0 0.4657469997215582
6884.0 0.46699228826488287
6886.0 0.4696038968517957
6888.0 0.46957307812869903
6890.0 0.46888117106047317
6892.0 0.4683315431716045
6894.0 0.4687522928240552
6896.0 0.47054558569845245
6898.0 0.47120823329601674
6900.0 0.4704798892585079
6902.0 0.46986068118417906
6904.0 0.4716143406222316
6906.0 0.4704814278031203
6908.0 0.4692262000840922
6910.0 0.46907212572696816
6912.0 0.4704526687286876
6914.0 0.4705739448724529
6916.0 0.4701115881449307
6918.0 0.47190503063006783
6920.0 0.474222143000168
6922.0 0.47562776645166444
6924.0 0.47634988098874037
6926.0 0.4773348959013302
6928.0 0.47679032006886746
6930.0 0.4775978328561876
6932.0 0.47908053437311876
6934.0 0.4801513356619427
6936.0 0.4812332238720949
6938.0 0.4827213444011262
6940.0 0.48442787833671236
6942.0 0.48591047490988054
6944.0 0.48696716468632295
6946.0 0.4870151987669719
6948.0 0.4861784288105403
6950.0 0.4887446923610432
6952.0 0.49145485441121833
6954.0 0.4919798268507321
6956.0 0.4927375705258256
6958.0 0.4935668683932121
6960.0 0.4943055849075919
6962.0 0.4946786365954951
6964.0 0.49354565893595737
6966.0 0.49192808256174386
6968.0 0.4915266481493293
6970.0 0.49224147671369534
6972.0 0.49215473458862685
6974.0 0.4897328888303885
6976.0 0.48822825526322633
6978.0 0.48795634113943626
6980.0 0.4880133642100533
6982.0 0.488293498610244
6984.0 0.48734585657559965
6986.0 0.4858737450217696
6988.0 0.48459647444941917
6990.0 0.48339472194503086
6992.0 0.4830840248700895
6994.0 0.48329500884446897
6996.0 0.48372689009620856
6998.0 0.4851479560208734
7000.0 0.486500573844763
7002.0 0.48741379333833756
7004.0 0.48851841897955967
7006.0 0.49091977119085345
7008.0 0.4911752951915657
7010.0 0.49027341930735857
7012.0 0.4889980004850549
7014.0 0.4890707960738226
7016.0 0.490260676885057
7018.0 0.4917892138341353
7020.0 0.494053587510903
7022.0 0.4949076553734295
7024.0 0.4977631597416842
7026.0 0.4981856854602523
7028.0 0.49710357103478986
7030.0 0.4973637026429782
7032.0 0.497097544710561
7034.0 0.4970499647901512
7036.0 0.4978642539324629
7038.0 0.49894388382508903
7040.0 0.4983424739107908
7042.0 0.49628543348909854
7044.0 0.4948700019583196
7046.0 0.49544410369543257
7048.0 0.496611476830858
7050.0 0.4984394965501469
7052.0 0.49866207619802366
7054.0 0.5002785366207766
7056.0 0.5012780631863686
7058.0 0.5019829735699751
7060.0 0.5030423165301625
7062.0 0.5037512966519968
7064.0 0.5053876625675796
7066.0 0.5074286016085905
7068.0 0.508004227920095
7070.0 0.5078515937483981
7072.0 0.5076658060013047
7074.0 0.5074933334282855
7076.0 0.5068963226392548
7078.0 0.5056148420705474
7080.0 0.5047770286673641
7082.0 0.5041784689032257
7084.0 0.504736595318607
7086.0 0.5055143515360603
7088.0 0.5054197280199132
7090.0 0.5052770601108936
7092.0 0.5060407149559989
7094.0 0.505967994552249
7096.0 0.5043656679276509
7098.0 0.5038147513198545
7100.0 0.5038756277000734
7102.0 0.5026996882526892
7104.0 0.5021754957300414
7106.0 0.5002123757853003
7108.0 0.4984161196954048
7110.0 0.5007079387961717
7112.0 0.5017294047618618
7114.0 0.5012024222836341
7116.0 0.5016369692408816
7118.0 0.5044852131600807
7120.0 0.5074692865512269
7122.0 0.5086395844908804
7124.0 0.509056458637034
7126.0 0.5123729560047136
7128.0 0.5155095763698233
7130.0 0.5172406501102051
7132.0 0.5189201319031734
7134.0 0.5202901961871297
7136.0 0.5219687357324201
7138.0 0.5248852624814554
7140.0 0.5270660042952514
7142.0 0.526556388730105
7144.0 0.5272761709835708
7146.0 0.5291948881392052
7148.0 0.531943271158381
7150.0 0.5340910219790919
7152.0 0.5368912614515653
7154.0 0.5412200745921845
7156.0 0.5458045911813137
7158.0 0.5485931153679005
7160.0 0.5512805228222379
7162.0 0.5542539549887214
7164.0 0.5590469736962598
7166.0 0.5626336850625886
7168.0 0.5629264014431854
7170.0 0.5598568304235797
7172.0 0.5586861067511292
7174.0 0.5597674578901531
7176.0 0.5596329270870425
7178.0 0.5602038108781144
7180.0 0.5643877980038418
7182.0 0.5656599522528483
7184.0 0.5646885691737236
7186.0 0.5631118256145321
7188.0 0.5612885251423653
7190.0 0.5605066974834659
7192.0 0.5604870528760013
7194.0 0.5633157485927445
7196.0 0.5672851824585194
7198.0 0.57056115496134
7200.0 0.5726707231911765
7202.0 0.5744675224919634
7204.0 0.5748167567497283
7206.0 0.574440874420924
7208.0 0.5759789719588828
7210.0 0.5774399379699544
7212.0 0.5805696280792214
7214.0 0.584224863076736
7216.0 0.5862809306576424
7218.0 0.5854001880570994
7220.0 0.5856048976209102
7222.0 0.585634520631222
7224.0 0.5862400227406771
7226.0 0.5862471237235544
7228.0 0.5894905210519014
7230.0 0.5937680835237792
7232.0 0.5963926392222424
7234.0 0.5983141936221129
7236.0 0.5991458780389177
7238.0 0.5995557921019556
7240.0 0.6009189868020219
7242.0 0.605464038153547
7244.0 0.6079974351593255
7246.0 0.6097917887818199
7248.0 0.6113431460557422
7250.0 0.6110777429795533
7252.0 0.6107013988478973
7254.0 0.61257783511668
7256.0 0.6170420168055828
7258.0 0.6194313057234434
7260.0 0.6177506503717227
7262.0 0.6145260124527374
7264.0 0.613605940354786
7266.0 0.615222664591403
7268.0 0.6195201878757857
7270.0 0.6249364548342345
7272.0 0.6275376685673029
7274.0 0.6236755369263406
7276.0 0.6225315831335526
7278.0 0.6221248602596564
7280.0 0.6232079568964298
7282.0 0.6242967167000042
7284.0 0.6270281591213216
7286.0 0.6297671350258263
7288.0 0.634240180644848
7290.0 0.6347852916002364
7292.0 0.6330590755568732
7294.0 0.6299702939712564
7296.0 0.6281913042032747
7298.0 0.6246008718675289
7300.0 0.620427932383204
7302.0 0.6166130668460715
7304.0 0.6130606906219005
7306.0 0.6101540176584814
7308.0 0.6074692974976793
7310.0 0.6048937655389544
7312.0 0.6024416799613181
7314.0 0.6002788350743575
7316.0 0.5992968370288674
7318.0 0.5977711102271674
7320.0 0.5960205308313106
7322.0 0.5934317684483579
7324.0 0.5919182419539102
7326.0 0.591496133324729
7328.0 0.5901743020292507
7330.0 0.5866887195597547
7332.0 0.5835579159388248
7334.0 0.5797041766371319
7336.0 0.5749614568043384
7338.0 0.5692812354967562
7340.0 0.5632506264261509
7342.0 0.5576936953942783
7344.0 0.5538667817669666
7346.0 0.5508268002328904
7348.0 0.5473677367243653
7350.0 0.545269350616389
7352.0 0.5450357241442942
7354.0 0.5449339604567841
7356.0 0.5431244368791303
7358.0 0.5431523639015899
7360.0 0.5450472821444818
7362.0 0.5453381154246435
7364.0 0.5440105665868966
7366.0 0.5430062013373166
7368.0 0.5425482658732664
7370.0 0.5431466758166623
7372.0 0.5438811774135603
7374.0 0.5444087796953754
7376.0 0.5433984809003104
7378.0 0.5425090744785285
7380.0 0.5427069327928794
7382.0 0.5416887253414691
7384.0 0.5401141056390762
7386.0 0.53763711273773
7388.0 0.5352147088008152
7390.0 0.532935264111043
7392.0 0.5312029817421945
7394.0 0.530210730604378
7396.0 0.5285861570040326
7398.0 0.5267449387215746
7400.0 0.5262702886695636
7402.0 0.5259509380255658
7404.0 0.5252383963231897
7406.0 0.5249284174618181
7408.0 0.526105440439655
7410.0 0.5263504517516288
7412.0 0.5263550520084417
7414.0 0.5269599619518388
7416.0 0.5280936350934042
7418.0 0.5270733644585208
7420.0 0.5255379155046304
7422.0 0.5221434552762874
7424.0 0.5173406681312557
7426.0 0.5133697569448937
7428.0 0.5086229019684461
7430.0 0.504340714437516
7432.0 0.5016410751150551
7434.0 0.4987125357411351
7436.0 0.4960638497943251
7438.0 0.4943663587734502
7440.0 0.4928307217409926
7442.0 0.49171618967174274
7444.0 0.4928128224612625
7446.0 0.493136264880849
7448.0 0.49407098331623855
7450.0 0.4933735454504244
7452.0 0.492633464845336
7454.0 0.49063592954986146
7456.0 0.4878010242629396
7458.0 0.4872058164749376
7460.0 0.48553774761960183
7462.0 0.48162345316058597
7464.0 0.4782490744899237
7466.0 0.4761154603283557
7468.0 0.47261449728177274
7470.0 0.46750451465157467
7472.0 0.4619395344529507
7474.0 0.45702990370097496
7476.0 0.45168160134368707
7478.0 0.4483614341270078
7480.0 0.4474425040365243
7482.0 0.44495687088668623
7484.0 0.4426043470671267
7486.0 0.44206643739756046
7488.0 0.4431825056959911
7490.0 0.4430921766571279
7492.0 0.44172641694860976
7494.0 0.4393873679731661
7496.0 0.43619437650644516
7498.0 0.4323632665366654
7500.0 0.42905390252281683
7502.0 0.425894257469629
7504.0 0.4222044709430451
7506.0 0.41516083292372724
7508.0 0.4079101370224062
7510.0 0.4012249480717761
7512.0 0.39519038015983204
7514.0 0.39037793284793193
7516.0 0.38806132383882996
7518.0 0.38622304110921635
7520.0 0.38420108377565143
7522.0 0.38302537229550104
7524.0 0.3822983223978836
7526.0 0.3805716255921417
7528.0 0.3783590033051318
7530.0 0.37598325630772755
7532.0 0.3740681440508151
7534.0 0.3713667878099145
7536.0 0.36786009697234834
7538.0 0.3644620213389284
7540.0 0.3610197294012847
7542.0 0.35760297208660313
7544.0 0.3540955078558153
7546.0 0.350640580695798
7548.0 0.34724396747974484
7550.0 0.3438224215922448
7552.0 0.3403028562562324
7554.0 0.33684457309222465
7556.0 0.3333263854303233
7558.0 0.3298000454859183
7560.0 0.3271124215499679
7562.0 0.32573458058280974
7564.0 0.32485725202416954
7566.0 0.3242468742669249
7568.0 0.32412944387041953
7570.0 0.32412187073866694
7572.0 0.3223086464126938
7574.0 0.32035753272203316
7576.0 0.3189381325409473
7578.0 0.31648006213607655
7580.0 0.3113413516254432
7582.0 0.3026019557385567
7584.0 0.2947690967339049
7586.0 0.2940880510140989
7588.0 0.30076287895239734
7590.0 0.29340001845973884
7592.0 0.27330893133720047
7594.0 0.27656285252092067
7596.0 0.2843168970430232
7598.0 0.29605422205539234
7600.0 0.3077651792236079
7602.0 0.31724961867217344
7604.0 0.31961042880224866
7606.0 0.3172690248283577
7608.0 0.31480113615716376
7610.0 0.3087362206881545
7612.0 0.30456450324719986
7614.0 0.3045519744780795
7616.0 0.3093452368840261
7618.0 0.31618608206120763
7620.0 0.3227167460285543
7622.0 0.3273620795898001
7624.0 0.32870096544531713
7626.0 0.33263006505414516
7628.0 0.3378951284038018
7630.0 0.3439878938308103
7632.0 0.35227409057882997
7634.0 0.3603357054674084
7636.0 0.3671903106224816
7638.0 0.36877756144655743
7640.0 0.36663447576872027
7642.0 0.36757815566120566
7644.0 0.3705409198626746
7646.0 0.37526063279493804
7648.0 0.38178618918902973
7650.0 0.38841996730679346
7652.0 0.3965322531363399
7654.0 0.40528997664504746
7656.0 0.415080531808031
7658.0 0.4254132558706287
7660.0 0.4334543623779487
7662.0 0.44066004872523584
7664.0 0.447569958932423
7666.0 0.45439393471789846
7668.0 0.4598169522713838
7670.0 0.4662423044596002
7672.0 0.47260544961105116
7674.0 0.47618626526470215
7676.0 0.47703169687008784
7678.0 0.4783377087352918
7680.0 0.481623328529393
7682.0 0.4857369873989244
7684.0 0.48711494445873504
7686.0 0.4903453500579029
7688.0 0.4971025169709078
7690.0 0.5020165172403885
7692.0 0.5040272071109295
7694.0 0.5055767280997059
7696.0 0.5098938122081735
7698.0 0.513252481476644
7700.0 0.5184691605459197
7702.0 0.5243587507945681
7704.0 0.5282245865143308
7706.0 0.5311387479676771
7708.0 0.5333977486490465
7710.0 0.5371107358242332
7712.0 0.5408768038697633
7714.0 0.5447769184370151
7716.0 0.5447868953591338
7718.0 0.5444473739219542
7720.0 0.5467410835317088
7722.0 0.5509270477883537
7724.0 0.5558745549328674
7726.0 0.5608023996898847
7728.0 0.5647308905258444
7730.0 0.5679420163864625
7732.0 0.570783996532979
7734.0 0.573908297300499
7736.0 0.5764486041227301
7738.0 0.5759825791726337
7740.0 0.5741700749382269
7742.0 0.5732167902516092
7744.0 0.5738235907013844
7746.0 0.5728501128823857
7748.0 0.5711516893485753
7750.0 0.5697124076772816
7752.0 0.5684060829125469
7754.0 0.5672652290741989
7756.0 0.5660734659157352
7758.0 0.5649928314865376
7760.0 0.5653054309578706
7762.0 0.5666865608188522
7764.0 0.5690223954910795
7766.0 0.5715678575062699
7768.0 0.5736470110582241
7770.0 0.5745855120380706
7772.0 0.5751608976934792
7774.0 0.5754262404903333
7776.0 0.5731408081134203
7778.0 0.5688091047704542
7780.0 0.5640599090471254
7782.0 0.5588182818072708
7784.0 0.5560122207056677
7786.0 0.5541780300464625
7788.0 0.5536821495887578
7790.0 0.552763447930607
7792.0 0.5521782246698962
7794.0 0.5488328677175709
7796.0 0.5461584434119411
7798.0 0.5465338143130941
7800.0 0.5449268054138332
7802.0 0.5430305983298668
7804.0 0.5409604837348828
7806.0 0.5392328525036575
7808.0 0.5371243646773451
7810.0 0.5349386625593191
7812.0 0.5331670402411157
7814.0 0.5317202885341981
7816.0 0.5303464157979179
7818.0 0.52939850757652
7820.0 0.5288980966063844
7822.0 0.528387254089096
7824.0 0.5275880748854852
7826.0 0.5269318806676891
7828.0 0.5261044191314345
7830.0 0.5254115307411207
7832.0 0.5244451598809367
7834.0 0.5229192725443877
7836.0 0.521127476184196
7838.0 0.5189593208731079
7840.0 0.5168495823611494
7842.0 0.5149938031868395
7844.0 0.513404950438114
7846.0 0.5120639307074817
7848.0 0.5101221313706827
7850.0 0.507451785031552
7852.0 0.5058188351020769
7854.0 0.5042025299016999
7856.0 0.5028387583137178
7858.0 0.501409202302477
7860.0 0.5008195711467518
7862.0 0.5003725010705061
7864.0 0.5003268682652989
7866.0 0.500160304607274
7868.0 0.49946262949589904
7870.0 0.49849295517354403
7872.0 0.49792522554700835
7874.0 0.4973879400794284
7876.0 0.4952017796119984
7878.0 0.4917183386870882
7880.0 0.488762056882405
7882.0 0.4867015839632024
7884.0 0.4852361677296777
7886.0 0.48327085942857795
7888.0 0.4815000290732744
7890.0 0.4797635023292431
7892.0 0.4773396695661183
7894.0 0.47507668492016397
7896.0 0.47443308106708093
7898.0 0.474162771192233
7900.0 0.47316092658516956
7902.0 0.47195102590392757
7904.0 0.471479380485487
7906.0 0.4712488808872022
7908.0 0.47008623884583883
7910.0 0.46753321994954794
7912.0 0.46607728799763903
7914.0 0.4657533179317238
7916.0 0.46480330728230335
7918.0 0.4633043508710362
7920.0 0.46209816696692746
7922.0 0.4597447725265966
7924.0 0.45760929171382786
7926.0 0.45491334574454384
7928.0 0.4519839549067839
7930.0 0.4487816035741282
7932.0 0.44559502149628405
7934.0 0.4433989332531486
7936.0 0.4421020021725172
7938.0 0.44084137535737417
7940.0 0.43976245256133967
7942.0 0.4390103408461816
7944.0 0.43824012007556057
7946.0 0.4369637020841772
7948.0 0.4357173451223649
7950.0 0.43649340522272195
7952.0 0.43780209611254256
7954.0 0.43785985815155154
7956.0 0.43632326185413306
7958.0 0.43484630071459607
7960.0 0.43273593449980174
7962.0 0.4304042133186885
7964.0 0.4283624355689846
7966.0 0.4272851256297449
7968.0 0.4262431845174641
7970.0 0.42392228280938693
7972.0 0.42251405722137025
7974.0 0.42203998598766795
7976.0 0.4204025939987255
7978.0 0.4186728476395658
7980.0 0.41662655075352556
7982.0 0.4159603324797619
7984.0 0.41582035530338873
7986.0 0.41398258008813943
7988.0 0.41296348421105006
7990.0 0.4119219818429817
7992.0 0.41005337854188134
7994.0 0.4087255639066811
7996.0 0.4076259244618052
7998.0 0.40660764633354424
8000.0 0.4058508589145788
8002.0 0.40543178624208337
8004.0 0.4053334093848741
8006.0 0.404575664079018
8008.0 0.40299574145972455
8010.0 0.40098151734539356
8012.0 0.40008807543448704
8014.0 0.40013381178498797
8016.0 0.4007086763347557
8018.0 0.39929134036736474
8020.0 0.3978247367164492
8022.0 0.3962633129632988
8024.0 0.3943695771613849
8026.0 0.3922738487857732
8028.0 0.39032673148675245
8030.0 0.3896191530362221
8032.0 0.38884912987897785
8034.0 0.3889121512824337
8036.0 0.38724950171613304
8038.0 0.3851036086694113
8040.0 0.38358781363723976
8042.0 0.3824295673325201
8044.0 0.381847886958804
8046.0 0.3814537883471305
8048.0 0.3808697497651896
8050.0 0.3797297647814409
8052.0 0.3781563823397735
8054.0 0.37690537472942565
8056.0 0.3758272763037249
8058.0 0.3739752999824412
8060.0 0.37313576995831405
8062.0 0.37211044240128427
8064.0 0.3713225274894645
8066.0 0.3695528700961456
8068.0 0.3668075515761361
8070.0 0.3646144899175817
8072.0 0.36364897727172457
8074.0 0.36224909420785556
8076.0 0.3605259172480096
8078.0 0.35837740698989856
8080.0 0.3560873273296244
8082.0 0.3540030343617557
8084.0 0.35216077454891337
8086.0 0.35005752564827197
8088.0 0.34738979027010597
8090.0 0.34440476404730336
8092.0 0.341251805271336
8094.0 0.3379001604864305
8096.0 0.33514233275075483
8098.0 0.3329746163257443
8100.0 0.33058820020265844
8102.0 0.3279572280907939
8104.0 0.32550396313163393
8106.0 0.322071369107381
8108.0 0.3189852807789181
8110.0 0.31581064906643114
8112.0 0.3132043909189271
8114.0 0.309990022236093
8116.0 0.3072403234601394
8118.0 0.3038448303949994
8120.0 0.3015597938614995
8122.0 0.3005147470149013
8124.0 0.2983974779557671
8126.0 0.29605895327879755
8128.0 0.2945136963493455
8130.0 0.29213430168943866
8132.0 0.2878985586684069
8134.0 0.28461538345263004
8136.0 0.28252274669963306
8138.0 0.27864185256368934
8140.0 0.2755243396191286
8142.0 0.2724891610030323
8144.0 0.26928079492015317
8146.0 0.26615942288749495
8148.0 0.26409772394893055
8150.0 0.26295777893121985
8152.0 0.2609250603536001
8154.0 0.25938459348576376
8156.0 0.25678127768593617
8158.0 0.2546826328137723
8160.0 0.2525787928932644
8162.0 0.24974697017650255
8164.0 0.24960420526608293
8166.0 0.2494184801680989
8168.0 0.24691182034981465
8170.0 0.2443140459441793
8172.0 0.24212659193974978
8174.0 0.23978067057156147
8176.0 0.237536315506355
8178.0 0.2356432550083522
8180.0 0.23489683581452742
8182.0 0.2343958387689534
8184.0 0.2344004872414918
8186.0 0.23438132790043203
8188.0 0.23395178957139073
8190.0 0.233602832935434
8192.0 0.23308448767905587
8194.0 0.23132099615179516
8196.0 0.22962318543252624
8198.0 0.22788447897051348
8200.0 0.22618943214137688
8202.0 0.22429378700753386
8204.0 0.2224467321056524
8206.0 0.2215317369762134
8208.0 0.2195689003617679
8210.0 0.21825517494415325
8212.0 0.21641563769825722
8214.0 0.21433074843816455
8216.0 0.2131998150290903
8218.0 0.21168937502166082
8220.0 0.21000627983557177
8222.0 0.2089819244877083
8224.0 0.2084401077908544
8226.0 0.20816821321203757
8228.0 0.20787159081316495
8230.0 0.20734545226208265
8232.0 0.20636131454947101
8234.0 0.20578218602790826
8236.0 0.2056906608574082
8238.0 0.2055849624777931
8240.0 0.20595413854022018
8242.0 0.20662321182871873
8244.0 0.20737748836385925
8246.0 0.20728669117947282
8248.0 0.20677957952243683
8250.0 0.20606123300416096
8252.0 0.2046576737175323
8254.0 0.20378770279324296
8256.0 0.20235236415269034
8258.0 0.20229347757898175
8260.0 0.20238287534771593
8262.0 0.20288025818838068
8264.0 0.20278412023228934
8266.0 0.20255358391575742
8268.0 0.20285506731745606
8270.0 0.2033009025129355
8272.0 0.20389457853227638
8274.0 0.2044261448081151
8276.0 0.20482399021165126
8278.0 0.20517913037343344
8280.0 0.2061005618697107
8282.0 0.20620452704819228
8284.0 0.20612363049867188
8286.0 0.20632110843592089
8288.0 0.20640447105942433
8290.0 0.20745222498749294
8292.0 0.20881862239333032
8294.0 0.2104170411315931
8296.0 0.21170847899314527
8298.0 0.21333630811808596
8300.0 0.21475030762713407
8302.0 0.21599111620657743
8304.0 0.21662134562560073
8306.0 0.21755465649158529
8308.0 0.21960319802705192
8310.0 0.22113504830895006
8312.0 0.22370089790921832
8314.0 0.2252238312375445
8316.0 0.224578867233318
8318.0 0.22482515747872076
8320.0 0.22579297992674632
8322.0 0.22768128842211802
8324.0 0.22932600005212728
8326.0 0.2310586287652475
8328.0 0.23183740209818346
8330.0 0.23217477067843284
8332.0 0.23311765417660577
8334.0 0.2334335824822043
8336.0 0.23397755391826996
8338.0 0.2351250000481934
8340.0 0.23776727459098185
8342.0 0.24030838154121856
8344.0 0.24359711001095383
8346.0 0.2455845774493327
8348.0 0.24760086509950818
8350.0 0.24958540972365442
8352.0 0.25111986152406834
8354.0 0.2520708145905285
8356.0 0.2535731269652793
8358.0 0.25553995016911113
8360.0 0.25749414984766006
8362.0 0.25885020344693843
8364.0 0.26025736826050994
8366.0 0.2628485793045205
8368.0 0.2653883604812911
8370.0 0.2667809050911242
8372.0 0.26746022107717354
8374.0 0.2684246108120278
8376.0 0.27030868668414815
8378.0 0.2721541071292418
8380.0 0.2738079674662207
8382.0 0.2753424428436453
8384.0 0.27752692516085253
8386.0 0.28025072451362393
8388.0 0.28209459297276407
8390.0 0.28346738543458433
8392.0 0.2848369994387795
8394.0 0.2870294434928133
8396.0 0.2889018851989049
8398.0 0.2903728920168007
8400.0 0.29169350504520125
8402.0 0.2939046568567779
8404.0 0.29671172620545033
8406.0 0.30057879843780716
8408.0 0.30428698856270636
8410.0 0.3071625359793499
8412.0 0.31104055330967506
8414.0 0.31449900843022505
8416.0 0.31716828448829926
8418.0 0.3206589484272664
8420.0 0.3240116868363445
8422.0 0.3261319528074665
8424.0 0.32699562004048327
8426.0 0.3282153740502738
8428.0 0.33019367194792915
8430.0 0.3319786705344718
8432.0 0.3338097825043889
8434.0 0.3364578370254157
8436.0 0.3395454134134304
8438.0 0.34362112471394507
8440.0 0.34659640470905684
8442.0 0.3494851661203662
8444.0 0.3532279403781461
8446.0 0.35779510406081017
8448.0 0.3624891484314882
8450.0 0.36647630078963683
8452.0 0.37117588692438636
8454.0 0.3772233151664854
8456.0 0.382850571706542
8458.0 0.38860695640810305
8460.0 0.39456366815152394
8462.0 0.40092782385154724
8464.0 0.40763238858050116
8466.0 0.41335153832308663
8468.0 0.41947833612083685
8470.0 0.42549002584654144
8472.0 0.4300873216248684
8474.0 0.4347164303022677
8476.0 0.43876976949944707
8478.0 0.4429351315552395
8480.0 0.4483951789740107
8482.0 0.45497340365947003
8484.0 0.4611330195969571
8486.0 0.4667550588630756
8488.0 0.47354031182288664
8490.0 0.479606148796575
8492.0 0.4870220274572451
8494.0 0.493530003727879
8496.0 0.499753088205647
8498.0 0.5064277981505171
8500.0 0.5139254779217355
8502.0 0.5212507524129701
8504.0 0.5291170963661738
8506.0 0.5374385880128104
8508.0 0.5453083353807763
8510.0 0.5539867970854077
8512.0 0.5629367841234002
8514.0 0.5708684076095352
8516.0 0.5782717720914521
8518.0 0.5888028487644573
8520.0 0.5978428863920608
8522.0 0.6065194748290285
8524.0 0.6148791090311316
8526.0 0.6245358185480427
8528.0 0.6362970582669266
8530.0 0.6482116652664089
8532.0 0.6590341876248873
8534.0 0.6683975391936889
8536.0 0.6800609141712728
8538.0 0.6903092348288024
8540.0 0.7010508762421661
8542.0 0.7116806604781906
8544.0 0.7215934493693112
8546.0 0.7317657916095959
8548.0 0.740968554856067
8550.0 0.7490641046394679
8552.0 0.7583748434702604
8554.0 0.7696393403346139
8556.0 0.7792091872394977
8558.0 0.7874870615039348
8560.0 0.7955999185414876
8562.0 0.8039689097220979
8564.0 0.8118677400374935
8566.0 0.8189521792413059
8568.0 0.82377903098298
8570.0 0.827775774427748
8572.0 0.8333938549609432
8574.0 0.8413023656817682
8576.0 0.8491917476829121
8578.0 0.8560462604555793
8580.0 0.8656371446425046
8582.0 0.8756969976261278
8584.0 0.8841594523956806
8586.0 0.8924227605915718
8588.0 0.9019249790949091
8590.0 0.91049251256672
8592.0 0.9176042046958535
8594.0 0.9243960939427152
8596.0 0.9322386361581282
8598.0 0.93895435743718
8600.0 0.9440297609482751
8602.0 0.9484383053523351
8604.0 0.9510405596910301
8606.0 0.95371374631099
8608.0 0.9582865185409304
8610.0 0.961040820006724
8612.0 0.9630772029516369
8614.0 0.9653528702948488
8616.0 0.9688095526182997
8618.0 0.9720390594877362
8620.0 0.9739856480824285
8622.0 0.9750006190159248
8624.0 0.9742940161955261
8626.0 0.9732418811535687
8628.0 0.9716060622974425
8630.0 0.9699510039033538
8632.0 0.9652709692490248
8634.0 0.9618046795325019
8636.0 0.9587183470516449
8638.0 0.955762189007772
8640.0 0.9520803690753465
8642.0 0.9485095502131162
8644.0 0.9477171651907059
8646.0 0.948516824629622
8648.0 0.9483387675585615
8650.0 0.9465176928145809
8652.0 0.9461933024450329
8654.0 0.9488061888392422
8656.0 0.9499046756819618
8658.0 0.9490434570868511
8660.0 0.946242441944221
8662.0 0.942340768440681
8664.0 0.9382168412321575
8666.0 0.9346395971100827
8668.0 0.9302993610447319
8670.0 0.924867778299052
8672.0 0.919174677428942
8674.0 0.9155750577446538
8676.0 0.9107785603986731
8678.0 0.905598226440691
8680.0 0.8998023954781421
8682.0 0.893157228923538
8684.0 0.8854553375828047
8686.0 0.8768164564514653
8688.0 0.8719605959719331
8690.0 0.8697674712411313
8692.0 0.8667327199312261
8694.0 0.8615852195930406
8696.0 0.8559442591805115
8698.0 0.8533208128985486
8700.0 0.8493423746762055
8702.0 0.8453041007595572
8704.0 0.841181558820108
8706.0 0.8357348331536031
8708.0 0.8299775281715162
8710.0 0.8255678474932115
8712.0 0.8226775342265837
8714.0 0.8209840232902034
8716.0 0.8187927152051682
8718.0 0.8166354210608797
8720.0 0.8149106031944301
8722.0 0.8140014374002065
8724.0 0.8142358239641767
8726.0 0.8145721744552439
8728.0 0.8136285858048695
8730.0 0.8105923717550337
8732.0 0.8069624876139633
8734.0 0.803969442189291
8736.0 0.8018476382267308
8738.0 0.7990379564726721
8740.0 0.7946683870218489
8742.0 0.790235930899766
8744.0 0.7869897703420696
8746.0 0.786999920492818
8748.0 0.7854266832583522
8750.0 0.7815498161200843
8752.0 0.7769699512733673
8754.0 0.7728125248767747
8756.0 0.768291084095094
8758.0 0.7629111771299638
8760.0 0.7576567197707668
8762.0 0.7524925349542746
8764.0 0.7475354948357075
8766.0 0.7433175360740129
8768.0 0.7385411870811041
8770.0 0.7330764451948627
8772.0 0.7248758582471133
8774.0 0.7167623284656085
8776.0 0.7111889766154575
8778.0 0.7052685456537782
8780.0 0.6986424609837567
8782.0 0.691944464653264
8784.0 0.6857402896403167
8786.0 0.6805224628412815
8788.0 0.6757869403472677
8790.0 0.6693980042849498
8792.0 0.6620363213301608
8794.0 0.6547371972945009
8796.0 0.6488629005446732
8798.0 0.6437544251153894
8800.0 0.6386389833070784
8802.0 0.6325156154817207
8804.0 0.62627437364213
8806.0 0.6214248349072644
8808.0 0.6178821205102004
8810.0 0.6142506531702114
8812.0 0.6092786053325111
8814.0 0.6023018967084086
8816.0 0.5959926828092239
8818.0 0.5911995054800367
8820.0 0.5870990729625852
8822.0 0.5834153155973242
8824.0 0.5791446102652518
8826.0 0.5749638209091198
8828.0 0.5712904862194456
8830.0 0.5674035604408949
8832.0 0.5633073283233181
8834.0 0.5592751243491434
8836.0 0.5551421985210495
8838.0 0.5490704186695036
8840.0 0.5427061142808183
8842.0 0.536266295624007
8844.0 0.529262170325747
8846.0 0.5225822752676857
8848.0 0.5172176789018851
8850.0 0.5119569841160964
8852.0 0.5069015877712372
8854.0 0.5014382293727687
8856.0 0.4952566355852321
8858.0 0.4898329994921069
8860.0 0.48530709343860234
8862.0 0.48240065592567394
8864.0 0.4807723031505201
8866.0 0.4796850931540409
8868.0 0.4785351681737049
8870.0 0.4767779134914574
8872.0 0.47349187115603425
8874.0 0.4708818234983466
8876.0 0.46838468131075395
8878.0 0.46690586986198335
8880.0 0.46560305973880733
8882.0 0.46439462330784814
8884.0 0.4617847303423306
8886.0 0.45904606962151717
8888.0 0.4572140333895146
8890.0 0.4554182408637853
8892.0 0.45314494221512763
8894.0 0.4508864696052027
8896.0 0.44835272224321443
8898.0 0.4468099963357055
8900.0 0.4458457766232147
8902.0 0.445161919852225
8904.0 0.44384268166689483
8906.0 0.4420354904953003
8908.0 0.439219659554456
8910.0 0.4362124463391002
8912.0 0.43477587764446485
8914.0 0.4344000303996773
8916.0 0.4350045604790459
8918.0 0.43560392153693384
8920.0 0.4362480889865198
8922.0 0.436994005817787
8924.0 0.4360369901896763
8926.0 0.43623102546812564
8928.0 0.4375821070303351
8930.0 0.4387741771562832
8932.0 0.4396944494873212
8934.0 0.4410616746686318
8936.0 0.443396392259674
8938.0 0.4459780184575201
8940.0 0.4491106117151619
8942.0 0.4520700510898043
8944.0 0.4538849664496327
8946.0 0.4548670165116719
8948.0 0.4561829783125122
8950.0 0.4573272923923798
8952.0 0.45840938224459693
8954.0 0.45939846314292226
8956.0 0.4608282682605514
8958.0 0.4625892687957129
8960.0 0.46443396843215573
8962.0 0.46549868632776276
8964.0 0.46605064671396434
8966.0 0.4665077505934787
8968.0 0.4667181869677654
8970.0 0.46718891995111134
8972.0 0.4691137925400634
8974.0 0.47334435724963947
8976.0 0.4789415432925509
8978.0 0.4830870009005034
8980.0 0.48594882931312194
8982.0 0.4887718529850339
8984.0 0.49219619637660567
8986.0 0.49667029267801266
8988.0 0.5017055979083174
8990.0 0.5066638996763866
8992.0 0.5109060749529702
8994.0 0.5130108561539826
8996.0 0.5145758896304755
8998.0 0.5152441097752841
9000.0 0.5159486946236574
9002.0 0.5164756296698174
9004.0 0.5162541475072195
9006.0 0.5161185825606462
9008.0 0.516258969915628
9010.0 0.5164062372737241
9012.0 0.5181521228006056
9014.0 0.5203413795318039
9016.0 0.5219708124127269
9018.0 0.5222176597187316
9020.0 0.5221857776538401
9022.0 0.5222252609152165
9024.0 0.5223142414804541
9026.0 0.5221818712306577
9028.0 0.5212587198341045
9030.0 0.519810911780223
9032.0 0.5175360969639268
9034.0 0.5142605938665995
9036.0 0.510863012459495
9038.0 0.5087919444877886
9040.0 0.5071086063845822
9042.0 0.5062415114501636
9044.0 0.5054245472014588
9046.0 0.5050659366934058
9048.0 0.5059639722847301
9050.0 0.5077682529233373
9052.0 0.5098803213961881
9054.0 0.5115280309692327
9056.0 0.5129255272095756
9058.0 0.5136907467139277
9060.0 0.5140498835274019
9062.0 0.5134167416815357
9064.0 0.5140795510755436
9066.0 0.5157046162798158
9068.0 0.5161437997932178
9070.0 0.5137571308849859
9072.0 0.5105887771876257
9074.0 0.5071266135167489
9076.0 0.5037581648960039
9078.0 0.5008061397448477
9080.0 0.4988467718213234
9082.0 0.4970805961966365
9084.0 0.4954434289546615
9086.0 0.4942351162668529
9088.0 0.49275593157303
9090.0 0.4907068749200769
9092.0 0.4892515029743046
9094.0 0.48839238937221574
9096.0 0.48883227388217004
9098.0 0.4879976347563924
9100.0 0.48764860184121683
9102.0 0.488529102212183
9104.0 0.4898872313320186
9106.0 0.4907538772137491
9108.0 0.49078013561975414
9110.0 0.4903230880896203
9112.0 0.4895293915302147
9114.0 0.48926883745427363
9116.0 0.49028084460060856
9118.0 0.4914315146776262
9120.0 0.4919021742837186
9122.0 0.4916256327191957
9124.0 0.49139194686403675
9126.0 0.49066420220054463
9128.0 0.48976657957864217
9130.0 0.4886764136908483
9132.0 0.4870832339629675
9134.0 0.48551825414974953
9136.0 0.4847813776963368
9138.0 0.4850510889642143
9140.0 0.4861764404537084
9142.0 0.48732140677750996
9144.0 0.48781831113985097
9146.0 0.4874047662145276
9148.0 0.486218793465947
9150.0 0.4848207875544921
9152.0 0.483044520879312
9154.0 0.4812915020806956
9156.0 0.4797681131170188
9158.0 0.47950987931399497
9160.0 0.4796541446842821
9162.0 0.4793854972761559
9164.0 0.47859329495518493
9166.0 0.47737682497717426
9168.0 0.4757818697435938
9170.0 0.4750136555140547
9172.0 0.4750138860621941
9174.0 0.4749074721501354
9176.0 0.4747529211997679
9178.0 0.47512515470694283
9180.0 0.47563112753055337
9182.0 0.47545489639663935
9184.0 0.47589432783057384
9186.0 0.47743394683579693
9188.0 0.4786572174822885
9190.0 0.47932235416049057
9192.0 0.4798629503115275
9194.0 0.4811421077789849
9196.0 0.4826344013656474
9198.0 0.48377062889307665
9200.0 0.48536768645927464
9202.0 0.48739117992450987
9204.0 0.48925201650267547
9206.0 0.49114251405053727
9208.0 0.4929211007065743
9210.0 0.49376387075513106
9212.0 0.4930518236426975
9214.0 0.4911066471369731
9216.0 0.48918865343013634
9218.0 0.4880590367826293
9220.0 0.48786855688023506
9222.0 0.48876031636846096
9224.0 0.49045912726496504
9226.0 0.4921537430637604
9228.0 0.49315782719080237
9230.0 0.4936656634644861
9232.0 0.49402772749874313
9234.0 0.49477719338573817
9236.0 0.49590890584727765
9238.0 0.49752447211299006
9240.0 0.49932390725159453
9242.0 0.5009143420474373
9244.0 0.5019019668646926
9246.0 0.5028662753408399
9248.0 0.5043090347424916
9250.0 0.5059461101080502
9252.0 0.5068947492295344
9254.0 0.5065538519411733
9256.0 0.5056343336963168
9258.0 0.5057888041757046
9260.0 0.5077057159330997
9262.0 0.5098305137215573
9264.0 0.5114736788507287
9266.0 0.5128422438755919
9268.0 0.514220402844217
9270.0 0.5152939425889391
9272.0 0.5147093017816424
9274.0 0.5118824899980757
9276.0 0.5091559736911565
9278.0 0.5087274287151959
9280.0 0.5103956215235045
9282.0 0.5130404842645764
9284.0 0.5157717190533999
9286.0 0.5181027167876352
9288.0 0.5186852243084253
9290.0 0.5206146463749658
9292.0 0.5249640594959697
9294.0 0.5296847263520114
9296.0 0.5340992570019261
9298.0 0.537152368250301
9300.0 0.5390518040083021
9302.0 0.5416767339833827
9304.0 0.5433976906230743
9306.0 0.5428030090043742
9308.0 0.5416406981944232
9310.0 0.5400135060620475
9312.0 0.5365318140575713
9314.0 0.532895600350641
9316.0 0.5302274458496732
9318.0 0.5291690673478776
9320.0 0.5301221026536307
9322.0 0.5318282526195659
9324.0 0.5329868575849926
9326.0 0.5335219201721582
9328.0 0.5333553982732494
9330.0 0.5288106694291823
9332.0 0.5230340373749454
9334.0 0.5135047560599538
9336.0 0.5054476430647408
9338.0 0.5070115530846406
9340.0 0.5138440952988043
9342.0 0.5174837196117974
9344.0 0.516704115216189
9346.0 0.5125250457428248
9348.0 0.507379937793801
9350.0 0.5053264319907674
9352.0 0.5065599727600263
9354.0 0.5094636413285848
9356.0 0.512347026131468
9358.0 0.5154295969019078
9360.0 0.5183460777139565
9362.0 0.5231037100232114
9364.0 0.5220393642892335
9366.0 0.5121997900538937
9368.0 0.50025844762987
9370.0 0.4926937552607204
9372.0 0.48720224443111765
9374.0 0.4823352140349425
9376.0 0.47728188313606085
9378.0 0.4732969826684201
9380.0 0.4714358840343768
9382.0 0.47025931479921546
9384.0 0.4684428595794556
9386.0 0.46621497529480715
9388.0 0.4643072833749746
9390.0 0.4622513516649247
9392.0 0.46048420657525146
9394.0 0.46010292210027026
9396.0 0.4601882286142733
9398.0 0.45981268480335385
9400.0 0.4584291964476216
9402.0 0.45697654906972934
9404.0 0.4551323890387466
9406.0 0.4538892361137843
9408.0 0.45450338656989664
9410.0 0.45614308180637547
9412.0 0.45797099489143
9414.0 0.4583274076009565
9416.0 0.45931194248578705
9418.0 0.4597837552039512
9420.0 0.45949275904805154
9422.0 0.46236974963964383
9424.0 0.46559838621141536
9426.0 0.4672552191086181
9428.0 0.4658520622672281
9430.0 0.46265123803744695
9432.0 0.4568263460777776
9434.0 0.45250424590648897
9436.0 0.45046107219452725
9438.0 0.4505373420598428
9440.0 0.45267580711761196
9442.0 0.4554962022194143
9444.0 0.45735301929154565
9446.0 0.456339329028325
9448.0 0.4550681146765245
9450.0 0.45412261380348906
9452.0 0.4535356629381471
9454.0 0.4536721324056625
9456.0 0.4527269708454622
9458.0 0.45061919186570426
9460.0 0.4486774423696041
9462.0 0.44901788839987145
9464.0 0.44947418549041507
9466.0 0.4516269483825374
9468.0 0.4543461696857758
9470.0 0.45519134766597663
9472.0 0.4548562105526001
9474.0 0.45574624298167904
9476.0 0.4578395388837542
9478.0 0.46438407979237933
9480.0 0.4694324021465604
9482.0 0.47193997430730084
9484.0 0.47362124389751453
9486.0 0.47368154463264334
9488.0 0.4725959815643854
9490.0 0.47139145952886863
9492.0 0.47080303480272073
9494.0 0.4712422389899387
9496.0 0.473751060714527
9498.0 0.4777993775633572
9500.0 0.48394654859913455
9502.0 0.4908337189703483
9504.0 0.4958532524379771
9506.0 0.4980581274725221
9508.0 0.49991330892756003
9510.0 0.5002729734817744
9512.0 0.5006931392060621
9514.0 0.5013766314192002
9516.0 0.50186323797204
9518.0 0.5017030826758102
9520.0 0.5017696047444276
9522.0 0.5060466482314356
9524.0 0.5143009138273923
9526.0 0.5217318182572366
9528.0 0.5258075982729495
9530.0 0.526955078762472
9532.0 0.5263104433454849
9534.0 0.5230939542871721
9536.0 0.5183285352917868
9538.0 0.5157542496322934
9540.0 0.5143254609462645
9542.0 0.5131803523998376
9544.0 0.5130089155839189
9546.0 0.5152765263722257
9548.0 0.5204775845594496
9550.0 0.5223882111998979
9552.0 0.5202229831354017
9554.0 0.51824046935613
9556.0 0.5144880240513394
9558.0 0.5099225934772663
9560.0 0.5089370964414845
9562.0 0.5122164844866888
9564.0 0.514920934187384
9566.0 0.5120088973416331
9568.0 0.5120794130670676
9570.0 0.5106147463624204
9572.0 0.508958061469214
9574.0 0.5097150800040824
9576.0 0.512150290663928
9578.0 0.5134216217006162
9580.0 0.5133721336190814
9582.0 0.5120609542847551
9584.0 0.5094995305393892
9586.0 0.5065852561208778
9588.0 0.5050973943687859
9590.0 0.5056802056374418
9592.0 0.5071126558583025
9594.0 0.5080911016737134
9596.0 0.5075952864958646
9598.0 0.5064486560170433
9600.0 0.5058320189258642
9602.0 0.5049019995138692
9604.0 0.5042743911856101
9606.0 0.5047341431763664
9608.0 0.5065410143764457
9610.0 0.5081081859370569
9612.0 0.5085695204551133
9614.0 0.5072637552796443
9616.0 0.5048153148548128
9618.0 0.5028591790242792
9620.0 0.5030111332676502
9622.0 0.5044147169354457
9624.0 0.5050035739874013
9626.0 0.5050207399305366
9628.0 0.5056229597055565
9630.0 0.5063532245947905
9632.0 0.507250707232557
9634.0 0.5073988254343421
9636.0 0.5063986417150889
9638.0 0.504477417211722
9640.0 0.5025144596212933
9642.0 0.5014518187318608
9644.0 0.5015496436297634
9646.0 0.50224088256079
9648.0 0.5028137612067611
9650.0 0.5030818777398349
9652.0 0.5034454790464509
9654.0 0.5033830439283805
9656.0 0.5025541188525654
9658.0 0.5008655504002472
9660.0 0.49900620023083897
9662.0 0.4969999665139758
9664.0 0.4964238414445826
9666.0 0.4971498630195502
9668.0 0.4980088155391323
9670.0 0.4985473198884156
9672.0 0.49852552814993517
9674.0 0.49857631031164873
9676.0 0.4985911464942922
9678.0 0.49773011326916555
9680.0 0.4963107297949538
9682.0 0.49459166989725234
9684.0 0.4924891837483289
9686.0 0.4901541967550847
9688.0 0.48840936636595933
9690.0 0.4874621681894467
9692.0 0.4871359217159
9694.0 0.48742298522013433
9696.0 0.4882777111379466
9698.0 0.4882840801203829
9700.0 0.4876514857756967
9702.0 0.4870786550469698
9704.0 0.48645283487714747
9706.0 0.48591144996996166
9708.0 0.4862646858183447
9710.0 0.4866796746417227
9712.0 0.4851414535523361
9714.0 0.4826287870225699
9716.0 0.48070635965996145
9718.0 0.4793613671016126
9720.0 0.47893322232689844
9722.0 0.4799482261110227
9724.0 0.4814946294355819
9726.0 0.48250589944849503
9728.0 0.48302356021675164
9730.0 0.48320482967052425
9732.0 0.4828043777217818
9734.0 0.4817729850834233
9736.0 0.48031941448021576
9738.0 0.479146783081144
9740.0 0.478615860672623
9742.0 0.47788704222606576
9744.0 0.47655203536244894
9746.0 0.47537486351871816
9748.0 0.4751362864197838
9750.0 0.4754276665334509
9752.0 0.47582573378260246
9754.0 0.47643110312042797
9756.0 0.476925630973394
9758.0 0.4769262467824904
9760.0 0.47642423330241795
9762.0 0.4758497702837608
9764.0 0.47582730614952895
9766.0 0.4769034676128442
9768.0 0.4780282007368452
9770.0 0.4775231120237816
9772.0 0.47576858610874373
9774.0 0.4746007811356396
9776.0 0.4740398434186429
9778.0 0.47346262029871755
9780.0 0.4730999477551774
9782.0 0.47307089792221146
9784.0 0.4728211205694532
9786.0 0.47236937537971063
9788.0 0.4725140615024617
9790.0 0.4726398113644728
9792.0 0.4720950763438541
9794.0 0.47186426829027417
9796.0 0.4721494757096926
9798.0 0.47226332678447197
9800.0 0.47231417891507416
9802.0 0.4725433211484545
9804.0 0.4728855178525143
9806.0 0.47322656864470297
9808.0 0.47362462392528554
9810.0 0.4739101036460007
9812.0 0.47370492668544073
9814.0 0.47318705324177274
9816.0 0.47282187793979485
9818.0 0.472346729512053
9820.0 0.4713876690287292
9822.0 0.47056713305741016
9824.0 0.4701998020657261
9826.0 0.46973613394192903
9828.0 0.4692438945199454
9830.0 0.4691596175196922
9832.0 0.46928859760464076
9834.0 0.4689761681291672
9836.0 0.46817900750179964
9838.0 0.46760574777772157
9840.0 0.46762520906316085
9842.0 0.46814785761929284
9844.0 0.46918444529301756
9846.0 0.4698978430840476
9848.0 0.46942279476891935
9850.0 0.4684851604686729
9852.0 0.46799394765494656
9854.0 0.4672698484255101
9856.0 0.46602240260642513
9858.0 0.46524520843426614
9860.0 0.46502864765591445
9862.0 0.46464458738543873
9864.0 0.46400688242646126
9866.0 0.46355700606606465
9868.0 0.4633314447440529
9870.0 0.4635470274647472
9872.0 0.46447925812442536
9874.0 0.46521691361532347
9876.0 0.465224827431724
9878.0 0.4651104211441965
9880.0 0.4645528986591379
9882.0 0.4634738779595003
9884.0 0.46260486774550363
9886.0 0.46262149201959274
9888.0 0.46315349925478616
9890.0 0.4640278084743842
9892.0 0.4646486908930924
9894.0 0.46403001979275244
9896.0 0.4624253564973326
9898.0 0.4605868936449557
9900.0 0.45888343317316443
9902.0 0.45766638387290587
9904.0 0.45724157010085054
9906.0 0.4572884197009652
9908.0 0.45722608251055386
9910.0 0.45703905371997433
9912.0 0.457072210813046
9914.0 0.4572561631664622
9916.0 0.4563274291963381
9918.0 0.4542835472112565
9920.0 0.4527407129076142
9922.0 0.45228261827929744
9924.0 0.45189232771129684
9926.0 0.45150419767058514
9928.0 0.45170077470042996
9930.0 0.4522990364589522
9932.0 0.45253922309607314
9934.0 0.45185292976448166
9936.0 0.4507110623695811
9938.0 0.44974505529844205
9940.0 0.4486822553693411
9942.0 0.44728774714715014
9944.0 0.4465292135597469
9946.0 0.4467278204000978
9948.0 0.4475747126023589
9950.0 0.44877609410405006
9952.0 0.44953101861595524
9954.0 0.44978974017462037
9956.0 0.4500253520248116
9958.0 0.4499568108517465
9960.0 0.44958246462994317
9962.0 0.44980195978006565
9964.0 0.45075061552065976
9966.0 0.45196601015111787
9968.0 0.4529091655405889
9970.0 0.4534784068656652
9972.0 0.4539490233220753
9974.0 0.4544280216987772
9976.0 0.4547718948163667
9978.0 0.4550988908110413
9980.0 0.4555242284042472
9982.0 0.45562539881478675
9984.0 0.45473310264105765
9986.0 0.4527696153070033
9988.0 0.45124895333400017
9990.0 0.45103469437626215
9992.0 0.4514617746269146
9994.0 0.45268861054295306
9996.0 0.45518002984120215
9998.0 0.4572694129957462
