# z obs_date
# 0 52280
3580.0 0.3620214328211808
3582.0 0.3743953801658626
3584.0 0.36510571161400024
3586.0 0.32795291962030443
3588.0 0.33304002534922184
3590.0 0.3578392067001756
3592.0 0.3633542896104245
3594.0 0.3449713595361886
3596.0 0.325904480804106
3598.0 0.3322501946504396
3600.0 0.34334414074234754
3602.0 0.3654619647587451
3604.0 0.369830201761708
3606.0 0.35336804713987036
3608.0 0.34004121225304407
3610.0 0.3278273992243138
3612.0 0.33258910673448105
3614.0 0.3476725020740827
3616.0 0.367046135353544
3618.0 0.34577862965054074
3620.0 0.3471017570750536
3622.0 0.33082834013986123
3624.0 0.34269750050280834
3626.0 0.3456729723189981
3628.0 0.3586536915693619
3630.0 0.3679131863851701
3632.0 0.36065599765180717
3634.0 0.37060308741367093
3636.0 0.36707176725784557
3638.0 0.34879813981218505
3640.0 0.3302817244010207
3642.0 0.34006279225283964
3644.0 0.3575804975231575
3646.0 0.3570646003086185
3648.0 0.36773649848488194
3650.0 0.37492497774866584
3652.0 0.38481766572037
3654.0 0.36630792463553014
3656.0 0.32940257929095923
3658.0 0.32071849858140905
3660.0 0.34252460912999577
3662.0 0.3372138761523007
3664.0 0.3352322544679074
3666.0 0.3331742831206542
3668.0 0.32163560906888045
3670.0 0.3352530850290453
3672.0 0.32077916507959603
3674.0 0.32949990368597787
3676.0 0.33605754788006353
3678.0 0.3429061740255246
3680.0 0.3426339496007163
3682.0 0.35498319366263675
3684.0 0.35457772650538594
3686.0 0.36949457326569835
3688.0 0.36325220161804733
3690.0 0.3871632284785995
3692.0 0.39525075132635207
3694.0 0.3868674679068244
3696.0 0.3701579997221591
3698.0 0.37477006079681635
3700.0 0.36868361892225476
3702.0 0.3723133694041975
3704.0 0.35907051481855534
3706.0 0.3640485964361806
3708.0 0.38643007147631336
3710.0 0.41263778444651483
3712.0 0.40261655078310005
3714.0 0.4126005333114646
3716.0 0.4555381178290024
3718.0 0.38082131991375984
3720.0 0.4139558851420976
3722.0 0.4058772718418499
3724.0 0.45120738675010136
3726.0 0.4616808132166797
3728.0 0.44114551937195756
3730.0 0.4238963923544732
3732.0 0.43326173840521026
3734.0 0.4274793532723224
3736.0 0.4740185980904576
3738.0 0.44250553289310735
3740.0 0.4542469030701547
3742.0 0.4464221042045456
3744.0 0.44326867496971706
3746.0 0.4610008156570928
3748.0 0.436684365135872
3750.0 0.4141502391731174
3752.0 0.3835479623810277
3754.0 0.43486398657207537
3756.0 0.405754260588786
3758.0 0.41598341633302877
3760.0 0.4318044554202487
3762.0 0.4152450090591608
3764.0 0.38738319321269954
3766.0 0.41737162910976655
3768.0 0.40480205557927385
3770.0 0.41442733977875634
3772.0 0.40935681110910255
3774.0 0.4056787265308476
3776.0 0.4019494235125111
3778.0 0.4130024773510439
3780.0 0.4273421914983557
3782.0 0.4218736658997776
3784.0 0.39511197291821537
3786.0 0.40369249884377223
3788.0 0.3943748435718901
3790.0 0.4034354548013579
3792.0 0.390756804043673
3794.0 0.40060380450190536
3796.0 0.4037455878296831
3798.0 0.3818396340696329
3800.0 0.39874400793583126
3802.0 0.4036093018963864
3804.0 0.3964776978526772
3806.0 0.3844104088031362
3808.0 0.391195872636514
3810.0 0.36650498980217283
3812.0 0.3765867666541232
3814.0 0.3818859723636634
3816.0 0.3558884763228941
3818.0 0.3410593681849665
3820.0 0.3233063131582747
3822.0 0.33790270202973754
3824.0 0.34513659350619647
3826.0 0.3119675840138611
3828.0 0.29591223438809
3830.0 0.2841918036696436
3832.0 0.2857051076126887
3834.0 0.283199258508424
3836.0 0.27917804443987615
3838.0 0.2725098301221239
3840.0 0.28576941354054497
3842.0 0.2821286712621758
3844.0 0.29166350816485953
3846.0 0.2823658201186299
3848.0 0.2633546809140071
3850.0 0.27769228672225293
3852.0 0.2858710105894815
3854.0 0.2819194406175369
3856.0 0.2787507837583096
3858.0 0.2850654443723731
3860.0 0.29023813761871786
3862.0 0.2960836690355031
3864.0 0.30376696947715115
3866.0 0.3036503941392099
3868.0 0.3153571843781302
3870.0 0.30945062324871175
3872.0 0.314344901481222
3874.0 0.3127853690276431
3876.0 0.31238664447184045
3878.0 0.3405786582989811
3880.0 0.34569264598443844
3882.0 0.3630397598724443
3884.0 0.369953488444375
3886.0 0.3629969635653471
3888.0 0.36398897261835467
3890.0 0.368574873847545
3892.0 0.37934890910605135
3894.0 0.40293495619211717
3896.0 0.4151084017710233
3898.0 0.42570073930084323
3900.0 0.4320942503720614
3902.0 0.4362215981131906
3904.0 0.45418443062233965
3906.0 0.4647001909598173
3908.0 0.4537217648854515
3910.0 0.45304789939594486
3912.0 0.45999912743863575
3914.0 0.4792048191276984
3916.0 0.4996161110648547
3918.0 0.5063519592821537
3920.0 0.5106108552517742
3922.0 0.5065349680064766
3924.0 0.5158821284633762
3926.0 0.5344583286819846
3928.0 0.5312107127676166
3930.0 0.5329003724583168
3932.0 0.5354642386179512
3934.0 0.5427121036349198
3936.0 0.5577628341082191
3938.0 0.5739151926243609
3940.0 0.5714052168262174
3942.0 0.5678491551755517
3944.0 0.5685894492905617
3946.0 0.5601801786537035
3948.0 0.5471503413995774
3950.0 0.5583450972006433
3952.0 0.5724634328479515
3954.0 0.573435918680225
3956.0 0.5686253799053709
3958.0 0.5585635646321183
3960.0 0.5508856793634855
3962.0 0.5320321950520471
3964.0 0.5120165830519754
3966.0 0.5102479794230975
3968.0 0.5129193235357904
3970.0 0.5149870892688985
3972.0 0.513091587415618
3974.0 0.5032381002140981
3976.0 0.5088480342648554
3978.0 0.5146823642754941
3980.0 0.5236329516605233
3982.0 0.5175370837367074
3984.0 0.507528976467007
3986.0 0.5097025048338281
3988.0 0.5195661697280982
3990.0 0.527081149989123
3992.0 0.5253032236235768
3994.0 0.5151458575478223
3996.0 0.5147967288141805
3998.0 0.5299111195609262
4000.0 0.5082887749108191
4002.0 0.4993776442516557
4004.0 0.5021139705953599
4006.0 0.49487896155978967
4008.0 0.4827890794407933
4010.0 0.4889025280278451
4012.0 0.4954541175898392
4014.0 0.48967638749089476
4016.0 0.4963816076450817
4018.0 0.4800637521275912
4020.0 0.48524402065820316
4022.0 0.48458831249446993
4024.0 0.4993357990908643
4026.0 0.49229142373853996
4028.0 0.4924907646311805
4030.0 0.5010730366973009
4032.0 0.5089901114334489
4034.0 0.5060637089636524
4036.0 0.5207683906240886
4038.0 0.5407681652837609
4040.0 0.5448446283256493
4042.0 0.5538925938511566
4044.0 0.5515436610276044
4046.0 0.558608105838618
4048.0 0.5687940287926915
4050.0 0.5892376617726619
4052.0 0.5883438633583242
4054.0 0.6069896054280252
4056.0 0.599162363822211
4058.0 0.5922877382116014
4060.0 0.6075482815878342
4062.0 0.6007750173976851
4064.0 0.6142224287335155
4066.0 0.6100564769103413
4068.0 0.6184255943519038
4070.0 0.6212871041540947
4072.0 0.6172117716508208
4074.0 0.6091907045432802
4076.0 0.6288256057129087
4078.0 0.6379593527774242
4080.0 0.6474125149909716
4082.0 0.6484738013091719
4084.0 0.6367558957620025
4086.0 0.6500185748370749
4088.0 0.6406964160512248
4090.0 0.6404282157487914
4092.0 0.6259029890346087
4094.0 0.6313715720376019
4096.0 0.6140283807478071
4098.0 0.6166483923237075
4100.0 0.6219587316001249
4102.0 0.6070201824532163
4104.0 0.603129493828547
4106.0 0.5832507956929126
4108.0 0.5923443445810989
4110.0 0.5851554981294207
4112.0 0.5696248603656592
4114.0 0.5650456898819879
4116.0 0.5695279802485202
4118.0 0.5580902169805745
4120.0 0.5479784369315323
4122.0 0.551282229248109
4124.0 0.547109503274139
4126.0 0.5122978829584076
4128.0 0.5490295456054523
4130.0 0.5360413931425427
4132.0 0.5416849480364714
4134.0 0.5471701090656493
4136.0 0.5324825613486925
4138.0 0.520883080513751
4140.0 0.5271910815622611
4142.0 0.5236245785410991
4144.0 0.5343045529074342
4146.0 0.5165552747278492
4148.0 0.5211791698229327
4150.0 0.5170346709347818
4152.0 0.4975390033904982
4154.0 0.49296929580631804
4156.0 0.5027713690649688
4158.0 0.4848671706035493
4160.0 0.4735807871665402
4162.0 0.4630308807576822
4164.0 0.46065953143858807
4166.0 0.4692062815541953
4168.0 0.4552567589297354
4170.0 0.4406640237782761
4172.0 0.43435191750813207
4174.0 0.44236726116263253
4176.0 0.4399617180709424
4178.0 0.4402946638859437
4180.0 0.41569148866643585
4182.0 0.40876561816434115
4184.0 0.4135868021952291
4186.0 0.40771024973296743
4188.0 0.4056730642595132
4190.0 0.3920508499650544
4192.0 0.38140485959187354
4194.0 0.3764033287897109
4196.0 0.3943379946323131
4198.0 0.3914702368416699
4200.0 0.38831414012822535
4202.0 0.38733474492125347
4204.0 0.38619970495013556
4206.0 0.382179030845385
4208.0 0.3875604461356001
4210.0 0.39622545717869817
4212.0 0.4041298000095555
4214.0 0.4088129121802034
4216.0 0.41334138357198713
4218.0 0.4040399290178125
4220.0 0.41265638817203215
4222.0 0.4073722463268706
4224.0 0.40794072363409284
4226.0 0.4013135178899862
4228.0 0.3896941868301904
4230.0 0.3782296117333562
4232.0 0.36785827303162594
4234.0 0.372890791917005
4236.0 0.3828982879042649
4238.0 0.3778036578833335
4240.0 0.3819319971133883
4242.0 0.38387909824060096
4244.0 0.3880668538974486
4246.0 0.3807691438007582
4248.0 0.3842220960746813
4250.0 0.39285440671664984
4252.0 0.4022622639376821
4254.0 0.41213488380573016
4256.0 0.4104533637754801
4258.0 0.4068530855870677
4260.0 0.4269255266092124
4262.0 0.4291947373878035
4264.0 0.4402310920553308
4266.0 0.4396726218317829
4268.0 0.4455860101073325
4270.0 0.45979917455379166
4272.0 0.46045279334860295
4274.0 0.4656295389200554
4276.0 0.4747739019426266
4278.0 0.48350275422442995
4280.0 0.4868345528398586
4282.0 0.4852682435529556
4284.0 0.4919157459965964
4286.0 0.4997391708295306
4288.0 0.502930142011123
4290.0 0.5128020724924085
4292.0 0.5156216879682208
4294.0 0.5235316885313054
4296.0 0.5231690501087105
4298.0 0.5281183458641713
4300.0 0.5296589571398602
4302.0 0.5311608285964675
4304.0 0.536277767656162
4306.0 0.5384288595128506
4308.0 0.5407871645752301
4310.0 0.5375225737514329
4312.0 0.5383862704100586
4314.0 0.5451125382558767
4316.0 0.5413395270243535
4318.0 0.5348443692703782
4320.0 0.5302765310429877
4322.0 0.5196183913957846
4324.0 0.5171197371942583
4326.0 0.5229114891377031
4328.0 0.5226459732300962
4330.0 0.5105698504755377
4332.0 0.49489720591199804
4334.0 0.491250693864793
4336.0 0.5082862239402955
4338.0 0.5183860322520462
4340.0 0.5016492214430335
4342.0 0.5026461730117453
4344.0 0.5148869168347182
4346.0 0.5143916829724187
4348.0 0.5110690240601181
4350.0 0.5108728353221077
4352.0 0.5082224775687968
4354.0 0.5108530502135756
4356.0 0.5049586864122849
4358.0 0.5048501472865089
4360.0 0.5019768265169204
4362.0 0.5088751752672651
4364.0 0.5164598076431249
4366.0 0.512014702294556
4368.0 0.510848860116126
4370.0 0.5061423535966427
4372.0 0.5116396851062831
4374.0 0.5208372656549058
4376.0 0.5163710676849889
4378.0 0.5009244297927384
4380.0 0.5017742380139778
4382.0 0.5011614331350156
4384.0 0.4968342407416799
4386.0 0.5100972276027969
4388.0 0.5057393995507082
4390.0 0.5091020670666097
4392.0 0.5107137851646609
4394.0 0.4995965371132568
4396.0 0.492290924644557
4398.0 0.49324700479233397
4400.0 0.4893247677501086
4402.0 0.4852364567502971
4404.0 0.48304113533505866
4406.0 0.49156442419862645
4408.0 0.4921240875058313
4410.0 0.48295986948576997
4412.0 0.47651257022640947
4414.0 0.4738070889136057
4416.0 0.47991082865093565
4418.0 0.4828184145133889
4420.0 0.4740014744984496
4422.0 0.4783596391944057
4424.0 0.473785230215882
4426.0 0.4752763673633815
4428.0 0.4844911102783223
4430.0 0.48951894942001695
4432.0 0.4864130385400386
4434.0 0.49192466428091364
4436.0 0.4946406658230928
4438.0 0.48559081969074036
4440.0 0.4899409900294529
4442.0 0.49444041976003
4444.0 0.4791558750186723
4446.0 0.48195651698995745
4448.0 0.4830344006370206
4450.0 0.4837492711454145
4452.0 0.4736669454058957
4454.0 0.47310718352457454
4456.0 0.4590560193875754
4458.0 0.44667148439590193
4460.0 0.4501238836154028
4462.0 0.4598536108013079
4464.0 0.4616386262603537
4466.0 0.4488534852286755
4468.0 0.4458216345298303
4470.0 0.4411965623562878
4472.0 0.4447007096981211
4474.0 0.44597809706995517
4476.0 0.4412325816349642
4478.0 0.43852379276083614
4480.0 0.42732570026895617
4482.0 0.4395815307051827
4484.0 0.4394918631979132
4486.0 0.44235519091467457
4488.0 0.4405016735180921
4490.0 0.4344690230285594
4492.0 0.4428424099432908
4494.0 0.4432763334771022
4496.0 0.4556082463805505
4498.0 0.44746055116864014
4500.0 0.44555975184185215
4502.0 0.45015154187979917
4504.0 0.4523891089017749
4506.0 0.45495994634538744
4508.0 0.44877686592822763
4510.0 0.46326849208129484
4512.0 0.45895110511972537
4514.0 0.46856600873210136
4516.0 0.4834445978046006
4518.0 0.4703813486188848
4520.0 0.49128460578617494
4522.0 0.4919482664389103
4524.0 0.5027306788460618
4526.0 0.5082933501563821
4528.0 0.5043710728766767
4530.0 0.5109153799190649
4532.0 0.531333776379739
4534.0 0.5264938682196475
4536.0 0.5347975891122173
4538.0 0.5528760807953698
4540.0 0.5508281923484575
4542.0 0.5607773129879291
4544.0 0.5713102967442439
4546.0 0.5926536980585306
4548.0 0.591632855968185
4550.0 0.607222333703141
4552.0 0.6204240107563611
4554.0 0.6233626677606537
4556.0 0.6313185025882919
4558.0 0.6334933865264673
4560.0 0.6556105433403077
4562.0 0.6614052031242997
4564.0 0.6593035048693766
4566.0 0.6624917067579542
4568.0 0.6723141192948671
4570.0 0.6711695148897502
4572.0 0.6619131496752905
4574.0 0.6575636301311696
4576.0 0.654480022674977
4578.0 0.6649242766460854
4580.0 0.6539709698948813
4582.0 0.6557280782671338
4584.0 0.6498207409567415
4586.0 0.6482004203620331
4588.0 0.6529276746078629
4590.0 0.6493248277685739
4592.0 0.6485472773628089
4594.0 0.6517047800746039
4596.0 0.6561294626447387
4598.0 0.6443660021483997
4600.0 0.651780818839156
4602.0 0.6519548685391123
4604.0 0.6485264235552542
4606.0 0.6511785570279925
4608.0 0.6679732102937396
4610.0 0.6632978846467175
4612.0 0.6538955056524185
4614.0 0.6448032399036439
4616.0 0.6444087149068833
4618.0 0.6584695189286617
4620.0 0.6538067150113004
4622.0 0.6429341765010284
4624.0 0.6405475922462806
4626.0 0.6413954830158626
4628.0 0.6457499595143579
4630.0 0.643938897243034
4632.0 0.63686774984111
4634.0 0.6346752930781986
4636.0 0.6406738702823391
4638.0 0.6449956559564242
4640.0 0.6453889313372373
4642.0 0.6431684981508087
4644.0 0.636997226026271
4646.0 0.630183648464085
4648.0 0.6320247549103241
4650.0 0.6346396992392758
4652.0 0.6316820940160919
4654.0 0.6306017385464863
4656.0 0.6313281196120629
4658.0 0.6248722043527647
4660.0 0.6172243516332963
4662.0 0.6155390369114941
4664.0 0.6044458839699748
4666.0 0.6031879991139533
4668.0 0.5998990776138482
4670.0 0.5953964233800069
4672.0 0.5843003899032356
4674.0 0.5815680901368288
4676.0 0.5764133212265685
4678.0 0.565822329127815
4680.0 0.5696112382085612
4682.0 0.562212031816415
4684.0 0.549713258498742
4686.0 0.5345465704005549
4688.0 0.5327125936415867
4690.0 0.5332031085929456
4692.0 0.5174488141808506
4694.0 0.5067209975592478
4696.0 0.49662882956966736
4698.0 0.4844385149164442
4700.0 0.4652266526849439
4702.0 0.44654076990624464
4704.0 0.4378885642123474
4706.0 0.4252855325015094
4708.0 0.41389897376273166
4710.0 0.41492240563054206
4712.0 0.41473526168939767
4714.0 0.41687539655409345
4716.0 0.42102175373103634
4718.0 0.42373478079780874
4720.0 0.43161118691786665
4722.0 0.43622828754167453
4724.0 0.4329567346697609
4726.0 0.4390480096176437
4728.0 0.4414895328467436
4730.0 0.43594309245384805
4732.0 0.4342252554377188
4734.0 0.43673084063499107
4736.0 0.43323674450127664
4738.0 0.43008290266635957
4740.0 0.4382116127605707
4742.0 0.44834461978352813
4744.0 0.4460060256862226
4746.0 0.4439450434340614
4748.0 0.4420967386753196
4750.0 0.44361195095349254
4752.0 0.44806313982493284
4754.0 0.4532650439355761
4756.0 0.450623767882866
4758.0 0.45360377370897675
4760.0 0.4546120190575614
4762.0 0.4581162819958764
4764.0 0.4710562236854664
4766.0 0.48193312768771013
4768.0 0.4849291866549835
4770.0 0.4800217012534294
4772.0 0.48206626499255256
4774.0 0.48500869148782677
4776.0 0.4953051468442827
4778.0 0.5100278264139827
4780.0 0.507953338072948
4782.0 0.514195051706691
4784.0 0.5226299283359557
4786.0 0.5215877270942758
4788.0 0.5252265594332617
4790.0 0.5354255720339914
4792.0 0.5362615574777555
4794.0 0.5418261818035229
4796.0 0.5560537413352977
4798.0 0.5552164197719613
4800.0 0.5595805361158741
4802.0 0.5686530846848741
4804.0 0.5787371119885965
4806.0 0.5873725019466636
4808.0 0.5865211472940609
4810.0 0.5800073541991116
4812.0 0.6104113432212086
4814.0 0.6258905239358172
4816.0 0.6387975872215166
4818.0 0.6353919116323203
4820.0 0.6520028085161051
4822.0 0.6576269823307886
4824.0 0.6668836431620955
4826.0 0.6795025881396403
4828.0 0.6872695282926634
4830.0 0.6982867310180267
4832.0 0.696957037862414
4834.0 0.6950285438991446
4836.0 0.6916856562614886
4838.0 0.6885692324048234
4840.0 0.6862161299888381
4842.0 0.6828427801955875
4844.0 0.6800455280514041
4846.0 0.676739650776644
4848.0 0.6734961682851098
4850.0 0.6702556781636104
4852.0 0.6670167305456866
4854.0 0.6637762872120132
4856.0 0.6603726926730416
4858.0 0.657359714888531
4860.0 0.6537602335092706
4862.0 0.6504961370455673
4864.0 0.647527759320551
4866.0 0.6441073442857607
4868.0 0.6402794673787138
4870.0 0.6368113629233793
4872.0 0.6399891904633801
4874.0 0.644103991285122
4876.0 0.6423945285119258
4878.0 0.6409384639821187
4880.0 0.6515009186405204
4882.0 0.6533405893217803
4884.0 0.6506786419373075
4886.0 0.6709692125541249
4888.0 0.6768772306704626
4890.0 0.6796335739102926
4892.0 0.6760068495343927
4894.0 0.6920877390287856
4896.0 0.6998328997500236
4898.0 0.7083382853404435
4900.0 0.7097352035173725
4902.0 0.7181169292888862
4904.0 0.7233092650931824
4906.0 0.7301178124364631
4908.0 0.7419049168695216
4910.0 0.736947202946077
4912.0 0.7395068412947723
4914.0 0.737132956395497
4916.0 0.7387524264869598
4918.0 0.7461206720020489
4920.0 0.7332500243554074
4922.0 0.7309745816435521
4924.0 0.7277117680225557
4926.0 0.7123881993479334
4928.0 0.706811666717182
4930.0 0.6973675901630825
4932.0 0.6901707477067758
4934.0 0.6828224530807787
4936.0 0.6753264124851246
4938.0 0.6681514589885498
4940.0 0.6611033722778697
4942.0 0.6533418770107561
4944.0 0.6465522693998506
4946.0 0.6391586544010593
4948.0 0.6315387131886194
4950.0 0.6239200992825493
4952.0 0.6163002099027056
4954.0 0.6086776650680564
4956.0 0.6012181438175636
4958.0 0.5939807268989884
4960.0 0.5866536201227825
4962.0 0.5794277206199707
4964.0 0.5715794471930014
4966.0 0.5639682151974392
4968.0 0.5567888938012358
4970.0 0.5517295726387986
4972.0 0.5530932344400172
4974.0 0.5514928909486572
4976.0 0.5600969693230677
4978.0 0.5677451274483866
4980.0 0.5780115323799556
4982.0 0.5846377025015612
4984.0 0.5930460100405851
4986.0 0.5982816389546847
4988.0 0.6119420180299792
4990.0 0.6140701370777016
4992.0 0.6160488039801256
4994.0 0.618223666787399
4996.0 0.6205233232293749
4998.0 0.6227260961604691
5000.0 0.6243766368289502
5002.0 0.6263858095931789
5004.0 0.6293828770149834
5006.0 0.6314343863381569
5008.0 0.6334725405361861
5010.0 0.6355055330530709
5012.0 0.6375461537894392
5014.0 0.639586774525619
5016.0 0.6413436331165178
5018.0 0.6431202383796585
5020.0 0.6448275417102596
5022.0 0.6469205004585006
5024.0 0.6491486105857001
5026.0 0.6509144185985533
5028.0 0.6533160552256346
5030.0 0.6480419103479349
5032.0 0.6387020213608391
5034.0 0.6357118422343558
5036.0 0.6284757718970456
5038.0 0.623267333030696
5040.0 0.6107475375521285
5042.0 0.610489985436085
5044.0 0.6099416044705368
5046.0 0.607061626440131
5048.0 0.5993299556009293
5050.0 0.5867918565628315
5052.0 0.5822174192951687
5054.0 0.5837409893202307
5056.0 0.5815037087596638
5058.0 0.573741468557952
5060.0 0.5724135886662147
5062.0 0.5684452212644924
5064.0 0.5620674413085299
5066.0 0.5590747117430617
5068.0 0.5507226043565238
5070.0 0.539318594322798
5072.0 0.5292197729293155
5074.0 0.5250764325584019
5076.0 0.5243563550297946
5078.0 0.5174152105982693
5080.0 0.5112155666278496
5082.0 0.5060480095610298
5084.0 0.4975260569286211
5086.0 0.487513857954805
5088.0 0.47803056508123615
5090.0 0.4673633854720653
5092.0 0.46069557482763673
5094.0 0.4569503035747524
5096.0 0.4526359492383157
5098.0 0.4467554826197304
5100.0 0.4395848907260816
5102.0 0.43489290487784343
5104.0 0.43509362427498144
5106.0 0.43385568536301444
5108.0 0.4357990975376657
5110.0 0.4403657337267552
5112.0 0.43908316027438293
5114.0 0.4428306046301584
5116.0 0.44257612107238314
5118.0 0.4452327599599241
5120.0 0.447529903524117
5122.0 0.45505605000577415
5124.0 0.46651570966838574
5126.0 0.4648130300518552
5128.0 0.46616120620771806
5130.0 0.47390671003697593
5132.0 0.4779574547037729
5134.0 0.487236026806154
5136.0 0.5007629574915414
5138.0 0.5031474307977434
5140.0 0.5086230902697505
5142.0 0.5190489168876812
5144.0 0.5258442445698807
5146.0 0.5270015834302373
5148.0 0.5331811419385017
5150.0 0.537028886902797
5152.0 0.5490361033490875
5154.0 0.5564553318733261
5156.0 0.5506359131457479
5158.0 0.5529908120865921
5160.0 0.5585413831053172
5162.0 0.5670209468908775
5164.0 0.5704100212502654
5166.0 0.5688193360288418
5168.0 0.5693027981278732
5170.0 0.5753951743819193
5172.0 0.5731808891296382
5174.0 0.5715658749329975
5176.0 0.5691268384588728
5178.0 0.5699042323562605
5180.0 0.5788109302804935
5182.0 0.5748928114794618
5184.0 0.5770351028103615
5186.0 0.5758722030746596
5188.0 0.5806006143261878
5190.0 0.5774926252224162
5192.0 0.5811274861104737
5194.0 0.5731497957949838
5196.0 0.583750898223555
5198.0 0.5786933615179236
5200.0 0.5873389380405278
5202.0 0.5787028934568483
5204.0 0.5744780881971673
5206.0 0.5785778037984232
5208.0 0.5850087390785443
5210.0 0.5792585074068967
5212.0 0.5810392223521933
5214.0 0.5761902924165748
5216.0 0.5751438826936215
5218.0 0.5727101330728763
5220.0 0.5667629134337451
5222.0 0.5631083331391675
5224.0 0.5648588777625586
5226.0 0.5643064639914661
5228.0 0.555534898469258
5230.0 0.5628407025378486
5232.0 0.5628962918646406
5234.0 0.5638316921642605
5236.0 0.5539309381295239
5238.0 0.5505569524493529
5240.0 0.5451885195416948
5242.0 0.5504741480187738
5244.0 0.5513049286460348
5246.0 0.5609957316665927
5248.0 0.5485395975899875
5250.0 0.5446750550333568
5252.0 0.5541115635502321
5254.0 0.5549523098529716
5256.0 0.5472821748515276
5258.0 0.5429390142489825
5260.0 0.5477251106176485
5262.0 0.5475470967680793
5264.0 0.5465429596513739
5266.0 0.5545172439659117
5268.0 0.5464170985066474
5270.0 0.5433653950281819
5272.0 0.5481429476883826
5274.0 0.5463045930994304
5276.0 0.5585693828666068
5278.0 0.5525188909687653
5280.0 0.554850536494615
5282.0 0.5659503392856264
5284.0 0.55817675217067
5286.0 0.5713719138496749
5288.0 0.5754440098781143
5290.0 0.5780733376392242
5292.0 0.5746902837718346
5294.0 0.5700677087272892
5296.0 0.5878280257092828
5298.0 0.5815390234936
5300.0 0.5907487428961704
5302.0 0.5900770132523088
5304.0 0.596336506723102
5306.0 0.5981614626481169
5308.0 0.5926480823243098
5310.0 0.5989422714346884
5312.0 0.6000032505945329
5314.0 0.6001836047329522
5316.0 0.6004273928984701
5318.0 0.6025692979626273
5320.0 0.5890338378957061
5322.0 0.5955484907893939
5324.0 0.6008535717407494
5326.0 0.5898827892612373
5328.0 0.5967545527817459
5330.0 0.5977941280345049
5332.0 0.6042065740699357
5334.0 0.6053476992575122
5336.0 0.5994087903216646
5338.0 0.6015814542826295
5340.0 0.6039678156487343
5342.0 0.5998078901447547
5344.0 0.5970800111531841
5346.0 0.5989552262908402
5348.0 0.5977842944354068
5350.0 0.5978874078010487
5352.0 0.5988340490821656
5354.0 0.5957702326541214
5356.0 0.5905226768274863
5358.0 0.5856544334660032
5360.0 0.5835893872545183
5362.0 0.5837318379481703
5364.0 0.5850583024494852
5366.0 0.5831873668546651
5368.0 0.5802671442753856
5370.0 0.5761983715267244
5372.0 0.5763891733439291
5374.0 0.5796036013608192
5376.0 0.5783514618953197
5378.0 0.5784045544599914
5380.0 0.5744123665317133
5382.0 0.5673012259343063
5384.0 0.568554890048282
5386.0 0.5713386427779409
5388.0 0.5741232450953133
5390.0 0.577348301629829
5392.0 0.5767030908731948
5394.0 0.5737356996622568
5396.0 0.5704971244228917
5398.0 0.5709551589674258
5400.0 0.5746935029994158
5402.0 0.5743832624906872
5404.0 0.5765883605316467
5406.0 0.5814234429585159
5408.0 0.5818543513767208
5410.0 0.5778938135836208
5412.0 0.5749658243452272
5414.0 0.5720255603369493
5416.0 0.5736600375796156
5418.0 0.5755559169526002
5420.0 0.5715328796261914
5422.0 0.5672960357918095
5424.0 0.5591506848002883
5426.0 0.5515007953022547
5428.0 0.5506817919415736
5430.0 0.5558327638809843
5432.0 0.5577641246401397
5434.0 0.560675576777442
5436.0 0.5612628788709919
5438.0 0.5593268605964615
5440.0 0.5593129956657892
5442.0 0.5570549715945647
5444.0 0.5473034249436364
5446.0 0.5369055230241394
5448.0 0.5324139651359463
5450.0 0.5324476935295265
5452.0 0.5318241916646812
5454.0 0.5331730072572575
5456.0 0.5328270199570773
5458.0 0.529924972012178
5460.0 0.5277084760690735
5462.0 0.524150030485933
5464.0 0.5193211178016589
5466.0 0.5119404120566653
5468.0 0.5075960811334548
5470.0 0.5057446695575376
5472.0 0.5047536252072077
5474.0 0.5029794262074202
5476.0 0.5017034023163736
5478.0 0.5029452706660752
5480.0 0.506476240134859
5482.0 0.5073313053584028
5484.0 0.5087395049782016
5486.0 0.5102905795457062
5488.0 0.5118565500571718
5490.0 0.5134202037500207
5492.0 0.5176884977200765
5494.0 0.5224570056937808
5496.0 0.5247298682471373
5498.0 0.5248903943407961
5500.0 0.5268652230189997
5502.0 0.5304368234337995
5504.0 0.533856366395307
5506.0 0.5367570363480997
5508.0 0.540198523973007
5510.0 0.5419714448346824
5512.0 0.5425186510235701
5514.0 0.5445612078053222
5516.0 0.5473606218335894
5518.0 0.5487924540248501
5520.0 0.5478943344381559
5522.0 0.5475457040560039
5524.0 0.5481651364169724
5526.0 0.5483752511376572
5528.0 0.5476733044650227
5530.0 0.5480593055470806
5532.0 0.5461434583471367
5534.0 0.540462725343119
5536.0 0.5370684730588147
5538.0 0.5344000338447403
5540.0 0.5326297492756328
5542.0 0.5305239388993507
5544.0 0.5299674306007878
5546.0 0.5304714362821841
5548.0 0.5304983595220927
5550.0 0.5316358001972147
5552.0 0.5316135106761896
5554.0 0.5297772371361262
5556.0 0.5257732472184748
5558.0 0.5218095845515496
5560.0 0.5180031421083314
5562.0 0.5162888576970748
5564.0 0.5141952974317943
5566.0 0.5116800616713681
5568.0 0.5090879807299907
5570.0 0.5069166542908901
5572.0 0.5050439561130772
5574.0 0.5024333922536901
5576.0 0.49912665502981723
5578.0 0.49598500497960873
5580.0 0.4931687120576557
5582.0 0.4906059635582334
5584.0 0.48735959706083537
5586.0 0.4848151821951777
5588.0 0.48367746719060895
5590.0 0.48040140359632477
5592.0 0.4762066648229717
5594.0 0.47320870536127624
5596.0 0.4711231107971119
5598.0 0.4695090881744879
5600.0 0.4676488328031701
5602.0 0.4653496174305431
5604.0 0.46367801153535654
5606.0 0.46335344798942807
5608.0 0.46511423995270357
5610.0 0.4649542954266329
5612.0 0.4644056913635794
5614.0 0.4646189383755795
5616.0 0.4669241179285643
5618.0 0.46904628061588877
5620.0 0.46950663321828684
5622.0 0.469729547848149
5624.0 0.4694969823348265
5626.0 0.4696138394738864
5628.0 0.4705343236971009
5630.0 0.47309347517233796
5632.0 0.47591214180882474
5634.0 0.4791455861309069
5636.0 0.48129479865210767
5638.0 0.48384184714035877
5640.0 0.48490357427961717
5642.0 0.48461658508310407
5644.0 0.4848449133422526
5646.0 0.48347241379072664
5648.0 0.48001623799311477
5650.0 0.48068547389944893
5652.0 0.4855862910837185
5654.0 0.489026536757297
5656.0 0.4899131753634621
5658.0 0.4904374733581346
5660.0 0.4928352518908999
5662.0 0.4949691535538915
5664.0 0.4940161675927417
5666.0 0.4922484061394295
5668.0 0.49177156114869375
5670.0 0.4911014679939462
5672.0 0.4896844875095351
5674.0 0.48772509751518195
5676.0 0.48476304292527117
5678.0 0.48316922648656313
5680.0 0.4824786804958142
5682.0 0.480409873967559
5684.0 0.4774486804239236
5686.0 0.4752323574257736
5688.0 0.47271525749973575
5690.0 0.470048067919524
5692.0 0.4690978968717025
5694.0 0.46917865383059215
5696.0 0.46758938671935485
5698.0 0.46508182981112617
5700.0 0.4643108537433455
5702.0 0.46257993090419725
5704.0 0.45986128653181935
5706.0 0.45754154837255284
5708.0 0.4567327444781795
5710.0 0.458161553903702
5712.0 0.4606614749048728
5714.0 0.46325151389362496
5716.0 0.46656984753321257
5718.0 0.46768018730080296
5720.0 0.4669394676583955
5722.0 0.4660781925625212
5724.0 0.4659796697110062
5726.0 0.4657866252724826
5728.0 0.46551261887178624
5730.0 0.46463851480525054
5732.0 0.4651169588181869
5734.0 0.46581831189990386
5736.0 0.46512899395782276
5738.0 0.46279226611760765
5740.0 0.4605958812644681
5742.0 0.4594494123986621
5744.0 0.45876622658979865
5746.0 0.45711178865121144
5748.0 0.45589385720039943
5750.0 0.45434729361707993
5752.0 0.4523221684283618
5754.0 0.4502705957928999
5756.0 0.44732150474013077
5758.0 0.44562546967064776
5760.0 0.4465878513410035
5762.0 0.44894592491177115
5764.0 0.4477224934572547
5766.0 0.44504983410661214
5768.0 0.44460815296734335
5770.0 0.4444287961167655
5772.0 0.44256374144990474
5774.0 0.4385493479123669
5776.0 0.4347895263321476
5778.0 0.4335852038337945
5780.0 0.43379542314399444
5782.0 0.43182372465166435
5784.0 0.429719544014508
5786.0 0.4290005285296372
5788.0 0.4295363870129374
5790.0 0.4299134734807442
5792.0 0.42892682993757175
5794.0 0.4268376765151314
5796.0 0.424659171370358
5798.0 0.4232847812627757
5800.0 0.4215918540009891
5802.0 0.41901276703394363
5804.0 0.4168676174243629
5806.0 0.41480266910536073
5808.0 0.4119968821501855
5810.0 0.4082491817504295
5812.0 0.40592859567938594
5814.0 0.40527029702437456
5816.0 0.4052754108056065
5818.0 0.4045210917029119
5820.0 0.4030433218570849
5822.0 0.4017860730785678
5824.0 0.4010519635558017
5826.0 0.40014709147839944
5828.0 0.40043123611087816
5830.0 0.4008115397989645
5832.0 0.40046832983157526
5834.0 0.4002121921022554
5836.0 0.4033089992495037
5838.0 0.40916245610597113
5840.0 0.41402039307915783
5842.0 0.41914952912913284
5844.0 0.4242835939046003
5846.0 0.4297088518038412
5848.0 0.4334886128685376
5850.0 0.4364513025026662
5852.0 0.439898835092724
5854.0 0.44323631693116144
5856.0 0.4451054324216195
5858.0 0.4480004064002219
5860.0 0.453220213661799
5862.0 0.4576835608256127
5864.0 0.46168718315369217
5866.0 0.4671270447632459
5868.0 0.47508564204873105
5870.0 0.4798010597179816
5872.0 0.4809214613361068
5874.0 0.4818877638051529
5876.0 0.4830001981272628
5878.0 0.48416586110071635
5880.0 0.4852584525093121
5882.0 0.4862115274253182
5884.0 0.48732502328694133
5886.0 0.48852190771364584
5888.0 0.4897188672626494
5890.0 0.4909157606113492
5892.0 0.49211250367179554
5894.0 0.4933356598246076
5896.0 0.4946641478483647
5898.0 0.49598594253707057
5900.0 0.49711605140923254
5902.0 0.4982548592769873
5904.0 0.4996810685983049
5906.0 0.5009710371257108
5908.0 0.5020785127797538
5910.0 0.5017720058700778
5912.0 0.5003305532946144
5914.0 0.4982945383670439
5916.0 0.4967965095444856
5918.0 0.49598682746661044
5920.0 0.4960507026563147
5922.0 0.4951341477859333
5924.0 0.4939858250564037
5926.0 0.4930671376878777
5928.0 0.49275278414811924
5930.0 0.49184400631754804
5932.0 0.4892856793976733
5934.0 0.4865349197479085
5936.0 0.48452989026419097
5938.0 0.48257969468061174
5940.0 0.48175876736373924
5942.0 0.48342360330910045
5944.0 0.48394979735508575
5946.0 0.4838181799658199
5948.0 0.48384151378917994
5950.0 0.48168051507805537
5952.0 0.47926218165638357
5954.0 0.47853141544399985
5956.0 0.479971279583984
5958.0 0.4799976667261672
5960.0 0.4782139595897571
5962.0 0.4761215815624911
5964.0 0.4747026508345241
5966.0 0.4736897684671936
5968.0 0.4737143704153757
5970.0 0.47504775653150877
5972.0 0.4758397353844181
5974.0 0.4752977902362876
5976.0 0.4742672069946258
5978.0 0.4724559730722922
5980.0 0.47198193540705086
5982.0 0.47267613562300487
5984.0 0.47361797563572755
5986.0 0.47359088654941367
5988.0 0.47323406688737024
5990.0 0.47084492696179925
5992.0 0.4660959005302253
5994.0 0.4635165620463234
5996.0 0.46196512722950683
5998.0 0.46132820326835994
6000.0 0.46171285717966165
6002.0 0.46159977227963817
6004.0 0.460931533042694
6006.0 0.45933035687172485
6008.0 0.45803860115593803
6010.0 0.45684875470473935
6012.0 0.45706976858133064
6014.0 0.45737042849074055
6016.0 0.4579253728738728
6018.0 0.45813892570678916
6020.0 0.45883839629357615
6022.0 0.45862377124329085
6024.0 0.45765758294573833
6026.0 0.4559746333987104
6028.0 0.4527037468891498
6030.0 0.4511315804498036
6032.0 0.45174953688350705
6034.0 0.453778668547557
6036.0 0.45430627430177006
6038.0 0.4535152999762896
6040.0 0.4530744503114639
6042.0 0.4524646765171838
6044.0 0.4513589879155655
6046.0 0.4485345767645289
6048.0 0.4463260289393371
6050.0 0.44498502235400517
6052.0 0.4438390183419787
6054.0 0.4427215454643279
6056.0 0.44181583037728644
6058.0 0.4409632863552337
6060.0 0.43987289376209665
6062.0 0.4386267029817924
6064.0 0.43674030589984664
6066.0 0.43495006164897165
6068.0 0.4336064533331418
6070.0 0.43240183091011486
6072.0 0.4301650814595483
6074.0 0.4272093664336032
6076.0 0.4270152288197221
6078.0 0.42903103166141365
6080.0 0.4306038740022504
6082.0 0.43063450931844466
6084.0 0.4293125856403555
6086.0 0.42946547715213224
6088.0 0.4296579938818433
6090.0 0.43163097645100607
6092.0 0.43550203930615533
6094.0 0.43705331578235157
6096.0 0.43697758973228756
6098.0 0.43701298551874884
6100.0 0.43813164288242007
6102.0 0.43985805183766175
6104.0 0.44372866799809246
6106.0 0.4480861197466521
6108.0 0.4498497644197985
6110.0 0.45052186408481354
6112.0 0.4507843624487387
6114.0 0.45073891909623154
6116.0 0.45041682022806384
6118.0 0.4514311958471924
6120.0 0.45293132540490477
6122.0 0.4552901509921359
6124.0 0.4585359195147784
6126.0 0.461224486054383
6128.0 0.46223111106401177
6130.0 0.46263142653315886
6132.0 0.4648702999684268
6134.0 0.46660735030840544
6136.0 0.4657192450328562
6138.0 0.462676872973153
6140.0 0.4609750363383543
6142.0 0.46005318757957014
6144.0 0.46059579740522816
6146.0 0.4618094751136431
6148.0 0.4618567905701807
6150.0 0.4598799908694461
6152.0 0.45689278484428786
6154.0 0.45422371074767215
6156.0 0.45167841127639813
6158.0 0.44943018823629843
6160.0 0.4473109798285313
6162.0 0.4454192298396635
6164.0 0.4445394777317376
6166.0 0.4436436642247895
6168.0 0.44103069595893346
6170.0 0.437781515797752
6172.0 0.4366073319801085
6174.0 0.43634654614545165
6176.0 0.43490543747175114
6178.0 0.4327444426346873
6180.0 0.43082651571511577
6182.0 0.4286194828397744
6184.0 0.42695720326327086
6186.0 0.42577880444291605
6188.0 0.42495059725616235
6190.0 0.4244072204219834
6192.0 0.4235094555169302
6194.0 0.4236827286230706
6196.0 0.4247992099887652
6198.0 0.42643758049700403
6200.0 0.4275112975026745
6202.0 0.4279728120465635
6204.0 0.4283224118064068
6206.0 0.42902674095893173
6208.0 0.4306650604551974
6210.0 0.43346892184019326
6212.0 0.4348969632357823
6214.0 0.4351341265017252
6216.0 0.43620258534290446
6218.0 0.43905590678820666
6220.0 0.44217250652578205
6222.0 0.4448980813903473
6224.0 0.4471484149391901
6226.0 0.44887355753848596
6228.0 0.4505671895601488
6230.0 0.4510052713372471
6232.0 0.4510731222405964
6234.0 0.45016224812708494
6236.0 0.44799654659538185
6238.0 0.4459288603018976
6240.0 0.44493341354705596
6242.0 0.44448172735776076
6244.0 0.4445452678482712
6246.0 0.4455968370040959
6248.0 0.4464931622080396
6250.0 0.4465861145314338
6252.0 0.4457702735016398
6254.0 0.44270385050495964
6256.0 0.4392512034213392
6258.0 0.43649794194234187
6260.0 0.43569452208786535
6262.0 0.43573687315179155
6264.0 0.43570703737583966
6266.0 0.435160529818082
6268.0 0.43430445672432105
6270.0 0.43244829535933565
6272.0 0.4299386481595476
6274.0 0.4281005448254633
6276.0 0.42622250013081914
6278.0 0.42433075041998114
6280.0 0.42300753314886036
6282.0 0.42163366613218245
6284.0 0.4199584135483486
6286.0 0.4188749763183969
6288.0 0.4182417183168895
6290.0 0.41787025589232973
6292.0 0.4170323877249841
6294.0 0.4158597071775215
6296.0 0.41429257330093894
6298.0 0.41251291308191745
6300.0 0.4106532486703389
6302.0 0.40912398657418114
6304.0 0.4081731342080234
6306.0 0.4067416277395895
6308.0 0.4061184136800371
6310.0 0.4053782787802849
6312.0 0.4041876522902008
6314.0 0.402461908391681
6316.0 0.4014898129576672
6318.0 0.400225204805284
6320.0 0.39805686805860857
6322.0 0.39639234611276514
6324.0 0.39391517248849767
6326.0 0.39007552537297974
6328.0 0.3858313029454013
6330.0 0.38021920187879943
6332.0 0.3733309734144022
6334.0 0.3658011977690808
6336.0 0.3577922985208445
6338.0 0.35046172369706496
6340.0 0.34355082138633547
6342.0 0.33582072305048416
6344.0 0.3277989212609057
6346.0 0.3213938009802095
6348.0 0.3146306749624912
6350.0 0.30886411533257113
6352.0 0.3008978543507027
6354.0 0.28823650001377915
6356.0 0.27488466591340716
6358.0 0.26851996722112365
6360.0 0.2675067339538637
6362.0 0.2659550677858216
6364.0 0.26507203279694674
6366.0 0.26506192893333114
6368.0 0.26628638526667575
6370.0 0.2678496547015885
6372.0 0.270077552270354
6374.0 0.27308430056565575
6376.0 0.2737008175779532
6378.0 0.2712178391245803
6380.0 0.2725169160851872
6382.0 0.2774876674059794
6384.0 0.2823240240649362
6386.0 0.28650476501824046
6388.0 0.2904957412895068
6390.0 0.29342581968055953
6392.0 0.2952328782807997
6394.0 0.2993356880324092
6396.0 0.30640876118960697
6398.0 0.3106633175448995
6400.0 0.3150058119688514
6402.0 0.3195095237901369
6404.0 0.3236644832128637
6406.0 0.3282774377013581
6408.0 0.3327333176228145
6410.0 0.3370676566074665
6412.0 0.34156995852125555
6414.0 0.34607226043685557
6416.0 0.3505930523221807
6418.0 0.35510225795186157
6420.0 0.35960455988639517
6422.0 0.3639054832388909
6424.0 0.36850314981710797
6426.0 0.37293409931244537
6428.0 0.3768872759036785
6430.0 0.3816012128355667
6432.0 0.3856807820135555
6434.0 0.389921782833916
6436.0 0.39418525395777787
6438.0 0.3999353993884036
6440.0 0.40512827303799276
6442.0 0.409886625845133
6444.0 0.416072067732685
6446.0 0.4234154872654235
6448.0 0.43106605265777187
6450.0 0.4386302567779846
6452.0 0.4472985749434741
6454.0 0.45441443793649405
6456.0 0.46176522958256494
6458.0 0.47086645759840284
6460.0 0.48049716459159586
6462.0 0.49096542628062717
6464.0 0.502326901417063
6466.0 0.5135196391615795
6468.0 0.5241504947096735
6470.0 0.5344506034916516
6472.0 0.5430244642260852
6474.0 0.5495038339206544
6476.0 0.5601641963144122
6478.0 0.5725389459079518
6480.0 0.5847297828350182
6482.0 0.5964558258624266
6484.0 0.6100323992465898
6486.0 0.6238699903913913
6488.0 0.6383976806302548
6490.0 0.6559531936856422
6492.0 0.6746985036472711
6494.0 0.6922641121256697
6496.0 0.7078824077861023
6498.0 0.7223943787257793
6500.0 0.7360383051357755
6502.0 0.7504408337786543
6504.0 0.7666292106320015
6506.0 0.7838943737482881
6508.0 0.8015403702348481
6510.0 0.8188731020496463
6512.0 0.8338858856537165
6514.0 0.8480630407994693
6516.0 0.8629377341889896
6518.0 0.8782902017536456
6520.0 0.8918119531249997
6522.0 0.9062626298562511
6524.0 0.9212440727286032
6526.0 0.9349868916257367
6528.0 0.9475566391089513
6530.0 0.9592677336629885
6532.0 0.9703038597095013
6534.0 0.9795571752972148
6536.0 0.9879296537723864
6538.0 0.9944875316537419
6540.0 0.9979430182268535
6542.0 1.0
6544.0 0.9995647333920293
6546.0 0.9950086876816489
6548.0 0.9896897281547304
6550.0 0.9850262086687932
6552.0 0.9798212103795839
6554.0 0.9748280187447437
6556.0 0.9697737460543777
6558.0 0.964949037563976
6560.0 0.9601174749438222
6562.0 0.9552846129179857
6564.0 0.9504486112565992
6566.0 0.9456170486313129
6568.0 0.9407854860203173
6570.0 0.9359497552124415
6572.0 0.9311279044460263
6574.0 0.9262655315002764
6576.0 0.9211169106405901
6578.0 0.9162066620810876
6580.0 0.9112341295799921
6582.0 0.9065133059190655
6584.0 0.9016593694569501
6586.0 0.8937529586032152
6588.0 0.8824454863362569
6590.0 0.8700433013912812
6592.0 0.8585677759236305
6594.0 0.8482751243687336
6596.0 0.83810573051138
6598.0 0.8287683535130351
6600.0 0.8200165329906798
6602.0 0.8100050744004282
6604.0 0.7992986692255076
6606.0 0.7890306661983604
6608.0 0.7788115586423757
6610.0 0.7687751544638843
6612.0 0.7598983103193011
6614.0 0.752423235642177
6616.0 0.7448640667115135
6618.0 0.7366270545926453
6620.0 0.7276737150603441
6622.0 0.7185708826724391
6624.0 0.7102370596952947
6626.0 0.7032796495275566
6628.0 0.6965890028504192
6630.0 0.688939257642636
6632.0 0.6809740221434308
6634.0 0.6732056616233157
6636.0 0.6654357823777316
6638.0 0.6592236281570014
6640.0 0.6547139498054054
6642.0 0.6501319979539454
6644.0 0.6449808570267608
6646.0 0.6386851564481769
6648.0 0.6319449231475275
6650.0 0.6250527596693902
6652.0 0.6196188949678777
6654.0 0.6150834747842214
6656.0 0.6086866682930584
6658.0 0.5998911339101147
6660.0 0.5922312032214616
6662.0 0.5867907866277369
6664.0 0.582554834658013
6666.0 0.5780282063889471
6668.0 0.5737951425869929
6670.0 0.5689829230355652
6672.0 0.5643007894711957
6674.0 0.5610060804978063
6676.0 0.5583639451183222
6678.0 0.5549820663964345
6680.0 0.55143371313314
6682.0 0.54682337311784
6684.0 0.5423019596781772
6686.0 0.5375165226551274
6688.0 0.5328939327749312
6690.0 0.5278786638430744
6692.0 0.5231234429833665
6694.0 0.519367261760122
6696.0 0.5159890274046776
6698.0 0.5124750941252544
6700.0 0.5085649728695354
6702.0 0.5057717439802264
6704.0 0.5033700696362463
6706.0 0.5009820433181703
6708.0 0.4977060716390486
6710.0 0.4946182386455093
6712.0 0.4912615218958188
6714.0 0.4879325690692619
6716.0 0.4849664722208749
6718.0 0.4822156328065558
6720.0 0.4793924731089141
6722.0 0.47752776479834047
6724.0 0.4754033303339661
6726.0 0.47180107413980665
6728.0 0.4676650607587559
6730.0 0.4628133972984473
6732.0 0.4588587340918045
6734.0 0.4570408091258974
6736.0 0.45644351802625555
6738.0 0.4553950767405202
6740.0 0.45366405396362425
6742.0 0.4519416603997387
6744.0 0.448625870044215
6746.0 0.444946574328428
6748.0 0.44257850073126936
6750.0 0.4409789970145543
6752.0 0.43820807022381736
6754.0 0.4351860698038863
6756.0 0.43427357747566997
6758.0 0.434447673180936
6760.0 0.43296142886098254
6762.0 0.43163535372043804
6764.0 0.43011435921528224
6766.0 0.428590020263521
6768.0 0.4271238671167772
6770.0 0.4257796110091106
6772.0 0.4246862195780611
6774.0 0.4232809304319868
6776.0 0.4218583771898401
6778.0 0.4204358239474414
6780.0 0.4190111155805344
6782.0 0.417587740525036
6784.0 0.41613952094245776
6786.0 0.4145233395421354
6788.0 0.4132721483291556
6790.0 0.41199341792241456
6792.0 0.4105395274676519
6794.0 0.4091730248060472
6796.0 0.40768830126514166
6798.0 0.4062705889489038
6800.0 0.40506100095220504
6802.0 0.403892931144041
6804.0 0.40262712219484503
6806.0 0.40184523959504076
6808.0 0.4017400293240616
6810.0 0.40221238375520346
6812.0 0.40223837767747533
6814.0 0.40037065066490635
6816.0 0.3981872997653201
6818.0 0.39570234181907105
6820.0 0.39521991215394436
6822.0 0.39524488221986187
6824.0 0.3948850345800309
6826.0 0.3940045413681327
6828.0 0.393821191245226
6830.0 0.392430918095188
6832.0 0.3908617220791135
6834.0 0.3895120929278074
6836.0 0.3894405045526024
6838.0 0.38999975517889546
6840.0 0.38912090907962466
6842.0 0.3888912163765147
6844.0 0.38689599936263785
6846.0 0.38478320390278775
6848.0 0.3831401977033994
6850.0 0.3813008510588309
6852.0 0.38084263398628365
6854.0 0.38156632025106973
6856.0 0.38235497227822557
6858.0 0.38178961029112346
6860.0 0.38232575769098653
6862.0 0.3826319150442022
6864.0 0.38208776240909603
6866.0 0.38121667859763114
6868.0 0.37998936175472137
6870.0 0.37854717845543423
6872.0 0.37663246731597205
6874.0 0.37630109551763447
6876.0 0.3767972145998775
6878.0 0.3774253255793349
6880.0 0.37798146765544244
6882.0 0.37782271941633255
6884.0 0.37735503646360075
6886.0 0.37615023520974644
6888.0 0.37502398105023693
6890.0 0.3741373591291227
6892.0 0.3726754441319845
6894.0 0.3708750271174574
6896.0 0.36963774198022237
6898.0 0.36925142806328687
6900.0 0.3696767738148674
6902.0 0.3720773534320041
6904.0 0.3741866293105609
6906.0 0.37366841278800833
6908.0 0.3718770462503701
6910.0 0.36991503871770454
6912.0 0.3682701321210637
6914.0 0.36698708664128027
6916.0 0.3670216716433164
6918.0 0.36852046290406787
6920.0 0.36856697651489856
6922.0 0.36690355296432886
6924.0 0.36588861805110207
6926.0 0.366554381053837
6928.0 0.3674991986022746
6930.0 0.3673905189147012
6932.0 0.3671919139565337
6934.0 0.3679097173845557
6936.0 0.36844497889477124
6938.0 0.3681003447521599
6940.0 0.36854315749603483
6942.0 0.36932463359493756
6944.0 0.37011482478036173
6946.0 0.37077361483134835
6948.0 0.3701439998932596
6950.0 0.36843623614830573
6952.0 0.36598073778273515
6954.0 0.36424073927486683
6956.0 0.3641075584534325
6958.0 0.3649805174183384
6960.0 0.36632422205324255
6962.0 0.36696162202583094
6964.0 0.3668852688815309
6966.0 0.36646958731515583
6968.0 0.3660558810315428
6970.0 0.36618840144106346
6972.0 0.3673558042678893
6974.0 0.3691128070300616
6976.0 0.3692815864270512
6978.0 0.36835124131766744
6980.0 0.3664155689170272
6982.0 0.36548312634353813
6984.0 0.3657436164986542
6986.0 0.3652438477588324
6988.0 0.36469768562609384
6990.0 0.36518865964171693
6992.0 0.3660380690970362
6994.0 0.3659694590494112
6996.0 0.36569420753793747
6998.0 0.36563590967804727
7000.0 0.36484404836032447
7002.0 0.36302224870199523
7004.0 0.36266936540827305
7006.0 0.3636047825875827
7008.0 0.364251588845784
7010.0 0.3642736759720597
7012.0 0.3633048916845107
7014.0 0.3612995144442711
7016.0 0.35967530018036636
7018.0 0.35869253365243087
7020.0 0.3587185360145324
7022.0 0.35856859815429487
7024.0 0.3582068057850845
7026.0 0.3585249650913948
7028.0 0.35998510162493563
7030.0 0.3620356871032276
7032.0 0.362564414603823
7034.0 0.36220209950339805
7036.0 0.36163234353640766
7038.0 0.3612671928027784
7040.0 0.3616052509847706
7042.0 0.3611808301826778
7044.0 0.36025570280806624
7046.0 0.35910589581881275
7048.0 0.3588086514768707
7050.0 0.3588123470152057
7052.0 0.35914000457589035
7054.0 0.3586741820818626
7056.0 0.357762031097897
7058.0 0.35718854359333035
7060.0 0.35648942706799236
7062.0 0.3559982751016026
7064.0 0.3568585755142401
7066.0 0.357107797018177
7068.0 0.35678754915808714
7070.0 0.35706628684059377
7072.0 0.3576202145376263
7074.0 0.35792184710568553
7076.0 0.35745755577842936
7078.0 0.3565438832413734
7080.0 0.3557123311988694
7082.0 0.35510937830329586
7084.0 0.3543427999354006
7086.0 0.3532442342730045
7088.0 0.3528782101567981
7090.0 0.35376323955217337
7092.0 0.3547724956587026
7094.0 0.3556751932268423
7096.0 0.35557951804366866
7098.0 0.3551222275493198
7100.0 0.354634588540505
7102.0 0.35427749592816454
7104.0 0.3533072232832035
7106.0 0.35248020860147244
7108.0 0.35203928580640853
7110.0 0.3508961232044547
7112.0 0.34813766099214266
7114.0 0.34744366841156693
7116.0 0.34899738701971184
7118.0 0.3498042210502642
7120.0 0.3506813811796323
7122.0 0.35228262072129274
7124.0 0.3532871084274283
7126.0 0.35340560936591425
7128.0 0.35400623459499814
7130.0 0.3541800127539136
7132.0 0.3524031235442899
7134.0 0.3506419489791765
7136.0 0.34922989683308947
7138.0 0.3483136094496598
7140.0 0.3490130096812071
7142.0 0.35020428601681786
7144.0 0.35098089758150586
7146.0 0.3503488963724265
7148.0 0.34988505849673185
7150.0 0.3491981272039736
7152.0 0.34940710833461297
7154.0 0.3496357676460526
7156.0 0.35026247254843595
7158.0 0.3510311002759116
7160.0 0.3498743441485472
7162.0 0.3493551295782288
7164.0 0.35096373809189046
7166.0 0.3529620595512756
7168.0 0.3537986436140301
7170.0 0.35473847478891585
7172.0 0.35462084549240225
7174.0 0.35367208081722623
7176.0 0.3521817096931486
7178.0 0.350404825122844
7180.0 0.35007130538017206
7182.0 0.3523025052815459
7184.0 0.3543003915303553
7186.0 0.35560850469645344
7188.0 0.35566275966353217
7190.0 0.35522912277141
7192.0 0.3549481069219111
7194.0 0.3556329974428418
7196.0 0.35696937249494054
7198.0 0.3574566993426338
7200.0 0.35728731320243695
7202.0 0.3567823195488022
7204.0 0.35437220048801377
7206.0 0.3520849858064132
7208.0 0.35145700004092767
7210.0 0.35334763544362036
7212.0 0.3552809083150563
7214.0 0.3554024818810621
7216.0 0.3534312769004505
7218.0 0.35092278780984376
7220.0 0.34907307243407365
7222.0 0.34926093744769915
7224.0 0.3504113137772377
7226.0 0.35066236542782697
7228.0 0.35043684681256926
7230.0 0.35180659198961317
7232.0 0.35263440227425813
7234.0 0.3519874135058082
7236.0 0.3500743630615398
7238.0 0.3479601186696111
7240.0 0.34742188560881654
7242.0 0.34808404816713
7244.0 0.3487260067001433
7246.0 0.3500188734761619
7248.0 0.3505483484334205
7250.0 0.3497402756257219
7252.0 0.349334763395528
7254.0 0.3496050930062291
7256.0 0.35054609543407544
7258.0 0.35252787192040463
7260.0 0.35353229268016756
7262.0 0.3537322160644592
7264.0 0.3550767583715706
7266.0 0.3566383858184409
7268.0 0.35709770044849515
7270.0 0.35679293943028584
7272.0 0.3573841706081003
7274.0 0.3581141273375869
7276.0 0.3583655098956633
7278.0 0.35924350197527993
7280.0 0.35975005929134407
7282.0 0.3592490354400511
7284.0 0.3588932808932471
7286.0 0.3597143906525749
7288.0 0.3604728293081277
7290.0 0.3609181211637769
7292.0 0.3610960641278871
7294.0 0.3613546673223184
7296.0 0.3613988879266798
7298.0 0.361099751265317
7300.0 0.36028285881807626
7302.0 0.3587172654201415
7304.0 0.3577069968069488
7306.0 0.3568099208658666
7308.0 0.3555613715780483
7310.0 0.3551927566144239
7312.0 0.35651462869535006
7314.0 0.3577488133596638
7316.0 0.35736565388643954
7318.0 0.3562242288778178
7320.0 0.355699358860337
7322.0 0.356141458529198
7324.0 0.35713502906815187
7326.0 0.35813034363350027
7328.0 0.35845896278830075
7330.0 0.3574815109038808
7332.0 0.35628709647499884
7334.0 0.35520593478080875
7336.0 0.35460507953633735
7338.0 0.35433777079775325
7340.0 0.35302895292787334
7342.0 0.35027067198887013
7344.0 0.34783632980149143
7346.0 0.34690863979389447
7348.0 0.34787828496411133
7350.0 0.34931189713813937
7352.0 0.34999499108791116
7354.0 0.3490748545838522
7356.0 0.3470297854509425
7358.0 0.34585775321631373
7360.0 0.34672125427133754
7362.0 0.3469421507137653
7364.0 0.34564043968731295
7366.0 0.3444421104558536
7368.0 0.343141155811632
7370.0 0.3412107853670083
7372.0 0.33900756448176966
7374.0 0.33736040961991987
7376.0 0.33668465319348617
7378.0 0.3374538497144058
7380.0 0.3383803304447915
7382.0 0.33936740484598427
7384.0 0.3397358998872125
7386.0 0.3391596881264164
7388.0 0.3385274187224906
7390.0 0.3384788450730123
7392.0 0.33914322652344747
7394.0 0.33921195445412117
7396.0 0.3390558113945135
7398.0 0.339010114664824
7400.0 0.33960330863241966
7402.0 0.34038976969960016
7404.0 0.34066284009978215
7406.0 0.33912107886006415
7408.0 0.3376512196350861
7410.0 0.3374100994848306
7412.0 0.337610606102115
7414.0 0.33792248895467203
7416.0 0.338746807389459
7418.0 0.3393238933519305
7420.0 0.34017667720502437
7422.0 0.34091934144020336
7424.0 0.34168804889664617
7426.0 0.3426715050292006
7428.0 0.3431689716853954
7430.0 0.34324731933506536
7432.0 0.3430804570190314
7434.0 0.34292080837836614
7436.0 0.3425626754173519
7438.0 0.3417981568809279
7440.0 0.3415298687375196
7442.0 0.3419774755504111
7444.0 0.34164957663455575
7446.0 0.34039485164674654
7448.0 0.33868177613861117
7450.0 0.33697432358537394
7452.0 0.33632779649080746
7454.0 0.33611741441785953
7456.0 0.33637329678878025
7458.0 0.336640293621741
7460.0 0.3366555199698522
7462.0 0.33686863453838334
7464.0 0.3373886790152336
7466.0 0.3375201396125825
7468.0 0.33683934962265577
7470.0 0.3366434865561807
7472.0 0.3367887605287942
7474.0 0.3356718805175715
7476.0 0.3346820970234582
7478.0 0.3342188378295801
7480.0 0.3338227988796992
7482.0 0.33410963132107785
7484.0 0.3347687411361272
7486.0 0.333881385129308
7488.0 0.33094999815745885
7490.0 0.32904624320648346
7492.0 0.3285877188721596
7494.0 0.32832527825848923
7496.0 0.3281950052350479
7498.0 0.3280036284056425
7500.0 0.32781211379420633
7502.0 0.3276564889088325
7504.0 0.3273324796926315
7506.0 0.3270902412358825
7508.0 0.32684822765058313
7510.0 0.3266065322456028
7512.0 0.3263650467755515
7514.0 0.3261234022723299
7516.0 0.32589379652760936
7518.0 0.32575510981216343
7520.0 0.32543290216996595
7522.0 0.3252818384486425
7524.0 0.3250749012713336
7526.0 0.32478156751652876
7528.0 0.3245595381634513
7530.0 0.3244501904050144
7532.0 0.3243269731477841
7534.0 0.32399673129608286
7536.0 0.3235737428911512
7538.0 0.3235840913869559
7540.0 0.3232954661585762
7542.0 0.32299859746587484
7544.0 0.32270047415841707
7546.0 0.3224040792890869
7548.0 0.32210768442000764
7550.0 0.32180971477457887
7552.0 0.3215484891436537
7554.0 0.32142426389225326
7556.0 0.3216227425257959
7558.0 0.32126605595808816
7560.0 0.32085670245765724
7562.0 0.3205490348422442
7564.0 0.3201966969649707
7566.0 0.31987997216099207
7568.0 0.31945034005377654
7570.0 0.3138994804440799
7572.0 0.31009532638471815
7574.0 0.308805269762828
7576.0 0.3071607250981657
7578.0 0.3078279252591724
7580.0 0.31075756878767413
7582.0 0.3130354120299907
7584.0 0.3118351031788879
7586.0 0.30922666775582985
7588.0 0.3062312420768884
7590.0 0.3048542739132823
7592.0 0.30600583396593245
7594.0 0.30729162524676784
7596.0 0.30689546868021916
7598.0 0.3045224588311314
7600.0 0.3024324150410445
7602.0 0.30126402290028886
7604.0 0.3028310553006341
7606.0 0.30437403178894007
7608.0 0.30459106875627
7610.0 0.30477745520078775
7612.0 0.30392736421985944
7614.0 0.30356379060606187
7616.0 0.30401127300651865
7618.0 0.3048956305497075
7620.0 0.3052494253887543
7622.0 0.3055012584551091
7624.0 0.3070703342658603
7626.0 0.30712327021846336
7628.0 0.305729529875744
7630.0 0.30506383935852777
7632.0 0.3053698764841973
7634.0 0.3052123729766184
7636.0 0.3051860481494352
7638.0 0.30560086321767904
7640.0 0.30576944261626515
7642.0 0.3071822683299646
7644.0 0.30869997337997435
7646.0 0.30910494140825745
7648.0 0.3084713546245005
7650.0 0.30777277580387263
7652.0 0.3076750855855669
7654.0 0.3068257000059709
7656.0 0.30581022690152715
7658.0 0.3062842550461612
7660.0 0.30697867751080893
7662.0 0.30655187320706073
7664.0 0.30485276924304916
7666.0 0.3037849549482424
7668.0 0.3034027454768299
7670.0 0.30449668670358515
7672.0 0.3072043601479411
7674.0 0.3080931792586292
7676.0 0.30698823257648705
7678.0 0.30519611161153587
7680.0 0.3040652595280272
7682.0 0.3031228417440474
7684.0 0.30301290604423886
7686.0 0.30227962904339606
7688.0 0.3004609305915447
7690.0 0.2990777910481476
7692.0 0.2985980519188372
7694.0 0.2994082797227816
7696.0 0.30139730172973916
7698.0 0.3028378866112641
7700.0 0.30316402763693
7702.0 0.30194918925529557
7704.0 0.29961833416593214
7706.0 0.2971643192106949
7708.0 0.2953717152373213
7710.0 0.29312146829457747
7712.0 0.28992305346027486
7714.0 0.28772309567824383
7716.0 0.28651596991044787
7718.0 0.2862236946681243
7720.0 0.28729022066218385
7722.0 0.28963846736469506
7724.0 0.292213664981729
7726.0 0.29435838163854366
7728.0 0.29668152674191817
7730.0 0.29914432984211475
7732.0 0.3013401538824952
7734.0 0.3027562041055054
7736.0 0.3038151904828782
7738.0 0.3060289227613943
7740.0 0.3088361634140608
7742.0 0.3107768279611476
7744.0 0.3114457138253849
7746.0 0.3121016067332432
7748.0 0.3132822625560274
7750.0 0.3148177232718468
7752.0 0.316364010774261
7754.0 0.31620401180442764
7756.0 0.31614377912559355
7758.0 0.3172027630998154
7760.0 0.3178436187095693
7762.0 0.3179388383912086
7764.0 0.3179814186823577
7766.0 0.3180505521168439
7768.0 0.3185395213339819
7770.0 0.31846005659176463
7772.0 0.3184932989719223
7774.0 0.3185965183089402
7776.0 0.3187340888057175
7778.0 0.3188714902001899
7780.0 0.3190090165277845
7782.0 0.31914688115680534
7784.0 0.31927428058429613
7786.0 0.3192375169676492
7788.0 0.3193637358272488
7790.0 0.3196151379155209
7792.0 0.31955006310040124
7794.0 0.31950738441096743
7796.0 0.3197566370722173
7798.0 0.3196768153454735
7800.0 0.32020251977132097
7802.0 0.3200139322105419
7804.0 0.3196240607560514
7806.0 0.31950524604817454
7808.0 0.32049408548105723
7810.0 0.3206354386613642
7812.0 0.3192926205222486
7814.0 0.31719062653420504
7816.0 0.31428770368620046
7818.0 0.3111413735306576
7820.0 0.3091402875655619
7822.0 0.3083048611639081
7824.0 0.3082219482186831
7826.0 0.30918826490073215
7828.0 0.3099799997777597
7830.0 0.30997421550784293
7832.0 0.3094641949946137
7834.0 0.3077578459429743
7836.0 0.30641728698367127
7838.0 0.30573107322554255
7840.0 0.3054146503633626
7842.0 0.30516206575641897
7844.0 0.3051344399268175
7846.0 0.30385792681478285
7848.0 0.3029909025090539
7850.0 0.3045569785603025
7852.0 0.30493615343923786
7854.0 0.303954406142597
7856.0 0.30348723923944326
7858.0 0.30334725810812957
7860.0 0.3032126185376597
7862.0 0.3042454443924159
7864.0 0.30692023957422243
7866.0 0.3076530909989828
7868.0 0.306237521092658
7870.0 0.3045276994402757
7872.0 0.3024080180144926
7874.0 0.30101474008560336
7876.0 0.3012655854172462
7878.0 0.3021337924059453
7880.0 0.30154232609955045
7882.0 0.30156153643524675
7884.0 0.30085466143389955
7886.0 0.2983787087928619
7888.0 0.296787182211178
7890.0 0.29721162774740073
7892.0 0.2986608338008665
7894.0 0.30091060210045467
7896.0 0.3028210531565504
7898.0 0.30228464992016013
7900.0 0.299951204530585
7902.0 0.2993068896144677
7904.0 0.2997013751141434
7906.0 0.29859536995259417
7908.0 0.2969265797135234
7910.0 0.29639865109585795
7912.0 0.2962809032501707
7914.0 0.2958617075058997
7916.0 0.29827894107173386
7918.0 0.3011776334608317
7920.0 0.30084845093296475
7922.0 0.2984294457942247
7924.0 0.2972473278293366
7926.0 0.29567609675271567
7928.0 0.2931007508423284
7930.0 0.2941565008572455
7932.0 0.29776910215910685
7934.0 0.2993006212888428
7936.0 0.29886920408423717
7938.0 0.2978534088997562
7940.0 0.29579092998732565
7942.0 0.29409436688624396
7944.0 0.2945366915028983
7946.0 0.2953478545695016
7948.0 0.2956376485996306
7950.0 0.2953837623210221
7952.0 0.29349969114526536
7954.0 0.2906367267003239
7956.0 0.2884271080295816
7958.0 0.28695890029989407
7960.0 0.2872320013142294
7962.0 0.28908816228772294
7964.0 0.29033466738345615
7966.0 0.2903794251234318
7968.0 0.2902681751561981
7970.0 0.2898465962029167
7972.0 0.28977266700246884
7974.0 0.2911620685913238
7976.0 0.2940048905240465
7978.0 0.2962092104202328
7980.0 0.296087439211601
7982.0 0.29393809553124706
7984.0 0.29081745812638904
7986.0 0.28846115023890845
7988.0 0.2880198237871976
7990.0 0.2884039923478677
7992.0 0.28942869169829816
7994.0 0.2899910012047119
7996.0 0.28994513816980155
7998.0 0.29054856568272047
8000.0 0.29173045112041507
8002.0 0.29160422159357036
8004.0 0.29026743904074004
8006.0 0.2897626506219163
8008.0 0.2911474991442009
8010.0 0.2923371398475467
8012.0 0.291832762948392
8014.0 0.2911967479908938
8016.0 0.290406359326833
8018.0 0.28955057809005014
8020.0 0.28842879667328314
8022.0 0.28659783821911367
8024.0 0.28529779614059747
8026.0 0.28556297531509645
8028.0 0.2871597816781739
8030.0 0.28800997591637656
8032.0 0.28774396307503525
8034.0 0.2874546003473139
8036.0 0.28699348898603033
8038.0 0.2872401190547981
8040.0 0.2879167746796942
8042.0 0.2890684648634213
8044.0 0.28975118602068456
8046.0 0.2891806724407851
8048.0 0.2888973753610085
8050.0 0.2882018800366177
8052.0 0.2871261172732325
8054.0 0.2861547333259644
8056.0 0.2854545413494841
8058.0 0.28482275272463414
8060.0 0.28442322074425624
8062.0 0.2858217718313448
8064.0 0.28790542649877277
8066.0 0.28889174419751895
8068.0 0.2883063472624095
8070.0 0.2861800883456117
8072.0 0.2838326513090276
8074.0 0.2821802800656254
8076.0 0.282654610558177
8078.0 0.2837974643982352
8080.0 0.2836787469433736
8082.0 0.2833565683682715
8084.0 0.283658087472669
8086.0 0.2844776677739599
8088.0 0.28461280273226347
8090.0 0.2838444355897692
8092.0 0.2830369528421013
8094.0 0.28184272276637784
8096.0 0.28168765253254074
8098.0 0.2831340103633284
8100.0 0.2845616898434492
8102.0 0.2841508370704632
8104.0 0.2826266574573085
8106.0 0.28228973010167635
8108.0 0.2826096425821372
8110.0 0.2827159386457013
8112.0 0.28200039730747517
8114.0 0.2812392004741639
8116.0 0.28015409959296955
8118.0 0.27806200692645217
8120.0 0.2755485801314253
8122.0 0.2741473765735239
8124.0 0.2746199349162316
8126.0 0.2753860629262264
8128.0 0.2753508181787091
8130.0 0.275009881658132
8132.0 0.27681103129932527
8134.0 0.28049902617787226
8136.0 0.2824021766102929
8138.0 0.2823828374070577
8140.0 0.28086645089585444
8142.0 0.273454024354789
8144.0 0.26428860178905056
8146.0 0.2597720684800147
8148.0 0.26039481840777406
8150.0 0.26336091225880376
8152.0 0.2692647295222859
8154.0 0.272811917914616
8156.0 0.26937215319571184
8158.0 0.2659627838803502
8160.0 0.266793449798752
8162.0 0.26953135555543367
8164.0 0.2708897725620612
8166.0 0.27249371540086614
8168.0 0.2739445165640703
8170.0 0.27418266395292257
8172.0 0.27486737959059027
8174.0 0.27589212988193323
8176.0 0.2764512293861257
8178.0 0.27756146729723047
8180.0 0.2783804215816651
8182.0 0.27816313018697997
8184.0 0.27712353320588323
8186.0 0.2764179299760612
8188.0 0.27521526602450147
8190.0 0.2734426740531977
8192.0 0.27283894215119814
8194.0 0.27396497483248095
8196.0 0.2750339576467351
8198.0 0.2747846136870654
8200.0 0.2745598646028865
8202.0 0.27609177748509794
8204.0 0.27803891744266773
8206.0 0.2772388275488827
8208.0 0.2745377961512692
8210.0 0.27307315631311385
8212.0 0.27272173683998935
8214.0 0.2732688484735729
8216.0 0.27588690718924663
8218.0 0.278121202594129
8220.0 0.27694314806010595
8222.0 0.2731481452264072
8224.0 0.2708558949886635
8226.0 0.27020378083032437
8228.0 0.270873995871217
8230.0 0.27291883817869
8232.0 0.27435527707213075
8234.0 0.2736847914363995
8236.0 0.27215834916426274
8238.0 0.2719330555245164
8240.0 0.270465688635882
8242.0 0.26874538061503905
8244.0 0.2674452265944563
8246.0 0.2668216087798366
8248.0 0.2653321056266035
8250.0 0.2647299508018856
8252.0 0.2662685820487957
8254.0 0.26658273162181184
8256.0 0.26545102877234944
8258.0 0.26446530182522154
8260.0 0.2628929734577453
8262.0 0.2600489307415808
8264.0 0.2576269782134023
8266.0 0.2577259674008861
8268.0 0.258658828500711
8270.0 0.2590484590979539
8272.0 0.25951379650394
8274.0 0.2574202969385647
8276.0 0.25263602736678137
8278.0 0.24845819628960164
8280.0 0.24685735970277947
8282.0 0.24676296256833202
8284.0 0.2461851987954286
8286.0 0.24579171611152356
8288.0 0.24491168123984786
8290.0 0.2443316055182064
8292.0 0.2444628988376802
8294.0 0.24478290528123225
8296.0 0.24185312394247557
8298.0 0.23627308019097423
8300.0 0.23125935258251212
8302.0 0.22668036272498135
8304.0 0.22118806232544885
8306.0 0.21541199792047477
8308.0 0.21034889281179364
8310.0 0.20674808687921592
8312.0 0.20386830413843765
8314.0 0.2004844514441117
8316.0 0.19615031179898076
8318.0 0.19246564052973242
8320.0 0.18921778327230282
8322.0 0.18587395304116588
8324.0 0.18194487797939785
8326.0 0.17902519928326976
8328.0 0.17574520944641658
8330.0 0.1712296841692695
8332.0 0.1652383846332992
8334.0 0.16041634224627063
8336.0 0.1571087985646259
8338.0 0.15328423918169787
8340.0 0.14845516499849726
8342.0 0.14399865499275682
8344.0 0.14062774283705998
8346.0 0.1388035550703222
8348.0 0.13822853196628415
8350.0 0.13810797006687459
8352.0 0.1359840234472891
8354.0 0.13138783973622856
8356.0 0.12767441125656145
8358.0 0.12611578890029765
8360.0 0.12582334847390403
8362.0 0.12604290590265688
8364.0 0.12652512411183045
8366.0 0.12560761418307534
8368.0 0.12349215798687978
8370.0 0.1219207882431725
8372.0 0.12113273616491978
8374.0 0.12132381252302447
8376.0 0.12324343832868584
8378.0 0.12585280575233138
8380.0 0.12750222753182838
8382.0 0.12770654863466233
8384.0 0.12810222983578654
8386.0 0.12852862711633944
8388.0 0.12896402799464338
8390.0 0.13005082506745083
8392.0 0.13180447708899423
8394.0 0.13372299263547602
8396.0 0.13552980098568987
8398.0 0.13810913078615858
8400.0 0.1405983657694338
8402.0 0.1427203364555308
8404.0 0.14425809687280686
8406.0 0.1451712076931572
8408.0 0.14528872824259062
8410.0 0.14707803715544454
8412.0 0.15112014354428627
8414.0 0.15517510331972717
8416.0 0.15817292268524757
8418.0 0.157529413810729
8420.0 0.15469065647438124
8422.0 0.15426251348205267
8424.0 0.1545846508476579
8426.0 0.15612249313066845
8428.0 0.1593237848945889
8430.0 0.16245759635739396
8432.0 0.16489313773862413
8434.0 0.1660068390836449
8436.0 0.16720084121532602
8438.0 0.16955767383815948
8440.0 0.1733661923227062
8442.0 0.17715221466106265
8444.0 0.18025915782491644
8446.0 0.1828379912299177
8448.0 0.18511390634486083
8450.0 0.18857582554716634
8452.0 0.19608981053973085
8454.0 0.20236790752739106
8456.0 0.20460974318797967
8458.0 0.20606587208501054
8460.0 0.20703299262109298
8462.0 0.2071676283387219
8464.0 0.20767323945914037
8466.0 0.209539156530805
8468.0 0.21208636890486257
8470.0 0.21433440741937346
8472.0 0.21573312489535656
8474.0 0.2157878531174408
8476.0 0.21494868357753244
8478.0 0.2155025076812581
8480.0 0.21637183406668556
8482.0 0.21685279913466135
8484.0 0.2169933240812863
8486.0 0.21689103294867054
8488.0 0.2162824003426227
8490.0 0.21550260962125478
8492.0 0.21507567680933126
8494.0 0.2141111677168836
8496.0 0.21305406225741436
8498.0 0.21255229738437378
8500.0 0.2122297453333515
8502.0 0.2126528367393294
8504.0 0.21258562780078344
8506.0 0.21121670613643317
8508.0 0.20949082649822232
8510.0 0.20951442800431413
8512.0 0.21043650254624408
8514.0 0.21096626189969928
8516.0 0.21019560590584693
8518.0 0.2087348871401268
8520.0 0.20746061467805002
8522.0 0.2080235988929537
8524.0 0.2088616076432952
8526.0 0.20836117597846807
8528.0 0.20753006743943198
8530.0 0.20720284651490417
8532.0 0.20775027380940156
8534.0 0.20886453595348775
8536.0 0.21031767356491582
8538.0 0.2117059370850978
8540.0 0.21301230472054095
8542.0 0.21504093836776705
8544.0 0.21804895583838366
8546.0 0.22184707374733867
8548.0 0.22604065911791907
8550.0 0.22945748504209992
8552.0 0.23107715748093022
8554.0 0.2326420002630451
8556.0 0.23587664801144798
8558.0 0.23993810166124105
8560.0 0.24437058151212462
8562.0 0.24958681567702576
8564.0 0.2544027583483766
8566.0 0.25859216395143014
8568.0 0.26133721791926023
8570.0 0.2642154836707757
8572.0 0.2676455588020452
8574.0 0.2708733224002161
8576.0 0.2741651144536487
8578.0 0.27769967099155307
8580.0 0.28124254880768434
8582.0 0.2850140078288615
8584.0 0.2890822659682207
8586.0 0.29254841411551974
8588.0 0.2960398249261498
8590.0 0.29865541169364984
8592.0 0.30262826152512917
8594.0 0.30828477161303186
8596.0 0.3146526266300287
8598.0 0.32266408951740416
8600.0 0.3296235994790178
8602.0 0.3344875939960538
8604.0 0.3380821379571267
8606.0 0.3424727118297691
8608.0 0.3461500253260616
8610.0 0.3521825076862265
8612.0 0.3580537821110674
8614.0 0.3628031537301527
8616.0 0.36574661737390385
8618.0 0.3679063744391961
8620.0 0.37061736670390855
8622.0 0.3732377710180947
8624.0 0.37547561450333183
8626.0 0.3776031567750659
8628.0 0.3792114742061573
8630.0 0.37991920452417544
8632.0 0.3808681324725127
8634.0 0.38165842509404624
8636.0 0.38443316166507846
8638.0 0.38806419642875184
8640.0 0.38944970015775615
8642.0 0.39035147816278243
8644.0 0.3914734105305875
8646.0 0.39218526299940243
8648.0 0.392728429357076
8650.0 0.39246718213871595
8652.0 0.3907780398452028
8654.0 0.39073706875843195
8656.0 0.3905745277003991
8658.0 0.38943402672941246
8660.0 0.39054122734912
8662.0 0.39380541845416667
8664.0 0.3936505489919033
8666.0 0.3907702558454468
8668.0 0.38824224537886276
8670.0 0.3860386786042145
8672.0 0.38443063062034094
8674.0 0.38382338907308267
8676.0 0.3847326387279171
8678.0 0.3849016280820746
8680.0 0.38378419613809295
8682.0 0.38309461601416744
8684.0 0.38239896651722044
8686.0 0.3804502630181569
8688.0 0.37871167040296927
8690.0 0.3785811341132693
8692.0 0.37790800185931406
8694.0 0.37561823682150536
8696.0 0.37270089790452515
8698.0 0.3706503882869169
8700.0 0.3696373979838115
8702.0 0.36893610374491875
8704.0 0.36721966087563856
8706.0 0.36576652115283803
8708.0 0.36487027452841675
8710.0 0.363360276684512
8712.0 0.3621183536987679
8714.0 0.36244860871909296
8716.0 0.36166784260856183
8718.0 0.3578853707370633
8720.0 0.3523213131107734
8722.0 0.3486451871306957
8724.0 0.34663565113102357
8726.0 0.3452019007391159
8728.0 0.3433396056225407
8730.0 0.34132259322681946
8732.0 0.33804483586182493
8734.0 0.3327502155263402
8736.0 0.32944138751061697
8738.0 0.3287644096473922
8740.0 0.32868416641843734
8742.0 0.32910075132073335
8744.0 0.3282806112619321
8746.0 0.3245792856896947
8748.0 0.318645812411576
8750.0 0.31499256792946173
8752.0 0.31447534627789525
8754.0 0.3148960053710609
8756.0 0.3150722632779929
8758.0 0.3139362144322618
8760.0 0.3109677178193038
8762.0 0.3069577939776796
8764.0 0.30385199258715834
8766.0 0.30206681356002457
8768.0 0.3004625687054185
8770.0 0.2997433173884875
8772.0 0.30081345921065555
8774.0 0.3018467451775253
8776.0 0.30155666450205665
8778.0 0.3009759291179981
8780.0 0.2993777645212462
8782.0 0.2949940006587704
8784.0 0.2898279077273722
8786.0 0.2841824373385232
8788.0 0.27811870890891494
8790.0 0.27370800740845597
8792.0 0.2724756483218472
8794.0 0.2720119035421804
8796.0 0.2723365006901363
8798.0 0.27423048200979183
8800.0 0.27481271536048013
8802.0 0.27386041274796613
8804.0 0.2720577763953563
8806.0 0.2696622319887187
8808.0 0.2678704221059443
8810.0 0.2687177044577309
8812.0 0.2706677576375008
8814.0 0.27142715601974937
8816.0 0.27086625578704765
8818.0 0.2689437968012461
8820.0 0.265803342583632
8822.0 0.2613492211063569
8824.0 0.25677728499240915
8826.0 0.25407233199108203
8828.0 0.2545443969953666
8830.0 0.25641881153917606
8832.0 0.25922326179519534
8834.0 0.2616851559593211
8836.0 0.26128152007196176
8838.0 0.25760666569385193
8840.0 0.252549777151615
8842.0 0.24725212625429266
8844.0 0.24296742696059398
8846.0 0.24108276524690697
8848.0 0.24069110044048134
8850.0 0.24211502648132463
8852.0 0.24460303286924376
8854.0 0.2457543534868791
8856.0 0.24591946729017708
8858.0 0.24584209546029315
8860.0 0.24499435706303457
8862.0 0.24278538917616319
8864.0 0.24038397654813423
8866.0 0.2391609278584942
8868.0 0.2401933074574353
8870.0 0.24200629947148825
8872.0 0.24283699404762474
8874.0 0.2431052827995939
8876.0 0.2425409939348976
8878.0 0.2392460293083084
8880.0 0.23575991389870937
8882.0 0.23561635543604956
8884.0 0.23758818977827542
8886.0 0.2397610501035388
8888.0 0.24194139167921347
8890.0 0.24429088727087545
8892.0 0.2474987496756336
8894.0 0.24861807467435065
8896.0 0.24572020299188144
8898.0 0.24130992033433746
8900.0 0.23736237329345378
8902.0 0.23534241178942364
8904.0 0.23571914803076063
8906.0 0.23825325203884712
8908.0 0.24073222128522573
8910.0 0.23968455602304348
8912.0 0.23661046290146878
8914.0 0.23267081250793298
8916.0 0.23062179139642483
8918.0 0.23063864948138857
8920.0 0.2312167840756502
8922.0 0.23270522982970157
8924.0 0.23566474733696868
8926.0 0.2374502852562219
8928.0 0.23797406940923163
8930.0 0.23808043921208716
8932.0 0.23881318263211332
8934.0 0.23980871197049114
8936.0 0.24064254132374002
8938.0 0.24142982963985343
8940.0 0.24017396836182384
8942.0 0.2374873169496418
8944.0 0.23436380905487073
8946.0 0.2307006386318038
8948.0 0.22962680472280794
8950.0 0.2322627368174464
8952.0 0.23679338751444515
8954.0 0.2392204334572869
8956.0 0.2396822641248343
8958.0 0.24027116522399836
8960.0 0.23961335073280127
8962.0 0.2389862261486885
8964.0 0.23926221257493893
8966.0 0.2394016851138519
8968.0 0.23887708426658896
8970.0 0.23829509570017085
8972.0 0.23794807486940975
8974.0 0.23615651090030867
8976.0 0.23461546948894038
8978.0 0.23268707207725758
8980.0 0.2315816461288923
8982.0 0.23254049039826083
8984.0 0.2337204261230549
8986.0 0.23408407611473167
8988.0 0.23361719692801255
8990.0 0.23241503843836567
8992.0 0.23148992386106743
8994.0 0.23141612632732653
8996.0 0.23168950494197388
8998.0 0.2309150386229422
9000.0 0.23042970279803504
9002.0 0.2294205673988777
9004.0 0.22814431595476214
9006.0 0.2244031897825254
9008.0 0.22273674244735758
9010.0 0.22309900852831324
9012.0 0.22423811322573692
9014.0 0.22755957878304006
9016.0 0.2288134157813918
9018.0 0.22649948013573695
9020.0 0.2245529274929901
9022.0 0.22473808465197864
9024.0 0.22294599503564771
9026.0 0.22041587621518755
9028.0 0.2195503573716557
9030.0 0.21933337290101845
9032.0 0.21940397550556742
9034.0 0.21931015537971296
9036.0 0.21964084136843623
9038.0 0.22018475210788216
9040.0 0.22037930088928226
9042.0 0.22120269361324596
9044.0 0.22199172716666998
9046.0 0.22257353688318143
9048.0 0.22490734415521055
9050.0 0.2281525394823875
9052.0 0.22937483087201457
9054.0 0.2261631120537995
9056.0 0.22256842481465203
9058.0 0.22209534310961865
9060.0 0.22303185887325877
9062.0 0.2241466358166038
9064.0 0.2252741866030756
9066.0 0.22621793296217566
9068.0 0.22619295014705454
9070.0 0.22557556626936656
9072.0 0.22592220878885738
9074.0 0.2268782797219751
9076.0 0.22828751209209477
9078.0 0.22986409192618174
9080.0 0.23168492318819545
9082.0 0.2319417821536155
9084.0 0.2299510175540256
9086.0 0.22797231796408454
9088.0 0.22806971110592522
9090.0 0.22757909440463103
9092.0 0.22700960967549194
9094.0 0.22682184243651102
9096.0 0.22694601186174684
9098.0 0.22706450276780907
9100.0 0.22581556100100386
9102.0 0.226084757006287
9104.0 0.22592734310074153
9106.0 0.22448499069644096
9108.0 0.2238256416311959
9110.0 0.22389016744097384
9112.0 0.22382172570438505
9114.0 0.22300313700864147
9116.0 0.22162263450899844
9118.0 0.2208813038841928
9120.0 0.2203041440067265
9122.0 0.21991928470397093
9124.0 0.22039138768941113
9126.0 0.2204513525634027
9128.0 0.21958040713846683
9130.0 0.21948950636170036
9132.0 0.21994269994733978
9134.0 0.2212082383345322
9136.0 0.2227977624794596
9138.0 0.2229239968548318
9140.0 0.22179075279716962
9142.0 0.22050567796338363
9144.0 0.2199581678120731
9146.0 0.22001315784110834
9148.0 0.21961950773194777
9150.0 0.21823982380587892
9152.0 0.21687289398660933
9154.0 0.21654775694798073
9156.0 0.2174811130970474
9158.0 0.21964155205330968
9160.0 0.22157770354542683
9162.0 0.22246778301006237
9164.0 0.22351864722997056
9166.0 0.22470557506598307
9168.0 0.22482248962765924
9170.0 0.2244525003906073
9172.0 0.22611129043017236
9174.0 0.22861129540387712
9176.0 0.22983619770891658
9178.0 0.22959916414267525
9180.0 0.22877033631648463
9182.0 0.2285882007103653
9184.0 0.22925614238816874
9186.0 0.22958908835390743
9188.0 0.22894286076125564
9190.0 0.2270390648741766
9192.0 0.2250946610950636
9194.0 0.22512112112496135
9196.0 0.2267865880316925
9198.0 0.22815251500181494
9200.0 0.2288131913020921
9202.0 0.22844516466160117
9204.0 0.22687537235888755
9206.0 0.2256617879161108
9208.0 0.22562345269807946
9210.0 0.22628014192899196
9212.0 0.2262898531037678
9214.0 0.22532020933652452
9216.0 0.22544848955757568
9218.0 0.22793178526940075
9220.0 0.23069389175099245
9222.0 0.2318616459971181
9224.0 0.23189933294068218
9226.0 0.23124786171989933
9228.0 0.22965844511829475
9230.0 0.2277197668168795
9232.0 0.22560512737417537
9234.0 0.2240600357766403
9236.0 0.2235875706565328
9238.0 0.22337669815571376
9240.0 0.22291963900975373
9242.0 0.2226591654884606
9244.0 0.22309740808682568
9246.0 0.22523980276148547
9248.0 0.2291775262603015
9250.0 0.2330554717067071
9252.0 0.23405105487579594
9254.0 0.2333789447453375
9256.0 0.23278412996260073
9258.0 0.23075026643848606
9260.0 0.22845821481812936
9262.0 0.22630518349595322
9264.0 0.2243178506550401
9266.0 0.22475524679941974
9268.0 0.22598564168217392
9270.0 0.22489199471144974
9272.0 0.22316661453299078
9274.0 0.22266980832116937
9276.0 0.22182565982768845
9278.0 0.22029282713731682
9280.0 0.2180346816396645
9282.0 0.21518239534649808
9284.0 0.2143983793304454
9286.0 0.2155502207811567
9288.0 0.21707969789482676
9290.0 0.2194332489035743
9292.0 0.21700653721071034
9294.0 0.21261757880838716
9296.0 0.20959957394526652
9298.0 0.2092354822667888
9300.0 0.21132306152364272
9302.0 0.21187298135288216
9304.0 0.20940973742077396
9306.0 0.20522855834360054
9308.0 0.2043071433144957
9310.0 0.20663119301156282
9312.0 0.2071679037803032
9314.0 0.20736996490156984
9316.0 0.21036132100998867
9318.0 0.21565045497279173
9320.0 0.22044017595498708
9322.0 0.22558344019316015
9324.0 0.23006770407237684
9326.0 0.22461230481331332
9328.0 0.21004406736151685
9330.0 0.19877549969266706
9332.0 0.18996344594270564
9334.0 0.1867188144417839
9336.0 0.1922580001442366
9338.0 0.19911928053787395
9340.0 0.20029389513566215
9342.0 0.20108131448408367
9344.0 0.20355093412764366
9346.0 0.20701871486657045
9348.0 0.2106820318758201
9350.0 0.21610067594638857
9352.0 0.2167397464769348
9354.0 0.21343760554905333
9356.0 0.2114381845950129
9358.0 0.2120057873671071
9360.0 0.21276070751099477
9362.0 0.21204552572189136
9364.0 0.21226382144188286
9366.0 0.21152542922941606
9368.0 0.20908421438928806
9370.0 0.20805849643956484
9372.0 0.21083577314957394
9374.0 0.21592047317769736
9376.0 0.21917595040334562
9378.0 0.21907924140536147
9380.0 0.2160808178659878
9382.0 0.21754536958177595
9384.0 0.2240803075968566
9386.0 0.2337551734262223
9388.0 0.23759940735720847
9390.0 0.23193074141225994
9392.0 0.21591194388104143
9394.0 0.20546190152624996
9396.0 0.2044901699328923
9398.0 0.2048808617974994
9400.0 0.2059809757410873
9402.0 0.20790953248506483
9404.0 0.21173617216752966
9406.0 0.21216328181465086
9408.0 0.2087804081254198
9410.0 0.2055593814828611
9412.0 0.20412993990725076
9414.0 0.200182210836999
9416.0 0.20066608656801405
9418.0 0.20486472652782664
9420.0 0.2109591093208045
9422.0 0.21977029738350684
9424.0 0.22870739353456654
9426.0 0.22871692541633282
9428.0 0.2201986158598765
9430.0 0.21407766951086876
9432.0 0.20635100943628604
9434.0 0.20264807669031612
9436.0 0.20311774405510513
9438.0 0.20756163679686698
9440.0 0.21189783426928144
9442.0 0.21721467896847263
9444.0 0.21661918449096548
9446.0 0.20760844549036603
9448.0 0.20194589734834387
9450.0 0.202872430942717
9452.0 0.20624548076929328
9454.0 0.20870910380937843
9456.0 0.20945578957135505
9458.0 0.2080321433289279
9460.0 0.2090742251845147
9462.0 0.21296491701421422
9464.0 0.21732738916410574
9466.0 0.21721218443183102
9468.0 0.21434451145231898
9470.0 0.21208115443907383
9472.0 0.212050112516589
9474.0 0.21260908557756875
9476.0 0.2118730342026807
9478.0 0.21057376995962684
9480.0 0.21131526839293507
9482.0 0.2145788545700019
9484.0 0.21808283544157217
9486.0 0.2202701056365582
9488.0 0.22248789532564292
9490.0 0.22604918762626536
9492.0 0.2308323779524046
9494.0 0.23617594867413486
9496.0 0.24041987386180722
9498.0 0.23907162320462474
9500.0 0.23482040463709386
9502.0 0.22867992647823596
9504.0 0.22022037559143787
9506.0 0.21522625370129297
9508.0 0.21852857905279446
9510.0 0.22361464721488644
9512.0 0.22247478387741498
9514.0 0.21840345132215755
9516.0 0.21461144161434764
9518.0 0.2109172179664181
9520.0 0.20881957373907603
9522.0 0.2105790113870447
9524.0 0.2133220827948378
9526.0 0.21294829140853772
9528.0 0.21081719917564054
9530.0 0.20985976080505375
9532.0 0.20917671434884866
9534.0 0.20964899639082282
9536.0 0.21064454532091464
9538.0 0.21071459515372568
9540.0 0.2100230368484669
9542.0 0.20764563341585052
9544.0 0.2032669515171929
9546.0 0.20111231944834135
9548.0 0.2062486698539631
9550.0 0.2146222021414036
9552.0 0.21871928859523698
9554.0 0.21786220507070236
9556.0 0.21473483438249522
9558.0 0.2110247649545773
9560.0 0.20790415537559298
9562.0 0.20840317016117255
9564.0 0.21028443330098012
9566.0 0.20864779171867964
9568.0 0.20340804324164294
9570.0 0.20095752511049647
9572.0 0.20084147021099263
9574.0 0.20109476671419704
9576.0 0.20346002657069187
9578.0 0.20566625860995827
9580.0 0.20304742465727013
9582.0 0.1984909711515329
9584.0 0.1960928913269041
9586.0 0.19561846143102096
9588.0 0.19637495283711542
9590.0 0.2000572832857832
9592.0 0.20433926887505605
9594.0 0.2057147002231641
9596.0 0.20556655432278986
9598.0 0.20555688175859327
9600.0 0.20396870287143654
9602.0 0.19999753150141059
9604.0 0.1949925808717147
9606.0 0.19323730694268687
9608.0 0.19724162856897964
9610.0 0.20267054211255686
9612.0 0.20640494913025717
9614.0 0.2068944009768899
9616.0 0.20491099211289646
9618.0 0.20289389461894053
9620.0 0.2012395394733761
9622.0 0.19887383276829793
9624.0 0.19704447470932882
9626.0 0.19675689806002838
9628.0 0.1963746065607026
9630.0 0.19470205037895708
9632.0 0.19259785173610455
9634.0 0.1926248967102765
9636.0 0.19400045725327825
9638.0 0.19573692166270856
9640.0 0.19769784050038483
9642.0 0.2003514014438194
9644.0 0.2036288203420457
9646.0 0.2041746277759199
9648.0 0.20029089684210138
9650.0 0.19680594102666157
9652.0 0.19825483781182457
9654.0 0.2036389679943337
9656.0 0.2059596589994301
9658.0 0.20351870557275223
9660.0 0.19939068196878484
9662.0 0.19840223101689713
9664.0 0.1994534781169202
9666.0 0.19681087329046948
9668.0 0.19129971075731947
9670.0 0.1872819879806325
9672.0 0.186234686110054
9674.0 0.18743197083374238
9676.0 0.19373000831057077
9678.0 0.19642098771793368
9680.0 0.1927552584582691
9682.0 0.18733998074308608
9684.0 0.18301134451276124
9686.0 0.18072367349868057
9688.0 0.18168029443020153
9690.0 0.1859047922601614
9692.0 0.18829612658920322
9694.0 0.18799692555697003
9696.0 0.1864235643410022
9698.0 0.18382516047645536
9700.0 0.18188543649332214
9702.0 0.1812177221741332
9704.0 0.18031447616062013
9706.0 0.18025939555949824
9708.0 0.1825268151903366
9710.0 0.1849215720337491
9712.0 0.18521689233291094
9714.0 0.18340898804841338
9716.0 0.18315114432720672
9718.0 0.18350655722219214
9720.0 0.1841932384280707
9722.0 0.1860118196383171
9724.0 0.18861708002348462
9726.0 0.18983592797089555
9728.0 0.19126882207939716
9730.0 0.19260690616978252
9732.0 0.19095673990266515
9734.0 0.1885465544316332
9736.0 0.18549521254905735
9738.0 0.18490967212275566
9740.0 0.1864257611965268
9742.0 0.1873073544578128
9744.0 0.18820515688274353
9746.0 0.18809273840177698
9748.0 0.18670238883508805
9750.0 0.1848870258565302
9752.0 0.1842460872846767
9754.0 0.1875268246715117
9756.0 0.1866182836860827
9758.0 0.17929896288858677
9760.0 0.17337848933996944
9762.0 0.17029850337564365
9764.0 0.16948918937390808
9766.0 0.17253275225075185
9768.0 0.17840560890229976
9770.0 0.18142227682837955
9772.0 0.1835699103195546
9774.0 0.18527704724305546
9776.0 0.18448887591304428
9778.0 0.18315162538957636
9780.0 0.18404613271031853
9782.0 0.18598240287621146
9784.0 0.1874972270540426
9786.0 0.19044899614452943
9788.0 0.19138707171979408
9790.0 0.18830275862270654
9792.0 0.18367827845377604
9794.0 0.18148885312867752
9796.0 0.17915639495261826
9798.0 0.17610243044997992
9800.0 0.17431292432956252
9802.0 0.17420860156664708
9804.0 0.17470782325003825
9806.0 0.1791619288370026
9808.0 0.18698777417490134
9810.0 0.19272131791981034
9812.0 0.19773477905409925
9814.0 0.1987675278661771
9816.0 0.18965664198814244
9818.0 0.17297721722408588
9820.0 0.1664720003608923
9822.0 0.16726611489678414
9824.0 0.1710636286856281
9826.0 0.1782405255537179
9828.0 0.18370522505065634
9830.0 0.18254835218688165
9832.0 0.17842388710417786
9834.0 0.17824066971542182
9836.0 0.18038863839863842
9838.0 0.18031949852125687
9840.0 0.17901261631349633
9842.0 0.17834139262323592
9844.0 0.1796769669196861
9846.0 0.1823736512002488
9848.0 0.18503045224612685
9850.0 0.18932138639320203
9852.0 0.19145278793975254
9854.0 0.18973752472665242
9856.0 0.1837019332669804
9858.0 0.17851538465230743
9860.0 0.1737747516989535
9862.0 0.16806815318785032
9864.0 0.16417194398901094
9866.0 0.16507859653752646
9868.0 0.16835698559056328
9870.0 0.17253267969814487
9872.0 0.17798016045133241
9874.0 0.18245780545781554
9876.0 0.18719041398189307
9878.0 0.19300372740782132
9880.0 0.19615853738716452
9882.0 0.19676663928440577
9884.0 0.19421210724428511
9886.0 0.18754040207240705
9888.0 0.18125090789849355
9890.0 0.1809591623328082
9892.0 0.18187235696498005
9894.0 0.17947860441440894
9896.0 0.17970120764797815
9898.0 0.17957094327481146
9900.0 0.1766712996315529
9902.0 0.17059491621905606
9904.0 0.1675360951421507
9906.0 0.17194978576076822
9908.0 0.17854446006514071
9910.0 0.18119254156613257
9912.0 0.17540162532311981
9914.0 0.16872350864232616
9916.0 0.17135614831723825
9918.0 0.1781808724990619
9920.0 0.1805883357597521
9922.0 0.18059407479484407
9924.0 0.17940668168337445
9926.0 0.17584550468370855
9928.0 0.1726046423936568
9930.0 0.17356327778738842
9932.0 0.17764039729493755
9934.0 0.1842845672550494
9936.0 0.19144380245272438
9938.0 0.1942568618856864
9940.0 0.19216639561325974
9942.0 0.18751832775313756
9944.0 0.18429797843672158
9946.0 0.1838298327540596
9948.0 0.1870599145887887
9950.0 0.1902244884197694
9952.0 0.18725871532601981
9954.0 0.18433679817272064
9956.0 0.1843333666652498
9958.0 0.18516822296536992
9960.0 0.1872967696280727
9962.0 0.18991939940407734
9964.0 0.1918992436903347
9966.0 0.19126132846484667
9968.0 0.18856889758018858
9970.0 0.18423295285481298
9972.0 0.18183549241411254
9974.0 0.1836013447540818
9976.0 0.1858831107230794
9978.0 0.18664193850895638
9980.0 0.1857492421581476
9982.0 0.18580750982543787
9984.0 0.18683213648176694
9986.0 0.18836810702240206
9988.0 0.18968624101531836
9990.0 0.1902245230975609
9992.0 0.19145747373948646
9994.0 0.19441639115604165
9996.0 0.1958916058348012
9998.0 0.19272824183458367
