# z obs_date
# 0 52280
3580.0 0.5321716319122449
3582.0 0.5043704567773888
3584.0 0.4878943975646034
3586.0 0.46859947279756753
3588.0 0.45562764354237556
3590.0 0.45553280928752726
3592.0 0.46108295115383624
3594.0 0.47212634925114383
3596.0 0.48557401541121953
3598.0 0.4800536681663556
3600.0 0.4368452993304095
3602.0 0.44033332639409584
3604.0 0.48877632523174114
3606.0 0.4880915422699898
3608.0 0.41601402465413423
3610.0 0.4237468709894182
3612.0 0.46316487444016086
3614.0 0.46691400762714647
3616.0 0.46229969799311554
3618.0 0.46447697405756555
3620.0 0.424510372304876
3622.0 0.3874547186312416
3624.0 0.39416345094159644
3626.0 0.3957500061701517
3628.0 0.416527899065528
3630.0 0.44618838183833764
3632.0 0.5146320568724899
3634.0 0.5491032297673532
3636.0 0.5490240919786887
3638.0 0.29256627274771807
3640.0 0.28435169797656945
3642.0 0.3634507903088676
3644.0 0.3883736955517697
3646.0 0.44980117509741124
3648.0 0.49684673246806516
3650.0 0.4640878449110862
3652.0 0.4511566720463757
3654.0 0.48298001697638654
3656.0 0.4135714395260808
3658.0 0.3904722033180548
3660.0 0.48248387454272457
3662.0 0.49728897044684867
3664.0 0.41596819923775447
3666.0 0.36533102308886434
3668.0 0.3410784969280068
3670.0 0.29943521581530425
3672.0 0.3932909080316175
3674.0 0.3856551664864112
3676.0 0.3951128963221972
3678.0 0.31320676173129874
3680.0 0.28750933341677354
3682.0 0.3666459330208696
3684.0 0.39733181648506266
3686.0 0.40728632488772964
3688.0 0.4420289195870492
3690.0 0.4384247142499667
3692.0 0.46575897514709824
3694.0 0.463633889747009
3696.0 0.4609837783455845
3698.0 0.45504826198753284
3700.0 0.36191003056811377
3702.0 0.3078216522891834
3704.0 0.3270618401433302
3706.0 0.35431999587030444
3708.0 0.3465531761899142
3710.0 0.3333448110938738
3712.0 0.3268694224628943
3714.0 0.3350812092792536
3716.0 0.33361112367249257
3718.0 0.389996791186688
3720.0 0.4025126820993252
3722.0 0.36376305931496977
3724.0 0.33794460288577494
3726.0 0.2836519591696511
3728.0 0.2478358713739441
3730.0 0.2213617717533291
3732.0 0.15538101051957015
3734.0 0.16716114016119135
3736.0 0.15775182502455834
3738.0 0.15400967948832409
3740.0 0.20929228778652245
3742.0 0.25181061773536234
3744.0 0.2475215465372946
3746.0 0.23041653849509885
3748.0 0.22133297611382535
3750.0 0.230312803833475
3752.0 0.22696286858416184
3754.0 0.22130444260257343
3756.0 0.2213758020852124
3758.0 0.22938885372210563
3760.0 0.23153050443419665
3762.0 0.25884216993668435
3764.0 0.259603732095312
3766.0 0.25632207286370046
3768.0 0.244301284578477
3770.0 0.24192736441609425
3772.0 0.2333791742860443
3774.0 0.23122209722170847
3776.0 0.26736979162173974
3778.0 0.2742219007549836
3780.0 0.28694123442733377
3782.0 0.28222917334306175
3784.0 0.28005956618766276
3786.0 0.28512126219356576
3788.0 0.2922739383524583
3790.0 0.29242279621495926
3792.0 0.29663652065693646
3794.0 0.2460053709195775
3796.0 0.24938068737052316
3798.0 0.26242768245468673
3800.0 0.2753236668901638
3802.0 0.27910303587008545
3804.0 0.2831501007853723
3806.0 0.28981535659802893
3808.0 0.28029427029030873
3810.0 0.2675681329008332
3812.0 0.26613119192151985
3814.0 0.27957697904453244
3816.0 0.28413567314881555
3818.0 0.2896198913883785
3820.0 0.3176426414493361
3822.0 0.3153946495385559
3824.0 0.31334106949395324
3826.0 0.31442691873908185
3828.0 0.3230511933028765
3830.0 0.3337367002165233
3832.0 0.35165168098704197
3834.0 0.3884516629592831
3836.0 0.39824008092571894
3838.0 0.3875389026716537
3840.0 0.3931618031831931
3842.0 0.40947001344850764
3844.0 0.4346917139873847
3846.0 0.45189775715052083
3848.0 0.46681167757124437
3850.0 0.46526402155339025
3852.0 0.4681793413545034
3854.0 0.47852466495086804
3856.0 0.5004983808666622
3858.0 0.5123891307307843
3860.0 0.5393867279901849
3862.0 0.5636020432990234
3864.0 0.5662772068198484
3866.0 0.5725718518864622
3868.0 0.5798229613333327
3870.0 0.5790446076888909
3872.0 0.5892165742823218
3874.0 0.5966732601662951
3876.0 0.6084083898710136
3878.0 0.6391826722958008
3880.0 0.6545346681168864
3882.0 0.6914981417482495
3884.0 0.7088931502828617
3886.0 0.7057459289269368
3888.0 0.716441941592541
3890.0 0.7262973441635611
3892.0 0.7314982595877627
3894.0 0.7487369173609176
3896.0 0.7736122434135079
3898.0 0.7726846890901259
3900.0 0.7728078931271672
3902.0 0.79002185306109
3904.0 0.7909919406800775
3906.0 0.7968288755596479
3908.0 0.7950126205352607
3910.0 0.7977434945794847
3912.0 0.8091660430864348
3914.0 0.8238973066532677
3916.0 0.8281054491497607
3918.0 0.8394743052607799
3920.0 0.8521320317552306
3922.0 0.8581975848447663
3924.0 0.8706787985278028
3926.0 0.853801982474864
3928.0 0.842916263249861
3930.0 0.8345818092366332
3932.0 0.835628613041406
3934.0 0.8376536976230173
3936.0 0.841379846601739
3938.0 0.8532670951524453
3940.0 0.8627738124260789
3942.0 0.8629148326821743
3944.0 0.8720518131339907
3946.0 0.8683719067497004
3948.0 0.8605480678094413
3950.0 0.8451024893635243
3952.0 0.8523615748234693
3954.0 0.8605052183124149
3956.0 0.8649837633296001
3958.0 0.8892205978525385
3960.0 0.897818888866194
3962.0 0.9058653173475516
3964.0 0.8964579488276307
3966.0 0.8528687844598088
3968.0 0.8427413194997094
3970.0 0.8551676414609666
3972.0 0.8637895572961902
3974.0 0.8680005849747126
3976.0 0.8748643249723509
3978.0 0.8724757766319174
3980.0 0.8458966810217069
3982.0 0.8517374585163983
3984.0 0.8745772849224936
3986.0 0.8712143358480126
3988.0 0.8832704522547917
3990.0 0.8977387941025042
3992.0 0.9005872573286579
3994.0 0.9008241036681481
3996.0 0.8919228406368703
3998.0 0.8795405515741952
4000.0 0.8740107983727616
4002.0 0.8722826715601978
4004.0 0.8652190029968239
4006.0 0.8706517266569164
4008.0 0.8793260956834141
4010.0 0.8717961790799403
4012.0 0.8574326678547404
4014.0 0.8644523552789111
4016.0 0.8578932485079667
4018.0 0.85594711394323
4020.0 0.8456559350773177
4022.0 0.8410959344326516
4024.0 0.8454378503131426
4026.0 0.8349586042679426
4028.0 0.8269929735110351
4030.0 0.8244261867235568
4032.0 0.8162488058899428
4034.0 0.8101374048826129
4036.0 0.8028909752888954
4038.0 0.7867392258103766
4040.0 0.7812799961434354
4042.0 0.773799583639455
4044.0 0.7768751316525179
4046.0 0.7800937112634986
4048.0 0.7736441999724363
4050.0 0.7481766927279996
4052.0 0.7413025304027515
4054.0 0.7426487911716634
4056.0 0.7430177773008702
4058.0 0.7414644237790237
4060.0 0.7407497940868301
4062.0 0.7315157164651701
4064.0 0.7259190671291196
4066.0 0.7161617987178255
4068.0 0.7064421897291953
4070.0 0.705210164855123
4072.0 0.7004920497904888
4074.0 0.6963409180036761
4076.0 0.6928807876635168
4078.0 0.6903741287064056
4080.0 0.6867145046649843
4082.0 0.6862850101501148
4084.0 0.6806112876467856
4086.0 0.6646151731178105
4088.0 0.6539695251645621
4090.0 0.6687077600307167
4092.0 0.6762707673121261
4094.0 0.6690447974977115
4096.0 0.654323836534213
4098.0 0.641281828374052
4100.0 0.6233531264074619
4102.0 0.6145564120850573
4104.0 0.6127128000490509
4106.0 0.6118218180692193
4108.0 0.623548726066325
4110.0 0.6216128220018605
4112.0 0.6094992484992772
4114.0 0.6040065276103155
4116.0 0.6067207770417372
4118.0 0.6079331748655497
4120.0 0.6075707529185398
4122.0 0.6056704636404712
4124.0 0.6011587477997488
4126.0 0.588874856424547
4128.0 0.5894158425299112
4130.0 0.5823949629182248
4132.0 0.5849728245648408
4134.0 0.5860200987750487
4136.0 0.587608158999917
4138.0 0.5868937304148496
4140.0 0.5835613863601855
4142.0 0.5778502569948709
4144.0 0.57052317732545
4146.0 0.5710135035251552
4148.0 0.5711853342437906
4150.0 0.5673929326701418
4152.0 0.5645474818506392
4154.0 0.56593880524315
4156.0 0.5785184629311485
4158.0 0.5787352210577343
4160.0 0.5722449855746754
4162.0 0.572054934993906
4164.0 0.572814497477921
4166.0 0.5603539441059491
4168.0 0.5569959141573745
4170.0 0.5453490416182514
4172.0 0.5423670777216114
4174.0 0.55157518069455
4176.0 0.5568990946652294
4178.0 0.5618922949187946
4180.0 0.5663632259429783
4182.0 0.5610567633840448
4184.0 0.5563753422297266
4186.0 0.5549712916115279
4188.0 0.5520800971089622
4190.0 0.5515470542423617
4192.0 0.5551273121603335
4194.0 0.5537469681657732
4196.0 0.5485006229227364
4198.0 0.5483900082902193
4200.0 0.5545779414803652
4202.0 0.5587112877860434
4204.0 0.5573329819862765
4206.0 0.5641656681572232
4208.0 0.5687212878161699
4210.0 0.561487523964828
4212.0 0.5623166556943824
4214.0 0.5578421714356976
4216.0 0.5578076203255301
4218.0 0.5571801883624977
4220.0 0.5589713717738309
4222.0 0.5611030435986196
4224.0 0.5699115427149548
4226.0 0.5703500681951104
4228.0 0.5727898584269473
4230.0 0.5746059465723868
4232.0 0.5692918844951639
4234.0 0.5723211161181543
4236.0 0.5683961780247067
4238.0 0.5676165624380283
4240.0 0.5665963521538107
4242.0 0.5690501021398785
4244.0 0.569986948138942
4246.0 0.5705956906329277
4248.0 0.5722816625197835
4250.0 0.577931707316845
4252.0 0.5742395837470956
4254.0 0.5801261788623683
4256.0 0.584705874546589
4258.0 0.5862004071414888
4260.0 0.5833735483363629
4262.0 0.5811584728180478
4264.0 0.5881310017980769
4266.0 0.5877183798162847
4268.0 0.5791305775942526
4270.0 0.575896151713792
4272.0 0.5811920860107075
4274.0 0.5859014322394461
4276.0 0.5829106354896367
4278.0 0.5841193648421517
4280.0 0.5789558286606702
4282.0 0.5682681534378884
4284.0 0.5694673649485507
4286.0 0.5682416817794638
4288.0 0.5670544195866047
4290.0 0.5744904515029311
4292.0 0.5796134945259256
4294.0 0.5803342544156085
4296.0 0.5748917943498089
4298.0 0.5843390412122962
4300.0 0.5865215795819445
4302.0 0.5728537098824648
4304.0 0.5723934672272025
4306.0 0.5740111701271213
4308.0 0.5651500068366055
4310.0 0.5650770875958052
4312.0 0.57040871871266
4314.0 0.5698117068211307
4316.0 0.5709721811965891
4318.0 0.5696278914004284
4320.0 0.5758407182343676
4322.0 0.5744253645582421
4324.0 0.5642031418763631
4326.0 0.5570313353394045
4328.0 0.5532566527278685
4330.0 0.5511542553140705
4332.0 0.5597444537717707
4334.0 0.551925694032986
4336.0 0.5527124531589339
4338.0 0.5538877035756231
4340.0 0.5415591107478449
4342.0 0.5407257646986089
4344.0 0.5399513158080063
4346.0 0.5369835256391057
4348.0 0.533924237050096
4350.0 0.5308662134041218
4352.0 0.5281925107989881
4354.0 0.5316235602531066
4356.0 0.5206918275965567
4358.0 0.5121692481920022
4360.0 0.5190783503589943
4362.0 0.5220709899029529
4364.0 0.5249822398562848
4366.0 0.5234694879556157
4368.0 0.5201296314434238
4370.0 0.5156041944295149
4372.0 0.5184040903912586
4374.0 0.5162783105130386
4376.0 0.5135125143492115
4378.0 0.5123927724658435
4380.0 0.5140062477050237
4382.0 0.5168456318854027
4384.0 0.5157279702980884
4386.0 0.5052377259116855
4388.0 0.49885431851220297
4390.0 0.4970368825500246
4392.0 0.48871940652478196
4394.0 0.4900818746561209
4396.0 0.49331053357598165
4398.0 0.49409928422504273
4400.0 0.49361880940087044
4402.0 0.4959819930295633
4404.0 0.499354990660672
4406.0 0.5028749919222779
4408.0 0.50402694134049
4410.0 0.5015901081665544
4412.0 0.5055910501873505
4414.0 0.5070299046804428
4416.0 0.503166971432895
4418.0 0.5065924614138759
4420.0 0.5066916234350548
4422.0 0.505111112321457
4424.0 0.5128337681375337
4426.0 0.5144262183833557
4428.0 0.5150994761997822
4430.0 0.5169450481194581
4432.0 0.5175234122249998
4434.0 0.5254787718549442
4436.0 0.5293349387101035
4438.0 0.5347413868935074
4440.0 0.5460705200251601
4442.0 0.5570816908852537
4444.0 0.5622609600971479
4446.0 0.5676006334362144
4448.0 0.567413530019255
4450.0 0.5722705247259577
4452.0 0.5749370184942189
4454.0 0.5733279474563099
4456.0 0.5789913216773085
4458.0 0.5894841247469212
4460.0 0.5957179093335511
4462.0 0.610858083837838
4464.0 0.6195160940189431
4466.0 0.6250198928294727
4468.0 0.6300686086980716
4470.0 0.6408135088595021
4472.0 0.6485396765380014
4474.0 0.6520797782336633
4476.0 0.6576751181894687
4478.0 0.6706418039966253
4480.0 0.6949858309543151
4482.0 0.7014582081652186
4484.0 0.6989029712900103
4486.0 0.7026635994206727
4488.0 0.7223255537814599
4490.0 0.7290916884985199
4492.0 0.7420597570351354
4494.0 0.7484336343382049
4496.0 0.7549292356425072
4498.0 0.7571602589564644
4500.0 0.7626672974927914
4502.0 0.7797873654081904
4504.0 0.7853772977477138
4506.0 0.7909206140026366
4508.0 0.7992911664414653
4510.0 0.8061104725423527
4512.0 0.8143992959629346
4514.0 0.8242603693614874
4516.0 0.8290306305259771
4518.0 0.8349534176148421
4520.0 0.8394706316875549
4522.0 0.8439601167932851
4524.0 0.85460662509254
4526.0 0.8604646862303906
4528.0 0.8641514476241411
4530.0 0.8685222035949991
4532.0 0.8750038343538661
4534.0 0.8859371455285182
4536.0 0.8943223911780993
4538.0 0.903883883928278
4540.0 0.9087934014970983
4542.0 0.9241518211770534
4544.0 0.9289358516046383
4546.0 0.9286094530137929
4548.0 0.9334012689313509
4550.0 0.9311321278972245
4552.0 0.9323694278102376
4554.0 0.9375920444725035
4556.0 0.9443677028663275
4558.0 0.9453080009636745
4560.0 0.9494492203525967
4562.0 0.9510618967309149
4564.0 0.9645858571086527
4566.0 0.9703023019265694
4568.0 0.97812604135279
4570.0 0.9807751704752969
4572.0 0.9843988116287741
4574.0 0.9910105014578592
4576.0 0.9932505915910994
4578.0 0.9908721080292705
4580.0 0.987722064547306
4582.0 0.9866202325915536
4584.0 0.9864026669165452
4586.0 0.9897217471636236
4588.0 0.9888296393253563
4590.0 0.9909024984078014
4592.0 0.99384083874813
4594.0 0.9934453479262445
4596.0 0.9955032684047452
4598.0 1.0
4600.0 0.9969920630393042
4602.0 0.9889251785181942
4604.0 0.9790917973053599
4606.0 0.9706081827240994
4608.0 0.9741590604480406
4610.0 0.9818693838451067
4612.0 0.9770262409940529
4614.0 0.9738371168772259
4616.0 0.9720168282511239
4618.0 0.971420823816648
4620.0 0.9700424341404318
4622.0 0.9687224446874978
4624.0 0.9644101630845576
4626.0 0.9566944693344209
4628.0 0.9510066650641957
4630.0 0.9489053488714659
4632.0 0.9472274731234668
4634.0 0.9462012145895226
4636.0 0.9427290534933286
4638.0 0.9374507270020817
4640.0 0.9312376171397391
4642.0 0.9280176681231403
4644.0 0.914452358738181
4646.0 0.9084320179062536
4648.0 0.8995780183829977
4650.0 0.8984204078599728
4652.0 0.889815400238002
4654.0 0.8799256517139511
4656.0 0.8781230936107127
4658.0 0.8720270320020126
4660.0 0.8664696875302128
4662.0 0.8667695304139404
4664.0 0.8642680830118832
4666.0 0.8559720634786905
4668.0 0.8501703754112392
4670.0 0.8422399874522091
4672.0 0.8339081773272538
4674.0 0.8276893610690144
4676.0 0.8218872240981893
4678.0 0.8171104931260281
4680.0 0.8108607723828721
4682.0 0.8065387776954401
4684.0 0.8006970959148113
4686.0 0.7959651685485256
4688.0 0.7918119622641459
4690.0 0.7850729448968932
4692.0 0.7831062946407632
4694.0 0.7792622807951226
4696.0 0.7767993816182575
4698.0 0.7782159755059024
4700.0 0.7736904180975402
4702.0 0.766813105522037
4704.0 0.7610698577115306
4706.0 0.7550759731953686
4708.0 0.7507960933998494
4710.0 0.7460928017230463
4712.0 0.7405951864455241
4714.0 0.7345367885506336
4716.0 0.7295982975809318
4718.0 0.7231960441462401
4720.0 0.7189766016112161
4722.0 0.7144687151988987
4724.0 0.7114379495361486
4726.0 0.7102620341657508
4728.0 0.7027969453291413
4730.0 0.6982482660066924
4732.0 0.6848664805609045
4734.0 0.6810664906980829
4736.0 0.6741526127304823
4738.0 0.6671363958090732
4740.0 0.6627528914583909
4742.0 0.6658605271247655
4744.0 0.6585123089292676
4746.0 0.6610553815586131
4748.0 0.6541724261917252
4750.0 0.6444020942520332
4752.0 0.6368789685818235
4754.0 0.6325212459374266
4756.0 0.6247515144910875
4758.0 0.622366845050336
4760.0 0.6272164068074219
4762.0 0.6222382854016926
4764.0 0.6179701180534924
4766.0 0.6186541826110136
4768.0 0.6149852082024699
4770.0 0.612336230304601
4772.0 0.6064085059506144
4774.0 0.5970584235944324
4776.0 0.5938421290310343
4778.0 0.5876773659737071
4780.0 0.581739759638848
4782.0 0.5769650531181416
4784.0 0.5755345851477197
4786.0 0.5726182707817873
4788.0 0.571434058372034
4790.0 0.5669502848305115
4792.0 0.5614207041797875
4794.0 0.5604449543828216
4796.0 0.557742100396275
4798.0 0.5555730650561898
4800.0 0.5497611341623726
4802.0 0.5530110817588241
4804.0 0.5561946085687482
4806.0 0.553886518960818
4808.0 0.5558233274453472
4810.0 0.5538039202898348
4812.0 0.5546904869935935
4814.0 0.5584390996450239
4816.0 0.5532102077945141
4818.0 0.5536785752766255
4820.0 0.557909973679976
4822.0 0.5619065990895789
4824.0 0.5645643808149993
4826.0 0.5692579023008794
4828.0 0.5743193441976021
4830.0 0.5772462319299244
4832.0 0.5797442922139612
4834.0 0.5817218336614497
4836.0 0.5838979773516237
4838.0 0.5860725958372969
4840.0 0.5880109076121044
4842.0 0.5905955951227684
4844.0 0.5921110207548282
4846.0 0.5949324116500824
4848.0 0.596533412054809
4850.0 0.5989942801907168
4852.0 0.6010047697621883
4854.0 0.6032950134928049
4856.0 0.6052041726742184
4858.0 0.6075928203991657
4860.0 0.6095429783175276
4862.0 0.6117815507492254
4864.0 0.6139821918218663
4866.0 0.6159442716940777
4868.0 0.6182566844869599
4870.0 0.6207893969399149
4872.0 0.6243281341412258
4874.0 0.6262406049591142
4876.0 0.6281375532421085
4878.0 0.6294704241619612
4880.0 0.6331270385427806
4882.0 0.6383635384318168
4884.0 0.6402362096317973
4886.0 0.6420405578718524
4888.0 0.6442595141323119
4890.0 0.6451892836160643
4892.0 0.6492043501141672
4894.0 0.6531347521852743
4896.0 0.6584095125842097
4898.0 0.6592603940158396
4900.0 0.6631286397206216
4902.0 0.6674158237944491
4904.0 0.6720650397276557
4906.0 0.6769368973090634
4908.0 0.6835006936810709
4910.0 0.6867219675904358
4912.0 0.6895102268842385
4914.0 0.6943923785189785
4916.0 0.6969970507231513
4918.0 0.7002237800634337
4920.0 0.7036004090260182
4922.0 0.7055111022809892
4924.0 0.7111151724698553
4926.0 0.7132249577224599
4928.0 0.7139733666993919
4930.0 0.7160070302488214
4932.0 0.7157593549696982
4934.0 0.7163455399336693
4936.0 0.7175943898350884
4938.0 0.718561514221841
4940.0 0.719106455718219
4942.0 0.7203555987871503
4944.0 0.7212806217675901
4946.0 0.7219285542624556
4948.0 0.7231427026931792
4950.0 0.723984127759745
4952.0 0.7247270971213029
4954.0 0.7258386757186233
4956.0 0.7269000036975487
4958.0 0.727392970998652
4960.0 0.7286104917929029
4962.0 0.7296438390069048
4964.0 0.7302718654223479
4966.0 0.7312794166230246
4968.0 0.7323881703163837
4970.0 0.733091489356102
4972.0 0.7322257888712996
4974.0 0.7306566609613655
4976.0 0.7263163810108714
4978.0 0.7233379430745719
4980.0 0.7240312154876462
4982.0 0.7238590609791444
4984.0 0.7166238404624301
4986.0 0.7097084178665161
4988.0 0.7066094087995557
4990.0 0.701310605990919
4992.0 0.6967358914022613
4994.0 0.6933687424402996
4996.0 0.6901032927482676
4998.0 0.6860989854599101
5000.0 0.6830945389781354
5002.0 0.6794366034349376
5004.0 0.6758524409893016
5006.0 0.6723583599965803
5008.0 0.6692156605079645
5010.0 0.6652725165941318
5012.0 0.6619151362569776
5014.0 0.6587455020861329
5016.0 0.6547778141888809
5018.0 0.6515126221402661
5020.0 0.6481908631862319
5022.0 0.6443361666730318
5024.0 0.6410174601042598
5026.0 0.6377669770789536
5028.0 0.6338929093380193
5030.0 0.630474243299724
5032.0 0.6293841672916936
5034.0 0.6282940759292266
5036.0 0.6261620768970465
5038.0 0.6241814624072032
5040.0 0.624309969920798
5042.0 0.6232036617611523
5044.0 0.623104620124721
5046.0 0.6247528158495089
5048.0 0.626737418936097
5050.0 0.6280002099637094
5052.0 0.6282373847776259
5054.0 0.6242689388345607
5056.0 0.640530352709128
5058.0 0.6457729165119062
5060.0 0.6464286496489564
5062.0 0.6440493534542258
5064.0 0.6497200315074725
5066.0 0.6503417854282997
5068.0 0.6566159013129633
5070.0 0.6594125938728806
5072.0 0.6624839852384777
5074.0 0.6664096907950777
5076.0 0.6669093246588741
5078.0 0.6765709823545009
5080.0 0.6786166676830565
5082.0 0.684218233959525
5084.0 0.685547638431199
5086.0 0.6931144817232558
5088.0 0.6950751437709904
5090.0 0.6988735669740171
5092.0 0.6999585877023741
5094.0 0.7051116412398553
5096.0 0.7102061955165085
5098.0 0.7143563540231971
5100.0 0.7183144261229801
5102.0 0.7191401827194699
5104.0 0.7249166123517929
5106.0 0.7272196718068114
5108.0 0.728133197169642
5110.0 0.7347841069134085
5112.0 0.7396178475721494
5114.0 0.7435142399491729
5116.0 0.7442601175849924
5118.0 0.7486323177246162
5120.0 0.7520266882296991
5122.0 0.7523529988302604
5124.0 0.7587902994122305
5126.0 0.7645644985279272
5128.0 0.7642492763507064
5130.0 0.7633682222901355
5132.0 0.770987971648463
5134.0 0.7707809269342745
5136.0 0.7688564713621323
5138.0 0.7674841596063473
5140.0 0.7722167399706135
5142.0 0.7740875825442799
5144.0 0.7750155679207178
5146.0 0.7762153265303894
5148.0 0.7767611653043703
5150.0 0.7803624095124287
5152.0 0.7838984769014786
5154.0 0.7876583193091736
5156.0 0.7873452662517744
5158.0 0.7899136911893437
5160.0 0.7923626421385765
5162.0 0.795019379921717
5164.0 0.7959662453298174
5166.0 0.7955476495906177
5168.0 0.7971955514043008
5170.0 0.8033236739638885
5172.0 0.8101441461405114
5174.0 0.8140027330561057
5176.0 0.8111661317638745
5178.0 0.8122642955332564
5180.0 0.8101777043256524
5182.0 0.8129934447404764
5184.0 0.8164464923833857
5186.0 0.8206159530720465
5188.0 0.8222144578032128
5190.0 0.8242591146747098
5192.0 0.8271521434736251
5194.0 0.8337802213056016
5196.0 0.8359561054510788
5198.0 0.8354942981887172
5200.0 0.8430704986577302
5202.0 0.8465817909461077
5204.0 0.8467907822275992
5206.0 0.8485858618250973
5208.0 0.853591973460458
5210.0 0.8557525603410413
5212.0 0.8632343029321177
5214.0 0.8671017981089488
5216.0 0.871096047188066
5218.0 0.8757060205082597
5220.0 0.8796996059184446
5222.0 0.8833589475240283
5224.0 0.886180010931513
5226.0 0.8875705242530988
5228.0 0.8901388148223964
5230.0 0.8933115395088803
5232.0 0.9002392361331938
5234.0 0.9037345970734172
5236.0 0.9040737782833358
5238.0 0.9048751239986561
5240.0 0.907528603575555
5242.0 0.9027214996586301
5244.0 0.9064064127304656
5246.0 0.9087349300251261
5248.0 0.9103907591299877
5250.0 0.914290003341789
5252.0 0.9134537146969063
5254.0 0.9142978762796268
5256.0 0.9180361257198902
5258.0 0.9197322118933932
5260.0 0.9239175789861062
5262.0 0.9258952940131134
5264.0 0.93032740339789
5266.0 0.9322395069606355
5268.0 0.9286534680610502
5270.0 0.9319859148854527
5272.0 0.9296300018197899
5274.0 0.9301722205991946
5276.0 0.9278273021993659
5278.0 0.9276153015570326
5280.0 0.9361209896445051
5282.0 0.9408779393487886
5284.0 0.950629636532885
5286.0 0.9580531272727484
5288.0 0.9540440651148999
5290.0 0.953981843086712
5292.0 0.9525900502651261
5294.0 0.9547279137028449
5296.0 0.9536952557514954
5298.0 0.9523331439840949
5300.0 0.9518874007761148
5302.0 0.9537333555466235
5304.0 0.9523237395141523
5306.0 0.956923791231578
5308.0 0.9585489979002793
5310.0 0.9613801297713491
5312.0 0.9574229451671794
5314.0 0.9547870405203578
5316.0 0.9549991474873866
5318.0 0.9650884461557134
5320.0 0.9595550786793668
5322.0 0.9606779361556734
5324.0 0.9569630537562398
5326.0 0.9527073684105423
5328.0 0.9484372034572985
5330.0 0.9412665378090369
5332.0 0.9425918357700329
5334.0 0.9413183450205567
5336.0 0.9409036968362504
5338.0 0.9439668802457151
5340.0 0.9430338989205653
5342.0 0.9474057323957112
5344.0 0.9489719854356918
5346.0 0.9415587270025694
5348.0 0.9403521780694916
5350.0 0.9358735792043913
5352.0 0.9316484496355982
5354.0 0.9298895687845739
5356.0 0.924968288593694
5358.0 0.9238223198509927
5360.0 0.9194549401081624
5362.0 0.9167702890456647
5364.0 0.9172014130523625
5366.0 0.9154147671979632
5368.0 0.9120655230364222
5370.0 0.9113372851135154
5372.0 0.9077416879147392
5374.0 0.9054745444099516
5376.0 0.9065334971958485
5378.0 0.9026901340718447
5380.0 0.9010467851989219
5382.0 0.8966064137808311
5384.0 0.8953884603961679
5386.0 0.8939020855050978
5388.0 0.8846533341828602
5390.0 0.8822167272131117
5392.0 0.8782705501448209
5394.0 0.876031828292602
5396.0 0.8714669449202168
5398.0 0.8677599089932488
5400.0 0.8651757161358284
5402.0 0.8645137822730132
5404.0 0.8657665439168502
5406.0 0.8678550710699067
5408.0 0.8673495239170785
5410.0 0.8713850448977434
5412.0 0.8743852866569921
5414.0 0.8747387130930825
5416.0 0.8776222914082513
5418.0 0.8824465300224101
5420.0 0.8870287048549464
5422.0 0.8917961867970166
5424.0 0.8919924328779175
5426.0 0.8936755773155868
5428.0 0.8954033143155744
5430.0 0.8943062449261139
5432.0 0.8950294281876695
5434.0 0.895237014584777
5436.0 0.900295058724519
5438.0 0.9014017149502613
5440.0 0.9105025712416924
5442.0 0.915356473571517
5444.0 0.9152897686716552
5446.0 0.9166300511800469
5448.0 0.9216940638360639
5450.0 0.9279674984711883
5452.0 0.9366814854600246
5454.0 0.9417243231022174
5456.0 0.9404827789336059
5458.0 0.9480208848429007
5460.0 0.9488616080755939
5462.0 0.9536707888924687
5464.0 0.9597486536310215
5466.0 0.9627982876636467
5468.0 0.9713052628437214
5470.0 0.973289016754746
5472.0 0.9779971689597883
5474.0 0.9778466423757151
5476.0 0.980143219258566
5478.0 0.9793650359296446
5480.0 0.982928122632454
5482.0 0.9852709702268602
5484.0 0.9862546962701796
5486.0 0.987385434006313
5488.0 0.9888407027911406
5490.0 0.9862805205415095
5492.0 0.9848015695089674
5494.0 0.9908312910614884
5496.0 0.9901952609460025
5498.0 0.9877123871967151
5500.0 0.9881326397054522
5502.0 0.9850732646493651
5504.0 0.9799863197973394
5506.0 0.9758109504951826
5508.0 0.9694574167881488
5510.0 0.9663695308115726
5512.0 0.9632267036889172
5514.0 0.9592789338798782
5516.0 0.9513449218189208
5518.0 0.9469634768477323
5520.0 0.9420003955314439
5522.0 0.9388500066140033
5524.0 0.9328133751811629
5526.0 0.9213302141145766
5528.0 0.9170694075857516
5530.0 0.908169176883511
5532.0 0.9064944037917171
5534.0 0.9037400970798609
5536.0 0.8995384555768615
5538.0 0.8911830099657826
5540.0 0.8879431355829
5542.0 0.8855199697850998
5544.0 0.8837762158432689
5546.0 0.8815698353837546
5548.0 0.8795661940976336
5550.0 0.878173597690237
5552.0 0.8737944206835536
5554.0 0.871184806655831
5556.0 0.8695751937962868
5558.0 0.8672153982332044
5560.0 0.8686304331909154
5562.0 0.8683716323230698
5564.0 0.864152933565396
5566.0 0.8614773195084915
5568.0 0.8585102167738163
5570.0 0.85465869043166
5572.0 0.8537063039414904
5574.0 0.8464433733946745
5576.0 0.8433110287904578
5578.0 0.8382977237127679
5580.0 0.835720328325538
5582.0 0.8275061708791701
5584.0 0.8232697394954047
5586.0 0.8175539053311676
5588.0 0.8151646397786346
5590.0 0.811238316155346
5592.0 0.809593732604942
5594.0 0.8050858421623956
5596.0 0.8038192542451146
5598.0 0.7990722051786374
5600.0 0.7938831285204804
5602.0 0.791295600883567
5604.0 0.7848857764234313
5606.0 0.7817713588436821
5608.0 0.775467123519248
5610.0 0.7764641511093396
5612.0 0.7686931573594783
5614.0 0.7684561242092086
5616.0 0.7653788589104924
5618.0 0.7587616975955866
5620.0 0.749420259730742
5622.0 0.7459425176890085
5624.0 0.7421647779659108
5626.0 0.7376639009526278
5628.0 0.7307980682461708
5630.0 0.7243647762512305
5632.0 0.7112567074763461
5634.0 0.7037792589528609
5636.0 0.6923599915105827
5638.0 0.681408759437665
5640.0 0.677688076122114
5642.0 0.6694647400567055
5644.0 0.6639288531818134
5646.0 0.6559503789237995
5648.0 0.6520694938783211
5650.0 0.6476222746392949
5652.0 0.6506882921344859
5654.0 0.6531446221036676
5656.0 0.6515299055471236
5658.0 0.6510497561535354
5660.0 0.6511406846235311
5662.0 0.657170017788507
5664.0 0.659073272881387
5666.0 0.662157775564017
5668.0 0.6664424408000591
5670.0 0.6689064223599837
5672.0 0.6677774477387217
5674.0 0.6661351122195188
5676.0 0.6595958700933469
5678.0 0.6534978282499613
5680.0 0.6408154869244963
5682.0 0.632082265420367
5684.0 0.6241325901499594
5686.0 0.6127539399434172
5688.0 0.6079916163836943
5690.0 0.599109198636903
5692.0 0.5954243727941231
5694.0 0.5882280014425002
5696.0 0.5849472532159844
5698.0 0.582294100344282
5700.0 0.579904826054043
5702.0 0.5801928442549621
5704.0 0.5793917968253469
5706.0 0.5778909029705216
5708.0 0.5781959246619885
5710.0 0.5805641531240592
5712.0 0.5822357271269091
5714.0 0.5844502762806093
5716.0 0.5884387133024512
5718.0 0.5901045055648481
5720.0 0.5904910896927374
5722.0 0.5891886090607548
5724.0 0.5901224484238187
5726.0 0.5908630592529472
5728.0 0.5904104484188938
5730.0 0.593872392629328
5732.0 0.5959684175407161
5734.0 0.5933240545468238
5736.0 0.594740044667733
5738.0 0.6014743851456046
5740.0 0.6048072981905112
5742.0 0.6122693018236062
5744.0 0.6168246228314861
5746.0 0.6159092999285053
5748.0 0.6177695693995576
5750.0 0.6208599126077254
5752.0 0.6240150414894496
5754.0 0.628212742080064
5756.0 0.6324400889930354
5758.0 0.6386104333973519
5760.0 0.646219562880387
5762.0 0.6514752041548343
5764.0 0.656850047529782
5766.0 0.6637039651602772
5768.0 0.6708054009712455
5770.0 0.6750491853755801
5772.0 0.6801379919902194
5774.0 0.6851881155836547
5776.0 0.6934469896238934
5778.0 0.6993950846651303
5780.0 0.7066581207627592
5782.0 0.7127866968098846
5784.0 0.7183342128197338
5786.0 0.7223290020795095
5788.0 0.727063047140997
5790.0 0.7316932666275731
5792.0 0.7342800184669623
5794.0 0.7393485056824921
5796.0 0.7425925401497737
5798.0 0.749992818024886
5800.0 0.7591560918278569
5802.0 0.7640452693938155
5804.0 0.7681387230711595
5806.0 0.7708021421078787
5808.0 0.7782075348972098
5810.0 0.7858427076512838
5812.0 0.7917834055880295
5814.0 0.795626774628657
5816.0 0.8005339648085527
5818.0 0.8046189138167561
5820.0 0.8108872433933606
5822.0 0.8172993088618767
5824.0 0.8195868378742812
5826.0 0.8230229845799758
5828.0 0.8246771126328568
5830.0 0.8257852931825312
5832.0 0.8279870543698732
5834.0 0.8289291900494179
5836.0 0.8301855602894215
5838.0 0.8289497318642922
5840.0 0.8241639638569992
5842.0 0.8198587041107185
5844.0 0.820313295460574
5846.0 0.8243720911892743
5848.0 0.8269559501545852
5850.0 0.8310561332218128
5852.0 0.8354521508873218
5854.0 0.8396695271866979
5856.0 0.844850082551156
5858.0 0.8463473470433465
5860.0 0.8502279223421256
5862.0 0.853511448526411
5864.0 0.8538976757695819
5866.0 0.8552860853315244
5868.0 0.8548124420352635
5870.0 0.8562219367831897
5872.0 0.8567195552435066
5874.0 0.8581198407812809
5876.0 0.8588841280834292
5878.0 0.8597943554121655
5880.0 0.8610218033582616
5882.0 0.8615779213174839
5884.0 0.8631034788983298
5886.0 0.8635084771033382
5888.0 0.865060380516759
5890.0 0.8654726637871691
5892.0 0.8669092076232532
5894.0 0.867644592171354
5896.0 0.8686579426374356
5898.0 0.8696966467452649
5900.0 0.8705056412616051
5902.0 0.8717471543027208
5904.0 0.8722841685593774
5906.0 0.8738898556991362
5908.0 0.8734704000103283
5910.0 0.8736919890845524
5912.0 0.8743465888623653
5914.0 0.8759412564292608
5916.0 0.8770246878942553
5918.0 0.8778007093006183
5920.0 0.8785249075693765
5922.0 0.8788325968198293
5924.0 0.8814302330353
5926.0 0.881430822508305
5928.0 0.8835124498309219
5930.0 0.883782960343579
5932.0 0.8789456030352316
5934.0 0.8768017245084972
5936.0 0.8721874093802279
5938.0 0.8699296041410786
5940.0 0.869002034537443
5942.0 0.8675879291147063
5944.0 0.8629542500405629
5946.0 0.8583327000762099
5948.0 0.8563728368728868
5950.0 0.8534152293870072
5952.0 0.853055438972305
5954.0 0.8516041666055225
5956.0 0.8465421474958029
5958.0 0.8423866104569007
5960.0 0.8343095716937685
5962.0 0.831054959138188
5964.0 0.8274319770868654
5966.0 0.8239180368339092
5968.0 0.8183484346502298
5970.0 0.8206505211315482
5972.0 0.8135986828188358
5974.0 0.8083148479562524
5976.0 0.8025141889431857
5978.0 0.7982101771796197
5980.0 0.7966863899571991
5982.0 0.7942006822967347
5984.0 0.7942253405477917
5986.0 0.7871008870542225
5988.0 0.7838128349094231
5990.0 0.7807067407472446
5992.0 0.7769894461005731
5994.0 0.7791583369406493
5996.0 0.7788173080558812
5998.0 0.7729041020780185
6000.0 0.7680386498841973
6002.0 0.767959685521655
6004.0 0.7651522500151153
6006.0 0.7624829612544392
6008.0 0.7599313520088968
6010.0 0.7595762310353602
6012.0 0.7583039839537739
6014.0 0.7559952468175843
6016.0 0.7495751575679831
6018.0 0.7479783811578189
6020.0 0.7497619220672996
6022.0 0.7477088748637524
6024.0 0.7500873316499332
6026.0 0.7522051130870057
6028.0 0.75140173755755
6030.0 0.7473340027936506
6032.0 0.7450609970976707
6034.0 0.7403237524520474
6036.0 0.7369080881183884
6038.0 0.736291663417724
6040.0 0.7343793843742816
6042.0 0.7334597981257519
6044.0 0.7331868677685901
6046.0 0.7343229639056915
6048.0 0.7318031875700981
6050.0 0.7283898291933154
6052.0 0.7223877981097885
6054.0 0.7196040652660382
6056.0 0.7183014405718109
6058.0 0.7211681521902987
6060.0 0.7191712906899591
6062.0 0.7160812364991608
6064.0 0.7131038096648578
6066.0 0.7076706194196719
6068.0 0.706814466794949
6070.0 0.7020407086819429
6072.0 0.6989384274266047
6074.0 0.6999439000224474
6076.0 0.7002009372381092
6078.0 0.7036654037709321
6080.0 0.7052535298075215
6082.0 0.7047823407868979
6084.0 0.7026267092046242
6086.0 0.7006266091887137
6088.0 0.6984674613787659
6090.0 0.6983608894364691
6092.0 0.7034852622451462
6094.0 0.703633156490957
6096.0 0.7049077321451973
6098.0 0.7059564900577578
6100.0 0.7075021559407968
6102.0 0.7069562608447181
6104.0 0.7052524541456546
6106.0 0.7030891771082156
6108.0 0.7040479082158241
6110.0 0.705498341062119
6112.0 0.7064581763093603
6114.0 0.7042612965377458
6116.0 0.701399025799309
6118.0 0.70049035780489
6120.0 0.7011170371030807
6122.0 0.701661366263341
6124.0 0.7011906792092099
6126.0 0.6987984997852622
6128.0 0.6984103911361129
6130.0 0.6987618841760764
6132.0 0.7005806450494151
6134.0 0.700622883550568
6136.0 0.7026115250259845
6138.0 0.7020351935630611
6140.0 0.7009075848190829
6142.0 0.7032308734392333
6144.0 0.7030001333104025
6146.0 0.7038928095903142
6148.0 0.7045670301924971
6150.0 0.7054606175228751
6152.0 0.7041482081837046
6154.0 0.7049035787777609
6156.0 0.7085562833853694
6158.0 0.7107341927557899
6160.0 0.7123148509734646
6162.0 0.7146912681651688
6164.0 0.7153626442144841
6166.0 0.7147485646518046
6168.0 0.7152416504035674
6170.0 0.7188931348099714
6172.0 0.7211132592620124
6174.0 0.7237864161098914
6176.0 0.7249303396791675
6178.0 0.7263334066717815
6180.0 0.7269856494236336
6182.0 0.7288571558290436
6184.0 0.7324621934667401
6186.0 0.7347441382735337
6188.0 0.7351041687656786
6190.0 0.7385678081537382
6192.0 0.7383224413951267
6194.0 0.740798948175256
6196.0 0.742254907257276
6198.0 0.7459321493660421
6200.0 0.7491085444041102
6202.0 0.7525218855345833
6204.0 0.7577470528863007
6206.0 0.7614018227712963
6208.0 0.7648634711138304
6210.0 0.7629797331950083
6212.0 0.7677294089812559
6214.0 0.7716913726557784
6216.0 0.7746190082500262
6218.0 0.7761128760306071
6220.0 0.7779666082428168
6222.0 0.7823090738144505
6224.0 0.7863472899015155
6226.0 0.7872684972725221
6228.0 0.7880023986365339
6230.0 0.7890284511117259
6232.0 0.7902588338170732
6234.0 0.7954505939021985
6236.0 0.800485015961178
6238.0 0.8028598702049782
6240.0 0.8037722814212662
6242.0 0.8020248295886516
6244.0 0.7993907125303473
6246.0 0.8032518289503726
6248.0 0.806458881507937
6250.0 0.8051288519773386
6252.0 0.8036734327917765
6254.0 0.8052380907321635
6256.0 0.8109333410287218
6258.0 0.8132013293469464
6260.0 0.8177870879179466
6262.0 0.8171387542943692
6264.0 0.8157424337612091
6266.0 0.8161701028747874
6268.0 0.8192045400714089
6270.0 0.8211402582888029
6272.0 0.819611072341496
6274.0 0.8214994540214723
6276.0 0.8230864792865671
6278.0 0.8291062974998982
6280.0 0.832757711163432
6282.0 0.8381981534173405
6284.0 0.8418999482646942
6286.0 0.8459233582631396
6288.0 0.8492563876116445
6290.0 0.8509923178021177
6292.0 0.8483413989376825
6294.0 0.8458113980483192
6296.0 0.8433966705683237
6298.0 0.83819489469527
6300.0 0.8332849061478081
6302.0 0.8320403281935447
6304.0 0.8263780370611801
6306.0 0.8225198953423566
6308.0 0.8165226037771821
6310.0 0.8106888663661399
6312.0 0.8107587801107429
6314.0 0.8099036621743965
6316.0 0.8100883091810294
6318.0 0.8087246344338702
6320.0 0.8094871858104155
6322.0 0.8044956658081063
6324.0 0.8014008129001774
6326.0 0.7977613765934802
6328.0 0.7934205506349371
6330.0 0.7928570751100773
6332.0 0.7953583804607202
6334.0 0.7947537843906809
6336.0 0.7855307723755977
6338.0 0.7854694018552039
6340.0 0.7819608371445461
6342.0 0.7809885880739387
6344.0 0.7808227683725375
6346.0 0.7775409562665041
6348.0 0.7746918710702846
6350.0 0.7740807782714052
6352.0 0.7730719312357139
6354.0 0.7742992892112412
6356.0 0.7711933094370265
6358.0 0.7658055591778244
6360.0 0.7648037965121428
6362.0 0.7615934982052557
6364.0 0.7582202791753215
6366.0 0.7540350166978279
6368.0 0.7525071066867419
6370.0 0.7475305913083705
6372.0 0.7450473671203685
6374.0 0.7451443690901808
6376.0 0.7448910183907964
6378.0 0.7422772976486209
6380.0 0.7416474443505405
6382.0 0.7380806256033374
6384.0 0.7375058752926135
6386.0 0.7355183563496465
6388.0 0.7331099836266141
6390.0 0.7295698018804978
6392.0 0.7256560341091676
6394.0 0.7218976546961788
6396.0 0.7185997192737847
6398.0 0.7138517128634913
6400.0 0.7110766467550839
6402.0 0.7101287810129667
6404.0 0.7102447853602053
6406.0 0.7083816683233135
6408.0 0.706096723765824
6410.0 0.7053525226116368
6412.0 0.7031045806166902
6414.0 0.7009466147405313
6416.0 0.6965323513277965
6418.0 0.6954238500121287
6420.0 0.6946621676943265
6422.0 0.6940681138270827
6424.0 0.6951273898997073
6426.0 0.695658861625364
6428.0 0.6959847992642503
6430.0 0.6961171157985794
6432.0 0.7006106894646462
6434.0 0.7060528040893272
6436.0 0.7087381590456897
6438.0 0.7135710454527012
6440.0 0.7157485150313788
6442.0 0.7193941034900463
6444.0 0.7228090377285341
6446.0 0.7318400262998057
6448.0 0.7356258022139202
6450.0 0.7374944732395202
6452.0 0.7365866737579291
6454.0 0.7374024919557254
6456.0 0.7389513289988009
6458.0 0.7396763235033349
6460.0 0.7402996568147011
6462.0 0.7385202921682178
6464.0 0.7364344160207602
6466.0 0.7381610137450529
6468.0 0.7402919346835669
6470.0 0.7436356460317752
6472.0 0.7480905564543823
6474.0 0.753479577232011
6476.0 0.7539676208526164
6478.0 0.7547379354509036
6480.0 0.7559632642591385
6482.0 0.7583684702939142
6484.0 0.7607404489007225
6486.0 0.7641569973909514
6488.0 0.7678139373950729
6490.0 0.763171292515378
6492.0 0.7587568142976858
6494.0 0.7549013006784012
6496.0 0.7584408754167744
6498.0 0.7595867182668661
6500.0 0.7585427540438928
6502.0 0.7589239034428215
6504.0 0.7577616876991241
6506.0 0.7565911889484052
6508.0 0.7581045450239503
6510.0 0.7596074771963052
6512.0 0.762979559080672
6514.0 0.7640991778320181
6516.0 0.7651373399410353
6518.0 0.7671573104214059
6520.0 0.7673981772948177
6522.0 0.7663138438369808
6524.0 0.7656731849538004
6526.0 0.7649469957301511
6528.0 0.7652504589272568
6530.0 0.7656646621608932
6532.0 0.7650785967155543
6534.0 0.7641136659078609
6536.0 0.7630331750052091
6538.0 0.7631104986280625
6540.0 0.761081137927607
6542.0 0.7605443103486881
6544.0 0.7590014380000942
6546.0 0.7584325913197343
6548.0 0.7570598664201018
6550.0 0.7561054825585026
6552.0 0.7550686487560759
6554.0 0.753976588221163
6556.0 0.7529613290183359
6558.0 0.7517553220132
6560.0 0.7510567889520848
6562.0 0.7495166077026292
6564.0 0.7489499234490864
6566.0 0.7475066834215282
6568.0 0.7466310053160701
6570.0 0.7454645115754606
6572.0 0.7445092920777673
6574.0 0.74341742211729
6576.0 0.7422198867040396
6578.0 0.7415020819219805
6580.0 0.7400209632344559
6582.0 0.7393853537450581
6584.0 0.7379598039619267
6586.0 0.7366431434300882
6588.0 0.7347030416379484
6590.0 0.7333792485238253
6592.0 0.7303320892667853
6594.0 0.7290307224390201
6596.0 0.7288082146557884
6598.0 0.7284471496862313
6600.0 0.727428058886427
6602.0 0.726421275350014
6604.0 0.7249629497263237
6606.0 0.7226079944133732
6608.0 0.7208358214263384
6610.0 0.7178440238960844
6612.0 0.7206975951297446
6614.0 0.7193735973844506
6616.0 0.7176151166073578
6618.0 0.7135088159030657
6620.0 0.7117593393659091
6622.0 0.7107197836670104
6624.0 0.708382467555375
6626.0 0.7070382343626889
6628.0 0.7061694992326608
6630.0 0.7059332903357521
6632.0 0.7060143558822953
6634.0 0.7054138606564335
6636.0 0.7060295142883417
6638.0 0.7078910275008992
6640.0 0.707942329932758
6642.0 0.706044446249682
6644.0 0.7023369919686463
6646.0 0.6960627420530352
6648.0 0.6918875361858792
6650.0 0.6882644039716296
6652.0 0.6864293857624557
6654.0 0.6833435281449731
6656.0 0.6778262133681595
6658.0 0.6734658656548089
6660.0 0.6713366185857288
6662.0 0.6680691284128033
6664.0 0.6649199726927252
6666.0 0.6614346012569163
6668.0 0.6605467894496863
6670.0 0.6576579252815502
6672.0 0.6584807448513342
6674.0 0.6580170775750007
6676.0 0.6547723050243053
6678.0 0.6508289109657442
6680.0 0.6484124427058281
6682.0 0.6451684302252544
6684.0 0.6409886986771648
6686.0 0.6391917565362629
6688.0 0.6370272142912629
6690.0 0.6350319376649608
6692.0 0.6342755242362478
6694.0 0.6344864710359125
6696.0 0.635009516198281
6698.0 0.6337293298652303
6700.0 0.6321481385061332
6702.0 0.6326366861092045
6704.0 0.6330004979794939
6706.0 0.6299416199062645
6708.0 0.6289851858799739
6710.0 0.6281620858320336
6712.0 0.6333190454129686
6714.0 0.6359376830981058
6716.0 0.6398023338145403
6718.0 0.639943162674503
6720.0 0.6364399818128265
6722.0 0.6310658929343247
6724.0 0.626920155981151
6726.0 0.6256875971355962
6728.0 0.6226432599350493
6730.0 0.6219921125827483
6732.0 0.6227218781073272
6734.0 0.6215781429024607
6736.0 0.6191068351478718
6738.0 0.6162105490892219
6740.0 0.6126415683128644
6742.0 0.6111291279810613
6744.0 0.6082973515601502
6746.0 0.6093093051979962
6748.0 0.6082024970259174
6750.0 0.6083871210396182
6752.0 0.6082355273709668
6754.0 0.6071897636349181
6756.0 0.6028021426321977
6758.0 0.6018679287911527
6760.0 0.6022467243010478
6762.0 0.6012993137737318
6764.0 0.5980840085457523
6766.0 0.5943578131304965
6768.0 0.5917341659874096
6770.0 0.588921222274389
6772.0 0.5865516991030062
6774.0 0.5849219915712233
6776.0 0.5831871555138933
6778.0 0.5795890618372671
6780.0 0.5777243614633985
6782.0 0.5755411597943433
6784.0 0.5739334122219104
6786.0 0.5705949473667298
6788.0 0.5677797495617085
6790.0 0.5667022023700081
6792.0 0.5638223284654407
6794.0 0.5640374276447485
6796.0 0.5662010267798875
6798.0 0.5663734147160419
6800.0 0.5680937949357315
6802.0 0.5693541702224649
6804.0 0.5681184178704057
6806.0 0.5679132619971656
6808.0 0.562746848375275
6810.0 0.555264407499546
6812.0 0.5519614583611944
6814.0 0.547378011433958
6816.0 0.5447387796784513
6818.0 0.5440727359788421
6820.0 0.5453996617969394
6822.0 0.5478800031920967
6824.0 0.5535845023868896
6826.0 0.5556768249554083
6828.0 0.5587573629982213
6830.0 0.5563962372957
6832.0 0.5532599086811485
6834.0 0.5501440868360375
6836.0 0.5474070289773468
6838.0 0.5438789363615383
6840.0 0.5432484761062266
6842.0 0.5428305880870755
6844.0 0.539439124677387
6846.0 0.5373215298974036
6848.0 0.5362365575083812
6850.0 0.5346436664713979
6852.0 0.5337203848620515
6854.0 0.531408357134228
6856.0 0.532252439020688
6858.0 0.5297270002436695
6860.0 0.5300689974876857
6862.0 0.5315111860053002
6864.0 0.5300045970620387
6866.0 0.5307984066748795
6868.0 0.5286005650918078
6870.0 0.5270967116840739
6872.0 0.5232326941756178
6874.0 0.5226696406082249
6876.0 0.5250877540114982
6878.0 0.5241300683691044
6880.0 0.5250235523122521
6882.0 0.5254175410190624
6884.0 0.5238745339073536
6886.0 0.5235694934784307
6888.0 0.525206851015562
6890.0 0.5273232631991551
6892.0 0.5267965653103628
6894.0 0.5279698949360014
6896.0 0.5278858626557329
6898.0 0.526207547053707
6900.0 0.5264814413830141
6902.0 0.5309770480197818
6904.0 0.5332795274006326
6906.0 0.5331499828238415
6908.0 0.5344182059999147
6910.0 0.5354578072632815
6912.0 0.5382562794529966
6914.0 0.539594583303426
6916.0 0.5381373491059529
6918.0 0.537209991793721
6920.0 0.5391137300940588
6922.0 0.538520281382026
6924.0 0.543114924290304
6926.0 0.5455411730843933
6928.0 0.5480003183476828
6930.0 0.5525769956845576
6932.0 0.5531587867170258
6934.0 0.5519939517604706
6936.0 0.5531560143072757
6938.0 0.5538751225745017
6940.0 0.5543407719800468
6942.0 0.5547895875817592
6944.0 0.5570288348474817
6946.0 0.5592870855888523
6948.0 0.561894781454217
6950.0 0.5636620637548229
6952.0 0.5661173664824204
6954.0 0.5672620911772236
6956.0 0.5695264312605082
6958.0 0.5709873996866903
6960.0 0.5717067175463406
6962.0 0.5718624061511327
6964.0 0.5727466193899368
6966.0 0.573195789058273
6968.0 0.5733238362341105
6970.0 0.5752029555299029
6972.0 0.5747778912292261
6974.0 0.5756872094121528
6976.0 0.5765552596687857
6978.0 0.5747768047269667
6980.0 0.5760586203717261
6982.0 0.5779252116274192
6984.0 0.5777566036634001
6986.0 0.5779836020913635
6988.0 0.5780068398325657
6990.0 0.5767692203240097
6992.0 0.576827617707913
6994.0 0.5770312664516949
6996.0 0.5761531419700424
6998.0 0.5744711391939882
7000.0 0.5743043040798759
7002.0 0.5762363176148874
7004.0 0.5750903340111992
7006.0 0.5739588982101016
7008.0 0.575785169479586
7010.0 0.578935709857396
7012.0 0.5796835971784704
7014.0 0.5797525102734183
7016.0 0.5802460121149178
7018.0 0.5783609239001573
7020.0 0.5772871240532828
7022.0 0.5789135900492125
7024.0 0.5790162266464938
7026.0 0.5802876940703399
7028.0 0.5810836505273879
7030.0 0.583297321374776
7032.0 0.5847743211846366
7034.0 0.5853428667069948
7036.0 0.5846976805600387
7038.0 0.5836068269071297
7040.0 0.5835385372437158
7042.0 0.581931618532017
7044.0 0.5814376349868838
7046.0 0.577994407991912
7048.0 0.5749123369936402
7050.0 0.5720897185935406
7052.0 0.569751376791414
7054.0 0.570086244800184
7056.0 0.5701332375491716
7058.0 0.5660071667874975
7060.0 0.5613230308984891
7062.0 0.5631944920640013
7064.0 0.5610376201742235
7066.0 0.5637551537096924
7068.0 0.5621416330166499
7070.0 0.5616728909883556
7072.0 0.5623165442717842
7074.0 0.5605011474164155
7076.0 0.5589405998661802
7078.0 0.5590684215131649
7080.0 0.5563323016914223
7082.0 0.555343510513008
7084.0 0.5575323783657896
7086.0 0.5547376389285043
7088.0 0.5539675540519948
7090.0 0.5547992676050358
7092.0 0.5556824578003278
7094.0 0.5551944065835923
7096.0 0.5551104594905082
7098.0 0.5554107925608489
7100.0 0.5574556142254083
7102.0 0.5614661175517184
7104.0 0.561586550040758
7106.0 0.5610834490110579
7108.0 0.5595512913622883
7110.0 0.5593784158268572
7112.0 0.5589254206664196
7114.0 0.5589793842778453
7116.0 0.5582626324690305
7118.0 0.5599406170912674
7120.0 0.55640950785502
7122.0 0.5589352852025995
7124.0 0.5605226543988123
7126.0 0.559177771091351
7128.0 0.5615246952167074
7130.0 0.5612955360589899
7132.0 0.559405453296025
7134.0 0.5613346694420203
7136.0 0.5633916381385697
7138.0 0.564132161337499
7140.0 0.5632351100553753
7142.0 0.5624545063670576
7144.0 0.5632945671473885
7146.0 0.5617908277864462
7148.0 0.5623113841410761
7150.0 0.5639632688004804
7152.0 0.5655371206115825
7154.0 0.5677144851825044
7156.0 0.5714797132389913
7158.0 0.5742180389636579
7160.0 0.5739472103727365
7162.0 0.5755442325444523
7164.0 0.5765187581100457
7166.0 0.5756159548699418
7168.0 0.5779026700728397
7170.0 0.5796239212055729
7172.0 0.5788661411725987
7174.0 0.5777354132839094
7176.0 0.5772170778869291
7178.0 0.5768491687297324
7180.0 0.5798687033690757
7182.0 0.5826807561651112
7184.0 0.5834296447214429
7186.0 0.5881564222272697
7188.0 0.5903863236743383
7190.0 0.5909945213983907
7192.0 0.5922246443706215
7194.0 0.5943707225186798
7196.0 0.5950939278484638
7198.0 0.5965199410534304
7200.0 0.5971731321062881
7202.0 0.5999906297235961
7204.0 0.6029268363313459
7206.0 0.6028230831034723
7208.0 0.6030865229087221
7210.0 0.6053188387410683
7212.0 0.6133765343024143
7214.0 0.613156093229285
7216.0 0.6134294374911065
7218.0 0.6146521557889986
7220.0 0.6181300694881768
7222.0 0.6210868118464045
7224.0 0.6265308539475016
7226.0 0.6309932238446331
7228.0 0.6304348585008474
7230.0 0.6350260970139984
7232.0 0.6354536068269268
7234.0 0.6385041001685567
7236.0 0.6406508955708246
7238.0 0.6436598116671544
7240.0 0.646245504544108
7242.0 0.6513057184803953
7244.0 0.6552020664870337
7246.0 0.6563116301512659
7248.0 0.6609115793179124
7250.0 0.6604170895863077
7252.0 0.6656228308823671
7254.0 0.6696665364132439
7256.0 0.6696587143801476
7258.0 0.6662161348940742
7260.0 0.6665176480558801
7262.0 0.6693773576012115
7264.0 0.6703992396785995
7266.0 0.6707645086018417
7268.0 0.6680635820237001
7270.0 0.6681719166960863
7272.0 0.6689546634004693
7274.0 0.6680107026490643
7276.0 0.668143025099436
7278.0 0.6680126148657307
7280.0 0.6643068108718176
7282.0 0.6624654492919847
7284.0 0.6622187085941944
7286.0 0.6619103885785601
7288.0 0.6602784773195041
7290.0 0.6599921879052351
7292.0 0.6521873341725621
7294.0 0.6531183537675967
7296.0 0.6494467941741546
7298.0 0.6452877867614909
7300.0 0.6398620942518067
7302.0 0.6351964669694588
7304.0 0.6314880005184221
7306.0 0.6294458227955153
7308.0 0.628897087994778
7310.0 0.6253194817440181
7312.0 0.6264679907750688
7314.0 0.6241918417802339
7316.0 0.6245242955330597
7318.0 0.6244441461201233
7320.0 0.6239821107618141
7322.0 0.624906638320244
7324.0 0.6252896666071531
7326.0 0.6278401686550624
7328.0 0.6364496435000585
7330.0 0.6380056467015702
7332.0 0.6349308784159311
7334.0 0.6347413808775159
7336.0 0.6262920518131756
7338.0 0.6216339394164676
7340.0 0.6202225920242261
7342.0 0.6202251151124806
7344.0 0.6215021085200765
7346.0 0.6234235178865913
7348.0 0.6240664980649793
7350.0 0.6222898832359413
7352.0 0.6199783895454354
7354.0 0.620967308626219
7356.0 0.6204746691504383
7358.0 0.6186940728909328
7360.0 0.6177091234553661
7362.0 0.6163325660384001
7364.0 0.6152281118345021
7366.0 0.61412787843159
7368.0 0.6115040836023427
7370.0 0.6120810135717216
7372.0 0.6133684731988808
7374.0 0.6130863300419922
7376.0 0.6113508514233144
7378.0 0.6119933181735097
7380.0 0.6116662087394101
7382.0 0.6114085595605108
7384.0 0.6107339296495563
7386.0 0.6114737081017555
7388.0 0.610608483097266
7390.0 0.609315954960174
7392.0 0.6094783822274141
7394.0 0.6062382528087484
7396.0 0.6044609056476139
7398.0 0.6023603453154848
7400.0 0.6005432207880118
7402.0 0.6011689437669746
7404.0 0.6004024402632331
7406.0 0.6005935986031274
7408.0 0.6033410608468179
7410.0 0.6032184062559143
7412.0 0.6035441116119739
7414.0 0.6041989217254564
7416.0 0.6038461747149954
7418.0 0.6023051900291978
7420.0 0.601302752395468
7422.0 0.6006437472854759
7424.0 0.5985490874776083
7426.0 0.5966336625972943
7428.0 0.5972988516712346
7430.0 0.5975080644945524
7432.0 0.5952301148307496
7434.0 0.5925365544059155
7436.0 0.5893109155789069
7438.0 0.584567564323404
7440.0 0.582869223757678
7442.0 0.5815358132097495
7444.0 0.581707936546752
7446.0 0.581468102112789
7448.0 0.5820616298013587
7450.0 0.5810480289400843
7452.0 0.576659794867453
7454.0 0.5758838097210378
7456.0 0.5746511294886878
7458.0 0.5748122753102862
7460.0 0.5776759245847475
7462.0 0.5810206064371611
7464.0 0.5775316192192048
7466.0 0.5763001187808383
7468.0 0.5690898309606672
7470.0 0.5641591178568007
7472.0 0.5631327457453423
7474.0 0.5580138788774763
7476.0 0.5512620110127175
7478.0 0.5456339229728693
7480.0 0.5395898907438912
7482.0 0.534253627984568
7484.0 0.5291824699143793
7486.0 0.5243216058736857
7488.0 0.5165377347885522
7490.0 0.509197619219056
7492.0 0.4998739438502595
7494.0 0.4890138381512506
7496.0 0.4830357033711541
7498.0 0.46917074846091017
7500.0 0.4583736512070514
7502.0 0.45104034710258045
7504.0 0.44552091941769256
7506.0 0.4385279966127385
7508.0 0.4331684695580203
7510.0 0.4257895798799985
7512.0 0.41968820883481667
7514.0 0.4146441706559722
7516.0 0.41051552550097953
7518.0 0.40806534407940426
7520.0 0.40488460696157264
7522.0 0.40245266775304955
7524.0 0.3994238892405451
7526.0 0.397204519788646
7528.0 0.3946020878730934
7530.0 0.39241360704463885
7532.0 0.38978059902630635
7534.0 0.3875791606766232
7536.0 0.3850863752707661
7538.0 0.3824658554047429
7540.0 0.38021384437543854
7542.0 0.3776290402715451
7544.0 0.3752982818761096
7546.0 0.3728528236160337
7548.0 0.3705425244765962
7550.0 0.36804931585701794
7552.0 0.36562718660284554
7554.0 0.3634253849551454
7556.0 0.36066705692179385
7558.0 0.35843256457909284
7560.0 0.35587811190531676
7562.0 0.3534153077416143
7564.0 0.3511125500665797
7566.0 0.34869819404852204
7568.0 0.34729698635521394
7570.0 0.3444111392019863
7572.0 0.34229017721993354
7574.0 0.34000239347665795
7576.0 0.34121311953353695
7578.0 0.345194924287264
7580.0 0.3468403571245612
7582.0 0.3470891236088808
7584.0 0.34839618022827545
7586.0 0.35052267913530577
7588.0 0.35149989318489344
7590.0 0.35508410721257994
7592.0 0.3593829232766126
7594.0 0.3646813708969719
7596.0 0.36829784258634246
7598.0 0.3709217414458043
7600.0 0.3729019825011568
7602.0 0.3735437268244541
7604.0 0.37289690600058745
7606.0 0.37515229917667725
7608.0 0.37710750351336086
7610.0 0.3811728613388108
7612.0 0.38541330573645416
7614.0 0.39379464823549265
7616.0 0.39787290024450456
7618.0 0.4066872808439158
7620.0 0.4154008347420974
7622.0 0.42257947354731756
7624.0 0.4293046701787296
7626.0 0.4345596209558257
7628.0 0.4416406537401047
7630.0 0.44566262994832606
7632.0 0.45159593139439297
7634.0 0.4553107726717903
7636.0 0.45900685878948605
7638.0 0.4621966257053004
7640.0 0.4667933678121098
7642.0 0.4773853054781199
7644.0 0.48438839166011916
7646.0 0.4942720390412756
7648.0 0.501284031903869
7650.0 0.5057465638847805
7652.0 0.5042672878462294
7654.0 0.5034815815586737
7656.0 0.5058001349842401
7658.0 0.5143270492681596
7660.0 0.529105197135344
7662.0 0.537446318864501
7664.0 0.5461783529885392
7666.0 0.5484790922429479
7668.0 0.5546498952038762
7670.0 0.5589703867842257
7672.0 0.5659786150627086
7674.0 0.5693554874797883
7676.0 0.5746625759356436
7678.0 0.5805408898691611
7680.0 0.5841747410150342
7682.0 0.5906889000386326
7684.0 0.5945926114447302
7686.0 0.5996790960757772
7688.0 0.6015560654620268
7690.0 0.6020555878086715
7692.0 0.5986893915250747
7694.0 0.5971968220871351
7696.0 0.597422282701114
7698.0 0.5995172900293372
7700.0 0.6034143815605862
7702.0 0.607911032115143
7704.0 0.6099881104364969
7706.0 0.6122220528616868
7708.0 0.6147625011913274
7710.0 0.6190776419112389
7712.0 0.6230724489925314
7714.0 0.6256828759815741
7716.0 0.6273201165319674
7718.0 0.6291740488843294
7720.0 0.6321185525077245
7722.0 0.6323736480158318
7724.0 0.6334067928908651
7726.0 0.6372037230052282
7728.0 0.6372818346830575
7730.0 0.6407779087315104
7732.0 0.643711765584937
7734.0 0.645203764972636
7736.0 0.6483298045590833
7738.0 0.6501494400549572
7740.0 0.6519716140302477
7742.0 0.6529306900290617
7744.0 0.6523789422173756
7746.0 0.65405624123995
7748.0 0.6574068085105467
7750.0 0.6599011013561689
7752.0 0.6626776312593823
7754.0 0.6654386613502485
7756.0 0.66692461003289
7758.0 0.6670274741749534
7760.0 0.6683636586663438
7762.0 0.6667022478697644
7764.0 0.6644679010297502
7766.0 0.6552559648690286
7768.0 0.6547571513986371
7770.0 0.6500891561142812
7772.0 0.6500847658371094
7774.0 0.6524853141284472
7776.0 0.6537670002032012
7778.0 0.6533469863303364
7780.0 0.6550345439146563
7782.0 0.654811668432288
7784.0 0.6498421339074841
7786.0 0.6500218391033445
7788.0 0.6458101685191225
7790.0 0.6465805973106619
7792.0 0.6471671552726886
7794.0 0.6473554278704118
7796.0 0.6514136341730167
7798.0 0.6556852025459017
7800.0 0.6583765744657983
7802.0 0.658561133603533
7804.0 0.6578951533805262
7806.0 0.657523718505728
7808.0 0.6588609629283293
7810.0 0.6573736536856627
7812.0 0.6558162175572542
7814.0 0.6541925366772012
7816.0 0.6525040291305737
7818.0 0.6539149404652175
7820.0 0.6580216011061258
7822.0 0.6549009298115681
7824.0 0.6499545872530621
7826.0 0.6449240495904229
7828.0 0.6386414327061934
7830.0 0.636131576205731
7832.0 0.6325300042409783
7834.0 0.6302372407752682
7836.0 0.6265838427310922
7838.0 0.6188714464946051
7840.0 0.6170457535863155
7842.0 0.611241136956145
7844.0 0.6145840414322162
7846.0 0.6197071727399552
7848.0 0.6229810492990637
7850.0 0.618165472738391
7852.0 0.6168524692537833
7854.0 0.6115878905734611
7856.0 0.6066629455364485
7858.0 0.6065786919351216
7860.0 0.5996051468954684
7862.0 0.5952333304537405
7864.0 0.5975521157398059
7866.0 0.5979635956851254
7868.0 0.5945641717637417
7870.0 0.5934837954653098
7872.0 0.5924565071416391
7874.0 0.5875368267684269
7876.0 0.5825477325836622
7878.0 0.5803604925700113
7880.0 0.5796227269696325
7882.0 0.5767327200987379
7884.0 0.5757207865748207
7886.0 0.5716292999367919
7888.0 0.5713599486414789
7890.0 0.5695463362208025
7892.0 0.5671250215698982
7894.0 0.5666063086112927
7896.0 0.5646544806873826
7898.0 0.563604282091368
7900.0 0.5660362655795326
7902.0 0.5665114522320363
7904.0 0.568192444786158
7906.0 0.5709331529512943
7908.0 0.5721812537710247
7910.0 0.5708169499083291
7912.0 0.5673202404968973
7914.0 0.5659708381198114
7916.0 0.5658660112832289
7918.0 0.5651662588814008
7920.0 0.5613588360707795
7922.0 0.5602891411817571
7924.0 0.5555951196000345
7926.0 0.5508658902346113
7928.0 0.5473543424780483
7930.0 0.543874342634401
7932.0 0.5364681309916298
7934.0 0.5291785464739374
7936.0 0.5225398240883945
7938.0 0.5230610831290251
7940.0 0.5233378961298317
7942.0 0.531137903426828
7944.0 0.5340158183578408
7946.0 0.5344954366043669
7948.0 0.5350096203323754
7950.0 0.5341803261022259
7952.0 0.5349465121762161
7954.0 0.5339278644819535
7956.0 0.5350358768617636
7958.0 0.5353115504656153
7960.0 0.5342016084492652
7962.0 0.5298007860277023
7964.0 0.5259928655929617
7966.0 0.5242456830708855
7968.0 0.5195773309516749
7970.0 0.5191183219119162
7972.0 0.5149735133029584
7974.0 0.5146040006665501
7976.0 0.5134503884471503
7978.0 0.5105751169775581
7980.0 0.5101075869484888
7982.0 0.508442743852053
7984.0 0.5050917695638825
7986.0 0.5021590212731875
7988.0 0.5013444924665024
7990.0 0.5035853808388089
7992.0 0.5043938676686054
7994.0 0.5045491621791217
7996.0 0.5042417054510898
7998.0 0.49931198137580185
8000.0 0.4947827424145886
8002.0 0.49026526516718466
8004.0 0.49115196879925993
8006.0 0.49147853580814754
8008.0 0.493623017473759
8010.0 0.49406263211147294
8012.0 0.49344919527007264
8014.0 0.4870814272509373
8016.0 0.4865242308386764
8018.0 0.48296667113791597
8020.0 0.48075868714963393
8022.0 0.4780329714935995
8024.0 0.4766419437576773
8026.0 0.472768772341321
8028.0 0.46942802147368196
8030.0 0.46745537205172044
8032.0 0.46518422055554787
8034.0 0.4628041147096073
8036.0 0.45963283609428385
8038.0 0.45660379854736954
8040.0 0.4529035689462459
8042.0 0.4511844176888069
8044.0 0.44799043662363996
8046.0 0.4475610763534599
8048.0 0.4482962387067311
8050.0 0.449341545260381
8052.0 0.4483480736575409
8054.0 0.4466853546932148
8056.0 0.4462969319880664
8058.0 0.44380865585467383
8060.0 0.44132002158976325
8062.0 0.4386831390629284
8064.0 0.43631714128639487
8066.0 0.43303519075665553
8068.0 0.4321040679689151
8070.0 0.4250762559294451
8072.0 0.4275150091643984
8074.0 0.4246506832868139
8076.0 0.4203195327599634
8078.0 0.4165915168486664
8080.0 0.41163736992249217
8082.0 0.4073206960887398
8084.0 0.4036762277589649
8086.0 0.40373175999808825
8088.0 0.4030063596346066
8090.0 0.40013329629637207
8092.0 0.39633174386861864
8094.0 0.3895627193640968
8096.0 0.38949970661866196
8098.0 0.3872614365299739
8100.0 0.38281567809968964
8102.0 0.38094013692617684
8104.0 0.3805249312800432
8106.0 0.3795052861074006
8108.0 0.3809813660363136
8110.0 0.38280078060328643
8112.0 0.38194646545163063
8114.0 0.3817657822689645
8116.0 0.3793341851919048
8118.0 0.37611189615951746
8120.0 0.37204031020251915
8122.0 0.36866508455170205
8124.0 0.36594821319260024
8126.0 0.3656103074347986
8128.0 0.3654771302193422
8130.0 0.36618254641757364
8132.0 0.36808939853633954
8134.0 0.37019681000985133
8136.0 0.37027621786819354
8138.0 0.3736943744417385
8140.0 0.3720972303277343
8142.0 0.37094764241278655
8144.0 0.3684415566387501
8146.0 0.36906074390876603
8148.0 0.3672715826419251
8150.0 0.36282692380388
8152.0 0.35831486390890405
8154.0 0.35379647875869136
8156.0 0.34948286006447
8158.0 0.34479579651870923
8160.0 0.33886604313990537
8162.0 0.33138718415656543
8164.0 0.3255046884433892
8166.0 0.3233276910592275
8168.0 0.32331823155769596
8170.0 0.3254755019998942
8172.0 0.3264013669936392
8174.0 0.32893621210286506
8176.0 0.32656757545142107
8178.0 0.32429736909920226
8180.0 0.3215730064587366
8182.0 0.319516192164211
8184.0 0.3167849231285688
8186.0 0.31437643043599367
8188.0 0.3106149791222484
8190.0 0.3061173989567802
8192.0 0.3010478503199705
8194.0 0.2994704144051342
8196.0 0.2976499622391892
8198.0 0.2965275107587938
8200.0 0.29099201507808625
8202.0 0.2878420713939015
8204.0 0.27932488214219364
8206.0 0.27795779899950834
8208.0 0.2713036049366579
8210.0 0.2668781798035322
8212.0 0.26186320737441726
8214.0 0.25567322449762986
8216.0 0.2520709324744395
8218.0 0.24644486939241203
8220.0 0.24308926349449514
8222.0 0.2372271775068571
8224.0 0.23350572107287193
8226.0 0.22828215083294856
8228.0 0.22790523861103723
8230.0 0.2289520102714749
8232.0 0.22840888988367775
8234.0 0.22686125135123228
8236.0 0.2258244778143426
8238.0 0.22786160535937233
8240.0 0.22361431142324428
8242.0 0.22385330006049353
8244.0 0.2203449407735386
8246.0 0.21678688884555464
8248.0 0.21209643234811118
8250.0 0.2104679719811061
8252.0 0.2102770245300521
8254.0 0.21030965770252072
8256.0 0.20886707737009183
8258.0 0.20404492710770977
8260.0 0.20264950183004185
8262.0 0.20014230550400336
8264.0 0.19929781675357117
8266.0 0.19787977200377974
8268.0 0.1928994995991484
8270.0 0.1943525925247655
8272.0 0.19607511805077416
8274.0 0.19855124209546476
8276.0 0.20060660151355988
8278.0 0.20348731281572904
8280.0 0.21947968179964855
8282.0 0.22822567417840864
8284.0 0.24164163802259636
8286.0 0.24438644518646405
8288.0 0.23648880719799875
8290.0 0.23035217633504868
8292.0 0.22769984422509956
8294.0 0.22898012818379532
8296.0 0.23003743764783288
8298.0 0.23452973756375822
8300.0 0.23662021540178158
8302.0 0.23554517119861532
8304.0 0.233831203248136
8306.0 0.2311806072356834
8308.0 0.23173659946998604
8310.0 0.23379724698584975
8312.0 0.2346998042895027
8314.0 0.2323961771503564
8316.0 0.23470330041579196
8318.0 0.23319337579982877
8320.0 0.2346931268960302
8322.0 0.23388451981852906
8324.0 0.23608998594711608
8326.0 0.24277854930498008
8328.0 0.24621490738260013
8330.0 0.25342468222950104
8332.0 0.26533677196863953
8334.0 0.27790173372599075
8336.0 0.28614829056486685
8338.0 0.29421965469516803
8340.0 0.2960942594623171
8342.0 0.2896475033643926
8344.0 0.286707880057121
8346.0 0.2831575022500896
8348.0 0.28296893013918223
8350.0 0.28058467914260526
8352.0 0.2813869888140688
8354.0 0.28465044152647184
8356.0 0.2779428453278903
8358.0 0.2751847423094215
8360.0 0.2717512316174
8362.0 0.2690942916772158
8364.0 0.2652951130922606
8366.0 0.2698930444835669
8368.0 0.26973009222384825
8370.0 0.27453192497866374
8372.0 0.2755841940374223
8374.0 0.27548960201894096
8376.0 0.27528704765285983
8378.0 0.27769484229062713
8380.0 0.28270074234021225
8382.0 0.2894615414230594
8384.0 0.29482579267276676
8386.0 0.3018558727258398
8388.0 0.3040084146293644
8390.0 0.308392950398793
8392.0 0.3105347613831148
8394.0 0.3073822068072338
8396.0 0.30365975206331547
8398.0 0.3018944550453335
8400.0 0.29902880364476203
8402.0 0.2985132099993401
8404.0 0.30045905963638825
8406.0 0.301094508847061
8408.0 0.30337628545941575
8410.0 0.30231764383392246
8412.0 0.30299685695713763
8414.0 0.3057152444449384
8416.0 0.30792246749963814
8418.0 0.31132551961521415
8420.0 0.31724330104353465
8422.0 0.3251904160519817
8424.0 0.3311996904860431
8426.0 0.33533850900275236
8428.0 0.3427146320032352
8430.0 0.34727321362177593
8432.0 0.356082261924509
8434.0 0.3626327649220124
8436.0 0.3653002902008841
8438.0 0.3668415388875847
8440.0 0.3685184776480271
8442.0 0.3686276481482971
8444.0 0.368226470024508
8446.0 0.37136926211740073
8448.0 0.3746470246851796
8450.0 0.3800688775886598
8452.0 0.3813536722074177
8454.0 0.3836694326326305
8456.0 0.3864548916068787
8458.0 0.3901355727813081
8460.0 0.3966788915419704
8462.0 0.4032191400840999
8464.0 0.41160101360191104
8466.0 0.41907163591200813
8468.0 0.42672109610312875
8470.0 0.43631757238849567
8472.0 0.4489926788703611
8474.0 0.45892924508641186
8476.0 0.4676566177362478
8478.0 0.478179121700707
8480.0 0.48579530915968233
8482.0 0.4920756480483261
8484.0 0.49402274477311037
8486.0 0.5000115947877264
8488.0 0.502064640687875
8490.0 0.5066534706670051
8492.0 0.5153314333279764
8494.0 0.5222175878919645
8496.0 0.5249704299869807
8498.0 0.5288458558091922
8500.0 0.5371054153950783
8502.0 0.5412118669579481
8504.0 0.5477048516885474
8506.0 0.5512191770676932
8508.0 0.5553170455146794
8510.0 0.5599239257482747
8512.0 0.5680898875455691
8514.0 0.584342362387979
8516.0 0.5943699008020222
8518.0 0.6077676710096399
8520.0 0.616355209482724
8522.0 0.6261117793366955
8524.0 0.6304693543919887
8526.0 0.6422048950887068
8528.0 0.646579463309103
8530.0 0.6528196401161077
8532.0 0.6593397112359703
8534.0 0.6650879936710066
8536.0 0.6738064934361535
8538.0 0.6797707533619528
8540.0 0.6882968809731418
8542.0 0.6921573026512958
8544.0 0.6970297355040925
8546.0 0.7002169843202964
8548.0 0.7039537533593101
8550.0 0.7113642279929335
8552.0 0.7147272127175154
8554.0 0.7217779247158769
8556.0 0.7254080771108291
8558.0 0.7330214063118857
8560.0 0.7372266394935604
8562.0 0.7458310546427496
8564.0 0.7540269332243621
8566.0 0.7618251964198934
8568.0 0.7695000755616914
8570.0 0.7723802385877243
8572.0 0.779699251762293
8574.0 0.7849034528588716
8576.0 0.7978264803538306
8578.0 0.803744022469589
8580.0 0.8135465793554265
8582.0 0.8216389121752041
8584.0 0.8302162310856832
8586.0 0.8332969125084374
8588.0 0.8355335919626069
8590.0 0.8370139441374612
8592.0 0.8335813957254551
8594.0 0.8344860282646782
8596.0 0.8373693544800587
8598.0 0.844057997937018
8600.0 0.8444126067850986
8602.0 0.8502455130849682
8604.0 0.8549130048095259
8606.0 0.8590089336279895
8608.0 0.8623790068109521
8610.0 0.8602110004232056
8612.0 0.8620040800105007
8614.0 0.8642749916014828
8616.0 0.8718027252376631
8618.0 0.8721810832627752
8620.0 0.8727512679504738
8622.0 0.873727683610225
8624.0 0.876903368184766
8626.0 0.8794589759267547
8628.0 0.8783354858075293
8630.0 0.879239213464977
8632.0 0.8801129966287453
8634.0 0.8787437828045492
8636.0 0.8758368146914618
8638.0 0.8724411612417599
8640.0 0.8721861695207913
8642.0 0.8658397349439916
8644.0 0.8592318070844959
8646.0 0.8558601669114507
8648.0 0.8537457744308279
8650.0 0.8526200928414198
8652.0 0.8471290792758861
8654.0 0.8438606882227334
8656.0 0.8462863886882273
8658.0 0.8472169579921838
8660.0 0.8456825817783671
8662.0 0.8420668921340114
8664.0 0.8385595522093058
8666.0 0.8361972075236879
8668.0 0.8323415376571287
8670.0 0.8287344538979977
8672.0 0.824219264912236
8674.0 0.8268803759540565
8676.0 0.8261542064576499
8678.0 0.8220300106558934
8680.0 0.8229053696780625
8682.0 0.8232964172519475
8684.0 0.825894542540222
8686.0 0.8330822151171353
8688.0 0.8420807686157566
8690.0 0.8419828887390782
8692.0 0.84552383043024
8694.0 0.847686244226343
8696.0 0.8419670006137205
8698.0 0.8387928504882974
8700.0 0.835078304016212
8702.0 0.8300322295948457
8704.0 0.8247394066924122
8706.0 0.8196486965098004
8708.0 0.8164358065686061
8710.0 0.8086250136484237
8712.0 0.8025767208119264
8714.0 0.8002432268689721
8716.0 0.7990740722842229
8718.0 0.798569742337711
8720.0 0.7984078127156677
8722.0 0.786871637540272
8724.0 0.7764918922194013
8726.0 0.7655270519773706
8728.0 0.7554859871896227
8730.0 0.7520818112483556
8732.0 0.7403745141367923
8734.0 0.7382644244405652
8736.0 0.7335320661264557
8738.0 0.7308409177797954
8740.0 0.7247427667500643
8742.0 0.7143379049748458
8744.0 0.7057507111389174
8746.0 0.6925891368029521
8748.0 0.6925561749921021
8750.0 0.6869134144162958
8752.0 0.6900748997634997
8754.0 0.6739508992535608
8756.0 0.6673491357092294
8758.0 0.645751804192631
8760.0 0.6334020795063754
8762.0 0.6239914462509777
8764.0 0.6160363042715155
8766.0 0.6149054569347735
8768.0 0.6064743316840978
8770.0 0.5978959736127519
8772.0 0.5905601747844449
8774.0 0.5887583122776866
8776.0 0.5820038083695815
8778.0 0.5782628782159501
8780.0 0.5732821818019291
8782.0 0.5664028605948529
8784.0 0.564961663083607
8786.0 0.5596073034822795
8788.0 0.553331908012388
8790.0 0.5349204265083428
8792.0 0.5320841088691138
8794.0 0.516724423334352
8796.0 0.5069610853541852
8798.0 0.49628156671368706
8800.0 0.4868006359297894
8802.0 0.476215451334583
8804.0 0.46682626946265504
8806.0 0.4607713665396926
8808.0 0.45528281998404363
8810.0 0.46016833112458155
8812.0 0.45842411768680247
8814.0 0.4635397415748722
8816.0 0.46143475959920194
8818.0 0.45360889142281235
8820.0 0.4359736151243763
8822.0 0.4327825770702401
8824.0 0.4267076078676857
8826.0 0.4261152181765491
8828.0 0.4204610081012562
8830.0 0.41503400087842646
8832.0 0.4147677192319527
8834.0 0.42124988571523897
8836.0 0.41976428180903674
8838.0 0.4220786075677862
8840.0 0.41435275109705877
8842.0 0.4060762931176638
8844.0 0.4006434230364549
8846.0 0.3970258008267964
8848.0 0.3933782802599534
8850.0 0.3854973827011703
8852.0 0.3878437922646122
8854.0 0.38858679754965025
8856.0 0.3839646111982916
8858.0 0.3752508033140854
8860.0 0.37563827089109814
8862.0 0.37589425790858344
8864.0 0.37171906444438413
8866.0 0.37222433619284234
8868.0 0.3725554276058031
8870.0 0.37220279775487264
8872.0 0.3719388596901826
8874.0 0.37309940043783496
8876.0 0.371414947438565
8878.0 0.3758307078497615
8880.0 0.3810704523296363
8882.0 0.3744473714303726
8884.0 0.3802915707708769
8886.0 0.37392150226194193
8888.0 0.3621654049815333
8890.0 0.35698619177058716
8892.0 0.34794831898421874
8894.0 0.35096662057482303
8896.0 0.3597412365831501
8898.0 0.36962451792197154
8900.0 0.3728187944793216
8902.0 0.3722703044536159
8904.0 0.373786947802832
8906.0 0.3726383531729032
8908.0 0.3723688700058652
8910.0 0.37041504918095364
8912.0 0.36602698611041584
8914.0 0.3629567815871336
8916.0 0.3626593772875601
8918.0 0.36897153423340817
8920.0 0.3826637756529674
8922.0 0.3871105100279524
8924.0 0.3940396366549241
8926.0 0.4012854152596824
8928.0 0.4109564674845363
8930.0 0.42229746729639506
8932.0 0.4300300419433743
8934.0 0.43473236676744653
8936.0 0.43056138335689187
8938.0 0.428399106916822
8940.0 0.4242058171923718
8942.0 0.4183605517060798
8944.0 0.41867079771666565
8946.0 0.42064298362866864
8948.0 0.4228543400309225
8950.0 0.42024598874276653
8952.0 0.42009234258318684
8954.0 0.4135180007207543
8956.0 0.40929913758074377
8958.0 0.4070167063058609
8960.0 0.40904524704929274
8962.0 0.41161983128810675
8964.0 0.41584879813809045
8966.0 0.41662772981700447
8968.0 0.41366305239350104
8970.0 0.4092799640821343
8972.0 0.40706704526964305
8974.0 0.4071074068785741
8976.0 0.4079857460657678
8978.0 0.41536938528138306
8980.0 0.417369392345278
8982.0 0.41570776665390474
8984.0 0.4200105695170695
8986.0 0.4242413141792113
8988.0 0.43047371425099795
8990.0 0.4315034575599327
8992.0 0.4306323255029935
8994.0 0.4325052046886624
8996.0 0.4357766192572166
8998.0 0.4362540697751477
9000.0 0.4330836959806164
9002.0 0.43070714550441364
9004.0 0.4300057652558594
9006.0 0.4296770893807977
9008.0 0.4311213369133442
9010.0 0.42969383704368597
9012.0 0.4272938287625353
9014.0 0.42237367320170177
9016.0 0.4158515779077144
9018.0 0.40957044024187145
9020.0 0.4101518914460293
9022.0 0.41009015083760936
9024.0 0.41484673336493894
9026.0 0.41450068295624765
9028.0 0.41138824406584645
9030.0 0.40721966962285094
9032.0 0.4042376911264419
9034.0 0.40335936163215697
9036.0 0.3968670962536029
9038.0 0.3884214802461191
9040.0 0.3840943105703508
9042.0 0.37566520837036965
9044.0 0.3833231571142733
9046.0 0.38650880623278444
9048.0 0.3953802487619909
9050.0 0.39679688361646015
9052.0 0.395720174395012
9054.0 0.38747838077744834
9056.0 0.38474171766732856
9058.0 0.3806081098506455
9060.0 0.3809665163073768
9062.0 0.3809928784115019
9064.0 0.38441114307743757
9066.0 0.386367831265647
9068.0 0.38368588013497174
9070.0 0.3849099946757969
9072.0 0.38157422300921523
9074.0 0.3796796496209062
9076.0 0.37734271498807687
9078.0 0.3782615285391957
9080.0 0.37672613783749337
9082.0 0.3767388513789625
9084.0 0.37586095593075586
9086.0 0.3772120232221533
9088.0 0.37833975999323033
9090.0 0.37287256854080497
9092.0 0.37233089805018466
9094.0 0.3725941683124854
9096.0 0.3708249430549888
9098.0 0.3705973970273047
9100.0 0.37051418987623397
9102.0 0.3685152588370499
9104.0 0.36880382094338215
9106.0 0.3720940681855706
9108.0 0.3734748913496241
9110.0 0.37318323547839133
9112.0 0.3791253649033845
9114.0 0.38047500262603406
9116.0 0.3804698912944919
9118.0 0.3820063513867911
9120.0 0.3818375868325334
9122.0 0.383536127774895
9124.0 0.3864832259751665
9126.0 0.39090492234689134
9128.0 0.3912346479931775
9130.0 0.39742877188908515
9132.0 0.3971718362280292
9134.0 0.39810284265083057
9136.0 0.39897238564443954
9138.0 0.3988148215889279
9140.0 0.3983506168786907
9142.0 0.3961365266210798
9144.0 0.3901106194640027
9146.0 0.3912583633238316
9148.0 0.3938870562109974
9150.0 0.3932762925051998
9152.0 0.3893526835177487
9154.0 0.3888075997323952
9156.0 0.3885297271153819
9158.0 0.3879887911022842
9160.0 0.3846279768649477
9162.0 0.3803037198579064
9164.0 0.3814332476355141
9166.0 0.38901466875357943
9168.0 0.3910142660953082
9170.0 0.3939655782606703
9172.0 0.39268070337739336
9174.0 0.39450139100357345
9176.0 0.3944055221933591
9178.0 0.39674570230839706
9180.0 0.39978870952227774
9182.0 0.39664732919143136
9184.0 0.3880505338794094
9186.0 0.387480312882098
9188.0 0.3890968085717365
9190.0 0.39132004530178777
9192.0 0.39203995165561256
9194.0 0.39395574112849086
9196.0 0.3912481787500449
9198.0 0.39076202598079746
9200.0 0.3915688563321072
9202.0 0.38922056871049
9204.0 0.3900754845895063
9206.0 0.3884231548080754
9208.0 0.38894271414548043
9210.0 0.38759503478661866
9212.0 0.38609830491730346
9214.0 0.3918886503967623
9216.0 0.39264362217003057
9218.0 0.397191606179834
9220.0 0.3989488345048936
9222.0 0.400162632473517
9224.0 0.40202514359749036
9226.0 0.40207744311640975
9228.0 0.4003123746023638
9230.0 0.40211081320425396
9232.0 0.3956454353067651
9234.0 0.3974136553743401
9236.0 0.39337044456018977
9238.0 0.3922552391711878
9240.0 0.38564830219125107
9242.0 0.37229075420699864
9244.0 0.3710403246070378
9246.0 0.36693443958293825
9248.0 0.36565150084260767
9250.0 0.3664007263799237
9252.0 0.3652515787252003
9254.0 0.3592038787916576
9256.0 0.3516927622440866
9258.0 0.34993346600549785
9260.0 0.34609354118440533
9262.0 0.34679193191410257
9264.0 0.3454473820476003
9266.0 0.3473802230107464
9268.0 0.3545535602854035
9270.0 0.3570838496944001
9272.0 0.36364015377778364
9274.0 0.3665956365227958
9276.0 0.3620178751066602
9278.0 0.35976461652775127
9280.0 0.3622176585557365
9282.0 0.35901085992377985
9284.0 0.3732784431381114
9286.0 0.3879292295181969
9288.0 0.3917112349151902
9290.0 0.3993621847372579
9292.0 0.39491643071156984
9294.0 0.3717576539744135
9296.0 0.36844582445564383
9298.0 0.3589303099630997
9300.0 0.35512058812068675
9302.0 0.35351575526536366
9304.0 0.34789749763763933
9306.0 0.3425796820105251
9308.0 0.34822277953506175
9310.0 0.3562453303555544
9312.0 0.3569894802785953
9314.0 0.35963522200325865
9316.0 0.3622003912060184
9318.0 0.3670511269132849
9320.0 0.37483088424797506
9322.0 0.3743034814364417
9324.0 0.37463925991839686
9326.0 0.3766547265022931
9328.0 0.3737856539779109
9330.0 0.3635868822081001
9332.0 0.3530349649187721
9334.0 0.3389746654956571
9336.0 0.34338089747464456
9338.0 0.35056065314340856
9340.0 0.349231327589999
9342.0 0.36389469543866004
9344.0 0.36662828199299236
9346.0 0.3643766224682349
9348.0 0.3578924759010323
9350.0 0.347171794664207
9352.0 0.33987186786869816
9354.0 0.33747691248119166
9356.0 0.332706098887603
9358.0 0.32996555065328714
9360.0 0.32350885536189866
9362.0 0.3294857966359623
9364.0 0.33129810153152395
9366.0 0.32716807445581453
9368.0 0.33201247850001897
9370.0 0.33926938509118604
9372.0 0.3332860214178689
9374.0 0.32838779662520373
9376.0 0.32036709482471315
9378.0 0.3068491479488397
9380.0 0.310799408619851
9382.0 0.3059924227865515
9384.0 0.30019203618095064
9386.0 0.2974132960527455
9388.0 0.29931253157624105
9390.0 0.3044662734199994
9392.0 0.30978233390707943
9394.0 0.31095292346806397
9396.0 0.316982910612919
9398.0 0.3076551282085737
9400.0 0.3129734251281028
9402.0 0.30867508984689584
9404.0 0.3028024305802695
9406.0 0.303450924233642
9408.0 0.3014505378920844
9410.0 0.29757741107875446
9412.0 0.3072857433908591
9414.0 0.3109011953488822
9416.0 0.31012470841599304
9418.0 0.31515775287902725
9420.0 0.30434155859454565
9422.0 0.2978804626619812
9424.0 0.2946006782492456
9426.0 0.29218039990104644
9428.0 0.2940606674798262
9430.0 0.3011284915603828
9432.0 0.30698071380722863
9434.0 0.3325746394328096
9436.0 0.33244631462558694
9438.0 0.32972806887283185
9440.0 0.32934789739468284
9442.0 0.330145194931746
9444.0 0.32680362115291167
9446.0 0.3261464266090214
9448.0 0.3312844801340919
9450.0 0.33189235188122723
9452.0 0.34085870205115404
9454.0 0.3478302397927936
9456.0 0.34906046188770395
9458.0 0.34653748779320076
9460.0 0.3425069072450955
9462.0 0.3335254399638527
9464.0 0.33227055502895186
9466.0 0.34600849727500826
9468.0 0.34951316972441804
9470.0 0.3546499338478729
9472.0 0.35983208555527174
9474.0 0.3509651485181265
9476.0 0.33895569993254593
9478.0 0.34228231017381977
9480.0 0.34105313577159013
9482.0 0.3397047260924491
9484.0 0.34408569763341373
9486.0 0.34499738522019674
9488.0 0.34329220034951285
9490.0 0.34049901904122254
9492.0 0.3521475329807189
9494.0 0.35432760155970255
9496.0 0.35540949188017357
9498.0 0.3572944500011166
9500.0 0.3553725870967014
9502.0 0.35351188971952124
9504.0 0.353487564863667
9506.0 0.3470402842709863
9508.0 0.346266718693374
9510.0 0.34725035568545337
9512.0 0.3475198651813873
9514.0 0.35029815273875825
9516.0 0.35386295201231655
9518.0 0.3570972968423463
9520.0 0.36291110516124414
9522.0 0.36415802682244297
9524.0 0.3593775005002272
9526.0 0.3604602371066206
9528.0 0.36186071729727337
9530.0 0.3616411933857562
9532.0 0.3647730375162148
9534.0 0.3659834331147982
9536.0 0.3651404420502782
9538.0 0.362435693536506
9540.0 0.359468527682241
9542.0 0.3515036919900411
9544.0 0.35016400720331226
9546.0 0.35738117408318615
9548.0 0.3570521085530615
9550.0 0.35708074154325997
9552.0 0.3572060366391308
9554.0 0.3579697910880255
9556.0 0.35930529501197234
9558.0 0.36289730890979105
9560.0 0.37030575336314353
9562.0 0.3696016440445952
9564.0 0.3681404590695392
9566.0 0.36917229391580486
9568.0 0.3786013996131212
9570.0 0.3811135176414341
9572.0 0.3806225558583155
9574.0 0.3779872271949739
9576.0 0.3722832325066717
9578.0 0.3644509936566246
9580.0 0.36421520416934083
9582.0 0.3664830791425462
9584.0 0.36766458747900016
9586.0 0.3739810026572016
9588.0 0.374995149673433
9590.0 0.37603390078832044
9592.0 0.3767279804810844
9594.0 0.3759173008157418
9596.0 0.37494250716456223
9598.0 0.37201506120783645
9600.0 0.3624966535596117
9602.0 0.3612162705537125
9604.0 0.3663116827708537
9606.0 0.36908530403331363
9608.0 0.37102490892756246
9610.0 0.37387407996722677
9612.0 0.3757618736910649
9614.0 0.3755314551569695
9616.0 0.36851866157990193
9618.0 0.3581958064906845
9620.0 0.3595896035910491
9622.0 0.3486412762729795
9624.0 0.34656477514851763
9626.0 0.3507030146407817
9628.0 0.3487650241879921
9630.0 0.35613725901135346
9632.0 0.364754719523134
9634.0 0.36572165523303146
9636.0 0.36349353769360043
9638.0 0.36219042155671455
9640.0 0.35738527105369333
9642.0 0.3544158150662846
9644.0 0.35355295847921875
9646.0 0.35478572986719464
9648.0 0.35260079693109514
9650.0 0.3495462775230749
9652.0 0.34680950380003206
9654.0 0.3465017955841164
9656.0 0.3462558824337533
9658.0 0.3464206754862216
9660.0 0.34951121615818936
9662.0 0.35505479797892897
9664.0 0.3558690641414632
9666.0 0.3590020513513019
9668.0 0.35671184018065083
9670.0 0.3508624217405289
9672.0 0.3504694999087618
9674.0 0.3492887781858612
9676.0 0.3542725405882501
9678.0 0.3582187340340016
9680.0 0.3526193699186549
9682.0 0.35027005444948245
9684.0 0.3525460338364408
9686.0 0.3512043724293508
9688.0 0.34249539125686856
9690.0 0.34434141668304746
9692.0 0.3500674375138883
9694.0 0.35222828038929255
9696.0 0.354843230598467
9698.0 0.35578139247830576
9700.0 0.349636225091492
9702.0 0.34299740885861457
9704.0 0.3453958311845928
9706.0 0.3527207725096473
9708.0 0.3536042051081501
9710.0 0.3513741428642682
9712.0 0.34431205790178854
9714.0 0.3396732737580291
9716.0 0.33722887732006546
9718.0 0.33277925665945507
9720.0 0.3341060739465955
9722.0 0.33359680364138994
9724.0 0.3366949332757223
9726.0 0.33819542726549806
9728.0 0.3459310840938115
9730.0 0.34334085193374625
9732.0 0.3335543974719441
9734.0 0.32629170823100917
9736.0 0.3244785586721491
9738.0 0.3298922048671673
9740.0 0.33440035751198294
9742.0 0.34016319816447665
9744.0 0.34199246064061717
9746.0 0.34324340743138
9748.0 0.3419673794403699
9750.0 0.3384440616621413
9752.0 0.33624375424281044
9754.0 0.33043284742658335
9756.0 0.3363351207049949
9758.0 0.34114081664515955
9760.0 0.3455945320547467
9762.0 0.34670338970702425
9764.0 0.3444992829595909
9766.0 0.3399326388505103
9768.0 0.34228595051306515
9770.0 0.34280183307932544
9772.0 0.34448484161641363
9774.0 0.3416525022491023
9776.0 0.3383160805059325
9778.0 0.344715004664543
9780.0 0.3411861394913646
9782.0 0.3333804112086795
9784.0 0.3308710204830618
9786.0 0.3284957911241613
9788.0 0.3266416251832661
9790.0 0.3401224693370027
9792.0 0.34355546778631163
9794.0 0.3404555327244323
9796.0 0.3318030765449979
9798.0 0.33643840808357883
9800.0 0.34543535276617987
9802.0 0.3404578463587593
9804.0 0.32849261387189876
9806.0 0.3269355850276404
9808.0 0.32434651707546025
9810.0 0.32481654344351696
9812.0 0.329189300421456
9814.0 0.3302313813108931
9816.0 0.3208484343340524
9818.0 0.3193062939601125
9820.0 0.318243382138828
9822.0 0.31620520577843625
9824.0 0.3176003439358025
9826.0 0.3206342553563561
9828.0 0.3139283884529108
9830.0 0.3173332276674288
9832.0 0.31316327241780284
9834.0 0.2987615890475372
9836.0 0.2975425780734641
9838.0 0.295990075217974
9840.0 0.29836377886139726
9842.0 0.30859943692912395
9844.0 0.30954090033010223
9846.0 0.3001145755021972
9848.0 0.2987316523116317
9850.0 0.2990431555214676
9852.0 0.3009822301343201
9854.0 0.3012709495881409
9856.0 0.31519865453503043
9858.0 0.32089096460571076
9860.0 0.31586640943304045
9862.0 0.31123973669878113
9864.0 0.30521001993365515
9866.0 0.29482765846165115
9868.0 0.29288761228880156
9870.0 0.29627258166247555
9872.0 0.29879483328337936
9874.0 0.3086138489198757
9876.0 0.30941348299745647
9878.0 0.31941734943988603
9880.0 0.31926853013499945
9882.0 0.3201544071368352
9884.0 0.31861460070816866
9886.0 0.3114408402396163
9888.0 0.3036209357659927
9890.0 0.3001090291497194
9892.0 0.2969247938761802
9894.0 0.2978126462433117
9896.0 0.31797229421593115
9898.0 0.3170191386773908
9900.0 0.3051972084027046
9902.0 0.3031846024249838
9904.0 0.30152759285412584
9906.0 0.30204889470526397
9908.0 0.30259808794970944
9910.0 0.30949570474642746
9912.0 0.31088438794675727
9914.0 0.31084061594871276
9916.0 0.3099438983228626
9918.0 0.30733703775744986
9920.0 0.30613496872794416
9922.0 0.30821315586784664
9924.0 0.3077355777210188
9926.0 0.30473363206550536
9928.0 0.30224610607291963
9930.0 0.2964784835173438
9932.0 0.2897759158639253
9934.0 0.29844200966911266
9936.0 0.31494889606378573
9938.0 0.3125821907679437
9940.0 0.3070383020673919
9942.0 0.3068735111641813
9944.0 0.30731169858085966
9946.0 0.3071573953741249
9948.0 0.3128568280220292
9950.0 0.3169040775246292
9952.0 0.3024982712105302
9954.0 0.27854337947055835
9956.0 0.27899327226251297
9958.0 0.2978096200518607
9960.0 0.3013488714159246
9962.0 0.2892175464968733
9964.0 0.28622991697898886
9966.0 0.2906740940878983
9968.0 0.2937568840003243
9970.0 0.29733655077400023
9972.0 0.29914201795109613
9974.0 0.2931597772501112
9976.0 0.2776286934074934
9978.0 0.27831089754258836
9980.0 0.281743823926113
9982.0 0.2814333420266838
9984.0 0.28813030001121204
9986.0 0.2884947997584247
9988.0 0.2897160372454391
9990.0 0.29007745432145216
9992.0 0.28742817135952875
9994.0 0.2851668031465012
9996.0 0.28219205429197525
9998.0 0.26651471279953787
