# z obs_date
# 0 52280
3580.0 0.2349382765854382
3582.0 0.23506263719395265
3584.0 0.2345839026888393
3586.0 0.23482850684591358
3588.0 0.23523810249387556
3590.0 0.2368055647769664
3592.0 0.23661681973611257
3594.0 0.2362977320240153
3596.0 0.2353305780733592
3598.0 0.23551039134948315
3600.0 0.23564993493084907
3602.0 0.23721689503984839
3604.0 0.23750499783988108
3606.0 0.2376985300255837
3608.0 0.23770142355572016
3610.0 0.23709240340325943
3612.0 0.23687298675468071
3614.0 0.23792054768592855
3616.0 0.23865197785815853
3618.0 0.23948245350734307
3620.0 0.24190405133230916
3622.0 0.24256056207042953
3624.0 0.24567625537587615
3626.0 0.24432395615550945
3628.0 0.24603387378287128
3630.0 0.24589859216833188
3632.0 0.24208989307038606
3634.0 0.24195600833879707
3636.0 0.24094036894430412
3638.0 0.2483183509805864
3640.0 0.24769525479435162
3642.0 0.2464585532269773
3644.0 0.2439951684167177
3646.0 0.2430155933147009
3648.0 0.24329818482403084
3650.0 0.24348422031793165
3652.0 0.24342397017066286
3654.0 0.24301667445882047
3656.0 0.24378319091049142
3658.0 0.24375750911913652
3660.0 0.24419454448562106
3662.0 0.24619599810345227
3664.0 0.24574504741562983
3666.0 0.2461782261408726
3668.0 0.24958715307680274
3670.0 0.2433122064334204
3672.0 0.24249840393113248
3674.0 0.24066839579032245
3676.0 0.24066941953575394
3678.0 0.24181445493489412
3680.0 0.23617658600250174
3682.0 0.23600099686075798
3684.0 0.23325249818633684
3686.0 0.22967767453913998
3688.0 0.23084076214932742
3690.0 0.23089204292239907
3692.0 0.23162985610290224
3694.0 0.2314059753963353
3696.0 0.22930318673822034
3698.0 0.22876367540660011
3700.0 0.22659331897751242
3702.0 0.22660977647814218
3704.0 0.22588911985625715
3706.0 0.22771213600884094
3708.0 0.22757612026625537
3710.0 0.22734243619363864
3712.0 0.22759125333148908
3714.0 0.22602281503397392
3716.0 0.22591340085104783
3718.0 0.22520065897243272
3720.0 0.2252225890445978
3722.0 0.22450792418346777
3724.0 0.22525429868290475
3726.0 0.23043744443648415
3728.0 0.2336853622603552
3730.0 0.23763045207722766
3732.0 0.24108386636061455
3734.0 0.24307436781014946
3736.0 0.24589845665124738
3738.0 0.2511521876479886
3740.0 0.2542938130020577
3742.0 0.2564980367030407
3744.0 0.2601632614973326
3746.0 0.26281421141414585
3748.0 0.26562576530730286
3750.0 0.2682884296649007
3752.0 0.2707732532139099
3754.0 0.2716452112192371
3756.0 0.2728393577094078
3758.0 0.27435575088208436
3760.0 0.27370207247448464
3762.0 0.27151591183419077
3764.0 0.27112569879903686
3766.0 0.2705826224008136
3768.0 0.270979547400067
3770.0 0.2704499713894996
3772.0 0.2701863710183906
3774.0 0.26939090751703476
3776.0 0.2665399480420577
3778.0 0.2635338323743043
3780.0 0.2598283984640564
3782.0 0.2557371824037599
3784.0 0.25224338629572146
3786.0 0.24918939394974782
3788.0 0.24666912984276984
3790.0 0.24464546646073868
3792.0 0.24365744513303692
3794.0 0.24249946792754484
3796.0 0.24219296544151364
3798.0 0.20181614499303932
3800.0 0.207891594075398
3802.0 0.21799955265138754
3804.0 0.22591939813082051
3806.0 0.23846648535871723
3808.0 0.2598299844086842
3810.0 0.27814266421156525
3812.0 0.3149758899036778
3814.0 0.307772333230712
3816.0 0.3049722331287482
3818.0 0.32073218442868423
3820.0 0.3273664006754575
3822.0 0.3333412989791699
3824.0 0.34347107045437153
3826.0 0.34333392660651285
3828.0 0.3421678604285184
3830.0 0.35495630487617985
3832.0 0.3573709980249731
3834.0 0.36103260279506855
3836.0 0.3453436278058031
3838.0 0.34117951234435867
3840.0 0.33286185577381955
3842.0 0.3336373514360965
3844.0 0.31369392326157336
3846.0 0.2821912529538019
3848.0 0.2720717464236669
3850.0 0.25790520781305043
3852.0 0.23643460728819365
3854.0 0.20347818745230814
3856.0 0.1902021685990934
3858.0 0.17767520857170543
3860.0 0.1788894775521091
3862.0 0.1664543995998429
3864.0 0.13697376281806076
3866.0 0.12516652334364045
3868.0 0.11587922147239806
3870.0 0.10257951763996916
3872.0 0.10172101292650189
3874.0 0.09667823933615251
3876.0 0.08511476135645402
3878.0 0.08258874543681206
3880.0 0.083366282644247
3882.0 0.09545521294459418
3884.0 0.10010136456816056
3886.0 0.10263167862507118
3888.0 0.10086096986560482
3890.0 0.10340992791445754
3892.0 0.10473618392611707
3894.0 0.0942835069340962
3896.0 0.09968760448577212
3898.0 0.10505922146395366
3900.0 0.10598249739302472
3902.0 0.10946457501175547
3904.0 0.11359575977985938
3906.0 0.11874745217523895
3908.0 0.11920297208268729
3910.0 0.11970275872681749
3912.0 0.14895372960671283
3914.0 0.15205054042091773
3916.0 0.15453590658993413
3918.0 0.14059941012605792
3920.0 0.14577366105099132
3922.0 0.15619151643210322
3924.0 0.16101636478864056
3926.0 0.16847314462425667
3928.0 0.17871047648223393
3930.0 0.20170655386973993
3932.0 0.2171592184694542
3934.0 0.23823883410108315
3936.0 0.28299017056523207
3938.0 0.3048930036255619
3940.0 0.32477726672626334
3942.0 0.3757605737301254
3944.0 0.40570310610505617
3946.0 0.4364698019369494
3948.0 0.45490259290428686
3950.0 0.4775393893242622
3952.0 0.5273712801413519
3954.0 0.5323175993272024
3956.0 0.5381296471112492
3958.0 0.5538540098229294
3960.0 0.5843186307182737
3962.0 0.5991389437001704
3964.0 0.5681449506920234
3966.0 0.5752437150773879
3968.0 0.5833848708490181
3970.0 0.5901641135972978
3972.0 0.5866085048989171
3974.0 0.5835020769626112
3976.0 0.5699060043933779
3978.0 0.56993911284031
3980.0 0.5691477073727501
3982.0 0.5573167862419673
3984.0 0.5507709725685523
3986.0 0.5445470394440552
3988.0 0.5295054678339824
3990.0 0.5163214232636378
3992.0 0.5033272861387107
3994.0 0.5290192867474902
3996.0 0.5266528728332611
3998.0 0.5192320892361895
4000.0 0.5079721774152709
4002.0 0.49861233304671193
4004.0 0.4866451062335957
4006.0 0.4769364574187393
4008.0 0.4760741248856006
4010.0 0.4743033083604557
4012.0 0.46399863408887715
4014.0 0.4545448527195354
4016.0 0.43371999690902124
4018.0 0.4178021164835105
4020.0 0.4123719394699784
4022.0 0.41332519980489507
4024.0 0.4097362988005288
4026.0 0.40528004681396074
4028.0 0.3955093904169411
4030.0 0.38258585432465825
4032.0 0.37158700179538046
4034.0 0.35892506004044045
4036.0 0.35802164659927216
4038.0 0.34981127258883077
4040.0 0.3303201405996885
4042.0 0.3123548462316682
4044.0 0.3026874368724124
4046.0 0.3166262170871072
4048.0 0.3234551234609751
4050.0 0.33163505342590516
4052.0 0.31947080552616186
4054.0 0.3318100274151834
4056.0 0.34842612746705687
4058.0 0.370149885884032
4060.0 0.3896583247572265
4062.0 0.41431135468986535
4064.0 0.4652051047329412
4066.0 0.4880165536123573
4068.0 0.5166511396400549
4070.0 0.5618845250016549
4072.0 0.5790496950210134
4074.0 0.5955243807480206
4076.0 0.615963664752582
4078.0 0.6240456767209569
4080.0 0.6271568219802797
4082.0 0.6332009073970138
4084.0 0.6373705600151921
4086.0 0.6419659854879649
4088.0 0.6463553791877151
4090.0 0.6451435746514078
4092.0 0.6416718802550899
4094.0 0.6213267299590576
4096.0 0.6116908255587207
4098.0 0.6098512916027619
4100.0 0.6063116005446695
4102.0 0.603338271005954
4104.0 0.5906417531487779
4106.0 0.5906195223150477
4108.0 0.5956461531217891
4110.0 0.6182637132646159
4112.0 0.6069646466547837
4114.0 0.5997232458862782
4116.0 0.5971512041354973
4118.0 0.5793568279113602
4120.0 0.5655537380828123
4122.0 0.540878919201097
4124.0 0.5305590335574766
4126.0 0.5189408298303401
4128.0 0.49046680214964805
4130.0 0.4739268382469583
4132.0 0.4591667398689228
4134.0 0.44209660983412
4136.0 0.42656185682308145
4138.0 0.41118739693503087
4140.0 0.398142103686941
4142.0 0.40040720856935463
4144.0 0.4050328002756538
4146.0 0.41915460151287465
4148.0 0.42530808846914864
4150.0 0.43391834191239975
4152.0 0.45647665113163244
4154.0 0.47526705241882977
4156.0 0.5010000207220962
4158.0 0.5246338130526381
4160.0 0.5356123243737774
4162.0 0.546418835727978
4164.0 0.5760349009171857
4166.0 0.5724164498378059
4168.0 0.5521019638774505
4170.0 0.5265256480322613
4172.0 0.5098583570490332
4174.0 0.4853263623946611
4176.0 0.445099264763952
4178.0 0.4250998275031101
4180.0 0.41173593371306105
4182.0 0.38852395408832124
4184.0 0.37589672100957106
4186.0 0.36267370683011024
4188.0 0.36611229956395336
4190.0 0.36933462841882986
4192.0 0.3749554870244029
4194.0 0.37233665084921885
4196.0 0.3716020371550159
4198.0 0.3755813868020167
4200.0 0.3711096215393837
4202.0 0.3683460196703599
4204.0 0.36984894787009104
4206.0 0.383870317849963
4208.0 0.39479230412499455
4210.0 0.3906030270697358
4212.0 0.4094852166990843
4214.0 0.4279992431659859
4216.0 0.44911935587761337
4218.0 0.4604073012689324
4220.0 0.4736636824488821
4222.0 0.5065328957961447
4224.0 0.5152484888992783
4226.0 0.5223926247811179
4228.0 0.5392097715077154
4230.0 0.542781204268817
4232.0 0.54349568133849
4234.0 0.5282708609987328
4236.0 0.5235144360302636
4238.0 0.5181834765155392
4240.0 0.499884787333832
4242.0 0.4802736020829866
4244.0 0.4495773202394326
4246.0 0.4106336693778607
4248.0 0.3836939764207737
4250.0 0.3457267574282853
4252.0 0.30856768659099365
4254.0 0.28468380825838696
4256.0 0.2545724044748531
4258.0 0.2370358419366688
4260.0 0.22385147286276505
4262.0 0.20455734364788822
4264.0 0.19928742539685654
4266.0 0.19680549511123333
4268.0 0.1979367496559406
4270.0 0.19528710498161536
4272.0 0.19464542313374306
4274.0 0.20020655734677628
4276.0 0.2043496171111823
4278.0 0.20601419866452764
4280.0 0.1967746293405266
4282.0 0.2018070254407119
4284.0 0.20567350371218182
4286.0 0.2057732800036769
4288.0 0.21022284194787305
4290.0 0.2148098192552439
4292.0 0.2373375336044926
4294.0 0.2485405157218353
4296.0 0.25949592360617896
4298.0 0.286837040699596
4300.0 0.3010876674213488
4302.0 0.3170715053822696
4304.0 0.3346800575175919
4306.0 0.348491711439558
4308.0 0.36573029407727803
4310.0 0.40040185493077696
4312.0 0.41294587591543397
4314.0 0.42490593680047356
4316.0 0.4557444342715493
4318.0 0.4724650796497157
4320.0 0.49293256548385156
4322.0 0.5042697144572862
4324.0 0.5154895745606842
4326.0 0.5315044406858008
4328.0 0.5283415142887786
4330.0 0.5317245892061512
4332.0 0.5403239510975184
4334.0 0.5297172915580897
4336.0 0.5180212367838614
4338.0 0.495167192039055
4340.0 0.4754918859691739
4342.0 0.45907831245824454
4344.0 0.4334006562157766
4346.0 0.41099721227766906
4348.0 0.3951443751628288
4350.0 0.37288635833400874
4352.0 0.36130623720822724
4354.0 0.35431302126592323
4356.0 0.35537785193475524
4358.0 0.3530174972818978
4360.0 0.3533741147750584
4362.0 0.3671391198037086
4364.0 0.37163499245647547
4366.0 0.37739234882938894
4368.0 0.39262960497818483
4370.0 0.3989650015059066
4372.0 0.40436887223433354
4374.0 0.41354254564990856
4376.0 0.4290202337851945
4378.0 0.44409153139064944
4380.0 0.4547451795358366
4382.0 0.45924303687896423
4384.0 0.4644922757875361
4386.0 0.47240609766409786
4388.0 0.478098580076332
4390.0 0.4842550242921603
4392.0 0.4916301096339037
4394.0 0.49626740424461785
4396.0 0.49745672107471367
4398.0 0.49078682833297205
4400.0 0.48761325648825604
4402.0 0.4800446274206361
4404.0 0.46434992629770294
4406.0 0.4563060563546658
4408.0 0.45412305548264614
4410.0 0.44441034564994186
4412.0 0.4404163280437004
4414.0 0.4441404350372711
4416.0 0.43858194121021987
4418.0 0.43546542414141737
4420.0 0.4267274548138019
4422.0 0.4218864474517032
4424.0 0.4194315651255478
4426.0 0.4222129851083829
4428.0 0.4353392616115779
4430.0 0.44227631204687073
4432.0 0.44873426171835107
4434.0 0.4490398521894707
4436.0 0.45277567837653787
4438.0 0.4721619605072322
4440.0 0.48075500846044456
4442.0 0.49044872725612737
4444.0 0.5079785066339262
4446.0 0.5206336222107579
4448.0 0.531889308764392
4450.0 0.5340067949743978
4452.0 0.5416504289532755
4454.0 0.5424447070142596
4456.0 0.5408359495653019
4458.0 0.5286536530658312
4460.0 0.5089041824991576
4462.0 0.49247490411730166
4464.0 0.4726059388302568
4466.0 0.4557119124943626
4468.0 0.436943977836305
4470.0 0.42607293716688527
4472.0 0.41891800652436595
4474.0 0.4055189479234112
4476.0 0.40479127708466023
4478.0 0.4075314399430584
4480.0 0.40132928645519456
4482.0 0.40020327378644094
4484.0 0.3984188013002545
4486.0 0.39366633608096496
4488.0 0.3880222182642188
4490.0 0.37857606499642715
4492.0 0.3720919325493253
4494.0 0.36707037434733164
4496.0 0.3617971358880013
4498.0 0.3501857053831577
4500.0 0.34335424902129236
4502.0 0.3368538032401864
4504.0 0.33238918157147285
4506.0 0.32906747099504124
4508.0 0.3233255399084781
4510.0 0.31594880881646764
4512.0 0.3096507982112029
4514.0 0.3076458285929043
4516.0 0.2985347490720854
4518.0 0.29286951338249145
4520.0 0.29342165473886117
4522.0 0.2971562822177966
4524.0 0.30185282546152076
4526.0 0.3085074912511572
4528.0 0.3172558230682407
4530.0 0.3259885280367769
4532.0 0.33546917270410603
4534.0 0.3457167594729396
4536.0 0.3572782481033894
4538.0 0.36887763251373534
4540.0 0.3823115267746212
4542.0 0.3975417762962833
4544.0 0.4135241556832097
4546.0 0.43085770253091193
4548.0 0.45134968175106127
4550.0 0.4704483213237389
4552.0 0.48715433133661995
4554.0 0.5096536519562439
4556.0 0.5336597641181244
4558.0 0.552744839424495
4560.0 0.5763938386516863
4562.0 0.6029426311096568
4564.0 0.6252914713799576
4566.0 0.6561553634085447
4568.0 0.6795930020936096
4570.0 0.7061708230261641
4572.0 0.7394607016993303
4574.0 0.7559669440568789
4576.0 0.7736137528912872
4578.0 0.7812263371655261
4580.0 0.7947190998973515
4582.0 0.8004282883046483
4584.0 0.7833005498719089
4586.0 0.7686021371783626
4588.0 0.7499934843586805
4590.0 0.7369533302378348
4592.0 0.7122089938697266
4594.0 0.684487937050572
4596.0 0.6540884915744045
4598.0 0.6306796069913502
4600.0 0.6163601212567387
4602.0 0.6131867409719328
4604.0 0.610637743750252
4606.0 0.6164452171253141
4608.0 0.6300450921610874
4610.0 0.649825328604228
4612.0 0.6773070852921474
4614.0 0.6958830919577733
4616.0 0.7185170046341183
4618.0 0.7359097167568521
4620.0 0.7470243081644097
4622.0 0.7571393384927961
4624.0 0.7571063151324394
4626.0 0.7522901144469653
4628.0 0.7414337331600617
4630.0 0.7231685485858844
4632.0 0.7062618336322475
4634.0 0.6857840507716941
4636.0 0.6722365990258135
4638.0 0.6616904183243169
4640.0 0.654713602399078
4642.0 0.6515384201424852
4644.0 0.6564650458217567
4646.0 0.6624959407779286
4648.0 0.6814650381621907
4650.0 0.6971988337725186
4652.0 0.718129777627331
4654.0 0.7307138411234133
4656.0 0.7476426042893112
4658.0 0.7654322964972878
4660.0 0.7821690688297711
4662.0 0.7848303918837611
4664.0 0.7895114041848915
4666.0 0.7897095491921157
4668.0 0.7878981924950315
4670.0 0.7839930607462751
4672.0 0.7779231140999866
4674.0 0.7687057914851047
4676.0 0.7573306838495762
4678.0 0.7320157711408292
4680.0 0.7208140758180802
4682.0 0.710259644152122
4684.0 0.7119690912257928
4686.0 0.7062827409117222
4688.0 0.7053355610566535
4690.0 0.7077175833997411
4692.0 0.7136575785463952
4694.0 0.7222773286930987
4696.0 0.7336499355606797
4698.0 0.7319067237766727
4700.0 0.7218932280669896
4702.0 0.7145894908190036
4704.0 0.7130380527085434
4706.0 0.7117115755752659
4708.0 0.7080915270454381
4710.0 0.7055885622882928
4712.0 0.7115710037233793
4714.0 0.7190904533786977
4716.0 0.726181464890909
4718.0 0.7273141735873498
4720.0 0.7376921081770262
4722.0 0.7469694640369284
4724.0 0.744022797195721
4726.0 0.7323147749201209
4728.0 0.7261834771895515
4730.0 0.7165755299525738
4732.0 0.6974392001534517
4734.0 0.6761355050436626
4736.0 0.6526026615673524
4738.0 0.6396802760923895
4740.0 0.6218047459565875
4742.0 0.6021205788137959
4744.0 0.5913999991389541
4746.0 0.5885582335908441
4748.0 0.5831928330725142
4750.0 0.580109423341342
4752.0 0.5768180079585482
4754.0 0.5726007282401273
4756.0 0.5597752929743074
4758.0 0.5474701672011125
4760.0 0.52628463847088
4762.0 0.5189369269776956
4764.0 0.5155688064825049
4766.0 0.5001695129128664
4768.0 0.4910607949578864
4770.0 0.477031731167673
4772.0 0.45719150948074294
4774.0 0.44605846267229743
4776.0 0.43260378014929946
4778.0 0.42076131147827306
4780.0 0.41059022754758123
4782.0 0.4041447691494686
4784.0 0.40285414173427714
4786.0 0.40639893641869473
4788.0 0.41375365740951
4790.0 0.4098947369919779
4792.0 0.41254369053786355
4794.0 0.41003949322260924
4796.0 0.4011609613213817
4798.0 0.3970205909331317
4800.0 0.39538958534532465
4802.0 0.3942777184530222
4804.0 0.39707335506066344
4806.0 0.413407299775875
4808.0 0.4319460737738959
4810.0 0.4519711426862574
4812.0 0.4828125277883726
4814.0 0.5082029595591371
4816.0 0.5261215601504069
4818.0 0.5438637027190323
4820.0 0.548517732942903
4822.0 0.5548088750940299
4824.0 0.5647927224092023
4826.0 0.5739809659801428
4828.0 0.5823747022222562
4830.0 0.5932508133825282
4832.0 0.5969476235923756
4834.0 0.5992069443914994
4836.0 0.6041804439543227
4838.0 0.6069652466991373
4840.0 0.6093172735827017
4842.0 0.6142593092355546
4844.0 0.6169828692710863
4846.0 0.6194901255048421
4848.0 0.6242756516702651
4850.0 0.6269982433472195
4852.0 0.6296639454658176
4854.0 0.6342932748280646
4856.0 0.6369869226367876
4858.0 0.6398644602148404
4860.0 0.6443108983239528
4862.0 0.6469756007421654
4864.0 0.6500649768955066
4866.0 0.6543285204947021
4868.0 0.6569642800317326
4870.0 0.660250161848226
4872.0 0.6574617492082537
4874.0 0.6533507558717373
4876.0 0.6513968577453916
4878.0 0.648464939447678
4880.0 0.6419344698783045
4882.0 0.6242758031467472
4884.0 0.6077843206935496
4886.0 0.5930023800900133
4888.0 0.5740234481576916
4890.0 0.5677828800788494
4892.0 0.5620833345390676
4894.0 0.5624396143322796
4896.0 0.577162778014159
4898.0 0.5879037019390642
4900.0 0.6070746768462674
4902.0 0.6115738499002911
4904.0 0.6214403158426479
4906.0 0.6542609884106335
4908.0 0.68397339575526
4910.0 0.7167958540326844
4912.0 0.7632578926143896
4914.0 0.7959216326627714
4916.0 0.8359645781780889
4918.0 0.874523355409163
4920.0 0.882072417493646
4922.0 0.8748061203919114
4924.0 0.8611898978835082
4926.0 0.8535009996328489
4928.0 0.841946870636082
4930.0 0.8282602824270744
4932.0 0.817306157026802
4934.0 0.8031290760971187
4936.0 0.7867833484095647
4938.0 0.7758311603355467
4940.0 0.7610561477603149
4942.0 0.7453064133908389
4944.0 0.734356166856655
4946.0 0.7189832139608234
4948.0 0.7038294817712123
4950.0 0.692881170089995
4952.0 0.6769094244991931
4954.0 0.6623534081620029
4956.0 0.6514061767134239
4958.0 0.6348345525078495
4960.0 0.6208784144560161
4962.0 0.6099229540997362
4964.0 0.5927679116939126
4966.0 0.5794034179373451
4968.0 0.5683337518009521
4970.0 0.5504771968116522
4972.0 0.5361610233524564
4974.0 0.5250672501486217
4976.0 0.508512386753135
4978.0 0.4995537697421178
4980.0 0.4946279907324525
4982.0 0.5098382787272696
4984.0 0.5213267469804863
4986.0 0.5329415581837336
4988.0 0.5493280231418295
4990.0 0.5597236389677414
4992.0 0.5680656790586133
4994.0 0.5814730265303845
4996.0 0.589102071425148
4998.0 0.5978402985811616
5000.0 0.6108159183763245
5002.0 0.6184469021009942
5004.0 0.6276149165670607
5006.0 0.6401588110113491
5008.0 0.6477917313104964
5010.0 0.6573895386458865
5012.0 0.669501701529171
5014.0 0.677136561661886
5016.0 0.6871641566317823
5018.0 0.6988445941641981
5020.0 0.7064813917072132
5022.0 0.7169387761560956
5024.0 0.7281874861177512
5026.0 0.7358262212203753
5028.0 0.7467133966989096
5030.0 0.7562921115706831
5032.0 0.7603073475537901
5034.0 0.7679571259919283
5036.0 0.7745389694974304
5038.0 0.7790357930135163
5040.0 0.7874052108202749
5042.0 0.7724805596832116
5044.0 0.7584962715722969
5046.0 0.7299738135787278
5048.0 0.7084054094849231
5050.0 0.69472233256356
5052.0 0.6772612569249917
5054.0 0.6733487992551114
5056.0 0.6703454339644372
5058.0 0.6584909163284354
5060.0 0.6530931976389069
5062.0 0.6512186232411395
5064.0 0.656708391820716
5066.0 0.6652200392915485
5068.0 0.6724235747433264
5070.0 0.6798616440748141
5072.0 0.682603734790817
5074.0 0.6826247944983439
5076.0 0.6859267509714347
5078.0 0.6862922537813259
5080.0 0.6849737951124408
5082.0 0.6774372879468692
5084.0 0.6733360664321896
5086.0 0.66878805953456
5088.0 0.6553149859596424
5090.0 0.6437223771007359
5092.0 0.6293413221646096
5094.0 0.6030714512295178
5096.0 0.5916697893281477
5098.0 0.5818528208196689
5100.0 0.5612242777082773
5102.0 0.5531851835187142
5104.0 0.5454409653786638
5106.0 0.5410850138719145
5108.0 0.5400203128127884
5110.0 0.5345265769438606
5112.0 0.529028968992146
5114.0 0.5242419324493114
5116.0 0.5212078116048358
5118.0 0.509670654086961
5120.0 0.4973488382411899
5122.0 0.48276240572475515
5124.0 0.4588512874585452
5126.0 0.4430085716962603
5128.0 0.43319198528863423
5130.0 0.4142159472924756
5132.0 0.40596205548217057
5134.0 0.4066013165341504
5136.0 0.41189470946019524
5138.0 0.4200468546706653
5140.0 0.43749401995303105
5142.0 0.45033246172335906
5144.0 0.46133479736280597
5146.0 0.4778016259139494
5148.0 0.4954760606921612
5150.0 0.5094166105656526
5152.0 0.5363054377897524
5154.0 0.5476843610963621
5156.0 0.5584075987027656
5158.0 0.575032160012017
5160.0 0.5829816517444926
5162.0 0.5902111972530655
5164.0 0.6038649738164279
5166.0 0.6128906121046908
5168.0 0.6191479970144592
5170.0 0.6351007270690655
5172.0 0.6452234862592923
5174.0 0.6550736968653816
5176.0 0.6577788559415811
5178.0 0.6630155565264657
5180.0 0.6675009253949225
5182.0 0.669380513698793
5184.0 0.6693117392819756
5186.0 0.667756287818615
5188.0 0.664396540440417
5190.0 0.6581484262059281
5192.0 0.6523338774079402
5194.0 0.6379711137131411
5196.0 0.6269354364253408
5198.0 0.6170182720481198
5200.0 0.608455642720772
5202.0 0.6058460462739252
5204.0 0.5994608408886434
5206.0 0.6031643152420565
5208.0 0.6092268279359149
5210.0 0.6207855318301165
5212.0 0.6343353848345212
5214.0 0.6459835343730759
5216.0 0.6500081289021635
5218.0 0.6656403913195736
5220.0 0.6741610091737537
5222.0 0.6781336245696277
5224.0 0.6779422914945791
5226.0 0.6710879078436068
5228.0 0.6571285837041785
5230.0 0.6479079207915751
5232.0 0.6391603628037043
5234.0 0.6209236711481665
5236.0 0.6044874948033605
5238.0 0.5927159653782741
5240.0 0.5862296339966835
5242.0 0.5762056026431714
5244.0 0.5724746838402341
5246.0 0.5688106426282081
5248.0 0.5747172770165191
5250.0 0.5864520175251262
5252.0 0.5946551356138987
5254.0 0.6079586269950686
5256.0 0.622788748148821
5258.0 0.639606502734798
5260.0 0.6494282100689612
5262.0 0.6502286737154283
5264.0 0.662266382463142
5266.0 0.6735541405717054
5268.0 0.6762475771690966
5270.0 0.6740238480304247
5272.0 0.666837556431974
5274.0 0.6525590366148722
5276.0 0.6466322704350842
5278.0 0.6339118362225077
5280.0 0.6240064131390747
5282.0 0.6060319498504942
5284.0 0.5907770407702172
5286.0 0.5792890453456384
5288.0 0.5724891057542546
5290.0 0.5734170426083751
5292.0 0.5801655195243065
5294.0 0.5897240935095067
5296.0 0.5991295015189916
5298.0 0.6075236192742944
5300.0 0.6181523641423402
5302.0 0.6255869523426573
5304.0 0.6309539423234907
5306.0 0.6411657180363146
5308.0 0.6500231290107052
5310.0 0.6661570275411357
5312.0 0.6787195016519086
5314.0 0.6908453066418611
5316.0 0.7027393122001505
5318.0 0.7214432026212364
5320.0 0.7339028834169973
5322.0 0.7400554735491436
5324.0 0.7431074740216169
5326.0 0.7374523667814394
5328.0 0.7327701359702286
5330.0 0.7248371992252827
5332.0 0.7164619237351739
5334.0 0.7090020914673167
5336.0 0.6950517027557301
5338.0 0.6874063736458675
5340.0 0.6843818190968394
5342.0 0.6811824037898622
5344.0 0.6801471106281526
5346.0 0.678543908955611
5348.0 0.6801090695636431
5350.0 0.6815977733598723
5352.0 0.6887797678673934
5354.0 0.6927198586691403
5356.0 0.6943329327021852
5358.0 0.6986529547080969
5360.0 0.7046620457759101
5362.0 0.7042772514866038
5364.0 0.7086012625123151
5366.0 0.7125773336484882
5368.0 0.7118075723311998
5370.0 0.7065575369824111
5372.0 0.6996960284068129
5374.0 0.6990855640012633
5376.0 0.6939396107600635
5378.0 0.691411605553762
5380.0 0.6789267378430416
5382.0 0.6744788518019648
5384.0 0.6697251782199645
5386.0 0.662305468879266
5388.0 0.6588797661628245
5390.0 0.6565514708417263
5392.0 0.6554062989372701
5394.0 0.6527923115859013
5396.0 0.6553262548746432
5398.0 0.6547058392532669
5400.0 0.6606655033940948
5402.0 0.6683664379015289
5404.0 0.6748900481442802
5406.0 0.6829696316245268
5408.0 0.6934949872490146
5410.0 0.6992771068535475
5412.0 0.7112484053421261
5414.0 0.7181184966867803
5416.0 0.7284665234053063
5418.0 0.734776509487609
5420.0 0.7340127861225202
5422.0 0.7355559255796028
5424.0 0.7368913293781637
5426.0 0.7399046573251611
5428.0 0.7338840454729685
5430.0 0.730726534662328
5432.0 0.7254335410036915
5434.0 0.725964269554156
5436.0 0.726287708416014
5438.0 0.7253653974791684
5440.0 0.7189981615207702
5442.0 0.713629424311324
5444.0 0.7104706096515776
5446.0 0.7024426954674748
5448.0 0.692077692260283
5450.0 0.6831608851759141
5452.0 0.6753332617976537
5454.0 0.6687668357278166
5456.0 0.6676391978782255
5458.0 0.6653676755643947
5460.0 0.6663179216786341
5462.0 0.6615133533938891
5464.0 0.659478598837613
5466.0 0.6557605387921479
5468.0 0.6520979090957643
5470.0 0.6473356844154046
5472.0 0.6418728507063273
5474.0 0.6432262934259122
5476.0 0.6419305036263556
5478.0 0.6397025876850708
5480.0 0.6355651374714718
5482.0 0.6319034714549888
5484.0 0.6291621353469354
5486.0 0.6238117336919795
5488.0 0.6162944003710533
5490.0 0.6023621456706748
5492.0 0.5979737787000456
5494.0 0.5909605534772442
5496.0 0.5849339508726582
5498.0 0.5790168097292352
5500.0 0.5701413420050032
5502.0 0.5712591832175491
5504.0 0.580724458979763
5506.0 0.5913173825888145
5508.0 0.6074188310813697
5510.0 0.6232402955924883
5512.0 0.6452250652188848
5514.0 0.664796671853111
5516.0 0.6770771636081556
5518.0 0.6985910925074794
5520.0 0.7155042265168708
5522.0 0.7234931433299983
5524.0 0.7351127882006865
5526.0 0.7425962453100814
5528.0 0.7481258483765532
5530.0 0.7542952094152183
5532.0 0.7518398381938574
5534.0 0.7489312673214477
5536.0 0.7423643891703492
5538.0 0.7316976784887814
5540.0 0.7282348421476753
5542.0 0.7224201401908422
5544.0 0.7145770735108533
5546.0 0.7072226847749866
5548.0 0.6977741539372809
5550.0 0.6920259953169112
5552.0 0.6859851655777253
5554.0 0.6791037234386587
5556.0 0.6758579007508136
5558.0 0.6707601736098018
5560.0 0.6651698196543258
5562.0 0.6643137719926301
5564.0 0.6608534497767935
5566.0 0.6577057446180541
5568.0 0.6576011130087757
5570.0 0.659186443240246
5572.0 0.661505738331508
5574.0 0.6670148728152229
5576.0 0.6686865624652454
5578.0 0.663361495955618
5580.0 0.6607784302720481
5582.0 0.6577734188833029
5584.0 0.6561841621741281
5586.0 0.6543759748160626
5588.0 0.6528852342897327
5590.0 0.6509781004781531
5592.0 0.6467470288999501
5594.0 0.6428869833817179
5596.0 0.6370522962086862
5598.0 0.634661212440611
5600.0 0.6312750154585444
5602.0 0.6284833258977564
5604.0 0.6239532702030692
5606.0 0.6166087292147988
5608.0 0.6060790484549226
5610.0 0.5986306764345715
5612.0 0.5887810195362222
5614.0 0.5773305147608828
5616.0 0.5705032736826081
5618.0 0.5622480197193089
5620.0 0.5514403115393397
5622.0 0.5443314788589149
5624.0 0.53343819901086
5626.0 0.5272176670447898
5628.0 0.5235800744439698
5630.0 0.5148012027657065
5632.0 0.5092279527716463
5634.0 0.5108708915367477
5636.0 0.519361016760629
5638.0 0.5348433806822885
5640.0 0.5432698371219961
5642.0 0.5594858984242096
5644.0 0.5774569899183369
5646.0 0.590265894577904
5648.0 0.6075963064069052
5650.0 0.6201176362070463
5652.0 0.632493804665672
5654.0 0.6467659140637574
5656.0 0.651054399887699
5658.0 0.6551278384305698
5660.0 0.6637030225860008
5662.0 0.6684732199310977
5664.0 0.6730685577332293
5666.0 0.680085351957725
5668.0 0.6818899551679733
5670.0 0.6836095301395765
5672.0 0.6816682408480808
5674.0 0.6832694409842965
5676.0 0.6839480503877423
5678.0 0.6770476707446276
5680.0 0.6754006094282186
5682.0 0.6731823089417386
5684.0 0.6707183341903801
5686.0 0.6668020356883329
5688.0 0.6636563067932605
5690.0 0.662343639038339
5692.0 0.6578987134118787
5694.0 0.6532236924702476
5696.0 0.6518503781116193
5698.0 0.6509947296220757
5700.0 0.6500571468227698
5702.0 0.6424071983169801
5704.0 0.6402866213925017
5706.0 0.6378478288212235
5708.0 0.6401961694159921
5710.0 0.639818941596338
5712.0 0.6396745932926164
5714.0 0.6383474824763105
5716.0 0.6368802912874633
5718.0 0.6340418511617621
5720.0 0.6384957572858253
5722.0 0.639605829228954
5724.0 0.6398916132134223
5726.0 0.6345290793782955
5728.0 0.634231120422375
5730.0 0.635084655547951
5732.0 0.6349007901371974
5734.0 0.6340065356299359
5736.0 0.6318039036376681
5738.0 0.6284081761474737
5740.0 0.6264950230332724
5742.0 0.6275106825954085
5744.0 0.6242836238433314
5746.0 0.6221292072120057
5748.0 0.621053485030497
5750.0 0.6172921996999341
5752.0 0.6159465725337866
5754.0 0.6231742830896178
5756.0 0.6207136951975857
5758.0 0.6179014691232534
5760.0 0.6106147171265413
5762.0 0.6115140540768943
5764.0 0.6116941759343398
5766.0 0.6141431392173721
5768.0 0.6121387017318008
5770.0 0.6106785145964484
5772.0 0.6110169556325727
5774.0 0.6136983605512248
5776.0 0.616592198326908
5778.0 0.6182169124763762
5780.0 0.6186301236460705
5782.0 0.6185724877369125
5784.0 0.6212153265239668
5786.0 0.6224145257621879
5788.0 0.6249085579908202
5790.0 0.6264214730585145
5792.0 0.6272905296097002
5794.0 0.6285344758789316
5796.0 0.6287976808646301
5798.0 0.6297963251847579
5800.0 0.6323746941781697
5802.0 0.6300228992512913
5804.0 0.6253884066036208
5806.0 0.6157593447692884
5808.0 0.6051975741628515
5810.0 0.5975350277410888
5812.0 0.5862704215450689
5814.0 0.5752848315867326
5816.0 0.5672596953733335
5818.0 0.5544293052805498
5820.0 0.546423215686748
5822.0 0.5417134244014866
5824.0 0.5362831771627798
5826.0 0.5336337104025537
5828.0 0.5339487728479062
5830.0 0.5373191405121939
5832.0 0.5412148963210144
5834.0 0.5434377305287693
5836.0 0.5461031084758909
5838.0 0.5447165446844784
5840.0 0.5417106303478737
5842.0 0.5340185412872506
5844.0 0.5238607881437861
5846.0 0.5143470273998023
5848.0 0.5022070942760765
5850.0 0.4893878165226093
5852.0 0.47904399638296885
5854.0 0.46316365676518667
5856.0 0.45897458923893375
5858.0 0.45937544016529186
5860.0 0.4710688482760986
5862.0 0.4792388346976405
5864.0 0.4872190254753589
5866.0 0.4983251153794184
5868.0 0.5053569385085405
5870.0 0.511352909340988
5872.0 0.5204286304324613
5874.0 0.5261673484930316
5876.0 0.5324177845332964
5878.0 0.5412969874761911
5880.0 0.5469842259075949
5882.0 0.5534826591277944
5884.0 0.5621653453341608
5886.0 0.567801102925876
5888.0 0.5745475343201012
5890.0 0.5830337024637692
5892.0 0.5886179808079169
5894.0 0.5956124079231172
5896.0 0.6039020606823162
5898.0 0.6094348573587194
5900.0 0.6166772841069055
5902.0 0.6247704173962764
5904.0 0.6302517352403887
5906.0 0.6377421581190454
5908.0 0.6451717233962022
5910.0 0.6487199597550107
5912.0 0.6548806810360309
5914.0 0.6616936538286581
5916.0 0.6658002714892429
5918.0 0.6723606019096274
5920.0 0.6662347111904832
5922.0 0.6620615434293353
5924.0 0.6568783815289847
5926.0 0.6534152683207982
5928.0 0.6511986983477028
5930.0 0.648236837801485
5932.0 0.6467500620118556
5934.0 0.6454224910458125
5936.0 0.6400419274995279
5938.0 0.6355673349098568
5940.0 0.6309720889729813
5942.0 0.6289999554369404
5944.0 0.6299148915405772
5946.0 0.6312815794296296
5948.0 0.6264879952361346
5950.0 0.6234562708837719
5952.0 0.6208069727742274
5954.0 0.6192721663904915
5956.0 0.6176004440700152
5958.0 0.6169834872652783
5960.0 0.6160011009714392
5962.0 0.6137916070938745
5964.0 0.6096683041238772
5966.0 0.6107744227354329
5968.0 0.6135795100992286
5970.0 0.6194047134433722
5972.0 0.6215993822514934
5974.0 0.6265877638889579
5976.0 0.6316879836908542
5978.0 0.6409178330158158
5980.0 0.6432589960829646
5982.0 0.6404648540209573
5984.0 0.6416889110087545
5986.0 0.6420046310263895
5988.0 0.6380866879219431
5990.0 0.6361252895938414
5992.0 0.6342931083389176
5994.0 0.6343942064615196
5996.0 0.6317705968639656
5998.0 0.628949617150365
6000.0 0.6252071946253753
6002.0 0.6223911448665131
6004.0 0.6202143620939773
6006.0 0.6168035171729004
6008.0 0.614221286843616
6010.0 0.6130823372499091
6012.0 0.613302209093114
6014.0 0.6122305021527186
6016.0 0.6107878214008619
6018.0 0.6133037085852121
6020.0 0.6145123875127837
6022.0 0.6159131339602445
6024.0 0.6135374715162333
6026.0 0.6117856508770474
6028.0 0.6083370002746827
6030.0 0.606918483953424
6032.0 0.607501656009163
6034.0 0.6108141567949061
6036.0 0.6110739939722213
6038.0 0.60903988075577
6040.0 0.6052161711349078
6042.0 0.6040562849290761
6044.0 0.6028394837724022
6046.0 0.602283592461477
6048.0 0.6029509007392396
6050.0 0.6022204790696355
6052.0 0.6009417669031526
6054.0 0.6014722441213246
6056.0 0.6019684820998858
6058.0 0.6054976878111753
6060.0 0.6028453888784693
6062.0 0.6024901554173794
6064.0 0.6036832840389765
6066.0 0.6046760650054175
6068.0 0.6059164076844761
6070.0 0.6038981971214614
6072.0 0.6047862693657963
6074.0 0.606743366296946
6076.0 0.6054439864802289
6078.0 0.6035272184928139
6080.0 0.6006621532599727
6082.0 0.5944070490107761
6084.0 0.5886994795883058
6086.0 0.5837603824194783
6088.0 0.5723526243953669
6090.0 0.5529445724641828
6092.0 0.5351324310706783
6094.0 0.5205448753022995
6096.0 0.497164575521383
6098.0 0.48085299581571717
6100.0 0.4665684081893025
6102.0 0.45059672532535655
6104.0 0.4428994902072774
6106.0 0.43848956559248914
6108.0 0.4363623959559635
6110.0 0.4403268380009273
6112.0 0.4520488068957978
6114.0 0.466385941190226
6116.0 0.48243573330480494
6118.0 0.49593640868761646
6120.0 0.5173247653799955
6122.0 0.5357366394361145
6124.0 0.5585669688063725
6126.0 0.5834327298026492
6128.0 0.6021680622647266
6130.0 0.6239708964015329
6132.0 0.6441207364748014
6134.0 0.6561632013060089
6136.0 0.6644834778924402
6138.0 0.6728456577052093
6140.0 0.6752695806999348
6142.0 0.6812278169768737
6144.0 0.6843438202308615
6146.0 0.6876446015315074
6148.0 0.684178530959352
6150.0 0.6792768560515516
6152.0 0.6719157610927915
6154.0 0.6702933607531323
6156.0 0.6653333031381584
6158.0 0.6556045727923606
6160.0 0.6469787051435238
6162.0 0.6387157998298479
6164.0 0.6334994271484967
6166.0 0.6287049407344334
6168.0 0.6257084394296061
6170.0 0.6236995621082057
6172.0 0.616581761857811
6174.0 0.6106205752194922
6176.0 0.6024416936543862
6178.0 0.5984056336407078
6180.0 0.5934672247496618
6182.0 0.5896287148783128
6184.0 0.5846717878243886
6186.0 0.5812334781259147
6188.0 0.5810917589772339
6190.0 0.5759604674054901
6192.0 0.5730031011338832
6194.0 0.5676637770342394
6196.0 0.5617056095198588
6198.0 0.5540235126791906
6200.0 0.5471020272404524
6202.0 0.5375876233727795
6204.0 0.5303251633379515
6206.0 0.5280963411736075
6208.0 0.5194647655436211
6210.0 0.5150023166186671
6212.0 0.5118484397740144
6214.0 0.50937709615326
6216.0 0.5142386652541832
6218.0 0.5220472062160236
6220.0 0.5324392606396814
6222.0 0.5443863827353244
6224.0 0.5556925146142964
6226.0 0.5746865840841869
6228.0 0.5928329979125733
6230.0 0.6036783267717287
6232.0 0.6137055651075121
6234.0 0.618967816007525
6236.0 0.6271765187614207
6238.0 0.6334217488505205
6240.0 0.6344283618037714
6242.0 0.6352833539341362
6244.0 0.6335344962683052
6246.0 0.6285517369086228
6248.0 0.6218784069689385
6250.0 0.6160099520971886
6252.0 0.6094965189911894
6254.0 0.6050679995822803
6256.0 0.6019970242600855
6258.0 0.601329902957192
6260.0 0.5999437161806775
6262.0 0.5979362893186032
6264.0 0.592766715508951
6266.0 0.5885103003198351
6268.0 0.581260774985318
6270.0 0.5709613223259553
6272.0 0.5625089927381068
6274.0 0.5530970908950528
6276.0 0.5549241867240484
6278.0 0.5556213497687112
6280.0 0.5572775235679895
6282.0 0.5593763412422255
6284.0 0.5598983402110768
6286.0 0.5582941869357549
6288.0 0.5554889934482213
6290.0 0.554283968533274
6292.0 0.5529713479908701
6294.0 0.5571521866395776
6296.0 0.5570957724324381
6298.0 0.5572930725251746
6300.0 0.5584338512101182
6302.0 0.5628535178720497
6304.0 0.5603033060793527
6306.0 0.5644356029623345
6308.0 0.5655397945449873
6310.0 0.5623586879906677
6312.0 0.5597123165180754
6314.0 0.5582248822264791
6316.0 0.5582692031821277
6318.0 0.5534946254896903
6320.0 0.5461623619369133
6322.0 0.5442142264865238
6324.0 0.5421898281315213
6326.0 0.5442501230131709
6328.0 0.5450013361404903
6330.0 0.5455042804343092
6332.0 0.5461971647758611
6334.0 0.5462170539993392
6336.0 0.5481021452193696
6338.0 0.55163500820431
6340.0 0.551088752432578
6342.0 0.5509616170815359
6344.0 0.5501221840374718
6346.0 0.5514135439455232
6348.0 0.5523467958985269
6350.0 0.5516745755302348
6352.0 0.5530145646582392
6354.0 0.5544248452698916
6356.0 0.5536993680167621
6358.0 0.5568899222106478
6360.0 0.5566107159118697
6362.0 0.552932932612043
6364.0 0.5554255048850291
6366.0 0.5545740499500665
6368.0 0.555935911264201
6370.0 0.5492963603725761
6372.0 0.5452895665546846
6374.0 0.5468736223675227
6376.0 0.5440137772880661
6378.0 0.5404262619456801
6380.0 0.5296544283517604
6382.0 0.5258414432806355
6384.0 0.5197525695427445
6386.0 0.5117407230450607
6388.0 0.5076169032085573
6390.0 0.5035623120394775
6392.0 0.49528243378398984
6394.0 0.49056093313234683
6396.0 0.48485334961094506
6398.0 0.47569577631675547
6400.0 0.4703275071359616
6402.0 0.46410466110269055
6404.0 0.4552637855666698
6406.0 0.44989551714059783
6408.0 0.44335597029890783
6410.0 0.4348317960103558
6412.0 0.4294635268437941
6414.0 0.42260728179065254
6416.0 0.4143998052655407
6418.0 0.40903153596006026
6420.0 0.4018585934685454
6422.0 0.3939678142948336
6424.0 0.38858434282653126
6426.0 0.3811251062440672
6428.0 0.3735358249136718
6430.0 0.36813712061567255
6432.0 0.360391649198672
6434.0 0.3531038341082751
6436.0 0.34729619527843913
6438.0 0.3385890788306236
6440.0 0.3307979383107426
6442.0 0.32475097457867874
6444.0 0.31608921907730564
6446.0 0.30442309112998855
6448.0 0.29396159969345786
6450.0 0.2785912824741068
6452.0 0.2664415683453277
6454.0 0.2536317887327674
6456.0 0.23953424586986843
6458.0 0.236464021206888
6460.0 0.23192326571663144
6462.0 0.22893752742973278
6464.0 0.22767060891712856
6466.0 0.2263631712523592
6468.0 0.23352109446410127
6470.0 0.23764202666606984
6472.0 0.24334386440705008
6474.0 0.25884003404001504
6476.0 0.2675175915508726
6478.0 0.2773518453409212
6480.0 0.29332620365575557
6482.0 0.3018575454115767
6484.0 0.31150927099297954
6486.0 0.334223151618454
6488.0 0.3493395789490258
6490.0 0.3708209639656968
6492.0 0.4019605741032058
6494.0 0.42256016750206105
6496.0 0.451924379617309
6498.0 0.48637020589641605
6500.0 0.5106319164294844
6502.0 0.5482595897967137
6504.0 0.58068321128521
6506.0 0.602441050322012
6508.0 0.6332746056173226
6510.0 0.6660274194000221
6512.0 0.6900114993330944
6514.0 0.7186329428035652
6516.0 0.7444211115801224
6518.0 0.7626345728510002
6520.0 0.7839757752099924
6522.0 0.8080848191161818
6524.0 0.8269610970961226
6526.0 0.8684555791573647
6528.0 0.9019680636067748
6530.0 0.9304485277448067
6532.0 0.9917548246728389
6534.0 0.9934704248667079
6536.0 0.9955999474578059
6538.0 0.9964645345242837
6540.0 0.9980417192313191
6542.0 1.0
6544.0 0.9991575127256164
6546.0 0.997585752135201
6548.0 0.9961313858027416
6550.0 0.9935080641203746
6552.0 0.9920364360705615
6554.0 0.9904563055964185
6556.0 0.9879863861155163
6558.0 0.9864871210574829
6560.0 0.9847812229038464
6562.0 0.9824647099745457
6564.0 0.9809378052868842
6566.0 0.9791061418769441
6568.0 0.9769430327561982
6570.0 0.9753884897617052
6572.0 0.9734310600455699
6574.0 0.9714213558287171
6576.0 0.969839174168548
6578.0 0.9677770911806666
6580.0 0.9658785664045174
6582.0 0.9642898579812563
6584.0 0.9621296494956427
6586.0 0.9591086290996476
6588.0 0.9556970884782338
6590.0 0.9512332040314315
6592.0 0.948375196784042
6594.0 0.9457835938256048
6596.0 0.9422201756601842
6598.0 0.9317933775315099
6600.0 0.9224967217876185
6602.0 0.9009731071912116
6604.0 0.8875103564110151
6606.0 0.8758937766189367
6608.0 0.8531693700612406
6610.0 0.8392450337502255
6612.0 0.8281979972903347
6614.0 0.8115046169906514
6616.0 0.7982088274028191
6618.0 0.7880722945830689
6620.0 0.7742668043602083
6622.0 0.7647840020445235
6624.0 0.7555472305269992
6626.0 0.7363719961591491
6628.0 0.7273586143412748
6630.0 0.719483196083052
6632.0 0.7017770595414369
6634.0 0.6934419228864852
6636.0 0.6855289887803289
6638.0 0.6753373892297885
6640.0 0.6700769774530486
6642.0 0.664534262168355
6644.0 0.6594150937117611
6646.0 0.653640546708205
6648.0 0.6460724954018112
6650.0 0.6393812681911615
6652.0 0.6363125525745446
6654.0 0.6313887690162465
6656.0 0.6240839380321661
6658.0 0.6211765414106643
6660.0 0.619506139295992
6662.0 0.6202342916040446
6664.0 0.6182782923036076
6666.0 0.6118089634500387
6668.0 0.6110230210907095
6670.0 0.6082535231606988
6672.0 0.6005324561999862
6674.0 0.5942725551501916
6676.0 0.5911263122007495
6678.0 0.5898540804333534
6680.0 0.5866145140315308
6682.0 0.58278124020803
6684.0 0.5732396926337011
6686.0 0.5657830691297997
6688.0 0.5627565768017615
6690.0 0.5590507689205098
6692.0 0.5563183421082067
6694.0 0.5546281794776575
6696.0 0.549681876542502
6698.0 0.5444923389443805
6700.0 0.5410843862747434
6702.0 0.5429641623423263
6704.0 0.5412366351813871
6706.0 0.5382752768267922
6708.0 0.5329941338887049
6710.0 0.5338904535668361
6712.0 0.5344234431043424
6714.0 0.5312768708088107
6716.0 0.5318247561115936
6718.0 0.5328406955184839
6720.0 0.5269964040895319
6722.0 0.5245661092659565
6724.0 0.5225488116869466
6726.0 0.5212706751950705
6728.0 0.5203434465565678
6730.0 0.5203233019218093
6732.0 0.5184433604088522
6734.0 0.5190513777660957
6736.0 0.5201645200942993
6738.0 0.5178314455365495
6740.0 0.5157129053600689
6742.0 0.5098616881728042
6744.0 0.5093635545358876
6746.0 0.5103466525658399
6748.0 0.5127057940797858
6750.0 0.5123921915805926
6752.0 0.511965708587871
6754.0 0.5114299509678901
6756.0 0.5111192005069151
6758.0 0.5110813268014923
6760.0 0.5109214081355223
6762.0 0.5107943486328974
6764.0 0.5106780808268029
6766.0 0.5105139455343576
6768.0 0.5103908402769572
6770.0 0.5102748348697098
6772.0 0.5101064828993855
6774.0 0.5099873319224881
6776.0 0.5098715888950207
6778.0 0.509699020298221
6780.0 0.509583823558485
6782.0 0.5094661326178115
6784.0 0.5092937679941996
6786.0 0.5091803152120788
6788.0 0.5090582374221817
6790.0 0.5088909529015366
6792.0 0.50877680854968
6794.0 0.5086503422632394
6796.0 0.5084878771006572
6798.0 0.5086534537878121
6800.0 0.5091079562320436
6802.0 0.5090728870769546
6804.0 0.5089675015745373
6806.0 0.509076824927407
6808.0 0.5091836633418719
6810.0 0.5065987710362488
6812.0 0.5027236854729279
6814.0 0.497535770051555
6816.0 0.4957917846136689
6818.0 0.49806943844600704
6820.0 0.4987167144514538
6822.0 0.4988405502122675
6824.0 0.49745909239839387
6826.0 0.49694825642408236
6828.0 0.4992504585334954
6830.0 0.5015886884571071
6832.0 0.49408104579459017
6834.0 0.4918908840477188
6836.0 0.49209405498450387
6838.0 0.49518368690891323
6840.0 0.49766211968065
6842.0 0.4945453377454489
6844.0 0.49577890735385083
6846.0 0.4954016400609567
6848.0 0.49701768776750477
6850.0 0.4969137596883225
6852.0 0.4956287174977978
6854.0 0.49439357712919535
6856.0 0.4912639566247411
6858.0 0.48489995734227
6860.0 0.48055514920574816
6862.0 0.47583917640125517
6864.0 0.4704383013259873
6866.0 0.464452448624269
6868.0 0.46199531064276667
6870.0 0.4650423528069273
6872.0 0.4721095698648108
6874.0 0.47640594426244876
6876.0 0.47858029637385563
6878.0 0.47503611258642353
6880.0 0.47479600605920663
6882.0 0.47408737088377056
6884.0 0.4710477229966121
6886.0 0.47127679263683164
6888.0 0.46859565929950475
6890.0 0.4689439302939654
6892.0 0.46802771577009866
6894.0 0.46742036090618017
6896.0 0.4665679533013971
6898.0 0.46881311214565
6900.0 0.4710293271301473
6902.0 0.4758316157633122
6904.0 0.47779762860730496
6906.0 0.47555532494693453
6908.0 0.47025420354585895
6910.0 0.4690421337709965
6912.0 0.4707047211495235
6914.0 0.47342719773729525
6916.0 0.474594750459033
6918.0 0.47720203284881485
6920.0 0.47499574039990583
6922.0 0.47594158587114044
6924.0 0.4754038126412246
6926.0 0.4736596239385739
6928.0 0.4725654669120638
6930.0 0.4722979551995497
6932.0 0.4715464269527368
6934.0 0.4718199926222031
6936.0 0.4740851257965643
6938.0 0.4753998151882077
6940.0 0.4739731069891267
6942.0 0.47490925073804546
6944.0 0.4718969567602025
6946.0 0.4722875255748931
6948.0 0.47113671105121335
6950.0 0.46954568898000343
6952.0 0.467694346935997
6954.0 0.4649636344567458
6956.0 0.4626786551454916
6958.0 0.4605227088216106
6960.0 0.4596884387456434
6962.0 0.4585504728217016
6964.0 0.4585152917253138
6966.0 0.45717613820421704
6968.0 0.4534729235658489
6970.0 0.4520617848082473
6972.0 0.4517010065723482
6974.0 0.45625571780353963
6976.0 0.45979597211712414
6978.0 0.46314853716325577
6980.0 0.4682097783383784
6982.0 0.4703565626504619
6984.0 0.4733641073216101
6986.0 0.47780400938294776
6988.0 0.4794401960881701
6990.0 0.4819715403773837
6992.0 0.4847925117368873
6994.0 0.4819134332565966
6996.0 0.4816040221611793
6998.0 0.4821854551536599
7000.0 0.4796360624140392
7002.0 0.47962780673394234
7004.0 0.47921217862699717
7006.0 0.47600694803525856
7008.0 0.477179940745206
7010.0 0.4766572342329316
7012.0 0.4736831389399679
7014.0 0.4694013613728531
7016.0 0.4672922733828331
7018.0 0.46393101904329326
7020.0 0.46303772608094657
7022.0 0.46118115661994963
7024.0 0.46443952193742644
7026.0 0.46388001159604647
7028.0 0.45984761276010094
7030.0 0.4566312101277932
7032.0 0.4549570824563732
7034.0 0.45362897973885025
7036.0 0.45039268653739745
7038.0 0.45220163147070797
7040.0 0.458113418337292
7042.0 0.4587222127821681
7044.0 0.4572667515579079
7046.0 0.452553975033956
7048.0 0.4571010106646121
7050.0 0.4574311085070683
7052.0 0.4557031202180583
7054.0 0.45677015707514956
7056.0 0.4567916683085865
7058.0 0.45759558542019935
7060.0 0.4612924821979207
7062.0 0.46231766117449896
7064.0 0.4584754334083628
7066.0 0.4542745463919003
7068.0 0.4537293729454315
7070.0 0.45895290508302244
7072.0 0.4564054930666494
7074.0 0.4551426846903033
7076.0 0.4513717648724784
7078.0 0.44940618035340363
7080.0 0.44750845636030206
7082.0 0.4502034247138118
7084.0 0.4494618097865279
7086.0 0.4487563917249431
7088.0 0.442766845223737
7090.0 0.44390033197352663
7092.0 0.44556911856012965
7094.0 0.44572149396145144
7096.0 0.4456810487050941
7098.0 0.4460180765872602
7100.0 0.44630725469905497
7102.0 0.4490925888634384
7104.0 0.4545497175135114
7106.0 0.45133592942725514
7108.0 0.4513520597509357
7110.0 0.45061434515350984
7112.0 0.4470123900429356
7114.0 0.44768041853827667
7116.0 0.4478776599925661
7118.0 0.44425328748238585
7120.0 0.44289450227887595
7122.0 0.4434425299749534
7124.0 0.44503339898725147
7126.0 0.4437413568064891
7128.0 0.44151747523830903
7130.0 0.44302942282187496
7132.0 0.44226107320746794
7134.0 0.4392206086050566
7136.0 0.4394459239671117
7138.0 0.44075206392089716
7140.0 0.442336728922022
7142.0 0.4403932971866624
7144.0 0.4397556710070773
7146.0 0.4390225176935641
7148.0 0.441132641524865
7150.0 0.4422915208542009
7152.0 0.4414839663145834
7154.0 0.4383801465447215
7156.0 0.4367013185189976
7158.0 0.43341096697032166
7160.0 0.4308273740168657
7162.0 0.4289128155506221
7164.0 0.4221711101967062
7166.0 0.4186995157894755
7168.0 0.4150448860803809
7170.0 0.41332221860983526
7172.0 0.4145437406717429
7174.0 0.41525317050745464
7176.0 0.41078441667354726
7178.0 0.4088357223076285
7180.0 0.40616438459546167
7182.0 0.41137986166970875
7184.0 0.41046059588980793
7186.0 0.40853733269214487
7188.0 0.4096866961810483
7190.0 0.4118190118250659
7192.0 0.4164171544717212
7194.0 0.4213781693851366
7196.0 0.42476076915648475
7198.0 0.4289793099660088
7200.0 0.4312454166194018
7202.0 0.4350874363281415
7204.0 0.4468218100125462
7206.0 0.4543849710347538
7208.0 0.45776201065125316
7210.0 0.4584327401947785
7212.0 0.45398235725876834
7214.0 0.45239267936798155
7216.0 0.4547917248924302
7218.0 0.45446029068594895
7220.0 0.4534793598688404
7222.0 0.44878101328145475
7224.0 0.4448531011546137
7226.0 0.44049728267135846
7228.0 0.43327991999899923
7230.0 0.4317241755084753
7232.0 0.429266229206489
7234.0 0.4279554761491467
7236.0 0.4199231971042772
7238.0 0.41368436407997006
7240.0 0.41995546135715245
7242.0 0.41971160478822456
7244.0 0.4190613127201955
7246.0 0.4151519123299541
7248.0 0.41426504750985255
7250.0 0.41301844800171167
7252.0 0.4169441468366089
7254.0 0.4151471992225589
7256.0 0.41270120426831197
7258.0 0.4111704682338849
7260.0 0.41436027770430806
7262.0 0.4186839522137116
7264.0 0.41677357127920445
7266.0 0.414192707402977
7268.0 0.4108087365244614
7270.0 0.41099291773067753
7272.0 0.4132765749412258
7274.0 0.4165007094077827
7276.0 0.4256521904286235
7278.0 0.4288564380235822
7280.0 0.43370444836124195
7282.0 0.4325861638933281
7284.0 0.43378999198132556
7286.0 0.43818732740716726
7288.0 0.4429286855488216
7290.0 0.4454926516847057
7292.0 0.4488147395580407
7294.0 0.4545576103638097
7296.0 0.457835274985685
7298.0 0.46117223770352517
7300.0 0.46406011965076677
7302.0 0.46521794776060676
7304.0 0.46447509269946435
7306.0 0.4661424362577225
7308.0 0.4672116718703452
7310.0 0.4645993974756691
7312.0 0.4601986751379257
7314.0 0.4568048379020202
7316.0 0.4550031188981518
7318.0 0.4529444987261673
7320.0 0.45074406546839085
7322.0 0.44823813932713635
7324.0 0.44718093865762654
7326.0 0.44598510352183773
7328.0 0.44355716610122586
7330.0 0.44076318054468233
7332.0 0.4372343114405266
7334.0 0.44132398083871993
7336.0 0.4431115543055199
7338.0 0.4454598951068558
7340.0 0.4386570192705426
7342.0 0.4375213921595843
7344.0 0.43698920489815557
7346.0 0.43628112871211927
7348.0 0.4356629446259408
7350.0 0.433736540914551
7352.0 0.4282903720752638
7354.0 0.4274453355526901
7356.0 0.4281149633592066
7358.0 0.4266214325886236
7360.0 0.4260320498865411
7362.0 0.4268061638649633
7364.0 0.4267912770484631
7366.0 0.4254517598225833
7368.0 0.4206841224709469
7370.0 0.41928408405097717
7372.0 0.41798685376470696
7374.0 0.4158797615436464
7376.0 0.4156777039352785
7378.0 0.4151521547396933
7380.0 0.4137981439855053
7382.0 0.41133860346416595
7384.0 0.40975187413050157
7386.0 0.40903513172615463
7388.0 0.4101872076085266
7390.0 0.41155793928815293
7392.0 0.4147356750729151
7394.0 0.41374414775611645
7396.0 0.41293133384223046
7398.0 0.4127274866409515
7400.0 0.4111191801014334
7402.0 0.40996236371076666
7404.0 0.4075310759810942
7406.0 0.40746623129251347
7408.0 0.4079532905452826
7410.0 0.4114371460583668
7412.0 0.4099935357439538
7414.0 0.4081392091590471
7416.0 0.40974640703953025
7418.0 0.4101742474173983
7420.0 0.4104531672253604
7422.0 0.4078800131002904
7424.0 0.40835097795394637
7426.0 0.4102205519169621
7428.0 0.4077026016567057
7430.0 0.40940561857830576
7432.0 0.41309605012088285
7434.0 0.4225915407772358
7436.0 0.4258668463000023
7438.0 0.4272481661434492
7440.0 0.43079518602419087
7442.0 0.43348112532054817
7444.0 0.43918379337723074
7446.0 0.44574064664049523
7448.0 0.44678719816687257
7450.0 0.4438590632696834
7452.0 0.4473016344207192
7454.0 0.448932821471926
7456.0 0.45077541803569465
7458.0 0.4479645679970061
7460.0 0.4455257764895346
7462.0 0.44067958850903627
7464.0 0.43988418577658905
7466.0 0.4402866636376789
7468.0 0.43670128653802204
7470.0 0.43439072047634186
7472.0 0.43356927001921397
7474.0 0.4336662120851546
7476.0 0.43362848014872524
7478.0 0.4321303462771804
7480.0 0.42300617552540926
7482.0 0.422336358447994
7484.0 0.4217185968993709
7486.0 0.4209252851740156
7488.0 0.42038167880292115
7490.0 0.4198535382117169
7492.0 0.4194813350835474
7494.0 0.41922989895826707
7496.0 0.4190006522409897
7498.0 0.4186631785828472
7500.0 0.4184167304917187
7502.0 0.41818067598778336
7504.0 0.41784502199514534
7506.0 0.41760356204888294
7508.0 0.41736069969516076
7510.0 0.41702686546512596
7512.0 0.41679039360620157
7514.0 0.41654072338691894
7516.0 0.41620861276590015
7518.0 0.4159771115091861
7520.0 0.41572063343758986
7522.0 0.4153904387086313
7524.0 0.4151639430740002
7526.0 0.41490065713210056
7528.0 0.41457228215047986
7530.0 0.4143507746302353
7532.0 0.41408068084139493
7534.0 0.4137541256103617
7536.0 0.41353760616362345
7538.0 0.4132607045596526
7540.0 0.4129359690786437
7542.0 0.4127244377395881
7544.0 0.41243704722414803
7546.0 0.41212149353314376
7548.0 0.4119112692846726
7550.0 0.4116127774526475
7552.0 0.41130763048278374
7554.0 0.4110981008334783
7556.0 0.4107878130499807
7558.0 0.4104944620564256
7560.0 0.41028078200978124
7562.0 0.4099669990338233
7564.0 0.4096812936031402
7566.0 0.4094583248084464
7568.0 0.4091126089473902
7570.0 0.40872767185545716
7572.0 0.4085754152291817
7574.0 0.40831791540018114
7576.0 0.40703943052741487
7578.0 0.40628390960076877
7580.0 0.40349557768496347
7582.0 0.40284974983056976
7584.0 0.40217063899445243
7586.0 0.3877891649656762
7588.0 0.37130253186431106
7590.0 0.34691024016026406
7592.0 0.32102558715662144
7594.0 0.30618579240776783
7596.0 0.29156690139506664
7598.0 0.2706299772304369
7600.0 0.26354836627893574
7602.0 0.26105534154341076
7604.0 0.276691736940183
7606.0 0.2932940329603156
7608.0 0.32083092766398325
7610.0 0.3433627519334731
7612.0 0.35388695622118177
7614.0 0.35273874886939516
7616.0 0.34713968544656826
7618.0 0.3399478470135095
7620.0 0.323293000466568
7622.0 0.318426176911216
7624.0 0.3158846677186904
7626.0 0.3161294635355263
7628.0 0.31949626661222286
7630.0 0.32159352480984843
7632.0 0.328580122515481
7634.0 0.33388753202952753
7636.0 0.3403702100940158
7638.0 0.34951429967727354
7640.0 0.35508159126628597
7642.0 0.35848430278999094
7644.0 0.3583705231848212
7646.0 0.3615244354592025
7648.0 0.3663545450972623
7650.0 0.371136385867776
7652.0 0.3729144505201076
7654.0 0.37455044068545534
7656.0 0.378106943854071
7658.0 0.3777759118463427
7660.0 0.37390874955083664
7662.0 0.37468620274592507
7664.0 0.3743364490457338
7666.0 0.37882102813105684
7668.0 0.38025278365246307
7670.0 0.3780861459607735
7672.0 0.3771400465188198
7674.0 0.3714659998612408
7676.0 0.3704219126731706
7678.0 0.3733146810859609
7680.0 0.3763723725557221
7682.0 0.38052989370708046
7684.0 0.3832069841037544
7686.0 0.3872246558987327
7688.0 0.39036994995814445
7690.0 0.3896042122443449
7692.0 0.38783604842344377
7694.0 0.39030194004076196
7696.0 0.3937969005075464
7698.0 0.39879012394216007
7700.0 0.39993882633887573
7702.0 0.39378572542518253
7704.0 0.3947319332206256
7706.0 0.3932835317565839
7708.0 0.3982370589693051
7710.0 0.39618380701964995
7712.0 0.3955235419031072
7714.0 0.390523695750373
7716.0 0.38969228143933216
7718.0 0.3856272163278839
7720.0 0.3781199271152574
7722.0 0.3725088871498251
7724.0 0.36643533274147183
7726.0 0.36800067191408314
7728.0 0.36626486239723877
7730.0 0.36235178074997665
7732.0 0.3580215790730683
7734.0 0.3453872137923999
7736.0 0.3347920609607607
7738.0 0.3362542431936354
7740.0 0.33312724760163415
7742.0 0.33862720486062753
7744.0 0.3429315759232463
7746.0 0.352157759718117
7748.0 0.35367752012402576
7750.0 0.3539719849941266
7752.0 0.3553017133638951
7754.0 0.35590544345730646
7756.0 0.356659188632997
7758.0 0.35868144209323416
7760.0 0.3595892474141536
7762.0 0.3602526311093898
7764.0 0.3618638906983679
7766.0 0.3624896872742279
7768.0 0.36320482883318345
7770.0 0.36478382550157434
7772.0 0.3653899619324315
7774.0 0.36616445536208125
7776.0 0.3676960604121267
7778.0 0.3682902369076521
7780.0 0.36912408141721553
7782.0 0.37060829571161014
7784.0 0.37119051167829736
7786.0 0.37208370789378203
7788.0 0.3735205307316594
7790.0 0.37409078654099365
7792.0 0.3750433340011656
7794.0 0.37642379679023763
7796.0 0.3770000304947157
7798.0 0.377995533935074
7800.0 0.3790635933706294
7802.0 0.3793729581317764
7804.0 0.3799784493889124
7806.0 0.38102568203627607
7808.0 0.3807250801726859
7810.0 0.3802748726602653
7812.0 0.378981279761614
7814.0 0.38420879804842467
7816.0 0.38556588678118253
7818.0 0.38392140606858216
7820.0 0.3822654075523179
7822.0 0.38425846600427394
7824.0 0.38985610185731484
7826.0 0.3858385301903683
7828.0 0.3812396486181199
7830.0 0.3777022183660414
7832.0 0.38086547622132877
7834.0 0.3817589786636694
7836.0 0.37949294772954106
7838.0 0.37840262591453766
7840.0 0.37862484626839543
7842.0 0.3786961012379384
7844.0 0.37861204988321395
7846.0 0.3786353677761731
7848.0 0.37698436773470745
7850.0 0.3801759492817362
7852.0 0.38291367293521483
7854.0 0.3798603961948845
7856.0 0.3815606448451816
7858.0 0.3836561430947217
7860.0 0.3857548724711175
7862.0 0.3861591140754302
7864.0 0.3843297815207721
7866.0 0.3877824325157943
7868.0 0.387289990050169
7870.0 0.3871975100419331
7872.0 0.38779402446503736
7874.0 0.3863652413214101
7876.0 0.3834676452257278
7878.0 0.38261789071588087
7880.0 0.38612664562675364
7882.0 0.393375401473208
7884.0 0.38270812221781914
7886.0 0.37858256657096206
7888.0 0.37565947743508504
7890.0 0.3842564705568343
7892.0 0.3864022635611465
7894.0 0.38519833088228245
7896.0 0.377723490366972
7898.0 0.3756489798790404
7900.0 0.3742167080881728
7902.0 0.3756769982610723
7904.0 0.37796464192985435
7906.0 0.3836941843163367
7908.0 0.3822482766197584
7910.0 0.3818951759954594
7912.0 0.3793687309840921
7914.0 0.3803123706441857
7916.0 0.3802223187738686
7918.0 0.38048238702900633
7920.0 0.3815109932499186
7922.0 0.3814280599866552
7924.0 0.3779063120312562
7926.0 0.3783861914697417
7928.0 0.3803012365583122
7930.0 0.37822276921688375
7932.0 0.37962744075874766
7934.0 0.38044347135011825
7936.0 0.3818723819176809
7938.0 0.37850514955892267
7940.0 0.3758381865112222
7942.0 0.37339988930193874
7944.0 0.3727563709398346
7946.0 0.37028694566335474
7948.0 0.3750999689036667
7950.0 0.37442432687968236
7952.0 0.37392404561111886
7954.0 0.3633121050955032
7956.0 0.3649821189014298
7958.0 0.3702081501264969
7960.0 0.37313814571673376
7962.0 0.37432629214601776
7964.0 0.37281447581728816
7966.0 0.37271523262273104
7968.0 0.37232654084245836
7970.0 0.37153644686372317
7972.0 0.37504517340538657
7974.0 0.37524732621217316
7976.0 0.37649676688099865
7978.0 0.37102195572480573
7980.0 0.36857679495650497
7982.0 0.36486316298661886
7984.0 0.36766992280990624
7986.0 0.3702444336238201
7988.0 0.37454859353181147
7990.0 0.3715336016791158
7992.0 0.3690715877155138
7994.0 0.36383776729105083
7996.0 0.3662690097275311
7998.0 0.3677721042770505
8000.0 0.3647325287887876
8002.0 0.36688899413208564
8004.0 0.36914768435215795
8006.0 0.372039324797419
8008.0 0.3680549002643576
8010.0 0.36561091853497557
8012.0 0.364208040687578
8014.0 0.3670983289476547
8016.0 0.36977296535421433
8018.0 0.3679123500790734
8020.0 0.3666512746529427
8022.0 0.36501393215917716
8024.0 0.36731523588379783
8026.0 0.3667935959962137
8028.0 0.3656780978027207
8030.0 0.3651057721510769
8032.0 0.36644041274936257
8034.0 0.3678730822935514
8036.0 0.3655861452310389
8038.0 0.3617309333092082
8040.0 0.3566024420115391
8042.0 0.35922611911606417
8044.0 0.36317096321279047
8046.0 0.3698733888150061
8048.0 0.36092801238560146
8050.0 0.35859060379761853
8052.0 0.35764479701303253
8054.0 0.357247663544046
8056.0 0.35928892094569087
8058.0 0.36388216470001755
8060.0 0.36245831872631223
8062.0 0.36050671090106823
8064.0 0.35522842475824
8066.0 0.35965004630305386
8068.0 0.3610991313197852
8070.0 0.360284080661825
8072.0 0.3596312108908296
8074.0 0.3593221542921729
8076.0 0.36112557896683617
8078.0 0.357178818399996
8080.0 0.3546230240121036
8082.0 0.3528247525923881
8084.0 0.35068901888800824
8086.0 0.34944878828587145
8088.0 0.3510980509681655
8090.0 0.35026683549865767
8092.0 0.3494935501053768
8094.0 0.3474556337686802
8096.0 0.3498881967954359
8098.0 0.35203564010031585
8100.0 0.35243167752186116
8102.0 0.34920326760716286
8104.0 0.3459712245075389
8106.0 0.3474734782733674
8108.0 0.3472646656339393
8110.0 0.3467051979192178
8112.0 0.34325939620582635
8114.0 0.3429179671957971
8116.0 0.3419360375394723
8118.0 0.34431724625328586
8120.0 0.3458950821479168
8122.0 0.34613463087975616
8124.0 0.3396850143608859
8126.0 0.33701380232908085
8128.0 0.33438737120970213
8130.0 0.3372142485818641
8132.0 0.3359942780235185
8134.0 0.33319418573634546
8136.0 0.33643809582486145
8138.0 0.3346943327314949
8140.0 0.3300730376667873
8142.0 0.32634196377668295
8144.0 0.3256197156372812
8146.0 0.3270425046646253
8148.0 0.3216794601264153
8150.0 0.3197909261693802
8152.0 0.31886731998461376
8154.0 0.3151508839264195
8156.0 0.3138302260519447
8158.0 0.3153832042200935
8160.0 0.3186097950588967
8162.0 0.31927140949736627
8164.0 0.3181684045542382
8166.0 0.32045710855111975
8168.0 0.3203349787506006
8170.0 0.315091669300122
8172.0 0.3121002272131287
8174.0 0.31132990647592645
8176.0 0.3203232265085989
8178.0 0.32317985793931836
8180.0 0.32562580441799277
8182.0 0.32238055649730557
8184.0 0.32218927773171896
8186.0 0.32245311956290534
8188.0 0.32817909714881366
8190.0 0.3267063178391398
8192.0 0.32515373162677086
8194.0 0.3264456530618239
8196.0 0.32906615154163427
8198.0 0.3311023197916728
8200.0 0.33372676234445386
8202.0 0.3321273216241366
8204.0 0.3303512944084413
8206.0 0.33145689047543647
8208.0 0.33036471590969174
8210.0 0.3291947256916181
8212.0 0.32214370524741937
8214.0 0.3177058942398766
8216.0 0.31472458341138976
8218.0 0.3001869168577983
8220.0 0.2912639525285409
8222.0 0.2821455600157963
8224.0 0.2899663103060129
8226.0 0.2992216035553138
8228.0 0.3118861795795838
8230.0 0.32070082216670137
8232.0 0.32450474365028864
8234.0 0.3262982225349594
8236.0 0.3266519495820296
8238.0 0.32976608310466315
8240.0 0.3388579867971946
8242.0 0.3358308946406508
8244.0 0.3321998350812341
8246.0 0.3292599247237312
8248.0 0.3363298439356413
8250.0 0.34113935027878733
8252.0 0.33656611141539056
8254.0 0.33445046717193044
8256.0 0.3328990739248108
8258.0 0.3273823649536516
8260.0 0.3281450889740382
8262.0 0.32780888474388564
8264.0 0.33100789778309825
8266.0 0.3277631640432546
8268.0 0.3257877033003054
8270.0 0.3255107493639128
8272.0 0.3271324787596597
8274.0 0.3271200345874707
8276.0 0.3213694483848376
8278.0 0.3200828551596266
8280.0 0.3203102608985137
8282.0 0.3175729942738048
8284.0 0.31693005783807143
8286.0 0.3142323159053274
8288.0 0.31580438523510396
8290.0 0.31504317686663935
8292.0 0.3191340012647845
8294.0 0.3148793875822267
8296.0 0.31459675850907204
8298.0 0.3142993380404976
8300.0 0.3149077192745211
8302.0 0.31797690849549615
8304.0 0.3249817239483658
8306.0 0.3263697575616062
8308.0 0.3282733880405309
8310.0 0.3290061703477182
8312.0 0.3285486257750772
8314.0 0.3292107627621787
8316.0 0.3317183862070617
8318.0 0.3387570502278169
8320.0 0.33948603049669795
8322.0 0.3447108491852775
8324.0 0.3415686478542204
8326.0 0.3398783226620615
8328.0 0.3311753562996863
8330.0 0.3273897050445178
8332.0 0.32763990779625163
8334.0 0.3330398701855212
8336.0 0.3340361029878015
8338.0 0.33684901684071317
8340.0 0.33292708893628703
8342.0 0.3292778856222099
8344.0 0.3263485433794565
8346.0 0.3220429501268277
8348.0 0.3219334865313529
8350.0 0.3209920514245738
8352.0 0.3153985741756699
8354.0 0.312441906222078
8356.0 0.3098747120130186
8358.0 0.3070185145315809
8360.0 0.3058899444839664
8362.0 0.3056426041817509
8364.0 0.3086790322985401
8366.0 0.3063677206528418
8368.0 0.2977920813996964
8370.0 0.28834390356162465
8372.0 0.2842088611352907
8374.0 0.28190711458110995
8376.0 0.27524817530200135
8378.0 0.27050435915934745
8380.0 0.26301420970598094
8382.0 0.2516335198357416
8384.0 0.24000793688173097
8386.0 0.22449423177375555
8388.0 0.21461672833155435
8390.0 0.2051221629076634
8392.0 0.1943980315231741
8394.0 0.18173220999878317
8396.0 0.16932232662243948
8398.0 0.15790668918343367
8400.0 0.138145209767326
8402.0 0.12549786876522429
8404.0 0.11131706678703217
8406.0 0.09895542454707358
8408.0 0.09160248775910686
8410.0 0.0825966971977872
8412.0 0.07710954015432601
8414.0 0.07551832770947806
8416.0 0.06742216173055351
8418.0 0.0669094043734456
8420.0 0.06740040865739103
8422.0 0.07054280614641496
8424.0 0.07310062829974626
8426.0 0.07555613836400737
8428.0 0.08192376365613775
8430.0 0.0823825490478607
8432.0 0.08321918926718232
8434.0 0.08796943988035094
8436.0 0.09075489783989682
8438.0 0.09278708720284992
8440.0 0.09144861546397286
8442.0 0.09481637471757551
8444.0 0.10010660258535004
8446.0 0.10595517589374329
8448.0 0.10863133818303713
8450.0 0.1097095370030772
8452.0 0.11766686345902419
8454.0 0.12423043155103887
8456.0 0.13090997539560975
8458.0 0.14300673766121313
8460.0 0.15025883216705355
8462.0 0.15495113516078168
8464.0 0.16414034283922327
8466.0 0.17086385051817982
8468.0 0.1782469572703559
8470.0 0.1875473892389614
8472.0 0.19820811849631959
8474.0 0.2110633866770106
8476.0 0.22071689626103871
8478.0 0.23084651878935503
8480.0 0.24252044221450056
8482.0 0.25203491904268227
8484.0 0.2613413304930055
8486.0 0.2815375227436807
8488.0 0.2982975917550301
8490.0 0.3144718473501338
8492.0 0.32653583416174947
8494.0 0.33855886339871494
8496.0 0.353927827435858
8498.0 0.37468107558572084
8500.0 0.39351957749943345
8502.0 0.4125476350144974
8504.0 0.4211030382813156
8506.0 0.4382202173547353
8508.0 0.4583313462400353
8510.0 0.4741878496678261
8512.0 0.48535329812303957
8514.0 0.48671727455086566
8516.0 0.4912818941407038
8518.0 0.5067091818693064
8520.0 0.5222738371634783
8522.0 0.5334428235051158
8524.0 0.5372468917154899
8526.0 0.5333615123480229
8528.0 0.527550806599447
8530.0 0.5247916243271096
8532.0 0.5232589631862198
8534.0 0.5150628501532997
8536.0 0.5126731543834406
8538.0 0.4991502420253023
8540.0 0.48838864618499894
8542.0 0.4730249314717336
8544.0 0.45844729128368616
8546.0 0.4475920266249613
8548.0 0.4275436264618469
8550.0 0.4087634918751971
8552.0 0.3888823341288959
8554.0 0.3573564542521711
8556.0 0.3241620100485648
8558.0 0.30547734115210085
8560.0 0.28173773035102034
8562.0 0.26711862026753697
8564.0 0.24895079250633542
8566.0 0.23055310176309105
8568.0 0.21969460013842146
8570.0 0.21115723729544159
8572.0 0.20258287948891296
8574.0 0.1989969749538512
8576.0 0.1919370461471332
8578.0 0.18447083000924458
8580.0 0.18391223251341113
8582.0 0.1842058076165486
8584.0 0.18524664802071428
8586.0 0.185989871550951
8588.0 0.18901918252604996
8590.0 0.19273838574901672
8592.0 0.20370159756582185
8594.0 0.21236137303595246
8596.0 0.22269545428913692
8598.0 0.2322479159759961
8600.0 0.2386351145001563
8602.0 0.2489395914443471
8604.0 0.26265737645468284
8606.0 0.27399628552688193
8608.0 0.2861480417753028
8610.0 0.2932663191051231
8612.0 0.3057052355212918
8614.0 0.32791793319725937
8616.0 0.3408290669327088
8618.0 0.35608851650379203
8620.0 0.3717743489097024
8622.0 0.381443051895842
8624.0 0.3971905666040757
8626.0 0.4114034329115017
8628.0 0.42757014482037287
8630.0 0.45060675136760625
8632.0 0.47447205457635444
8634.0 0.486711368783262
8636.0 0.5003895387480862
8638.0 0.5102367616915525
8640.0 0.517672217182287
8642.0 0.5317947890236203
8644.0 0.5340129529207505
8646.0 0.5434350437919006
8648.0 0.5517970263095946
8650.0 0.5616825987040404
8652.0 0.5627906090950762
8654.0 0.5651369236245908
8656.0 0.5672194856965491
8658.0 0.5621763508582088
8660.0 0.5510180726743122
8662.0 0.5548103000097374
8664.0 0.5557827811540833
8666.0 0.5575297486431465
8668.0 0.5533447789282803
8670.0 0.5477854651521961
8672.0 0.5407699167530206
8674.0 0.5369422566685099
8676.0 0.5337506454049664
8678.0 0.5267050733501978
8680.0 0.5247584672703701
8682.0 0.5240060798435443
8684.0 0.5166549000488018
8686.0 0.5101161878632833
8688.0 0.504878600706932
8690.0 0.5055313565567829
8692.0 0.4999957806171361
8694.0 0.4949607715789821
8696.0 0.4816147760934449
8698.0 0.47608615367124946
8700.0 0.4706729060066457
8702.0 0.46415841394541535
8704.0 0.46042105389470744
8706.0 0.45475832495235974
8708.0 0.44474595190260346
8710.0 0.44390544849871383
8712.0 0.43961277966412676
8714.0 0.422837448545781
8716.0 0.41770488773871806
8718.0 0.4136469094090172
8720.0 0.40852178239744347
8722.0 0.40623322151227925
8724.0 0.40336167050884236
8726.0 0.3945885727702056
8728.0 0.3925445952267116
8730.0 0.39021285244675347
8732.0 0.3934803418026748
8734.0 0.39227942118087483
8736.0 0.38983699916765774
8738.0 0.38751433512859373
8740.0 0.3855522877813537
8742.0 0.38035752341750456
8744.0 0.37598182823886833
8746.0 0.3692711982794265
8748.0 0.3554481530768572
8750.0 0.34728404343728203
8752.0 0.3439053333950863
8754.0 0.3357742021450885
8756.0 0.3368918357686899
8758.0 0.3356109664465866
8760.0 0.33255296424533126
8762.0 0.32989042099388627
8764.0 0.3254179642512431
8766.0 0.31843234716997565
8768.0 0.3179684047927676
8770.0 0.318648239392993
8772.0 0.3190322732299794
8774.0 0.31962218020896244
8776.0 0.31864873997591214
8778.0 0.30864448907098346
8780.0 0.31006215842181717
8782.0 0.31197802771031846
8784.0 0.3153491201662622
8786.0 0.3149855389312183
8788.0 0.3142101868400654
8790.0 0.3140710467096833
8792.0 0.31291648221437224
8794.0 0.3124331040113343
8796.0 0.30377117029398554
8798.0 0.30300034628454786
8800.0 0.3028080974562705
8802.0 0.30992840203608274
8804.0 0.3099590378902373
8806.0 0.3106946429589852
8808.0 0.3118231883451144
8810.0 0.3110710912727064
8812.0 0.30827768847694836
8814.0 0.296867197492762
8816.0 0.29667251038004705
8818.0 0.296714351726427
8820.0 0.294582185577469
8822.0 0.29461417796074996
8824.0 0.2957465455341974
8826.0 0.2974021920604092
8828.0 0.29752542001487864
8830.0 0.2951439315057805
8832.0 0.29788248890693525
8834.0 0.2979385426720386
8836.0 0.2970432534205873
8838.0 0.2935177817302338
8840.0 0.29187093326032104
8842.0 0.2918264948101256
8844.0 0.2919568480861039
8846.0 0.2931094430153602
8848.0 0.29737764791600974
8850.0 0.2945376220633629
8852.0 0.2911103177751369
8854.0 0.27898568471448354
8856.0 0.27859868275267574
8858.0 0.27898418382880547
8860.0 0.28244562865751666
8862.0 0.27810370946685325
8864.0 0.27438669668428545
8866.0 0.26101868876763445
8868.0 0.26192524531921507
8870.0 0.2624788801967593
8872.0 0.2547366760617106
8874.0 0.25184428018870403
8876.0 0.250337316799017
8878.0 0.2609817075418428
8880.0 0.25716099002068094
8882.0 0.25291380991257323
8884.0 0.24977884722311786
8886.0 0.2502031598694049
8888.0 0.2511204081018899
8890.0 0.2499026094875341
8892.0 0.25189621831403153
8894.0 0.2543900009956926
8896.0 0.26227502508804906
8898.0 0.2668382031168038
8900.0 0.2735293331210544
8902.0 0.28379448764685833
8904.0 0.2860218771222304
8906.0 0.2862970564202173
8908.0 0.2831390927738867
8910.0 0.2874936857107459
8912.0 0.29691846944850014
8914.0 0.2932553774376956
8916.0 0.2926941655547605
8918.0 0.2927528437555971
8920.0 0.2952470209058765
8922.0 0.2948434181300554
8924.0 0.28908096659457844
8926.0 0.28426706852116457
8928.0 0.28185254015362465
8930.0 0.27767992454392554
8932.0 0.27668927346592354
8934.0 0.2757973757439749
8936.0 0.27275082202000905
8938.0 0.2769299652222485
8940.0 0.2789079153157494
8942.0 0.2790036583687197
8944.0 0.26888865050595206
8946.0 0.26272541968621305
8948.0 0.2643085193443203
8950.0 0.2678403067443713
8952.0 0.26995167502355255
8954.0 0.2617627162066554
8956.0 0.26139792537363044
8958.0 0.2618167063620844
8960.0 0.26942884534147193
8962.0 0.2670398235033244
8964.0 0.26398333320421596
8966.0 0.2629175506906253
8968.0 0.26586728789790354
8970.0 0.26783252290107284
8972.0 0.27420159963259083
8974.0 0.27169909825933014
8976.0 0.2662492497569555
8978.0 0.25113321373752207
8980.0 0.24220874993272345
8982.0 0.2348170578391266
8984.0 0.25452115478468273
8986.0 0.25985672108355834
8988.0 0.2584760206706134
8990.0 0.2584201679176081
8992.0 0.2583769483255273
8994.0 0.2629373246376577
8996.0 0.2569813458706335
8998.0 0.25490930502908465
9000.0 0.25262948220884357
9002.0 0.2521617690100308
9004.0 0.2521342648482791
9006.0 0.2515799935086467
9008.0 0.25056529472641026
9010.0 0.25028542965110173
9012.0 0.24576029270471367
9014.0 0.2393255529447224
9016.0 0.23263474007088186
9018.0 0.22304602272930346
9020.0 0.22167439648110912
9022.0 0.22095366517102613
9024.0 0.22007642477106043
9026.0 0.2187412138528912
9028.0 0.21849928726703735
9030.0 0.2222603723896447
9032.0 0.2211625840973811
9034.0 0.2191164006438456
9036.0 0.20997654404721522
9038.0 0.20984789006344792
9040.0 0.20979726396396645
9042.0 0.20442973785143326
9044.0 0.2015879439132233
9046.0 0.20060694288456046
9048.0 0.21245066341987706
9050.0 0.21287749145662646
9052.0 0.210896000556724
9054.0 0.2027740299526642
9056.0 0.20458985731286383
9058.0 0.20822206755495365
9060.0 0.21795212348727272
9062.0 0.2209343809791613
9064.0 0.22419032101175143
9066.0 0.22536748178913088
9068.0 0.2273300357789757
9070.0 0.2328887387179339
9072.0 0.23400498127359312
9074.0 0.23481268115761866
9076.0 0.2323712916453416
9078.0 0.23878878353283392
9080.0 0.2409014364403768
9082.0 0.2434261486516536
9084.0 0.24996441555133433
9086.0 0.2542370004998676
9088.0 0.2561961756552704
9090.0 0.2562699359857278
9092.0 0.25583911813397686
9094.0 0.2544076691434816
9096.0 0.25959117314912195
9098.0 0.2592686226844005
9100.0 0.2470026925469435
9102.0 0.2510840204312187
9104.0 0.2537027151047889
9106.0 0.2598505456861404
9108.0 0.26257077280106406
9110.0 0.26408010178151003
9112.0 0.2555996863239175
9114.0 0.24818831536234992
9116.0 0.24302489201533017
9118.0 0.24978161600180154
9120.0 0.2469752690630065
9122.0 0.2429609402055152
9124.0 0.23546241061451822
9126.0 0.23228837045006093
9128.0 0.23125010245245933
9130.0 0.23134865360313442
9132.0 0.23289838489589307
9134.0 0.2278062424981307
9136.0 0.22889773716931447
9138.0 0.2275301463061777
9140.0 0.22498593904358252
9142.0 0.22886414793841733
9144.0 0.23006961256222577
9146.0 0.229024525859199
9148.0 0.22180365510478206
9150.0 0.21841379649260811
9152.0 0.21593709777653947
9154.0 0.2134584410533041
9156.0 0.21401855340770995
9158.0 0.20859044334954235
9160.0 0.21038606216411507
9162.0 0.211817900701279
9164.0 0.21027476069998274
9166.0 0.2003779851938546
9168.0 0.19365376007068527
9170.0 0.19532559663373678
9172.0 0.19210457777356893
9174.0 0.19144443916727566
9176.0 0.1949223649245231
9178.0 0.19099514964422643
9180.0 0.19025669164406964
9182.0 0.1964111104164016
9184.0 0.19748445964064085
9186.0 0.19735104422411817
9188.0 0.2033034239907169
9190.0 0.1998553167128687
9192.0 0.19902250397432367
9194.0 0.2060093684116186
9196.0 0.2116974244483042
9198.0 0.21612139261089497
9200.0 0.21381540139667848
9202.0 0.21751982023761182
9204.0 0.22034452328443924
9206.0 0.23026284774326405
9208.0 0.23760979752341002
9210.0 0.24321767015825868
9212.0 0.24244945881389457
9214.0 0.24474072020249713
9216.0 0.24798657031465887
9218.0 0.25336058723516286
9220.0 0.25770823186356373
9222.0 0.2603891595224862
9224.0 0.2568384288965313
9226.0 0.2573755950045723
9228.0 0.25576739279302246
9230.0 0.2558752759493144
9232.0 0.25528323295380295
9234.0 0.25347203952614705
9236.0 0.25191358521287
9238.0 0.25204422655840775
9240.0 0.2525585492350163
9242.0 0.252359133273169
9244.0 0.2541706380623261
9246.0 0.2536776156597533
9248.0 0.2512738014859739
9250.0 0.24687200003819104
9252.0 0.2459788309091883
9254.0 0.2458027378867419
9256.0 0.24654607912005408
9258.0 0.24616866651496472
9260.0 0.24419585110225592
9262.0 0.23979314978423363
9264.0 0.23807365794331867
9266.0 0.23836337015082928
9268.0 0.23512398724494696
9270.0 0.23382315499550665
9272.0 0.23484197059035333
9274.0 0.23518673446243757
9276.0 0.23434230631381325
9278.0 0.23155726832907159
9280.0 0.2316859858537299
9282.0 0.23339566329644132
9284.0 0.2357731420244585
9286.0 0.2351790854857514
9288.0 0.23466825421576068
9290.0 0.23536655986297506
9292.0 0.23571686767799965
9294.0 0.2366258566595867
9296.0 0.23406886356974865
9298.0 0.23114513607480192
9300.0 0.22908026546926769
9302.0 0.22594274586243218
9304.0 0.22629886528586618
9306.0 0.22452926805072662
9308.0 0.22454105402851954
9310.0 0.22630219104867436
9312.0 0.2275803847469995
9314.0 0.22757541594072164
9316.0 0.22222335715119299
9318.0 0.2203109503431684
9320.0 0.2206717330174246
9322.0 0.22077292473511323
9324.0 0.2201997909643155
9326.0 0.21740659493754913
9328.0 0.2171984665740584
9330.0 0.2178218382744097
9332.0 0.21774005949987346
9334.0 0.21188250365745728
9336.0 0.20937498802943577
9338.0 0.21430820937630438
9340.0 0.2208897441771047
9342.0 0.2217996658304546
9344.0 0.21430928467687005
9346.0 0.21121647703705615
9348.0 0.20989531938844458
9350.0 0.2080809972488387
9352.0 0.21070486545872694
9354.0 0.21087980694974204
9356.0 0.21086869062993835
9358.0 0.2070239460187926
9360.0 0.2020225914734837
9362.0 0.19616150233019958
9364.0 0.19793763638111783
9366.0 0.19989345179971812
9368.0 0.2024641832182273
9370.0 0.20304994282970848
9372.0 0.20744857947580575
9374.0 0.21111646752118626
9376.0 0.2131500840214758
9378.0 0.21392854257136312
9380.0 0.21687829740953835
9382.0 0.21986879440309692
9384.0 0.224848884139344
9386.0 0.22290414308908765
9388.0 0.21982056450516207
9390.0 0.21308040297171513
9392.0 0.21230373957354695
9394.0 0.21371246120865325
9396.0 0.21897761643296573
9398.0 0.2192735880299718
9400.0 0.21781863991090536
9402.0 0.21372486630700024
9404.0 0.21687051075541292
9406.0 0.21884441881119557
9408.0 0.22117028883443549
9410.0 0.22229369110488395
9412.0 0.22343365899318596
9414.0 0.22194791571987502
9416.0 0.21962795701414445
9418.0 0.21553251850467123
9420.0 0.2127767947858051
9422.0 0.21638208579757107
9424.0 0.2195385485663977
9426.0 0.21528438401615022
9428.0 0.21652903638945745
9430.0 0.2168984426670954
9432.0 0.2121539485635072
9434.0 0.20943818539350262
9436.0 0.20686884319122903
9438.0 0.20869128154775424
9440.0 0.21107645478533701
9442.0 0.2132776877721148
9444.0 0.21303103560241074
9446.0 0.2128566731149754
9448.0 0.21284903595749707
9450.0 0.2065281733330487
9452.0 0.20651164161707597
9454.0 0.20651814702603527
9456.0 0.21299340694596264
9458.0 0.2128450111420034
9460.0 0.21202567806737507
9462.0 0.2110820874774694
9464.0 0.2112665829050138
9466.0 0.21150889444870843
9468.0 0.21045243571263575
9470.0 0.20890654357990038
9472.0 0.20644265998886913
9474.0 0.20757862877442224
9476.0 0.20847716974852695
9478.0 0.209635814775827
9480.0 0.21454159310065662
9482.0 0.21451117572202927
9484.0 0.21215477493454665
9486.0 0.20842802598635035
9488.0 0.2072589107582151
9490.0 0.20616288564359658
9492.0 0.20394682922852336
9494.0 0.2027033716112707
9496.0 0.20210717537887762
9498.0 0.20576108533767196
9500.0 0.20654178195763417
9502.0 0.2064663065896575
9504.0 0.20817027670748356
9506.0 0.20828227812046066
9508.0 0.20671148865733197
9510.0 0.20368495103561757
9512.0 0.20246694970563828
9514.0 0.20344411019702738
9516.0 0.20456481854057398
9518.0 0.20473805649158136
9520.0 0.20358155159662641
9522.0 0.20580541525504994
9524.0 0.20728817575353367
9526.0 0.209827705367228
9528.0 0.20771039155827709
9530.0 0.20640674328827352
9532.0 0.2067085416176357
9534.0 0.2085631708799103
9536.0 0.2105203795564246
9538.0 0.21308725867161815
9540.0 0.2124800930259611
9542.0 0.21195864504602285
9544.0 0.21247163590454204
9546.0 0.2120698209770136
9548.0 0.21157568738149235
9550.0 0.21029988599893265
9552.0 0.20911999074891707
9554.0 0.2080700972205478
9556.0 0.20664387446338622
9558.0 0.20787263612758825
9560.0 0.20869382040721624
9562.0 0.20710853334542592
9564.0 0.2076179865245785
9566.0 0.20886687235563173
9568.0 0.20774549589363722
9570.0 0.2060109542889751
9572.0 0.20342986050070905
9574.0 0.201352764870871
9576.0 0.20152351474265723
9578.0 0.20157162661622363
9580.0 0.20014330792977902
9582.0 0.20007397381020775
9584.0 0.19999945874152883
9586.0 0.20235540678724442
9588.0 0.20411545315470794
9590.0 0.2069481013032243
9592.0 0.20737564485712204
9594.0 0.20701244527361898
9596.0 0.20622998065109596
9598.0 0.20770624947803046
9600.0 0.20872652268526123
9602.0 0.21011541819095858
9604.0 0.2134548443696318
9606.0 0.21403603432242146
9608.0 0.21068584476992477
9610.0 0.20930223412769533
9612.0 0.20805911345170858
9614.0 0.2076557928305561
9616.0 0.20714410993383084
9618.0 0.20666371420080498
9620.0 0.20569283487143775
9622.0 0.20584847309583307
9624.0 0.20632701978302048
9626.0 0.20687156414771404
9628.0 0.20778827830111518
9630.0 0.20759328421747164
9632.0 0.2052233488213968
9634.0 0.20645375669795651
9636.0 0.2071682212071656
9638.0 0.20698549707955327
9640.0 0.20831060411405253
9642.0 0.20912556115454561
9644.0 0.2097552080835498
9646.0 0.2084749168544331
9648.0 0.2077724165357787
9650.0 0.2066510753396305
9652.0 0.2082167705457258
9654.0 0.2095459858774449
9656.0 0.21142138845320638
9658.0 0.2104736792732817
9660.0 0.20969883100883227
9662.0 0.2076078872907058
9664.0 0.20843018223808862
9666.0 0.2094662429152495
9668.0 0.21186519363977305
9670.0 0.21117779862510364
9672.0 0.21026600171442264
9674.0 0.215051438757952
9676.0 0.21368625089873275
9678.0 0.21197903804085616
9680.0 0.20775702639066088
9682.0 0.2097980147555862
9684.0 0.21271154347618706
9686.0 0.21396384942194685
9688.0 0.2122654090739451
9690.0 0.20967120202228165
9692.0 0.20825862511450974
9694.0 0.20888087947688888
9696.0 0.2101466974865486
9698.0 0.20684466388337405
9700.0 0.20532378054837638
9702.0 0.20346894370265423
9704.0 0.20683910643748052
9706.0 0.2073722333245944
9708.0 0.20717339388720696
9710.0 0.2088143162378038
9712.0 0.20987745984432385
9714.0 0.21147693496142567
9716.0 0.2090998474438759
9718.0 0.20662951303886123
9720.0 0.2017954209802611
9722.0 0.20157717703338318
9724.0 0.20228321615523745
9726.0 0.20463381820193188
9728.0 0.20812790796486758
9730.0 0.20784656755187866
9732.0 0.2023923673028878
9734.0 0.2018622385203389
9736.0 0.20274168624966094
9738.0 0.2073132721017391
9740.0 0.2027534198239875
9742.0 0.20057294293658715
9744.0 0.20038621755021702
9746.0 0.2022511642089869
9748.0 0.20308484268969368
9750.0 0.20212315390252641
9752.0 0.20108512453999305
9754.0 0.20019752744328093
9756.0 0.19808763969310622
9758.0 0.19675090701015902
9760.0 0.19596162959526883
9762.0 0.19707940661797022
9764.0 0.19684978502154643
9766.0 0.19667811036379151
9768.0 0.19667811036379151
9770.0 0.19696459581975834
9772.0 0.19696459581975834
9774.0 0.19696459581975834
9776.0 0.19696459581975834
9778.0 0.19696459581975834
9780.0 0.19696459581975834
9782.0 0.19696459581975834
9784.0 0.19696459581975834
9786.0 0.19696459581975834
9788.0 0.19696459581975834
9790.0 0.19696459581975834
9792.0 0.19696459581975834
9794.0 0.19696459581975834
9796.0 0.19696459581975834
9798.0 0.19696459581975834
9800.0 0.19696459581975834
9802.0 0.19696459581975834
9804.0 0.19696459581975834
9806.0 0.19696459581975834
9808.0 0.19696459581975834
9810.0 0.19696459581975834
9812.0 0.19696459581975834
9814.0 0.19696459581975834
9816.0 0.19696459581975834
9818.0 0.19696459581975834
9820.0 0.19696459581975834
9822.0 0.19696459581975834
9824.0 0.19696459581975834
9826.0 0.19696459581975834
9828.0 0.19696459581975834
9830.0 0.19696459581975834
9832.0 0.19696459581975834
9834.0 0.19696459581975834
9836.0 0.19696459581975834
9838.0 0.19696459581975834
9840.0 0.19696459581975834
9842.0 0.19696459581975834
9844.0 0.19696459581975834
9846.0 0.19696459581975834
9848.0 0.19696459581975834
9850.0 0.19696459581975834
9852.0 0.19696459581975834
9854.0 0.19696459581975834
9856.0 0.19696459581975834
9858.0 0.19696459581975834
9860.0 0.19696459581975834
9862.0 0.19696459581975834
9864.0 0.19696459581975834
9866.0 0.19696459581975834
9868.0 0.19696459581975834
9870.0 0.19696459581975834
9872.0 0.19696459581975834
9874.0 0.19696459581975834
9876.0 0.19696459581975834
9878.0 0.19696459581975834
9880.0 0.19696459581975834
9882.0 0.19696459581975834
9884.0 0.19696459581975834
9886.0 0.19696459581975834
9888.0 0.19696459581975834
9890.0 0.19696459581975834
9892.0 0.19696459581975834
9894.0 0.19696459581975834
9896.0 0.19696459581975834
9898.0 0.19696459581975834
9900.0 0.19696459581975834
9902.0 0.19696459581975834
9904.0 0.19696459581975834
9906.0 0.19696459581975834
9908.0 0.19696459581975834
9910.0 0.19696459581975834
9912.0 0.19696459581975834
9914.0 0.19696459581975834
9916.0 0.19696459581975834
9918.0 0.19696459581975834
9920.0 0.19696459581975834
9922.0 0.19696459581975834
9924.0 0.19696459581975834
9926.0 0.19696459581975834
9928.0 0.19696459581975834
9930.0 0.19696459581975834
9932.0 0.19696459581975834
9934.0 0.19696459581975834
9936.0 0.19696459581975834
9938.0 0.19696459581975834
9940.0 0.19696459581975834
9942.0 0.19696459581975834
9944.0 0.19696459581975834
9946.0 0.19696459581975834
9948.0 0.19696459581975834
9950.0 0.19696459581975834
9952.0 0.19696459581975834
9954.0 0.19696459581975834
9956.0 0.19696459581975834
9958.0 0.19696459581975834
9960.0 0.19696459581975834
9962.0 0.19696459581975834
9964.0 0.19696459581975834
9966.0 0.19696459581975834
9968.0 0.19696459581975834
9970.0 0.19696459581975834
9972.0 0.19696459581975834
9974.0 0.19696459581975834
9976.0 0.19696459581975834
9978.0 0.19696459581975834
9980.0 0.19696459581975834
9982.0 0.19696459581975834
9984.0 0.19696459581975834
9986.0 0.19696459581975834
9988.0 0.19696459581975834
9990.0 0.19696459581975834
9992.0 0.19696459581975834
9994.0 0.19696459581975834
9996.0 0.19696459581975834
9998.0 0.19696459581975834
