# z obs_date
# 0 52280
3580.0 0.3416888631884872
3582.0 0.3441393951559703
3584.0 0.33937905307973015
3586.0 0.34288807695973
3588.0 0.3476255471965109
3590.0 0.3517001187942684
3592.0 0.35651090589824624
3594.0 0.35045370541687176
3596.0 0.347489889685401
3598.0 0.35100334096803765
3600.0 0.35629237852239043
3602.0 0.3549992625033613
3604.0 0.3525916337519872
3606.0 0.3576500598958094
3608.0 0.3572592213182905
3610.0 0.3504610055761307
3612.0 0.35450257399290486
3614.0 0.3565346523375972
3616.0 0.3535733464035942
3618.0 0.3489357009384159
3620.0 0.349622741051405
3622.0 0.35205514270417687
3624.0 0.3534452504906975
3626.0 0.3587523646854726
3628.0 0.3585948463212163
3630.0 0.36666366707318476
3632.0 0.38022815816232114
3634.0 0.3819011451315708
3636.0 0.37779606298263413
3638.0 0.3689894061960514
3640.0 0.36398817036721876
3642.0 0.37245624855568804
3644.0 0.3753841050687754
3646.0 0.3784925694587759
3648.0 0.390588645925763
3650.0 0.39082333516897166
3652.0 0.38414473420946227
3654.0 0.37715121654109934
3656.0 0.37134577639194377
3658.0 0.3761600912887936
3660.0 0.3800918522930779
3662.0 0.37132730753755266
3664.0 0.3653035204930738
3666.0 0.370216966723305
3668.0 0.37875298887468717
3670.0 0.380703895673879
3672.0 0.3785546845603857
3674.0 0.3814982353821805
3676.0 0.379658552996911
3678.0 0.37864860481647356
3680.0 0.3843505187568182
3682.0 0.38563671996407584
3684.0 0.382257321059332
3686.0 0.3795446987235239
3688.0 0.38300609436653354
3690.0 0.38258486408463444
3692.0 0.37451727459621986
3694.0 0.3736898417767098
3696.0 0.37636176674333804
3698.0 0.38060631609115053
3700.0 0.3797757208738474
3702.0 0.37752274563617805
3704.0 0.3743964344319863
3706.0 0.3735825966930387
3708.0 0.3714983944716373
3710.0 0.3550693100230422
3712.0 0.3454415309757918
3714.0 0.3412161021728438
3716.0 0.33713075730681236
3718.0 0.3350836593199805
3720.0 0.3147802244052955
3722.0 0.3045661461510082
3724.0 0.27882960646310434
3726.0 0.26078117797204114
3728.0 0.24727065002830567
3730.0 0.24910473816463974
3732.0 0.2584836392740741
3734.0 0.26318393822262043
3736.0 0.26508717431504447
3738.0 0.25845836224402613
3740.0 0.25074191734212253
3742.0 0.2479357348970367
3744.0 0.2435779935759875
3746.0 0.2422157538103594
3748.0 0.2460063253607296
3750.0 0.23936759422521936
3752.0 0.22777068468043563
3754.0 0.22258313559390197
3756.0 0.2138133771213545
3758.0 0.2047664317414674
3760.0 0.20728336926536858
3762.0 0.20154658217461402
3764.0 0.2001987861588843
3766.0 0.19315890168533859
3768.0 0.19284258739878574
3770.0 0.19674255601601123
3772.0 0.19089722271756313
3774.0 0.18240399905077392
3776.0 0.18220028221209394
3778.0 0.18637676102467113
3780.0 0.1904048107700574
3782.0 0.1900248285268089
3784.0 0.18825675249207124
3786.0 0.19059629003880477
3788.0 0.18855486895430854
3790.0 0.18918114074332237
3792.0 0.18817152118505281
3794.0 0.1926958422219493
3796.0 0.19576857421318317
3798.0 0.19732405738322512
3800.0 0.20129230769206144
3802.0 0.20676183842405
3804.0 0.20468045705372148
3806.0 0.20321757054210993
3808.0 0.20610071038563074
3810.0 0.20296625789971565
3812.0 0.2081805625765249
3814.0 0.21600766563801893
3816.0 0.2173274718390728
3818.0 0.22827845287491608
3820.0 0.23022887958472354
3822.0 0.23380208329680682
3824.0 0.23520273614872936
3826.0 0.2410956693451904
3828.0 0.24596894561957314
3830.0 0.24486984806890044
3832.0 0.2504557823712993
3834.0 0.25292126671847726
3836.0 0.2569850075873562
3838.0 0.2615084153054313
3840.0 0.26787860262712737
3842.0 0.2776993128912509
3844.0 0.2753881486673617
3846.0 0.2787381680564281
3848.0 0.2793788299601071
3850.0 0.2824980664896642
3852.0 0.28564695434355875
3854.0 0.29381538110995487
3856.0 0.2995445839194507
3858.0 0.29895548546039535
3860.0 0.3100835449059755
3862.0 0.31441239723224873
3864.0 0.3205572472608302
3866.0 0.32924014926316936
3868.0 0.33039749832312576
3870.0 0.3340730128468353
3872.0 0.3472262951967292
3874.0 0.351776013319921
3876.0 0.3512233043190615
3878.0 0.3547364378015071
3880.0 0.3689133379787625
3882.0 0.37601048581291774
3884.0 0.38422080223386434
3886.0 0.39299638536925874
3888.0 0.40383452920112844
3890.0 0.4145065060934049
3892.0 0.42021139666235774
3894.0 0.43171133230435066
3896.0 0.4364526005915287
3898.0 0.44403446799139235
3900.0 0.45231324426829533
3902.0 0.466424628639715
3904.0 0.4724978784050632
3906.0 0.48280972333419225
3908.0 0.4923547828071632
3910.0 0.4962612740653141
3912.0 0.497021232386342
3914.0 0.49909247419457153
3916.0 0.4962528391851568
3918.0 0.5019965070300904
3920.0 0.5017038497161921
3922.0 0.5005591190580109
3924.0 0.4977974169718691
3926.0 0.494981422096712
3928.0 0.4984648054909621
3930.0 0.49358940837026105
3932.0 0.4823594024372217
3934.0 0.486772226130332
3936.0 0.5028622687788178
3938.0 0.5164135670374892
3940.0 0.5298838384377695
3942.0 0.5377863049936723
3944.0 0.5475859556193192
3946.0 0.5506468016067191
3948.0 0.5643944667063235
3950.0 0.5719353343546255
3952.0 0.5752633400140896
3954.0 0.580558532884554
3956.0 0.5843791282779977
3958.0 0.5842013879960621
3960.0 0.5823847133651481
3962.0 0.5864913035540442
3964.0 0.5924128021161179
3966.0 0.5907918362514506
3968.0 0.5820168950712432
3970.0 0.5874992025906001
3972.0 0.6058282414250342
3974.0 0.6144885078176832
3976.0 0.6103743042515194
3978.0 0.605321135358242
3980.0 0.603790949983762
3982.0 0.6035638238982655
3984.0 0.6026591918564143
3986.0 0.6052953379697235
3988.0 0.6075129317893379
3990.0 0.6081073222485922
3992.0 0.6129348005664926
3994.0 0.6077803757507491
3996.0 0.6126545469982239
3998.0 0.617305990747014
4000.0 0.6134881741590555
4002.0 0.6179746552231885
4004.0 0.6198597901996501
4006.0 0.6202798341365815
4008.0 0.6200397983810131
4010.0 0.6150887546618168
4012.0 0.618605583402085
4014.0 0.6193022173054604
4016.0 0.6212933540193901
4018.0 0.6188848893126466
4020.0 0.6219092505552084
4022.0 0.6164045701691507
4024.0 0.6087753969668318
4026.0 0.6088830204277738
4028.0 0.6037133611812592
4030.0 0.601665046938684
4032.0 0.5965919563612485
4034.0 0.5929860034020406
4036.0 0.5976706401945071
4038.0 0.5985313906223044
4040.0 0.5962784065499529
4042.0 0.5849267769239233
4044.0 0.5853935980600327
4046.0 0.5798166992696282
4048.0 0.5735654772124427
4050.0 0.5729796312237571
4052.0 0.5699161958028282
4054.0 0.5666924230726066
4056.0 0.5676394289676574
4058.0 0.5687992453061175
4060.0 0.5668900288610454
4062.0 0.5629277560911682
4064.0 0.5594810713036255
4066.0 0.5555093683601118
4068.0 0.5540578045164083
4070.0 0.5535073038636439
4072.0 0.5528843347009396
4074.0 0.5492923423367568
4076.0 0.544169626196455
4078.0 0.539958159832208
4080.0 0.5351164728955117
4082.0 0.543163481387499
4084.0 0.5417316995332434
4086.0 0.5361660556841493
4088.0 0.5368804622242479
4090.0 0.5428283922924133
4092.0 0.542145974719369
4094.0 0.5379596400452731
4096.0 0.5325938608082883
4098.0 0.5377271148633853
4100.0 0.5295842101862058
4102.0 0.526105128108051
4104.0 0.5270551142995573
4106.0 0.5189246296777941
4108.0 0.5210909113854105
4110.0 0.5196243680864306
4112.0 0.5143923774560082
4114.0 0.5107706253226006
4116.0 0.5205864374716145
4118.0 0.517720367960787
4120.0 0.5125492178391255
4122.0 0.5228729752971638
4124.0 0.5289826057176131
4126.0 0.5294314635896861
4128.0 0.529887374175615
4130.0 0.5274958408343735
4132.0 0.524803275178162
4134.0 0.519272069793965
4136.0 0.519462649098104
4138.0 0.5203443142543709
4140.0 0.517324023623435
4142.0 0.5223637772637325
4144.0 0.5183440915238504
4146.0 0.5191466867247585
4148.0 0.513117231058091
4150.0 0.5107508542241164
4152.0 0.5214046208639669
4154.0 0.5175644864121565
4156.0 0.5159457466716805
4158.0 0.5101446473492485
4160.0 0.4998444350657621
4162.0 0.5146479663258309
4164.0 0.514405335584903
4166.0 0.5214314897964728
4168.0 0.5206900336172621
4170.0 0.5215231435093266
4172.0 0.5173880389047104
4174.0 0.5188293440176692
4176.0 0.5183057114100462
4178.0 0.5107264973476662
4180.0 0.5107587287236283
4182.0 0.5140472338889405
4184.0 0.510045572999678
4186.0 0.5126924259789767
4188.0 0.5104025652634213
4190.0 0.5120882900697166
4192.0 0.5152386515740246
4194.0 0.5214573456161223
4196.0 0.516375503634051
4198.0 0.5128837449456818
4200.0 0.5118375023422301
4202.0 0.5151205820319033
4204.0 0.5186504140086122
4206.0 0.5166198245684199
4208.0 0.5163500179867758
4210.0 0.518581165077406
4212.0 0.516479047370677
4214.0 0.5155354721431524
4216.0 0.5152252598587154
4218.0 0.5219885892668414
4220.0 0.515871910146377
4222.0 0.5158030823714518
4224.0 0.5147700688648259
4226.0 0.514030762278586
4228.0 0.5147708328121335
4230.0 0.5120745755921619
4232.0 0.5090777867864518
4234.0 0.5126663893321292
4236.0 0.5096438932498631
4238.0 0.5134688260711864
4240.0 0.5126481724283944
4242.0 0.5087083190439614
4244.0 0.503671809866514
4246.0 0.504266271275888
4248.0 0.5092389521256194
4250.0 0.5089396016854757
4252.0 0.5096800258781042
4254.0 0.5073845553607987
4256.0 0.5072848618601149
4258.0 0.506936118480759
4260.0 0.5113049273450647
4262.0 0.513199046861223
4264.0 0.5038086262296105
4266.0 0.5029641183853447
4268.0 0.5081309972064733
4270.0 0.5065237058188565
4272.0 0.5077030189874294
4274.0 0.5032106871528974
4276.0 0.49926346960189744
4278.0 0.5032718480113365
4280.0 0.5072554994980962
4282.0 0.5067622849327672
4284.0 0.5047183912520934
4286.0 0.5018021036003091
4288.0 0.49918571118263044
4290.0 0.5035357116556963
4292.0 0.506751387177665
4294.0 0.502199517265886
4296.0 0.4974196783957174
4298.0 0.49579956985987356
4300.0 0.4966774107574202
4302.0 0.4973026452667335
4304.0 0.49697572183797983
4306.0 0.4937703458327913
4308.0 0.4912373137607107
4310.0 0.4888983228168558
4312.0 0.48542520917327214
4314.0 0.4845415519378329
4316.0 0.4878486639678623
4318.0 0.4864334109189102
4320.0 0.48235708586565035
4322.0 0.47443764984842857
4324.0 0.47265869006702604
4326.0 0.47466737647190255
4328.0 0.4681498198080359
4330.0 0.4632791914916641
4332.0 0.45969444355294065
4334.0 0.456103823617942
4336.0 0.44760626868486153
4338.0 0.4378175851297129
4340.0 0.4336809676289895
4342.0 0.4283344603449878
4344.0 0.4252559767452191
4346.0 0.42313618675456827
4348.0 0.4235516407156324
4350.0 0.4187485297270423
4352.0 0.422160146066016
4354.0 0.41758034962574386
4356.0 0.40900821048809427
4358.0 0.4067117898196288
4360.0 0.4047205565655102
4362.0 0.406450276689844
4364.0 0.406340382353752
4366.0 0.40299942504273834
4368.0 0.40029341493504733
4370.0 0.39967293583572056
4372.0 0.3960356572843527
4374.0 0.4002832454814279
4376.0 0.40228005607762896
4378.0 0.40691570383894404
4380.0 0.40960006616667183
4382.0 0.41011402632047567
4384.0 0.4146484309204052
4386.0 0.4178497362133745
4388.0 0.42409344106396113
4390.0 0.4274927184622497
4392.0 0.432973722876262
4394.0 0.4364897221700158
4396.0 0.4392720806352864
4398.0 0.44486448948858065
4400.0 0.4500284042287331
4402.0 0.456025199433162
4404.0 0.46154314530642837
4406.0 0.4639893075481144
4408.0 0.4655417583360609
4410.0 0.4677210761395923
4412.0 0.46791031839263647
4414.0 0.46652780847915615
4416.0 0.4660980728236571
4418.0 0.46504651005885617
4420.0 0.4647891548093466
4422.0 0.4672047441782628
4424.0 0.46720216138956916
4426.0 0.4690550795053885
4428.0 0.47163823104147107
4430.0 0.47933358794325953
4432.0 0.4859793032258617
4434.0 0.49422444877637317
4436.0 0.496273427214555
4438.0 0.49724744544890453
4440.0 0.50526673947661
4442.0 0.5090573159359049
4444.0 0.5137395602392754
4446.0 0.5171341507369996
4448.0 0.5231892556386535
4450.0 0.5281992014740855
4452.0 0.5272799990243918
4454.0 0.5363597977245779
4456.0 0.5369628523306365
4458.0 0.5355399645505063
4460.0 0.5353744563189471
4462.0 0.5400863030811569
4464.0 0.542696622309349
4466.0 0.5427364596943999
4468.0 0.5432133172061305
4470.0 0.5440370874940773
4472.0 0.5439582923876352
4474.0 0.5443514650061513
4476.0 0.5434080988430195
4478.0 0.5481648644502071
4480.0 0.5510570322840627
4482.0 0.5528717424433243
4484.0 0.5522038491804676
4486.0 0.5541046492381133
4488.0 0.556319818762698
4490.0 0.559055045041677
4492.0 0.5622408834643878
4494.0 0.5644770440867187
4496.0 0.5661057264171429
4498.0 0.5641966733988996
4500.0 0.5696326717035356
4502.0 0.5752423737794858
4504.0 0.5768473123108545
4506.0 0.5763281204123639
4508.0 0.5822571454084395
4510.0 0.5870247440454208
4512.0 0.5872532180030828
4514.0 0.591622966961387
4516.0 0.5984227190584113
4518.0 0.6011046101847829
4520.0 0.6063439111093122
4522.0 0.6099370260813763
4524.0 0.619751199375357
4526.0 0.6265164159824281
4528.0 0.6303254593705181
4530.0 0.6363040709594202
4532.0 0.6421904581107047
4534.0 0.6443923220300344
4536.0 0.6440710799831082
4538.0 0.6465851761246745
4540.0 0.6483220092105431
4542.0 0.653742955306317
4544.0 0.6566711704554559
4546.0 0.6557058715546888
4548.0 0.6575943710241697
4550.0 0.663293612242138
4552.0 0.6629133221073624
4554.0 0.6656422149077093
4556.0 0.6711940819909875
4558.0 0.6727177099020678
4560.0 0.6727719678428257
4562.0 0.6759916717069065
4564.0 0.6830561781967343
4566.0 0.6899884158692193
4568.0 0.6937942193482722
4570.0 0.695175255042109
4572.0 0.6951634239223424
4574.0 0.6930361577191274
4576.0 0.694334875043363
4578.0 0.6929481103619112
4580.0 0.6895287546057937
4582.0 0.6860607491669375
4584.0 0.6821321276149775
4586.0 0.6786762118499626
4588.0 0.6750484919556355
4590.0 0.6697425241230655
4592.0 0.6670770293712307
4594.0 0.6694576450513909
4596.0 0.672771566722425
4598.0 0.6710094914426298
4600.0 0.6713020575014483
4602.0 0.6695033092405359
4604.0 0.6633099123326764
4606.0 0.6630827105747167
4608.0 0.6610172050701416
4610.0 0.6606472943760502
4612.0 0.660849190587999
4614.0 0.6589584829235743
4616.0 0.6552116422916319
4618.0 0.653107856051374
4620.0 0.6527324769959111
4622.0 0.651700770400865
4624.0 0.6533345919518716
4626.0 0.6501581375798398
4628.0 0.6490445317383223
4630.0 0.6505123252740286
4632.0 0.6538571785519517
4634.0 0.6616195142977064
4636.0 0.6599982360968183
4638.0 0.6602681846795679
4640.0 0.6596871459586109
4642.0 0.6613653755638482
4644.0 0.6641642403107341
4646.0 0.6640126912936993
4648.0 0.6603125379882846
4650.0 0.6542911404280795
4652.0 0.6524805845011349
4654.0 0.6514606080871365
4656.0 0.6500189277824561
4658.0 0.6499028522665646
4660.0 0.6495381640859625
4662.0 0.6469932458268922
4664.0 0.6470227388734039
4666.0 0.6485496094821857
4668.0 0.6467407065510242
4670.0 0.6443353754389578
4672.0 0.6439227751681985
4674.0 0.6409997409007007
4676.0 0.6413577094514573
4678.0 0.6436698930064212
4680.0 0.6495490884977749
4682.0 0.6536635566896492
4684.0 0.6569902924289641
4686.0 0.6623600829261147
4688.0 0.6692083156757197
4690.0 0.6702312626738713
4692.0 0.6690038114022259
4694.0 0.6711167997494847
4696.0 0.6721842208312114
4698.0 0.6751233233522346
4700.0 0.6771789499634866
4702.0 0.6779468842965884
4704.0 0.6771719841502017
4706.0 0.6760687957791307
4708.0 0.6762930746815209
4710.0 0.6740786315558659
4712.0 0.6714514698692431
4714.0 0.6724624260273298
4716.0 0.6730580818175202
4718.0 0.6710551041286419
4720.0 0.6657622903473844
4722.0 0.6586220887400931
4724.0 0.6473193349021439
4726.0 0.6430643482643412
4728.0 0.639991130898355
4730.0 0.6337927845406248
4732.0 0.634878395682538
4734.0 0.630307427389844
4736.0 0.6238637741464873
4738.0 0.6183547062009774
4740.0 0.6150660586799144
4742.0 0.6125535718111472
4744.0 0.6109320546271519
4746.0 0.6056980084916308
4748.0 0.6008204409799187
4750.0 0.5935783409759102
4752.0 0.5882993984893315
4754.0 0.5859681688387162
4756.0 0.5836268410077596
4758.0 0.5787089310054305
4760.0 0.578472899871967
4762.0 0.5771985018982158
4764.0 0.5755781213730786
4766.0 0.5708542231211129
4768.0 0.5663844785823557
4770.0 0.566795731302697
4772.0 0.5631133302683382
4774.0 0.56021042803803
4776.0 0.5589427469730084
4778.0 0.5555373332280124
4780.0 0.547211912298854
4782.0 0.5483227298059492
4784.0 0.5407200682633868
4786.0 0.5422220692262292
4788.0 0.5411910675659705
4790.0 0.5370992864726057
4792.0 0.5300385657676372
4794.0 0.5274072055195058
4796.0 0.5201011796519708
4798.0 0.5188321920965978
4800.0 0.5153334442470127
4802.0 0.5113310084038745
4804.0 0.5086344599856928
4806.0 0.5064673273299842
4808.0 0.5041379972554906
4810.0 0.49912939297855957
4812.0 0.4981057820126283
4814.0 0.49189971490896156
4816.0 0.48830152444182007
4818.0 0.4839314498333752
4820.0 0.48577348486389355
4822.0 0.4821310806584185
4824.0 0.4841391067419207
4826.0 0.48042215123811
4828.0 0.4806540660402673
4830.0 0.4761210531308186
4832.0 0.47151529692992356
4834.0 0.47642829677684456
4836.0 0.47198422698953013
4838.0 0.4720624135871749
4840.0 0.4657948410377442
4842.0 0.4629675435311431
4844.0 0.46383494227076943
4846.0 0.46063731552726467
4848.0 0.4596416350396501
4850.0 0.45883478101486164
4852.0 0.4545715826482467
4854.0 0.4519745120856639
4856.0 0.44892315175993275
4858.0 0.44900486789470634
4860.0 0.4457549504854922
4862.0 0.4421916508560772
4864.0 0.4372728623035047
4866.0 0.43634155370162014
4868.0 0.4328446513664785
4870.0 0.4319671781331072
4872.0 0.4316751030445691
4874.0 0.4319769088415862
4876.0 0.43039022129783144
4878.0 0.42884985992697877
4880.0 0.4269464869661191
4882.0 0.4253572572172322
4884.0 0.42509755445342406
4886.0 0.42972621201875644
4888.0 0.43187426313564686
4890.0 0.4323158050632209
4892.0 0.4355405216793045
4894.0 0.44148675598182485
4896.0 0.4416427846228241
4898.0 0.4498891892893647
4900.0 0.4560790349482301
4902.0 0.46477897612608937
4904.0 0.467217566965715
4906.0 0.47168873055145005
4908.0 0.4800352027586034
4910.0 0.4861683407616625
4912.0 0.4864626269932949
4914.0 0.4937572846074376
4916.0 0.5031874902385839
4918.0 0.5125300291144818
4920.0 0.5208835237332498
4922.0 0.5237624613994384
4924.0 0.5344068520978886
4926.0 0.539860984802972
4928.0 0.5420498912853331
4930.0 0.5535032886586578
4932.0 0.5579595976934526
4934.0 0.562959743718577
4936.0 0.569668141423627
4938.0 0.5742189196377164
4940.0 0.5812565548737536
4942.0 0.5890085811602827
4944.0 0.5956848431982186
4946.0 0.5990306054425965
4948.0 0.6042045883793357
4950.0 0.6090804648449915
4952.0 0.6151298773619052
4954.0 0.6231902678579054
4956.0 0.6282654651241317
4958.0 0.6319963719508436
4960.0 0.6350067289956961
4962.0 0.641863057721065
4964.0 0.6514683005573271
4966.0 0.6556216581408651
4968.0 0.6639969679500064
4970.0 0.6683402598816804
4972.0 0.6723969969478106
4974.0 0.6844843061180266
4976.0 0.6944016497701779
4978.0 0.6986195424974418
4980.0 0.7064005029814353
4982.0 0.713117827805883
4984.0 0.7100674173463651
4986.0 0.7087608907976096
4988.0 0.7101813842976874
4990.0 0.713588857241626
4992.0 0.7113543517609564
4994.0 0.7085439562378304
4996.0 0.7102740784412284
4998.0 0.7113950960119927
5000.0 0.7090154668158694
5002.0 0.7090987777459191
5004.0 0.7088220724013418
5006.0 0.7078803310408395
5008.0 0.7057117732758705
5010.0 0.7012983401567537
5012.0 0.7021457691273023
5014.0 0.7049280373191223
5016.0 0.706942450331839
5018.0 0.7048295730988627
5020.0 0.7033780263848673
5022.0 0.7013299319996903
5024.0 0.7045368112059116
5026.0 0.7036089743289359
5028.0 0.7022608045155174
5030.0 0.7066401496691423
5032.0 0.7026738992388992
5034.0 0.7015663516122741
5036.0 0.697203192521695
5038.0 0.6938003943766318
5040.0 0.6900815305873942
5042.0 0.6855398273827362
5044.0 0.6850826714272422
5046.0 0.678236968063917
5048.0 0.6711771078583036
5050.0 0.671286656040108
5052.0 0.6689512008136679
5054.0 0.6604745419962536
5056.0 0.6537474242250333
5058.0 0.6570623627539723
5060.0 0.6565592600800639
5062.0 0.6512569186442637
5064.0 0.6392966378295748
5066.0 0.6368773596408592
5068.0 0.638992686363925
5070.0 0.6405321304477026
5072.0 0.6437548357449897
5074.0 0.6384000605202126
5076.0 0.638847682391382
5078.0 0.6423875320650225
5080.0 0.6359452585778945
5082.0 0.635464917005874
5084.0 0.6415087547116552
5086.0 0.6414979000957644
5088.0 0.6397568225022879
5090.0 0.6392400604260275
5092.0 0.6501933344961535
5094.0 0.653562672105265
5096.0 0.6519028487905547
5098.0 0.653467531721673
5100.0 0.6495473189224626
5102.0 0.6449854507212702
5104.0 0.6463607433880443
5106.0 0.6471002889730019
5108.0 0.6501665078465889
5110.0 0.6517997725781097
5112.0 0.6461573165745679
5114.0 0.6497254563203063
5116.0 0.6563011803928218
5118.0 0.6674471592975232
5120.0 0.670949208572813
5122.0 0.6733960206205231
5124.0 0.6725847978706773
5126.0 0.6809957530515018
5128.0 0.6896324513384156
5130.0 0.692560633982623
5132.0 0.6934552253350881
5134.0 0.7031123512336748
5136.0 0.7124538518662785
5138.0 0.7093120137286338
5140.0 0.7071922989342421
5142.0 0.7084609988833227
5144.0 0.7150603237862032
5146.0 0.7102990219808988
5148.0 0.7111121688518579
5150.0 0.7167471808016835
5152.0 0.7184931481070759
5154.0 0.7159834266934477
5156.0 0.7156346448328211
5158.0 0.7243081618763375
5160.0 0.7287128620784374
5162.0 0.7252764370139453
5164.0 0.7272222438132852
5166.0 0.7317985765559233
5168.0 0.7347411770732675
5170.0 0.7370982356245611
5172.0 0.7385968889795214
5174.0 0.7334557281770018
5176.0 0.7287222005555712
5178.0 0.7282871748125745
5180.0 0.7231379595147712
5182.0 0.720711616025224
5184.0 0.7244535409926371
5186.0 0.7225134086925381
5188.0 0.7221145585295603
5190.0 0.7216147102832016
5192.0 0.7151886719729841
5194.0 0.7206601854067821
5196.0 0.7208821725740723
5198.0 0.7242649268908314
5200.0 0.7268888765686156
5202.0 0.7258103469935295
5204.0 0.7251035063874552
5206.0 0.7308820207111617
5208.0 0.7282229539163413
5210.0 0.7321932480115666
5212.0 0.7360316121711007
5214.0 0.7328310254477881
5216.0 0.7292513788544053
5218.0 0.7291214055565636
5220.0 0.7327573269179182
5222.0 0.7355474043292641
5224.0 0.7311430220986778
5226.0 0.7321304517897034
5228.0 0.7314276527634863
5230.0 0.7336517028250232
5232.0 0.7312103216619078
5234.0 0.7368182364173774
5236.0 0.7426444813835238
5238.0 0.741652112635458
5240.0 0.7414017095878048
5242.0 0.7416131566310037
5244.0 0.740395581944322
5246.0 0.7420466653060175
5248.0 0.7411391755005831
5250.0 0.7528435835409627
5252.0 0.753321634819436
5254.0 0.7579518712029921
5256.0 0.7602922644600212
5258.0 0.7676237184084828
5260.0 0.7712750124876888
5262.0 0.7703479250568785
5264.0 0.7708692776162132
5266.0 0.7718219926652695
5268.0 0.7746397206173984
5270.0 0.7761780405056506
5272.0 0.7744696405298682
5274.0 0.7743258300815856
5276.0 0.7768989230904838
5278.0 0.783701703183252
5280.0 0.7860830082637753
5282.0 0.781548574046267
5284.0 0.7817783397366432
5286.0 0.7796380024435202
5288.0 0.7829921344235325
5290.0 0.7848250954796734
5292.0 0.784653219756031
5294.0 0.7862630723441077
5296.0 0.7905209743327883
5298.0 0.7959168748468494
5300.0 0.7966071529229111
5302.0 0.8010721757268987
5304.0 0.7982501128182231
5306.0 0.8000857740750162
5308.0 0.8018373178389091
5310.0 0.8041358150113032
5312.0 0.806411383420101
5314.0 0.8061294512107096
5316.0 0.803068550324115
5318.0 0.8076349389442972
5320.0 0.7996749791256458
5322.0 0.793689551162156
5324.0 0.7884923314094404
5326.0 0.7891659531418694
5328.0 0.7869725651874725
5330.0 0.7888979562818362
5332.0 0.7818620830445009
5334.0 0.7787510188414573
5336.0 0.7852805059665249
5338.0 0.7810872604203626
5340.0 0.7790989384077881
5342.0 0.7822277641507839
5344.0 0.7841640172822987
5346.0 0.7808076655501125
5348.0 0.7852437278122311
5350.0 0.7861268557096602
5352.0 0.7848681534127498
5354.0 0.7849180419676441
5356.0 0.7813342311722453
5358.0 0.7873544273987545
5360.0 0.7868431830596532
5362.0 0.7888543868877953
5364.0 0.7859269370079802
5366.0 0.7861969267045622
5368.0 0.7867235379594335
5370.0 0.7896723912523096
5372.0 0.783039155302094
5374.0 0.7839967979978693
5376.0 0.7904401162547342
5378.0 0.7902384638639992
5380.0 0.7836005710455272
5382.0 0.780706208371925
5384.0 0.7887296162491662
5386.0 0.792930265543685
5388.0 0.7898378278221104
5390.0 0.786200248224091
5392.0 0.7867707808146284
5394.0 0.7818714148809798
5396.0 0.78147906345808
5398.0 0.7818681753196529
5400.0 0.7806842988011626
5402.0 0.7848153829338657
5404.0 0.788580623183712
5406.0 0.7813855592858767
5408.0 0.7793863125548963
5410.0 0.779929523133383
5412.0 0.7716713087460135
5414.0 0.7680087268076308
5416.0 0.7705414741506444
5418.0 0.7703714316500457
5420.0 0.7663020691553025
5422.0 0.7624086617161618
5424.0 0.7642368914506373
5426.0 0.7692299804791154
5428.0 0.7665230086328677
5430.0 0.7602932424555388
5432.0 0.7562858802451665
5434.0 0.755776249126105
5436.0 0.7468427414579358
5438.0 0.7441433683913129
5440.0 0.7433808519817382
5442.0 0.740440339362078
5444.0 0.7381192646291925
5446.0 0.7384504834544824
5448.0 0.7432637181414521
5450.0 0.7452022740431545
5452.0 0.7463312229500607
5454.0 0.7413438280902523
5456.0 0.7452668252055744
5458.0 0.7472393671892738
5460.0 0.7437778713010573
5462.0 0.7452589920919437
5464.0 0.7476732833351275
5466.0 0.7525157823787326
5468.0 0.747776603227572
5470.0 0.7315947905272807
5472.0 0.734262069045375
5474.0 0.7369972829327036
5476.0 0.7401475485663118
5478.0 0.7473328177364288
5480.0 0.7488240657067273
5482.0 0.749299108677135
5484.0 0.752872061352859
5486.0 0.7570305409358055
5488.0 0.7609446156481937
5490.0 0.752155689656103
5492.0 0.735467047337067
5494.0 0.7358094883862124
5496.0 0.7389231313589172
5498.0 0.7412955073782505
5500.0 0.7429579554074881
5502.0 0.7448375603131157
5504.0 0.7467604435366291
5506.0 0.7471873770682244
5508.0 0.7529519973175356
5510.0 0.7574339509943355
5512.0 0.7608549733482688
5514.0 0.7609034348108813
5516.0 0.7608159390098351
5518.0 0.7620298972223042
5520.0 0.758909085909595
5522.0 0.7585407551089373
5524.0 0.7605471715027398
5526.0 0.7621623912681352
5528.0 0.764665792846244
5530.0 0.7631004096354908
5532.0 0.7649974219966609
5534.0 0.7664562258626696
5536.0 0.7729195702903685
5538.0 0.7727013053611983
5540.0 0.7739501113536925
5542.0 0.770711699945781
5544.0 0.764700468768891
5546.0 0.7572754890424077
5548.0 0.7532772895988652
5550.0 0.7427020947788148
5552.0 0.734978136459377
5554.0 0.7324992352159044
5556.0 0.7401178143826487
5558.0 0.7351655549768831
5560.0 0.7333987369830115
5562.0 0.7304604093010364
5564.0 0.7269152514705457
5566.0 0.7375100608745067
5568.0 0.7459397389032206
5570.0 0.741105033750267
5572.0 0.7363136259630543
5574.0 0.7283634643153023
5576.0 0.7253791770015371
5578.0 0.7216470712872156
5580.0 0.7169603862297329
5582.0 0.715475124248669
5584.0 0.7139587517293668
5586.0 0.7141322617045931
5588.0 0.7052773201905272
5590.0 0.701141894504325
5592.0 0.7004432405039366
5594.0 0.6989559240622374
5596.0 0.6982329692787175
5598.0 0.6955648458061187
5600.0 0.6919724715676004
5602.0 0.6908656282696829
5604.0 0.6913386536708572
5606.0 0.6938965477148116
5608.0 0.695303414059941
5610.0 0.6958217380059569
5612.0 0.6932262100451972
5614.0 0.6919663858826083
5616.0 0.6926606875270759
5618.0 0.6905323455298596
5620.0 0.6900362125386688
5622.0 0.690681100426627
5624.0 0.6885051069684961
5626.0 0.6867780364855182
5628.0 0.6793652895511672
5630.0 0.6756426733104766
5632.0 0.6734280950122647
5634.0 0.6711443988643113
5636.0 0.6675620571166883
5638.0 0.6611598589894963
5640.0 0.6585686522265357
5642.0 0.6512752769519733
5644.0 0.6454023935474508
5646.0 0.6442012769875318
5648.0 0.6387160615069267
5650.0 0.6373863598405742
5652.0 0.6279908948682721
5654.0 0.6190826456145473
5656.0 0.6073997345645076
5658.0 0.6060410088461313
5660.0 0.5989125715881061
5662.0 0.5897771301671201
5664.0 0.5801869397361089
5666.0 0.5721213338238043
5668.0 0.565933000938384
5670.0 0.552321321231919
5672.0 0.5443227611756459
5674.0 0.5353656584205554
5676.0 0.5210082718513728
5678.0 0.5098585864480939
5680.0 0.49751841382082085
5682.0 0.48986550780022503
5684.0 0.48224740645239045
5686.0 0.475043345532545
5688.0 0.4693576940373129
5690.0 0.46100292654872355
5692.0 0.4485047235720375
5694.0 0.4389512629813345
5696.0 0.4306939332662878
5698.0 0.42375792591267375
5700.0 0.4200621074212924
5702.0 0.4144773404819004
5704.0 0.40936964697007155
5706.0 0.40272694764257483
5708.0 0.4000573369438587
5710.0 0.3957758266713802
5712.0 0.39514454363307266
5714.0 0.39170641381806115
5716.0 0.3917784075203865
5718.0 0.38893158495272107
5720.0 0.38759817167059
5722.0 0.3903384735424357
5724.0 0.3909189292472923
5726.0 0.396497185697176
5728.0 0.3971910610896944
5730.0 0.4020020591855747
5732.0 0.40891058329311697
5734.0 0.4136944149031218
5736.0 0.42226222207797853
5738.0 0.42395300260295876
5740.0 0.43939724534941615
5742.0 0.44370499814570546
5744.0 0.45617459683520195
5746.0 0.4662604576657671
5748.0 0.47735941440714313
5750.0 0.49018875041038407
5752.0 0.49555684567746794
5754.0 0.509406373693601
5756.0 0.5199302676567218
5758.0 0.5353485731296486
5760.0 0.5434363006676918
5762.0 0.5536140990017763
5764.0 0.5629465648638412
5766.0 0.5722547592431098
5768.0 0.5846585251843839
5770.0 0.5953627735639773
5772.0 0.610066080124311
5774.0 0.6205576672956211
5776.0 0.6318535851909023
5778.0 0.6412916220681181
5780.0 0.6492444597037671
5782.0 0.659722881864838
5784.0 0.6703442496043153
5786.0 0.6806994111319385
5788.0 0.693018229704286
5790.0 0.7036206458149864
5792.0 0.7145841130161322
5794.0 0.7245401151294258
5796.0 0.7331475229282159
5798.0 0.7436241746181931
5800.0 0.7497582576514086
5802.0 0.7588377793726179
5804.0 0.7699093110525372
5806.0 0.779771573940476
5808.0 0.7895274902929785
5810.0 0.804086835795295
5812.0 0.8168021230695677
5814.0 0.8290072077102129
5816.0 0.8400705295797047
5818.0 0.8502920637634612
5820.0 0.8638301063806448
5822.0 0.8746361086659583
5824.0 0.883721964023438
5826.0 0.8979159006019044
5828.0 0.9063183536167898
5830.0 0.917453614611729
5832.0 0.9233395597384126
5834.0 0.9322129823201845
5836.0 0.9368128919445907
5838.0 0.9473787984310327
5840.0 0.9535933548224559
5842.0 0.960772984984529
5844.0 0.9662900261639206
5846.0 0.9748452765199668
5848.0 0.98079243268109
5850.0 0.9823171526704656
5852.0 0.9828349300900735
5854.0 0.9832953868431353
5856.0 0.9849073289256298
5858.0 0.9885037584281557
5860.0 0.991142176372567
5862.0 0.9934348768374618
5864.0 0.9967558233475258
5866.0 0.9979475425267496
5868.0 1.0
5870.0 0.9963713528022918
5872.0 0.9903259783853795
5874.0 0.9874974053810589
5876.0 0.9821781868506655
5878.0 0.978122065983399
5880.0 0.9753220890324618
5882.0 0.9720214001919933
5884.0 0.9650160258365462
5886.0 0.960158658324619
5888.0 0.9524033677809096
5890.0 0.9403814836706588
5892.0 0.936425496283822
5894.0 0.9351682388428982
5896.0 0.9301688094847498
5898.0 0.9281157295094214
5900.0 0.9294319456977569
5902.0 0.9327158716901104
5904.0 0.9314341660148474
5906.0 0.9270295958199748
5908.0 0.9208647858136441
5910.0 0.9185260406168837
5912.0 0.9183414781060183
5914.0 0.9157042819075505
5916.0 0.9157347262835939
5918.0 0.912950347722245
5920.0 0.9132692789889916
5922.0 0.9125245839730435
5924.0 0.910873100191975
5926.0 0.9077342149838937
5928.0 0.8999506561405114
5930.0 0.8926397773487885
5932.0 0.8839770643724872
5934.0 0.8788073162487267
5936.0 0.8759248708975854
5938.0 0.8738773158355179
5940.0 0.870404805891065
5942.0 0.8686121142532586
5944.0 0.8653713642793586
5946.0 0.8601704228671523
5948.0 0.853539575266564
5950.0 0.8488353412816251
5952.0 0.844262020294703
5954.0 0.839317643805748
5956.0 0.8318816900678092
5958.0 0.8317585709818932
5960.0 0.8284533974726889
5962.0 0.8242702495426448
5964.0 0.8181965853258868
5966.0 0.8161247977830085
5968.0 0.8118142974955266
5970.0 0.8040355115525322
5972.0 0.798219306371536
5974.0 0.7946331511653009
5976.0 0.7893644039050007
5978.0 0.7852447731242391
5980.0 0.7812194125247299
5982.0 0.7755519602695069
5984.0 0.7702963647460931
5986.0 0.7630484641658799
5988.0 0.7549270255463046
5990.0 0.7494641199374283
5992.0 0.7473803482550153
5994.0 0.7439627322678164
5996.0 0.7404189803783867
5998.0 0.7358086315554164
6000.0 0.7321822038859673
6002.0 0.7266468406162132
6004.0 0.7239504486412717
6006.0 0.719530541689146
6008.0 0.7181457040524132
6010.0 0.7159085358587066
6012.0 0.7076425382399183
6014.0 0.7078628401156681
6016.0 0.7060839150305046
6018.0 0.7036711324166444
6020.0 0.7004437402120355
6022.0 0.6982034812789868
6024.0 0.7007151572433759
6026.0 0.6992432273370698
6028.0 0.6957127390791997
6030.0 0.6949307829856678
6032.0 0.6916038008294675
6034.0 0.6864138555523198
6036.0 0.684141340617065
6038.0 0.6803511805006777
6040.0 0.6777127096424779
6042.0 0.6737255624843064
6044.0 0.6712974474091773
6046.0 0.6679121891397453
6048.0 0.6640001813914792
6050.0 0.6603693729360447
6052.0 0.6573616705315379
6054.0 0.6521486363229344
6056.0 0.6502454824607415
6058.0 0.6505822678313417
6060.0 0.6493500219901958
6062.0 0.6472401251007566
6064.0 0.6484922352581801
6066.0 0.6497764088057572
6068.0 0.6533599618201187
6070.0 0.6519665997469034
6072.0 0.649900396707809
6074.0 0.6518119247945658
6076.0 0.6533448746143841
6078.0 0.6538899051835636
6080.0 0.6536993705502276
6082.0 0.6563210342440994
6084.0 0.6609531296991293
6086.0 0.6608170412951548
6088.0 0.6618117096053836
6090.0 0.6608906892610064
6092.0 0.6637413493642575
6094.0 0.6621816057980079
6096.0 0.6616138565309261
6098.0 0.6592401258838456
6100.0 0.6596846992057755
6102.0 0.6585140115881956
6104.0 0.6586280404084792
6106.0 0.6572264351605046
6108.0 0.6575908883223665
6110.0 0.6560502276931697
6112.0 0.6551364786944679
6114.0 0.6533004763322765
6116.0 0.6569366022826036
6118.0 0.6550573916549991
6120.0 0.6557117357063982
6122.0 0.6529960871651646
6124.0 0.6497722720717561
6126.0 0.6537650086727989
6128.0 0.6524796490522307
6130.0 0.6491558845366027
6132.0 0.6473646405794165
6134.0 0.6380241891090174
6136.0 0.6316346188137275
6138.0 0.6240389511179394
6140.0 0.6213627327467675
6142.0 0.6196135095969408
6144.0 0.6164261915785602
6146.0 0.6182399355695912
6148.0 0.6153950045662832
6150.0 0.6137495104829165
6152.0 0.6121817398759658
6154.0 0.6115362632334086
6156.0 0.6093712696611152
6158.0 0.6112884013771935
6160.0 0.610194882651426
6162.0 0.6108469166580248
6164.0 0.6084559185510287
6166.0 0.6067272846558533
6168.0 0.6038385907624277
6170.0 0.6031137917514625
6172.0 0.6044319077938475
6174.0 0.6000735774723616
6176.0 0.59794735360974
6178.0 0.5963889164152179
6180.0 0.5966899590637079
6182.0 0.5948428147207659
6184.0 0.5974971179583911
6186.0 0.5973703313173894
6188.0 0.5975863416953954
6190.0 0.6002511045234066
6192.0 0.6016514597688944
6194.0 0.6003043996984792
6196.0 0.6005023856473751
6198.0 0.5989881635243344
6200.0 0.600386916690897
6202.0 0.598767288432428
6204.0 0.5994039033282261
6206.0 0.6004744194423908
6208.0 0.5965683223923889
6210.0 0.5979171684862702
6212.0 0.5946638354842524
6214.0 0.5943149732538919
6216.0 0.59596717930182
6218.0 0.5932698960368209
6220.0 0.5926586400639087
6222.0 0.5931906198404993
6224.0 0.591992863609004
6226.0 0.5863939376818715
6228.0 0.5878177407268995
6230.0 0.5830169659664493
6232.0 0.5784706054567648
6234.0 0.5748578230649152
6236.0 0.5688830046639087
6238.0 0.5684388004114003
6240.0 0.5666415312935806
6242.0 0.5648068877346248
6244.0 0.5644033002032284
6246.0 0.5625776146286962
6248.0 0.5633979819728098
6250.0 0.5570111223087798
6252.0 0.5574344456194025
6254.0 0.5564136322067146
6256.0 0.564294424413466
6258.0 0.5656620014011667
6260.0 0.5682543586379892
6262.0 0.5658143248634514
6264.0 0.5577893506093665
6266.0 0.5528978191042994
6268.0 0.5471135081845642
6270.0 0.5397646397089207
6272.0 0.537239277555486
6274.0 0.5333387765970555
6276.0 0.5328553096354262
6278.0 0.5298061250760709
6280.0 0.5300630595573133
6282.0 0.5306472788920932
6284.0 0.5279687634473678
6286.0 0.5317647102238481
6288.0 0.5358731152725564
6290.0 0.5389379700426631
6292.0 0.546672985607746
6294.0 0.5535954280617211
6296.0 0.5616343739024487
6298.0 0.5627946187463749
6300.0 0.5692614588849391
6302.0 0.57387405534217
6304.0 0.5741747391669243
6306.0 0.5782941452795701
6308.0 0.5767098401668057
6310.0 0.5783225485320455
6312.0 0.5829188365933567
6314.0 0.5820171478118825
6316.0 0.5874781960620995
6318.0 0.5918862388586893
6320.0 0.6005610420510545
6322.0 0.6071081688054846
6324.0 0.6175975088713926
6326.0 0.6267689772864017
6328.0 0.6327956114017286
6330.0 0.6432461058091076
6332.0 0.6453364339648118
6334.0 0.654168169191807
6336.0 0.657122669519172
6338.0 0.6618446809741578
6340.0 0.666927970835951
6342.0 0.6627092742093683
6344.0 0.6651666372334708
6346.0 0.6706554166026607
6348.0 0.6755526788965613
6350.0 0.6732853366994498
6352.0 0.6792492952021505
6354.0 0.681481088949433
6356.0 0.6844655538762933
6358.0 0.6874259619376939
6360.0 0.6901993883581918
6362.0 0.6947429978081777
6364.0 0.6992651684899316
6366.0 0.7007031439111046
6368.0 0.7001811799122827
6370.0 0.7026365432328139
6372.0 0.7088901782456306
6374.0 0.7100952021744147
6376.0 0.7119317218955674
6378.0 0.7097558423116094
6380.0 0.7138510836713201
6382.0 0.7149717769494099
6384.0 0.7142103639262993
6386.0 0.7183930717092846
6388.0 0.7192211044151613
6390.0 0.7228179942487697
6392.0 0.7234433746304815
6394.0 0.7235842235383859
6396.0 0.7248358736780258
6398.0 0.7229215101577879
6400.0 0.7251803132899323
6402.0 0.7226214516434717
6404.0 0.7222743842610668
6406.0 0.7170836565159335
6408.0 0.7162793004932898
6410.0 0.7178413474644834
6412.0 0.7180446134129231
6414.0 0.7187077249978839
6416.0 0.7196328657784051
6418.0 0.719695292701773
6420.0 0.7218184513231267
6422.0 0.7191583739367938
6424.0 0.7185594491987349
6426.0 0.7218632856526416
6428.0 0.7215199375164102
6430.0 0.7216374239178406
6432.0 0.7247510975207337
6434.0 0.7244249156049801
6436.0 0.7241343269199313
6438.0 0.7191052252539287
6440.0 0.7155456437388852
6442.0 0.7122181224670773
6444.0 0.7085054422572075
6446.0 0.7037244448483955
6448.0 0.7005047978221297
6450.0 0.6949877526196137
6452.0 0.6905461858616928
6454.0 0.6864161823807288
6456.0 0.68149789266286
6458.0 0.677782975666553
6460.0 0.6714303608400193
6462.0 0.6682384940197316
6464.0 0.6651130959142528
6466.0 0.6594992908554341
6468.0 0.6568053012836333
6470.0 0.653435657281281
6472.0 0.6525348840506582
6474.0 0.6472664110358826
6476.0 0.642786247835313
6478.0 0.638873650017895
6480.0 0.6355171994190806
6482.0 0.6311360002320024
6484.0 0.6242817286215682
6486.0 0.6202853219243939
6488.0 0.6182308495435732
6490.0 0.6116209061812495
6492.0 0.6080619819090929
6494.0 0.6009962424497939
6496.0 0.5981864021052674
6498.0 0.5935951222315177
6500.0 0.587347557505223
6502.0 0.5838325756929873
6504.0 0.5777257288077802
6506.0 0.5743398786139517
6508.0 0.5698128924153231
6510.0 0.5662399026043253
6512.0 0.5657448805201986
6514.0 0.5621142168548182
6516.0 0.5599574655179785
6518.0 0.5559781364871103
6520.0 0.5553067867851819
6522.0 0.554334241727647
6524.0 0.5496548444318982
6526.0 0.5508701221029224
6528.0 0.5492469037273459
6530.0 0.5505047197759149
6532.0 0.5504529743802538
6534.0 0.5546977146433384
6536.0 0.5566062950075131
6538.0 0.5597304735040868
6540.0 0.5661837308468533
6542.0 0.5680318360306824
6544.0 0.5736757379827637
6546.0 0.5796102399708257
6548.0 0.5849996284977126
6550.0 0.5916254457908883
6552.0 0.5974517907399586
6554.0 0.6052557976607479
6556.0 0.6115123949949399
6558.0 0.6177582261220596
6560.0 0.6219073078995521
6562.0 0.627562094657561
6564.0 0.6301433481014458
6566.0 0.6325455926448613
6568.0 0.6473126843299307
6570.0 0.6544330278605973
6572.0 0.662927465611621
6574.0 0.6670163403331326
6576.0 0.673427352823044
6578.0 0.6806337160267638
6580.0 0.6848020918832732
6582.0 0.6904128428724096
6584.0 0.6962433957643878
6586.0 0.7014353925505445
6588.0 0.7051976300142174
6590.0 0.7116791283875504
6592.0 0.7162126346042759
6594.0 0.7189225684941063
6596.0 0.7225369264072617
6598.0 0.7284274053946337
6600.0 0.733076699250285
6602.0 0.7350347590701332
6604.0 0.7420948495768069
6606.0 0.7479983936763244
6608.0 0.7527128916836242
6610.0 0.7577313797220407
6612.0 0.7586564151456636
6614.0 0.7573249627233829
6616.0 0.7583118976139669
6618.0 0.7635235399779663
6620.0 0.7698252105433473
6622.0 0.7753372144013887
6624.0 0.7817039018253442
6626.0 0.7858914753801979
6628.0 0.7879987858693019
6630.0 0.7941437508672691
6632.0 0.799552234935603
6634.0 0.805311590628216
6636.0 0.8090656031376485
6638.0 0.811532173018809
6640.0 0.8101350734624868
6642.0 0.8109262953783511
6644.0 0.8143337633731539
6646.0 0.8168271235336194
6648.0 0.8182594124721364
6650.0 0.8199867772104998
6652.0 0.8195819716911021
6654.0 0.817612663345596
6656.0 0.8180716633415622
6658.0 0.8197933441186114
6660.0 0.8175396452606938
6662.0 0.817419402256421
6664.0 0.8160833516309799
6666.0 0.8125091905269738
6668.0 0.8102080577528625
6670.0 0.8079800811400264
6672.0 0.8058109609293199
6674.0 0.801170020220193
6676.0 0.7958577676390312
6678.0 0.7938102301917096
6680.0 0.7884419964703924
6682.0 0.7825176802314574
6684.0 0.778631283900007
6686.0 0.7758451815614175
6688.0 0.7705464259912826
6690.0 0.7643506648721113
6692.0 0.7633240451999233
6694.0 0.752941782208211
6696.0 0.7483552306667497
6698.0 0.7474718256731737
6700.0 0.7452941838904182
6702.0 0.7436744746641822
6704.0 0.7395281687843773
6706.0 0.7396043450934835
6708.0 0.7348910931063901
6710.0 0.7324489489447655
6712.0 0.7279909146735359
6714.0 0.7235230542325635
6716.0 0.7191551358091368
6718.0 0.7143422607770497
6720.0 0.7113765309484841
6722.0 0.7084150837203254
6724.0 0.710448383236912
6726.0 0.7061696380532798
6728.0 0.7055604920561257
6730.0 0.7037277407702126
6732.0 0.6977882541338406
6734.0 0.6922026576402489
6736.0 0.69060838119871
6738.0 0.6880958993654405
6740.0 0.6854669331129806
6742.0 0.6828992882773801
6744.0 0.6794373054211896
6746.0 0.6763047129747405
6748.0 0.673797459460789
6750.0 0.6689091458841991
6752.0 0.6662165899905188
6754.0 0.6635349707900112
6756.0 0.6612270630717793
6758.0 0.6582472501834933
6760.0 0.6536801177051043
6762.0 0.6504445838878903
6764.0 0.6448485325464878
6766.0 0.6450951015650743
6768.0 0.6423360493967595
6770.0 0.6376768872062774
6772.0 0.6367190561804277
6774.0 0.633006721708554
6776.0 0.6289193532893717
6778.0 0.624079776677443
6780.0 0.6237513872749683
6782.0 0.6192729256381551
6784.0 0.6154038008817434
6786.0 0.614607696628413
6788.0 0.611860826225314
6790.0 0.6081985939675856
6792.0 0.6043655859029189
6794.0 0.601995783972176
6796.0 0.5994837380910428
6798.0 0.5990096859919554
6800.0 0.5945107570175291
6802.0 0.5925580999535048
6804.0 0.5900039293692416
6806.0 0.5828303614360201
6808.0 0.581918354759648
6810.0 0.5784167687779791
6812.0 0.5762616993982906
6814.0 0.5733006158659135
6816.0 0.567131657284073
6818.0 0.5654083388607901
6820.0 0.5610750667557478
6822.0 0.5576453546996166
6824.0 0.5516041261593722
6826.0 0.5457855619252007
6828.0 0.5443463251794994
6830.0 0.5424838164354139
6832.0 0.5392126146198611
6834.0 0.5375200615364885
6836.0 0.5334085234786934
6838.0 0.5298636402763176
6840.0 0.5235062104322002
6842.0 0.5207787986020632
6844.0 0.5141863920891399
6846.0 0.51312790948966
6848.0 0.5066104754971887
6850.0 0.5008411886594449
6852.0 0.49765430307993186
6854.0 0.4921648016097118
6856.0 0.49276072850859926
6858.0 0.48828692920466416
6860.0 0.483839690243677
6862.0 0.4784576256225007
6864.0 0.47130713686529063
6866.0 0.4703635003834182
6868.0 0.46882348358743714
6870.0 0.46409628450845575
6872.0 0.4624747350229215
6874.0 0.46033291039389096
6876.0 0.45787692942161445
6878.0 0.45497629783864957
6880.0 0.4538097928379598
6882.0 0.45199998329165536
6884.0 0.4513349547846271
6886.0 0.45336965335652907
6888.0 0.4531713039172119
6890.0 0.45127816402371346
6892.0 0.4511945100461544
6894.0 0.4541687494729418
6896.0 0.45859851610417324
6898.0 0.4622877505448181
6900.0 0.4681219507437918
6902.0 0.4673239427014488
6904.0 0.47088880824033846
6906.0 0.4757610933870505
6908.0 0.4811926591394956
6910.0 0.48787868890474173
6912.0 0.4902557090925077
6914.0 0.5012463665411971
6916.0 0.5067001933063586
6918.0 0.515619996373993
6920.0 0.523480229643664
6922.0 0.5303222357370381
6924.0 0.5365159537532666
6926.0 0.542844417732421
6928.0 0.5553537632184341
6930.0 0.5613559191988873
6932.0 0.5732255051021063
6934.0 0.5831034756667615
6936.0 0.5926303133580115
6938.0 0.6015526780426247
6940.0 0.6092773851131812
6942.0 0.6194549038457383
6944.0 0.6241245010674751
6946.0 0.6329425880858685
6948.0 0.6428405427202831
6950.0 0.6498218868558437
6952.0 0.6563563401249203
6954.0 0.6641397642350384
6956.0 0.6698293044571313
6958.0 0.6767770259600182
6960.0 0.6809539993426978
6962.0 0.6861102000120137
6964.0 0.6918701212226074
6966.0 0.6972274949663699
6968.0 0.7020324245938069
6970.0 0.7085788243732101
6972.0 0.712647825190161
6974.0 0.7180467589068006
6976.0 0.7264259539964711
6978.0 0.731776885441117
6980.0 0.7386629103079904
6982.0 0.7446739540947526
6984.0 0.7521411006892857
6986.0 0.7561518225745147
6988.0 0.7606318894675862
6990.0 0.7677746913467137
6992.0 0.773049233773911
6994.0 0.7788907460273142
6996.0 0.7833902050181347
6998.0 0.7898080377032375
7000.0 0.792226244401273
7002.0 0.7969688224692978
7004.0 0.8034606998867313
7006.0 0.8083511357436372
7008.0 0.8138624067574649
7010.0 0.8205383253321735
7012.0 0.8242744555396111
7014.0 0.8281974637924486
7016.0 0.8341337199940951
7018.0 0.8392867990355518
7020.0 0.8407969675356567
7022.0 0.8441460640866658
7024.0 0.8439391848731074
7026.0 0.8462452833216758
7028.0 0.8469835813257409
7030.0 0.8461672441606582
7032.0 0.8448367509085826
7034.0 0.844029325992146
7036.0 0.8425058497815092
7038.0 0.8415414118476998
7040.0 0.8422706880941538
7042.0 0.8421848727760397
7044.0 0.8390458420357327
7046.0 0.8373650710952074
7048.0 0.8359575194440134
7050.0 0.8345981034214621
7052.0 0.8339707753526104
7054.0 0.8308376003026409
7056.0 0.8287947542584324
7058.0 0.823658968815216
7060.0 0.8186894119980581
7062.0 0.812645571531781
7064.0 0.8049696043327523
7066.0 0.7961792088868067
7068.0 0.7888374698293306
7070.0 0.7815420084931098
7072.0 0.7749382039491639
7074.0 0.7670690182252907
7076.0 0.7636559514001742
7078.0 0.7603677003872865
7080.0 0.7550133096159786
7082.0 0.7497133290744801
7084.0 0.7444503301211634
7086.0 0.7407016196930527
7088.0 0.7348724141284747
7090.0 0.7298724642297378
7092.0 0.7237067197018623
7094.0 0.7212157175910172
7096.0 0.7170006712541692
7098.0 0.7148365876157411
7100.0 0.7105353729675492
7102.0 0.7074026685669783
7104.0 0.704616324488797
7106.0 0.7007204417018401
7108.0 0.6959280740370754
7110.0 0.6922888769627193
7112.0 0.6897791181821971
7114.0 0.6848895458545897
7116.0 0.6801897988718298
7118.0 0.6737541810324293
7120.0 0.6701984865424967
7122.0 0.6660163326206548
7124.0 0.6640020828497161
7126.0 0.6637779515601914
7128.0 0.6637251592969559
7130.0 0.6650445978968674
7132.0 0.6643560026681674
7134.0 0.6603844487784086
7136.0 0.6593525643759244
7138.0 0.6559349132703814
7140.0 0.6554883273090336
7142.0 0.6554384357710764
7144.0 0.6546963077869065
7146.0 0.654947878182771
7148.0 0.6556663661871213
7150.0 0.6551335330007778
7152.0 0.6551325356407915
7154.0 0.6556201166606416
7156.0 0.6578041280660842
7158.0 0.6595265978437763
7160.0 0.6619411263454195
7162.0 0.6657953441857932
7164.0 0.6674277367550738
7166.0 0.6696816378418361
7168.0 0.6715642197496847
7170.0 0.6733068565782737
7172.0 0.6739213357540187
7174.0 0.6742910022681772
7176.0 0.6759578422333157
7178.0 0.6768778630409273
7180.0 0.6788596305691407
7182.0 0.6789719295593759
7184.0 0.6780982129902261
7186.0 0.6774948636516459
7188.0 0.677761765967823
7190.0 0.6762110015423549
7192.0 0.6778598375135234
7194.0 0.6787437754586757
7196.0 0.6812181406301697
7198.0 0.6841780515057064
7200.0 0.685560624538071
7202.0 0.6877942545960828
7204.0 0.6898058246276569
7206.0 0.6929769774488138
7208.0 0.6984949958536976
7210.0 0.7015937850153532
7212.0 0.703291851788717
7214.0 0.7067778679764729
7216.0 0.7099232735318829
7218.0 0.7153936746282168
7220.0 0.7187489455482472
7222.0 0.7223697182790887
7224.0 0.7238223131121998
7226.0 0.7235125682455871
7228.0 0.7253843696674264
7230.0 0.7312465694528931
7232.0 0.736584125876305
7234.0 0.7402837025154914
7236.0 0.7454132037571911
7238.0 0.750947525211378
7240.0 0.759657829312794
7242.0 0.7664538272321096
7244.0 0.772013453951724
7246.0 0.7800960074632851
7248.0 0.786054040566709
7250.0 0.7933501335863996
7252.0 0.7961780430532195
7254.0 0.7972036264570361
7256.0 0.7990387827001729
7258.0 0.8022472217899381
7260.0 0.8044025790055496
7262.0 0.8037012191893884
7264.0 0.8059593061703173
7266.0 0.8089951260090598
7268.0 0.811817735413155
7270.0 0.8123660463881007
7272.0 0.8122181253447207
7274.0 0.81129408307699
7276.0 0.8117294166612988
7278.0 0.8126274122829474
7280.0 0.8133813894327879
7282.0 0.8153056932785293
7284.0 0.8152512325144443
7286.0 0.8153088720402208
7288.0 0.8170411346535488
7290.0 0.8186645352055801
7292.0 0.8176066261044226
7294.0 0.8160364787381582
7296.0 0.8140701485879727
7298.0 0.809511281640172
7300.0 0.8042546436140985
7302.0 0.7985070695243003
7304.0 0.7970805492528549
7306.0 0.7933097716014933
7308.0 0.7903249478524589
7310.0 0.7856327186362114
7312.0 0.7823996801466739
7314.0 0.7818345246758787
7316.0 0.7797998485389868
7318.0 0.7771217626814632
7320.0 0.7739518957486661
7322.0 0.7719642588943133
7324.0 0.7684132989071343
7326.0 0.762774473650051
7328.0 0.7563443070128311
7330.0 0.7472302606848892
7332.0 0.7398937197996638
7334.0 0.7309519458826786
7336.0 0.725536150257446
7338.0 0.7204434401518257
7340.0 0.7153535265410826
7342.0 0.7100671818836878
7344.0 0.7036907287451994
7346.0 0.6995766360218127
7348.0 0.6942950092943253
7350.0 0.6903652974181145
7352.0 0.6859411287158865
7354.0 0.6829949083145066
7356.0 0.6805474059485604
7358.0 0.674861751628435
7360.0 0.6706127954513644
7362.0 0.6662923091070728
7364.0 0.6640029345383156
7366.0 0.6612268458775583
7368.0 0.6594579866221493
7370.0 0.6582082682206957
7372.0 0.6569825498365531
7374.0 0.6553137465369665
7376.0 0.6522528008933843
7378.0 0.6500709729003655
7380.0 0.648520051906407
7382.0 0.6478042383396931
7384.0 0.6459001172834135
7386.0 0.64156193959129
7388.0 0.6379241339759809
7390.0 0.6340808141527563
7392.0 0.6315552910555361
7394.0 0.6287757111607151
7396.0 0.6259930639500704
7398.0 0.6241292182338541
7400.0 0.6214681575837459
7402.0 0.6195400583973736
7404.0 0.6174275752656767
7406.0 0.6158097357928431
7408.0 0.6135766115096819
7410.0 0.6106522712002109
7412.0 0.6095266959715847
7414.0 0.6080669242906027
7416.0 0.6075758652588646
7418.0 0.6074128699698846
7420.0 0.6077442151540835
7422.0 0.6078046366658691
7424.0 0.6074869344562865
7426.0 0.6075053648799514
7428.0 0.6074818055019966
7430.0 0.6082183507735325
7432.0 0.6087736134423369
7434.0 0.6082922647612421
7436.0 0.6068522601292856
7438.0 0.6047957920937833
7440.0 0.6044746074682282
7442.0 0.6055036036251586
7444.0 0.6058787236377275
7446.0 0.6056761925499822
7448.0 0.6053589453996726
7450.0 0.6047251981308082
7452.0 0.6045994839223374
7454.0 0.6041563966707384
7456.0 0.602218620792583
7458.0 0.6002982784728228
7460.0 0.597466184575602
7462.0 0.5956572098677134
7464.0 0.5946933241429508
7466.0 0.592675826488274
7468.0 0.5918401552327736
7470.0 0.5897419876747703
7472.0 0.5881041562083119
7474.0 0.585037646231066
7476.0 0.5827966872263716
7478.0 0.5804191722251323
7480.0 0.5778121920063295
7482.0 0.5760796273013707
7484.0 0.5731937348135293
7486.0 0.5709673159713962
7488.0 0.5684352436411798
7490.0 0.5669377762983928
7492.0 0.5666044681583606
7494.0 0.5672741581365413
7496.0 0.566847531952997
7498.0 0.5668227506040063
7500.0 0.5668112487337801
7502.0 0.5646816270055349
7504.0 0.562728147330676
7506.0 0.561759139483314
7508.0 0.5602611095542835
7510.0 0.5588899957257464
7512.0 0.557090536346997
7514.0 0.5548405877592517
7516.0 0.5512513938968561
7518.0 0.5481093493627671
7520.0 0.5452476281040941
7522.0 0.5412906957248068
7524.0 0.5380085770270555
7526.0 0.5349754845783758
7528.0 0.5335518455384721
7530.0 0.531844511638894
7532.0 0.5301577582732822
7534.0 0.52868957646815
7536.0 0.5268202791842839
7538.0 0.5255620312252897
7540.0 0.5236874688011658
7542.0 0.5222774413635031
7544.0 0.5205990886701324
7546.0 0.519021390467634
7548.0 0.5175957773565586
7550.0 0.51567283375134
7552.0 0.5143957990391141
7554.0 0.5125866144634226
7556.0 0.5112061456236106
7558.0 0.5094863805027156
7560.0 0.5079354730610448
7562.0 0.5065525665720709
7564.0 0.5047172360345683
7566.0 0.5031802484360433
7568.0 0.5011126274099916
7570.0 0.49905570867129634
7572.0 0.49632070007777124
7574.0 0.49440158933777717
7576.0 0.49360711503020244
7578.0 0.4913854837138341
7580.0 0.48755001721017793
7582.0 0.48451612190926713
7584.0 0.48223119157454325
7586.0 0.4796922248724508
7588.0 0.48060297873372826
7590.0 0.48335695983150156
7592.0 0.4837500726564143
7594.0 0.4834590407441384
7596.0 0.4825025074314199
7598.0 0.48246619512789357
7600.0 0.48248350279721536
7602.0 0.48229143722044954
7604.0 0.48179482397254264
7606.0 0.48413187702889104
7608.0 0.4846541766916461
7610.0 0.48432691017236273
7612.0 0.4840823219075061
7614.0 0.4853628520911439
7616.0 0.4867602743943845
7618.0 0.48899225566576204
7620.0 0.49216467315698126
7622.0 0.49245679463211584
7624.0 0.49391031492253257
7626.0 0.4943930793209333
7628.0 0.49331202101469684
7630.0 0.4912533103142793
7632.0 0.4903264625991415
7634.0 0.4902614880923404
7636.0 0.48844693424408164
7638.0 0.4870261060003027
7640.0 0.4863500472866906
7642.0 0.48610010529731584
7644.0 0.4868345446684172
7646.0 0.4887636710876828
7648.0 0.4899962517080191
7650.0 0.49325180275978314
7652.0 0.498113883966207
7654.0 0.5014108440564181
7656.0 0.5066130210759227
7658.0 0.5110425960322179
7660.0 0.5146624178620798
7662.0 0.5169845278723095
7664.0 0.5180496323954785
7666.0 0.518891393860226
7668.0 0.5206575158989977
7670.0 0.5235306765190084
7672.0 0.5256777083107533
7674.0 0.5278600336450976
7676.0 0.5301272657730587
7678.0 0.5316126171192147
7680.0 0.5328057665171922
7682.0 0.5345088562865532
7684.0 0.5362462801021336
7686.0 0.537555642111575
7688.0 0.5390925419656296
7690.0 0.5406322009631325
7692.0 0.5409040326060407
7694.0 0.5400639873753261
7696.0 0.5383902304974366
7698.0 0.537250841641629
7700.0 0.5374546585259757
7702.0 0.5384987642726216
7704.0 0.5396592105493568
7706.0 0.5419047891936698
7708.0 0.5458744271558212
7710.0 0.5490650878390039
7712.0 0.5501996164215169
7714.0 0.5503586342485066
7716.0 0.5518535227201403
7718.0 0.555585460005999
7720.0 0.5596793116417366
7722.0 0.5663075440395192
7724.0 0.5737649518481758
7726.0 0.581695920059944
7728.0 0.586657747303217
7730.0 0.5893746850054818
7732.0 0.5902022439575839
7734.0 0.5900381714748987
7736.0 0.5899411519527294
7738.0 0.5899163514661319
7740.0 0.5888686446212329
7742.0 0.5889864213685754
7744.0 0.5884296634070209
7746.0 0.5886361965667141
7748.0 0.5896764772648962
7750.0 0.5917882037210864
7752.0 0.5934076396473738
7754.0 0.5939156915693328
7756.0 0.5948689053093126
7758.0 0.5972635502425087
7760.0 0.5980985199151546
7762.0 0.5974768729964689
7764.0 0.597130421727595
7766.0 0.5971110828671491
7768.0 0.598612789735501
7770.0 0.6018622615378798
7772.0 0.6035171475158134
7774.0 0.6033381056775656
7776.0 0.6045776160281696
7778.0 0.6066542709092754
7780.0 0.6083235794682373
7782.0 0.6094275086693858
7784.0 0.6080798729217407
7786.0 0.6062754140715495
7788.0 0.6035156067954675
7790.0 0.6011123622970531
7792.0 0.5993081795272635
7794.0 0.5978029639402462
7796.0 0.5978816874528288
7798.0 0.5982697571708397
7800.0 0.598008864191186
7802.0 0.5967428642905745
7804.0 0.5940564155267292
7806.0 0.5893113953869253
7808.0 0.5833732486396723
7810.0 0.5757737377399974
7812.0 0.5693382556853558
7814.0 0.5649621977291551
7816.0 0.5619195961216403
7818.0 0.5590145373708263
7820.0 0.5537760446829565
7822.0 0.5497956535863063
7824.0 0.5474289281812406
7826.0 0.5469257881639459
7828.0 0.5474943307516471
7830.0 0.547192578618664
7832.0 0.5451365552246081
7834.0 0.5421799586095382
7836.0 0.5386309708249803
7838.0 0.5348698295471559
7840.0 0.5332750664707808
7842.0 0.5323633938211619
7844.0 0.5314754180347528
7846.0 0.5313729340913494
7848.0 0.5300414983558019
7850.0 0.528470088308794
7852.0 0.5271464070879158
7854.0 0.5258961419258138
7856.0 0.5232246994742578
7858.0 0.5214898127323079
7860.0 0.5195209275062745
7862.0 0.5163764546701406
7864.0 0.5149146166899763
7866.0 0.5150591950960428
7868.0 0.5144116074367221
7870.0 0.5121320855214873
7872.0 0.509148688254148
7874.0 0.5063325995823448
7876.0 0.5041729265171424
7878.0 0.5042356286288446
7880.0 0.5043288511557491
7882.0 0.50386465214743
7884.0 0.5025759824081292
7886.0 0.501077856077847
7888.0 0.5002382531872505
7890.0 0.500083595123135
7892.0 0.4994970506122817
7894.0 0.5000118845164968
7896.0 0.49945105278449414
7898.0 0.49925174035236314
7900.0 0.4988785601572457
7902.0 0.4986928047537634
7904.0 0.4987009944945298
7906.0 0.497772384617846
7908.0 0.49692535416255373
7910.0 0.4967456975573896
7912.0 0.49622765250255296
7914.0 0.49400621543713447
7916.0 0.49372117685399564
7918.0 0.4938488701075073
7920.0 0.4924585405099139
7922.0 0.4908726053846448
7924.0 0.48920619957764117
7926.0 0.48713068799433795
7928.0 0.4850376286887278
7930.0 0.4839712960191208
7932.0 0.48330446931269205
7934.0 0.4822482065662131
7936.0 0.48230739054670174
7938.0 0.4834165829049751
7940.0 0.4829054734379721
7942.0 0.48173363991030527
7944.0 0.4805284464750407
7946.0 0.4793656318086272
7948.0 0.47691356105758587
7950.0 0.47688814985645145
7952.0 0.47652611442720055
7954.0 0.4775536825556112
7956.0 0.47788873517306824
7958.0 0.4779805882147786
7960.0 0.4776918767070054
7962.0 0.4767602581714518
7964.0 0.4748423078827811
7966.0 0.4723673072988137
7968.0 0.4704165890546386
7970.0 0.4684575815402731
7972.0 0.4674452389075302
7974.0 0.46839597471618455
7976.0 0.4687121692438821
7978.0 0.467926968327799
7980.0 0.46671096152990144
7982.0 0.46447948616869916
7984.0 0.46112916536002435
7986.0 0.45936211749887795
7988.0 0.4597048854377905
7990.0 0.461821192930596
7992.0 0.46440921689652903
7994.0 0.4646120606765253
7996.0 0.4642034082097117
7998.0 0.4633805100304641
8000.0 0.462489527939501
8002.0 0.4617812139702064
8004.0 0.46291059783333105
8006.0 0.46248606573290585
8008.0 0.46203173285998145
8010.0 0.46294562027997105
8012.0 0.4639785229025173
8014.0 0.4635115659336796
8016.0 0.4605335384241207
8018.0 0.45630424194622227
8020.0 0.4543893848373232
8022.0 0.45188112284111953
8024.0 0.4501176534203475
8026.0 0.44845533755683215
8028.0 0.44770518538056936
8030.0 0.44839067446331593
8032.0 0.4505279263543053
8034.0 0.45036571138839654
8036.0 0.44892137354604505
8038.0 0.4464909550840091
8040.0 0.4442451299166839
8042.0 0.4437731239232756
8044.0 0.4448693863672312
8046.0 0.44452356141510224
8048.0 0.4442178950272421
8050.0 0.44332755310992966
8052.0 0.44242974768208737
8054.0 0.4425275722338771
8056.0 0.44265489769770777
8058.0 0.44215831204191247
8060.0 0.4420652180832394
8062.0 0.4410951854822891
8064.0 0.43849799795989564
8066.0 0.4373200210018232
8068.0 0.4362696516560347
8070.0 0.435053490253969
8072.0 0.43593797419998864
8074.0 0.43477247633857147
8076.0 0.43236958767237255
8078.0 0.4312232118407794
8080.0 0.431037956135074
8082.0 0.43080601165935
8084.0 0.43103564882977224
8086.0 0.43007104076462194
8088.0 0.42820599880411203
8090.0 0.42809393548883024
8092.0 0.4265790243605722
8094.0 0.4248330827312188
8096.0 0.422904196641891
8098.0 0.422185802112865
8100.0 0.42321216789887894
8102.0 0.4258327670693014
8104.0 0.42716091269852036
8106.0 0.4271210131786289
8108.0 0.42570311448361314
8110.0 0.4225245139976347
8112.0 0.4196538513314411
8114.0 0.41735363141361603
8116.0 0.41670707931965517
8118.0 0.41481178206378305
8120.0 0.4131696283484026
8122.0 0.4117236132550691
8124.0 0.41134474200261223
8126.0 0.4110531226073387
8128.0 0.4112664338287031
8130.0 0.41122372338891006
8132.0 0.4095830883654771
8134.0 0.4081549901355159
8136.0 0.4073210002095187
8138.0 0.40587345065489083
8140.0 0.4044191157813181
8142.0 0.4035387094894844
8144.0 0.40218929885789034
8146.0 0.40092170705522695
8148.0 0.39939220611570514
8150.0 0.39981305704105774
8152.0 0.4008295241280908
8154.0 0.4017873003894007
8156.0 0.4022226984152677
8158.0 0.40407031098986806
8160.0 0.40237699884675554
8162.0 0.4022886885936362
8164.0 0.4025395563323466
8166.0 0.40382407256706726
8168.0 0.4045434849285536
8170.0 0.406153749423117
8172.0 0.40534588332430294
8174.0 0.4038591236485879
8176.0 0.40155152736454325
8178.0 0.39985803203676795
8180.0 0.3986573696392536
8182.0 0.39824484995484044
8184.0 0.39930442470655086
8186.0 0.3983498111866862
8188.0 0.39940491167216746
8190.0 0.40070248991819263
8192.0 0.4014893222940964
8194.0 0.4005389699034235
8196.0 0.40084090618848106
8198.0 0.3990539230413499
8200.0 0.3960274439865886
8202.0 0.39509648833874766
8204.0 0.3962202079066961
8206.0 0.3965060078068706
8208.0 0.39607331009088187
8210.0 0.3941588481605512
8212.0 0.39255290805186
8214.0 0.39211377528917374
8216.0 0.3950858138958943
8218.0 0.39800736377040125
8220.0 0.3974397050266231
8222.0 0.3951845673568226
8224.0 0.3920807757758085
8226.0 0.39047300043956035
8228.0 0.3884965868816508
8230.0 0.3883930971707399
8232.0 0.38627856034327207
8234.0 0.38505035031585844
8236.0 0.3840092202108517
8238.0 0.3823692078814881
8240.0 0.37986617641383147
8242.0 0.37861669993748187
8244.0 0.37887060922762933
8246.0 0.37818463255776813
8248.0 0.37844727656260563
8250.0 0.37758050222261125
8252.0 0.37525466789008377
8254.0 0.37449281101810356
8256.0 0.37438317193208165
8258.0 0.3731323746817899
8260.0 0.37284447584900543
8262.0 0.37267408884431624
8264.0 0.3696583819715386
8266.0 0.3655927352953551
8268.0 0.3648772667146611
8270.0 0.363856604249149
8272.0 0.36409688317216193
8274.0 0.3646815886711707
8276.0 0.3657547555673504
8278.0 0.36544306472359434
8280.0 0.36459811505111517
8282.0 0.3631385404191122
8284.0 0.3597572165696775
8286.0 0.35705529608863457
8288.0 0.3533067100096378
8290.0 0.3511911525836078
8292.0 0.350490076688831
8294.0 0.3519493314938782
8296.0 0.3526126369695797
8298.0 0.3523096225921988
8300.0 0.35106885305767954
8302.0 0.34823959189194287
8304.0 0.34556362929286394
8306.0 0.34278194286640074
8308.0 0.3431172745843525
8310.0 0.34270353016099037
8312.0 0.3410519080559064
8314.0 0.34125234753573513
8316.0 0.3422470493964896
8318.0 0.34347329071516514
8320.0 0.34390419679138506
8322.0 0.343756885215584
8324.0 0.3432703759754142
8326.0 0.3410716317836158
8328.0 0.3391004373543373
8330.0 0.3374723484424101
8332.0 0.33685701207856483
8334.0 0.33683622904681654
8336.0 0.3373608622595411
8338.0 0.3377864647218799
8340.0 0.33667587264042326
8342.0 0.33460921849398045
8344.0 0.33252435801077856
8346.0 0.3299627159566905
8348.0 0.328184755246045
8350.0 0.3287908994420683
8352.0 0.3302526556682705
8354.0 0.33270313142979985
8356.0 0.3351535137526951
8358.0 0.33861313819368566
8360.0 0.34084742347013863
8362.0 0.3423843985688564
8364.0 0.3430232284922372
8366.0 0.3448324145977972
8368.0 0.3484625347024838
8370.0 0.35160395900901253
8372.0 0.35650426017807996
8374.0 0.3615248110822002
8376.0 0.3649232533957969
8378.0 0.36619284265807184
8380.0 0.36682667570484917
8382.0 0.36734674932224104
8384.0 0.3669810929473358
8386.0 0.3683384810913014
8388.0 0.3703817643979072
8390.0 0.3734089655858264
8392.0 0.37519652458840014
8394.0 0.3783869747991852
8396.0 0.38496085822664283
8398.0 0.39158473328383786
8400.0 0.3989273186235572
8402.0 0.4055747904582525
8404.0 0.41115403984653776
8406.0 0.4153981439489363
8408.0 0.42203808889550215
8410.0 0.428991290466044
8412.0 0.43578481118224666
8414.0 0.4430919430306719
8416.0 0.44976939825968815
8418.0 0.45447595147632996
8420.0 0.46018922679753577
8422.0 0.46270949926026733
8424.0 0.4637509645716894
8426.0 0.46518561209066356
8428.0 0.4672363700765219
8430.0 0.47233589037046986
8432.0 0.47779042294537144
8434.0 0.48313330206973043
8436.0 0.49163799421720483
8438.0 0.5005011260785276
8440.0 0.5094395849005467
8442.0 0.516278278428425
8444.0 0.5204341790100404
8446.0 0.5238936735116196
8448.0 0.5290659664699557
8450.0 0.5359916794594486
8452.0 0.5431681239875824
8454.0 0.554163298986776
8456.0 0.561445141378639
8458.0 0.5684246054098042
8460.0 0.5737144286818614
8462.0 0.5778146610503634
8464.0 0.5803562117823741
8466.0 0.5804335645615493
8468.0 0.5820361259768759
8470.0 0.5809163543410385
8472.0 0.5801448804306911
8474.0 0.5793181168130297
8476.0 0.5794900747453223
8478.0 0.58519685431852
8480.0 0.592775180855448
8482.0 0.6051737529851843
8484.0 0.6163793064512866
8486.0 0.6293350279211609
8488.0 0.6355452811425987
8490.0 0.6386643139369791
8492.0 0.642204510258681
8494.0 0.6400458538572902
8496.0 0.6398208630285773
8498.0 0.6409106726704686
8500.0 0.6424116853885797
8502.0 0.6453347660794777
8504.0 0.6506126707984677
8506.0 0.652325483993995
8508.0 0.6557848812905192
8510.0 0.6557012342749045
8512.0 0.6537683927174557
8514.0 0.6500670567292036
8516.0 0.645171292768839
8518.0 0.6387463026507266
8520.0 0.6353328865873258
8522.0 0.6391012637125272
8524.0 0.6433576462753996
8526.0 0.6511811470735044
8528.0 0.6613365251997776
8530.0 0.6670132625993677
8532.0 0.6691138650830777
8534.0 0.6667673016724855
8536.0 0.6612080526878937
8538.0 0.6578465435406702
8540.0 0.6550586592611276
8542.0 0.6541561535021907
8544.0 0.6556042511235131
8546.0 0.6578466261195963
8548.0 0.6603884598695122
8550.0 0.6660174604966012
8552.0 0.6711129897500028
8554.0 0.6743473386920468
8556.0 0.6760895520663002
8558.0 0.67647592098149
8560.0 0.6724138595951707
8562.0 0.6689883779709054
8564.0 0.6700520928806578
8566.0 0.6703845463630607
8568.0 0.6742741077437979
8570.0 0.6819505371377129
8572.0 0.6888090754111637
8574.0 0.6962924405668843
8576.0 0.7043185627463072
8578.0 0.7085888926189466
8580.0 0.7083499597714369
8582.0 0.7064171125523412
8584.0 0.701672406644544
8586.0 0.6969965371752664
8588.0 0.6937668409508602
8590.0 0.6943660537236178
8592.0 0.7002448680183913
8594.0 0.7115085990459448
8596.0 0.7211515364817868
8598.0 0.7317662656965094
8600.0 0.7452509852884431
8602.0 0.7594141404586272
8604.0 0.7690995161260845
8606.0 0.7748516409947895
8608.0 0.7771308649780806
8610.0 0.7737000368626326
8612.0 0.7708339967188361
8614.0 0.7703685355200398
8616.0 0.7724313303699384
8618.0 0.7763892779489674
8620.0 0.7792512300160686
8622.0 0.7829778841701286
8624.0 0.7889596165575615
8626.0 0.7995546320288006
8628.0 0.8035818808570805
8630.0 0.8039785313615674
8632.0 0.8010452026531825
8634.0 0.7908654310678309
8636.0 0.7857385095974907
8638.0 0.7853465569219803
8640.0 0.7884229401154237
8642.0 0.7953752789343114
8644.0 0.8041055485615912
8646.0 0.8130019056309062
8648.0 0.8197464572366556
8650.0 0.8271743401091763
8652.0 0.8291530899535662
8654.0 0.8269219238697875
8656.0 0.8215730484714531
8658.0 0.8120230719978196
8660.0 0.803482765234544
8662.0 0.7961393654055112
8664.0 0.7897978526439677
8666.0 0.7898249280373099
8668.0 0.7976242279753043
8670.0 0.801478799043346
8672.0 0.8045183414698455
8674.0 0.8017759728506575
8676.0 0.7892928962647231
8678.0 0.7750945264361908
8680.0 0.7638861847562508
8682.0 0.7514875987893364
8684.0 0.7428245357273588
8686.0 0.73940892430065
8688.0 0.736671513889154
8690.0 0.7395976316626319
8692.0 0.7455824767484597
8694.0 0.7479865411256055
8696.0 0.7458947262070559
8698.0 0.7411579058205918
8700.0 0.7280723559493394
8702.0 0.7155518781037986
8704.0 0.7057244561070506
8706.0 0.6951089795819836
8708.0 0.6893520438166392
8710.0 0.6867075306904089
8712.0 0.6864756667572459
8714.0 0.6882008741215455
8716.0 0.6894399171888511
8718.0 0.6847959416840881
8720.0 0.6751425521074513
8722.0 0.6664058373511885
8724.0 0.6549578952162697
8726.0 0.6460382384089349
8728.0 0.6427354173324766
8730.0 0.6404869101341686
8732.0 0.6394798357343563
8734.0 0.6398656011594525
8736.0 0.6419298655059479
8738.0 0.6446225229905339
8740.0 0.6465534600181926
8742.0 0.6444472667929297
8744.0 0.6391047027523076
8746.0 0.6310384602047076
8748.0 0.6189877584426275
8750.0 0.6108425634976306
8752.0 0.6074265518895349
8754.0 0.6040091519144445
8756.0 0.6032971930751477
8758.0 0.6062739423667454
8760.0 0.6079082555755805
8762.0 0.6071155837050504
8764.0 0.6052493170878466
8766.0 0.5970247870795422
8768.0 0.5863195138859941
8770.0 0.5759423002752534
8772.0 0.5671862026087737
8774.0 0.5606324897931082
8776.0 0.5584539262803553
8778.0 0.5582340441581018
8780.0 0.5579750757919193
8782.0 0.5612076767328097
8784.0 0.5649561948125683
8786.0 0.5684221797484419
8788.0 0.5703734285642337
8790.0 0.5695788833062819
8792.0 0.5660708375771807
8794.0 0.56171799434998
8796.0 0.5553802314411148
8798.0 0.5454201382803283
8800.0 0.5389853853932892
8802.0 0.5370946643231883
8804.0 0.5376931649851476
8806.0 0.5394092207052644
8808.0 0.5425485429257234
8810.0 0.5443762586323516
8812.0 0.5456050430651536
8814.0 0.5461043380856673
8816.0 0.5435022999554575
8818.0 0.5377958040830244
8820.0 0.5325052571207797
8822.0 0.5228030321251339
8824.0 0.5134351188909622
8826.0 0.507633778372793
8828.0 0.5049746002291085
8830.0 0.5060237775081365
8832.0 0.5100917126864735
8834.0 0.513632771945573
8836.0 0.5158868188511271
8838.0 0.518019462936281
8840.0 0.5146172561553439
8842.0 0.5093140467184447
8844.0 0.5046499475455399
8846.0 0.5009539490925228
8848.0 0.4970981518870107
8850.0 0.4950343293490897
8852.0 0.49338860311519345
8854.0 0.4922979985147317
8856.0 0.49344791819287537
8858.0 0.4939748096717263
8860.0 0.4932460264518705
8862.0 0.4919468649587516
8864.0 0.4894665190022562
8866.0 0.48577127251652064
8868.0 0.4812501759227763
8870.0 0.47635063812141326
8872.0 0.47116507271230146
8874.0 0.46754900293208257
8876.0 0.4647834443384272
8878.0 0.4627438661609525
8880.0 0.4617226154343007
8882.0 0.46233317547127795
8884.0 0.46405506330492935
8886.0 0.4663423437222818
8888.0 0.4692747337180357
8890.0 0.4700640575993905
8892.0 0.46876761922887356
8894.0 0.4655169009464792
8896.0 0.4601329096849572
8898.0 0.4540103079586534
8900.0 0.4510070849001295
8902.0 0.44984800653368195
8904.0 0.45143037083706766
8906.0 0.45528120135699857
8908.0 0.4578498470358539
8910.0 0.45892371595939363
8912.0 0.45872222547641117
8914.0 0.4551721425061011
8916.0 0.4504879169076498
8918.0 0.4458274836249428
8920.0 0.4414503091182201
8922.0 0.4382785064041323
8924.0 0.43779394343242317
8926.0 0.43724024327345545
8928.0 0.4357731645732087
8930.0 0.4355096946590815
8932.0 0.43657245774475967
8934.0 0.43784135918177514
8936.0 0.43747033980652
8938.0 0.4374381769123636
8940.0 0.4371138370004394
8942.0 0.43637658945204455
8944.0 0.4336948084252949
8946.0 0.42860049661631433
8948.0 0.4232952928640817
8950.0 0.41979191509969443
8952.0 0.4169084110626629
8954.0 0.41509704073593623
8956.0 0.4157103913994624
8958.0 0.4168855419997556
8960.0 0.4183765356069867
8962.0 0.4204034498803371
8964.0 0.4219594213984081
8966.0 0.42140688827672307
8968.0 0.4198109569564105
8970.0 0.4164511193063202
8972.0 0.4114086940575574
8974.0 0.40878500671430473
8976.0 0.4084315401900275
8978.0 0.4104000689041565
8980.0 0.4136177573231785
8982.0 0.41614729464605715
8984.0 0.41842658428540125
8986.0 0.42138765233925657
8988.0 0.42572164567625764
8990.0 0.42767913248905326
8992.0 0.4280158711635401
8994.0 0.42696978614124337
8996.0 0.42404781970540123
8998.0 0.4227185008313435
9000.0 0.4214379845702284
9002.0 0.42032763144157925
9004.0 0.4205079508587622
9006.0 0.42075533381351354
9008.0 0.42128850559223013
9010.0 0.4227273552270045
9012.0 0.424408905108504
9014.0 0.4241154719242924
9016.0 0.4224958909421604
9018.0 0.419827205814079
9020.0 0.41594216143257834
9022.0 0.4131262448692415
9024.0 0.4103560028363754
9026.0 0.40843950745377505
9028.0 0.4086262133707446
9030.0 0.4107187092705109
9032.0 0.4122757303241961
9034.0 0.41325896095523407
9036.0 0.415619434901811
9038.0 0.4187088716146744
9040.0 0.4213160134006909
9042.0 0.42326031435018413
9044.0 0.4245842485666187
9046.0 0.42310094286230837
9048.0 0.4205450248677193
9050.0 0.417325388135381
9052.0 0.41403422804560597
9054.0 0.41246126039403647
9056.0 0.4128845920220993
9058.0 0.4144599047552553
9060.0 0.4163828632202586
9062.0 0.4191704380494611
9064.0 0.42092771602639606
9066.0 0.4229575485501134
9068.0 0.4243275820533599
9070.0 0.42231161601562944
9072.0 0.41947088810131933
9074.0 0.41712722714983674
9076.0 0.4152268014263489
9078.0 0.41415916993508245
9080.0 0.4150482366802433
9082.0 0.4162862862460253
9084.0 0.41779422764719687
9086.0 0.42081074843747984
9088.0 0.42288250517047693
9090.0 0.42409792037860555
9092.0 0.4247846883474028
9094.0 0.4231492487347879
9096.0 0.4185313806379015
9098.0 0.41410049486023487
9100.0 0.4113230001374522
9102.0 0.4101900885956347
9104.0 0.4114376419563914
9106.0 0.4124905321128349
9108.0 0.4112848926070399
9110.0 0.41108639666229535
9112.0 0.4127163537299057
9114.0 0.4145697057319536
9116.0 0.415125318765393
9118.0 0.4161086408078864
9120.0 0.4171062488874348
9122.0 0.4189851496603729
9124.0 0.41983296340075593
9126.0 0.41956785095576277
9128.0 0.4177930716214305
9130.0 0.41624044043471703
9132.0 0.4148977252270059
9134.0 0.4139890219556669
9136.0 0.4157147291112888
9138.0 0.4189972594105505
9140.0 0.42357169471184053
9142.0 0.42787271528252535
9144.0 0.4334573780207661
9146.0 0.436818955638625
9148.0 0.4363773582456925
9150.0 0.4309110441152429
9152.0 0.4248984928355882
9154.0 0.4237716354894696
9156.0 0.42331935747067595
9158.0 0.42293046703310727
9160.0 0.42565837680132157
9162.0 0.4315474934269991
9164.0 0.43694371301255375
9166.0 0.441239955368742
9168.0 0.4445782892160818
9170.0 0.4450187767266997
9172.0 0.4431542089532306
9174.0 0.43970974644337624
9176.0 0.43444996214506443
9178.0 0.43268380306033954
9180.0 0.43368507198354056
9182.0 0.43848412131059916
9184.0 0.4443734223157403
9186.0 0.45083252872421103
9188.0 0.45591702453269906
9190.0 0.4607812444060399
9192.0 0.4642016609110649
9194.0 0.4634966287279319
9196.0 0.46114143797807766
9198.0 0.4597651502177679
9200.0 0.46036467400892
9202.0 0.463375856398306
9204.0 0.47078160741846226
9206.0 0.4783816209352425
9208.0 0.4875451679227233
9210.0 0.49866249828626674
9212.0 0.5059767240522088
9214.0 0.5081500451936913
9216.0 0.5082765728423424
9218.0 0.5082654386787475
9220.0 0.5061024450722037
9222.0 0.5019069118561368
9224.0 0.49576183385315564
9226.0 0.48808743764484497
9228.0 0.4852926138796906
9230.0 0.48436920203839207
9232.0 0.48430365335757575
9234.0 0.4881392636696867
9236.0 0.4952514907575284
9238.0 0.5016965077348223
9240.0 0.5062611317667848
9242.0 0.5088892731346489
9244.0 0.5068855289676472
9246.0 0.5025764402109362
9248.0 0.4971199389020263
9250.0 0.4888781571937356
9252.0 0.48401698493403733
9254.0 0.48212882817512415
9256.0 0.4813364588428236
9258.0 0.48210655937106944
9260.0 0.4850820294510496
9262.0 0.48914185746978317
9264.0 0.494201379022999
9266.0 0.49849328345110777
9268.0 0.49742309754271624
9270.0 0.4932788475709056
9272.0 0.48638237859837774
9274.0 0.4766148417887766
9276.0 0.46688292991536634
9278.0 0.4616725536492763
9280.0 0.46003702322108536
9282.0 0.4631446314966677
9284.0 0.4692447778809142
9286.0 0.4724375402620043
9288.0 0.47438371922782024
9290.0 0.47831414604051936
9292.0 0.47551312763044495
9294.0 0.468806721889402
9296.0 0.4621552506727344
9298.0 0.45482858967514017
9300.0 0.44570934184777655
9302.0 0.44104631816680745
9304.0 0.4382373309522254
9306.0 0.4368799311949165
9308.0 0.43922727271039813
9310.0 0.44280892126213295
9312.0 0.4455054612975411
9314.0 0.446819927090268
9316.0 0.4464375843428255
9318.0 0.44197503554276124
9320.0 0.4357490877398007
9322.0 0.4294535104764429
9324.0 0.42548139872580226
9326.0 0.42945418698772414
9328.0 0.44022202388854925
9330.0 0.4410593040409357
9332.0 0.4396570302602063
9334.0 0.4356277960088945
9336.0 0.42952894330755703
9338.0 0.4288943272125629
9340.0 0.43206067032273254
9342.0 0.4360217280028595
9344.0 0.4380756211798108
9346.0 0.4395282528388826
9348.0 0.44077044838065926
9350.0 0.4390311410984707
9352.0 0.43983941130168497
9354.0 0.4409844038261581
9356.0 0.44045254799583156
9358.0 0.4376945244639616
9360.0 0.436868030796864
9362.0 0.4360792870474107
9364.0 0.4358990468183004
9366.0 0.4381229311069209
9368.0 0.4407703357908658
9370.0 0.4432820385719671
9372.0 0.4451141309946
9374.0 0.44731708487024757
9376.0 0.4484621010159627
9378.0 0.44865897356804285
9380.0 0.4484748379908331
9382.0 0.44833838136112875
9384.0 0.4477324296205592
9386.0 0.4471590230917517
9388.0 0.44746619987093755
9390.0 0.44658665289873994
9392.0 0.44467479122956316
9394.0 0.44388693061205564
9396.0 0.4433550854011408
9398.0 0.4437706738082642
9400.0 0.4448008189541608
9402.0 0.44438650050255524
9404.0 0.44037014419647663
9406.0 0.43383441984404475
9408.0 0.42985393327240423
9410.0 0.42963914388433494
9412.0 0.4319382497946669
9414.0 0.43424380321307476
9416.0 0.43475971865324026
9418.0 0.4310772453090175
9420.0 0.42347047911526875
9422.0 0.4201728575291645
9424.0 0.4219074622839665
9426.0 0.4248917976372647
9428.0 0.42976192762373455
9430.0 0.4360106812740939
9432.0 0.4374816257733113
9434.0 0.4329933049505445
9436.0 0.4284903115043387
9438.0 0.4278603783752105
9440.0 0.429915112961858
9442.0 0.4343265842061612
9444.0 0.43976486576250395
9446.0 0.4405311683453492
9448.0 0.43748750501122385
9450.0 0.4347140468014278
9452.0 0.43325862429320977
9454.0 0.4302434388567081
9456.0 0.42855336327853766
9458.0 0.4272747858776902
9460.0 0.42541604487445744
9462.0 0.4239084321696196
9464.0 0.4250310240627659
9466.0 0.4271563022462344
9468.0 0.42749160618972926
9470.0 0.4292030402289671
9472.0 0.43025249010044037
9474.0 0.4283692813265657
9476.0 0.42524370348186885
9478.0 0.42356553059001917
9480.0 0.4222617437821901
9482.0 0.42156387000993917
9484.0 0.42414536045595336
9486.0 0.4283446392409538
9488.0 0.43030178355882154
9490.0 0.4304933952371412
9492.0 0.4286416642540099
9494.0 0.4262316315759123
9496.0 0.42294322920687494
9498.0 0.41897274231264525
9500.0 0.4166081210072699
9502.0 0.4166586643736251
9504.0 0.4191516096891118
9506.0 0.4214237888203849
9508.0 0.42430244939149947
9510.0 0.42624211466751044
9512.0 0.42664432834858007
9514.0 0.4251372821782661
9516.0 0.42395757975848836
9518.0 0.42276230265247594
9520.0 0.42211667846647516
9522.0 0.42100385938047774
9524.0 0.4224399965098652
9526.0 0.4274183949561785
9528.0 0.43130547320653134
9530.0 0.43087044852889356
9532.0 0.4283849027310404
9534.0 0.42623446111094054
9536.0 0.4241264652609023
9538.0 0.4237102875221529
9540.0 0.4245975147454219
9542.0 0.423557805498186
9544.0 0.4202075474192986
9546.0 0.4166103668434661
9548.0 0.4155169046101331
9550.0 0.41655684756429884
9552.0 0.4190761916439548
9554.0 0.4221092388423538
9556.0 0.422325647050989
9558.0 0.42132966474642397
9560.0 0.42026357462326763
9562.0 0.41862666652484304
9564.0 0.4162758604490388
9566.0 0.41451445101119677
9568.0 0.41338790486990157
9570.0 0.41233569831774064
9572.0 0.4115451434094984
9574.0 0.41181736151482584
9576.0 0.4125705830065116
9578.0 0.41349927518573243
9580.0 0.4138964430159102
9582.0 0.4136500445568303
9584.0 0.41288667477008284
9586.0 0.41279321887364506
9588.0 0.41363457615145394
9590.0 0.4146980274363781
9592.0 0.4158594962711492
9594.0 0.4174881905860251
9596.0 0.4194615161738947
9598.0 0.42005679648716765
9600.0 0.41935598518574096
9602.0 0.41881206571862023
9604.0 0.4189384635749273
9606.0 0.41947487072984446
9608.0 0.41882368320525826
9610.0 0.4172370760996441
9612.0 0.41529552933800884
9614.0 0.4134968420279646
9616.0 0.4124227792141013
9618.0 0.4120879360931427
9620.0 0.4125802359180184
9622.0 0.41400232189439323
9624.0 0.4159560050404357
9626.0 0.41611689090820514
9628.0 0.4152523334310277
9630.0 0.41463174087806504
9632.0 0.414426229390983
9634.0 0.41416199743839505
9636.0 0.4136309426737175
9638.0 0.41271228322474013
9640.0 0.4119267723703891
9642.0 0.4116693035019057
9644.0 0.4123269636581365
9646.0 0.4142100370978878
9648.0 0.41645203194075947
9650.0 0.416843490866059
9652.0 0.41609888849261856
9654.0 0.41506148873089743
9656.0 0.4138272330106195
9658.0 0.41260931563718994
9660.0 0.41063611372518255
9662.0 0.40911174437254666
9664.0 0.4099502656985199
9666.0 0.4120702716045268
9668.0 0.41324112780515365
9670.0 0.4137260780587912
9672.0 0.41368399291219843
9674.0 0.41334663440207875
9676.0 0.4133056154464628
9678.0 0.41432535006577337
9680.0 0.4155260798643905
9682.0 0.41523409357403496
9684.0 0.41431339836152226
9686.0 0.41338911691664787
9688.0 0.4123321921519363
9690.0 0.41062440676091944
9692.0 0.4073521908014018
9694.0 0.40409583660760534
9696.0 0.40443827075753525
9698.0 0.406790865620782
9700.0 0.4081804319944526
9702.0 0.4087313582820227
9704.0 0.4084482750036974
9706.0 0.40747049784724265
9708.0 0.406371420263038
9710.0 0.4057344579627077
9712.0 0.40478977378992653
9714.0 0.40278937464603176
9716.0 0.40041333749163427
9718.0 0.3996256720068374
9720.0 0.40108823789537545
9722.0 0.40292942422534855
9724.0 0.4034842584946363
9726.0 0.4036334403644612
9728.0 0.4036085086234297
9730.0 0.4032112035589211
9732.0 0.4037242005998885
9734.0 0.4056480146542843
9736.0 0.4075121065233537
9738.0 0.40810906111250905
9740.0 0.4082445921582054
9742.0 0.4087742722074857
9744.0 0.4096565881569941
9746.0 0.4107215047766698
9748.0 0.41158651702697874
9750.0 0.411637355678143
9752.0 0.41056514424853413
9754.0 0.40862930298460653
9756.0 0.4056540170992795
9758.0 0.4022638006410663
9760.0 0.40052041709471803
9762.0 0.40054376108241063
9764.0 0.4011972461822804
9766.0 0.401593594563425
9768.0 0.4018747498101191
9770.0 0.40209271420629966
9772.0 0.40273489224636727
9774.0 0.40414780076538215
9776.0 0.4057034177235412
9778.0 0.4065746338600499
9780.0 0.40671279757178797
9782.0 0.40703182416048767
9784.0 0.4086802280516168
9786.0 0.410325256189961
9788.0 0.41006485792458874
9790.0 0.4089780779150592
9792.0 0.4088223237234352
9794.0 0.4101669173851009
9796.0 0.41104430038977147
9798.0 0.4100933663832243
9800.0 0.40931199134138563
9802.0 0.4103251079886005
9804.0 0.4119245752558335
9806.0 0.4132967831065735
9808.0 0.41446758659888244
9810.0 0.4150304718229584
9812.0 0.4147654622209369
9814.0 0.41488647591821737
9816.0 0.4170671403087344
9818.0 0.4194724424555551
9820.0 0.41938225594130407
9822.0 0.41774145509806776
9824.0 0.41697973673400596
9826.0 0.41736197796648994
9828.0 0.41713699385613395
9830.0 0.4147098183277349
9832.0 0.41249955895448015
9834.0 0.41357513991779
9836.0 0.4164280694234288
9838.0 0.4182342324298156
9840.0 0.4180611710004028
9842.0 0.4171776324374139
9844.0 0.41541813778118447
9846.0 0.41434393565259425
9848.0 0.41696830893471115
9850.0 0.4212808773390082
9852.0 0.4234390934016152
9854.0 0.42287932575724235
9856.0 0.4236568794813312
9858.0 0.42735869918993064
9860.0 0.4297107787567952
9862.0 0.4281192024061673
9864.0 0.4252665158286383
9866.0 0.42364876646365945
9868.0 0.42295797843787425
9870.0 0.42315285122146706
9872.0 0.42458871262484393
9874.0 0.42480736535512376
9876.0 0.423829779641679
9878.0 0.4240760963243061
9880.0 0.4254524673206735
9882.0 0.42789014969685246
9884.0 0.43011417219329995
9886.0 0.43100815696387873
9888.0 0.43127290477357566
9890.0 0.43167813990746395
9892.0 0.43127338922434716
9894.0 0.42878046451635476
9896.0 0.4251437524342067
9898.0 0.4226191151299541
9900.0 0.4219765436643848
9902.0 0.42216617288868613
9904.0 0.42277953083307324
9906.0 0.4230055139714626
9908.0 0.42251088015987753
9910.0 0.4223210098164635
9912.0 0.42301036637170647
9914.0 0.4241552932820283
9916.0 0.42488481650408194
9918.0 0.4244272742918453
9920.0 0.425257219508302
9922.0 0.4314725071188072
9924.0 0.43807386311302055
9926.0 0.4364009497959967
9928.0 0.42768300385708635
9930.0 0.42074711935473497
9932.0 0.4180061941349754
9934.0 0.4167487531981602
9936.0 0.41691540000110944
9938.0 0.41779599744923096
9940.0 0.4178272909190765
9942.0 0.4177302288805599
9944.0 0.4183961006792585
9946.0 0.41938286274800896
9948.0 0.42051219331081685
9950.0 0.4227883977457741
9952.0 0.4241001288032907
9954.0 0.4222503962061578
9956.0 0.4205921603808611
9958.0 0.4223271372616897
9960.0 0.426695152434272
9962.0 0.42993255341435893
9964.0 0.43105114788498544
9966.0 0.4307560816692887
9968.0 0.4298897344766773
9970.0 0.4288022363908683
9972.0 0.4274323730267421
9974.0 0.42641197363465555
9976.0 0.426610011071025
9978.0 0.4284478069227674
9980.0 0.42935173743107685
9982.0 0.4272228651497946
9984.0 0.42278689499675254
9986.0 0.41952470901062877
9988.0 0.4189540355102573
9990.0 0.41991758930194534
9992.0 0.42139469205909647
9994.0 0.4230214422743046
9996.0 0.4258380466942109
9998.0 0.4268528422468672
