# z obs_date
# 0 52280
3580.0 0.031944996153218316
3582.0 0.12123560764315511
3584.0 0.04455891243990866
3586.0 0.022434469004503355
3588.0 -0.18851934817860505
3590.0 -0.12113447285559578
3592.0 0.09766942999732944
3594.0 0.0654837542872334
3596.0 0.21161570474453095
3598.0 0.4664839002150033
3600.0 0.14346503209708916
3602.0 0.08932704394246745
3604.0 0.12154879393635769
3606.0 -0.08130548599470555
3608.0 -0.0634537050137732
3610.0 0.04758972097141243
3612.0 -0.07742999522709405
3614.0 -0.055582421386788275
3616.0 0.02648417108966587
3618.0 0.10887607580907416
3620.0 0.09434585794228346
3622.0 -0.020069103249008596
3624.0 -0.010540216299642241
3626.0 0.03213140359888636
3628.0 0.048483397341185085
3630.0 0.2923027218525515
3632.0 0.2599861266425935
3634.0 0.194116909041366
3636.0 0.12421557648616081
3638.0 0.15689023451217693
3640.0 0.048752706906895406
3642.0 0.05943641166686957
3644.0 0.1420054125159026
3646.0 0.022418368001501602
3648.0 0.07994492909038668
3650.0 0.18249134648509724
3652.0 0.24312962227583534
3654.0 0.17016952921422468
3656.0 0.11004019908576382
3658.0 0.1447600088238826
3660.0 0.18895815478484346
3662.0 0.05954450489143169
3664.0 0.016612818310230447
3666.0 -0.04732218587798538
3668.0 -0.09370795885129518
3670.0 0.001645437159661305
3672.0 0.08405662044602116
3674.0 -0.04055118033257787
3676.0 -0.010307058112098533
3678.0 -0.06845051874621944
3680.0 0.09973446705402246
3682.0 0.1089593303769724
3684.0 -0.19056158964611547
3686.0 -0.10032176242611517
3688.0 -0.010234371760749572
3690.0 0.13142412436768727
3692.0 0.09334721195289444
3694.0 -0.020651941398468907
3696.0 -0.11374307341332501
3698.0 -0.06257368459442612
3700.0 0.09430251901486107
3702.0 0.07397059466437901
3704.0 -0.04991867687283942
3706.0 0.016554411183131456
3708.0 -0.002475230528362512
3710.0 -0.1271054946250033
3712.0 -0.06831632837708743
3714.0 0.00981515577673705
3716.0 0.11823604120517281
3718.0 0.04994215039429644
3720.0 0.18046090687901378
3722.0 0.26394971401359213
3724.0 0.10952519784880797
3726.0 0.14793865821842125
3728.0 0.08998538779447332
3730.0 -0.00612369802301012
3732.0 -0.011132954124595038
3734.0 0.16792124872322808
3736.0 0.10696704545126778
3738.0 0.21379615389349454
3740.0 0.21919133532428314
3742.0 0.17643715052945377
3744.0 0.16365506936371393
3746.0 0.16962891602739566
3748.0 0.0899287045296627
3750.0 0.1496380032130945
3752.0 0.03962374602648207
3754.0 0.03695793189430773
3756.0 0.27217147960690075
3758.0 0.18002167898748725
3760.0 0.1758950651525615
3762.0 0.1361531272622077
3764.0 -0.022246347384444483
3766.0 0.1525687568547698
3768.0 0.00415022831778072
3770.0 0.042815588101856906
3772.0 0.09767130739370339
3774.0 0.12104615157080346
3776.0 0.16143451820360782
3778.0 0.09198704010256231
3780.0 0.19306939236060297
3782.0 0.15474600354115145
3784.0 0.1370157898876266
3786.0 0.17863057943802232
3788.0 0.2605457494876392
3790.0 0.17939002704413382
3792.0 0.1653927560437674
3794.0 0.13159077486166937
3796.0 0.1766139114604324
3798.0 0.09950330667410127
3800.0 0.06681082208704109
3802.0 0.10447616407519143
3804.0 0.12073351479389437
3806.0 0.11549132248713831
3808.0 0.09273484415380587
3810.0 0.24563890149664053
3812.0 0.1927908124838372
3814.0 0.13868605837892162
3816.0 0.1950912275529384
3818.0 0.14407310094687187
3820.0 0.14027096066637917
3822.0 0.1573121492063339
3824.0 0.13997121263077156
3826.0 0.16852884201930649
3828.0 0.07273314889841347
3830.0 0.06672861660241701
3832.0 0.12006156074944492
3834.0 0.23228794912056888
3836.0 0.15124814406021664
3838.0 0.13291841598152151
3840.0 0.06754180385925818
3842.0 0.05934871780242726
3844.0 0.09558850516532862
3846.0 0.07616510738368877
3848.0 0.2221277451468813
3850.0 0.057727959606008884
3852.0 0.004009365482314912
3854.0 0.05672476665540845
3856.0 0.11079000381380445
3858.0 0.20929034016883302
3860.0 0.17226100357230242
3862.0 0.03373209343004232
3864.0 -0.04637366410292931
3866.0 -0.011330131425302698
3868.0 0.03242419979314045
3870.0 0.14103525768548272
3872.0 0.0896244251909376
3874.0 0.04450568115059164
3876.0 0.06668444113345563
3878.0 0.08230903587015267
3880.0 0.09094904184004973
3882.0 0.08069423177353408
3884.0 0.041663868460050255
3886.0 0.08135058885047446
3888.0 0.10569367519563484
3890.0 0.034733859095969356
3892.0 0.07588722070836428
3894.0 0.07888202786506265
3896.0 -0.028410884554206324
3898.0 -0.010259275313857862
3900.0 0.04107486761553953
3902.0 0.06442795636851574
3904.0 -0.03234359824495239
3906.0 -0.01457894387971967
3908.0 0.038399039000361325
3910.0 0.06389632577479473
3912.0 0.10386434631911047
3914.0 0.16185616089152532
3916.0 0.03791237369140566
3918.0 0.08737234710283566
3920.0 0.13498425279001694
3922.0 0.14820259102242428
3924.0 0.12189507183656534
3926.0 0.08744363961808983
3928.0 0.08928189278212284
3930.0 0.1431633716578737
3932.0 0.19675390672225807
3934.0 0.23397740089753025
3936.0 0.06310765758423577
3938.0 0.12396737543378102
3940.0 0.14857691947292645
3942.0 0.19370507401752532
3944.0 0.22834810995915825
3946.0 0.20618812731103459
3948.0 0.1668823027810165
3950.0 0.15378990626870603
3952.0 0.14436390558489068
3954.0 0.12259462603063102
3956.0 0.09859991376104636
3958.0 0.17290005213279427
3960.0 0.1916603539415497
3962.0 0.13042262445459818
3964.0 0.1548354220833753
3966.0 0.17364658386509185
3968.0 0.15031703485587192
3970.0 0.12073896097611425
3972.0 0.20310498468524651
3974.0 0.22282720996740066
3976.0 0.17579434828854718
3978.0 0.1464731876614547
3980.0 0.11142467934642887
3982.0 0.06730636450069631
3984.0 0.1620298415645195
3986.0 0.1162818958577832
3988.0 0.1489303579401895
3990.0 0.26947368325030685
3992.0 0.1466043121310141
3994.0 0.16928299929080484
3996.0 0.16557753639235306
3998.0 0.10566566186727555
4000.0 0.09400757073149736
4002.0 0.06577953231661289
4004.0 0.09362762132086079
4006.0 0.14920493737293658
4008.0 0.14041505152893127
4010.0 -0.019287277196406636
4012.0 0.06913906481514086
4014.0 0.13373853291303558
4016.0 0.16277217381288647
4018.0 0.06437163696697115
4020.0 0.06586578553049982
4022.0 0.07343134335067289
4024.0 0.043927460782015065
4026.0 0.07311739338517785
4028.0 0.08520936797465033
4030.0 0.09913367778369475
4032.0 0.16388643128123032
4034.0 0.15798239857843577
4036.0 0.1067777034638438
4038.0 0.07034112572389824
4040.0 0.0853314788079997
4042.0 0.10143414543416027
4044.0 0.022559471717756737
4046.0 0.03664497598202407
4048.0 0.024963824180999617
4050.0 0.11233537028005953
4052.0 0.12478425782689424
4054.0 0.14189140861898486
4056.0 0.13548393833993755
4058.0 0.21127337750141137
4060.0 0.24119188516407286
4062.0 0.23188012381542
4064.0 0.1855950731752578
4066.0 0.21199666551172888
4068.0 0.19709440168286715
4070.0 0.12447375119575155
4072.0 0.1516184446595443
4074.0 0.20109944552135958
4076.0 0.27431752790144254
4078.0 0.1827523213967235
4080.0 0.19064597672237205
4082.0 0.22007303355217306
4084.0 0.18934754866737918
4086.0 0.16578530146793247
4088.0 0.1473928588583322
4090.0 0.10083902252199502
4092.0 0.15970659890950326
4094.0 0.17548697448577427
4096.0 0.1479056304454675
4098.0 0.16977590118116773
4100.0 0.17893773283426062
4102.0 0.20170007218168015
4104.0 0.17589024103266063
4106.0 0.1549705074885976
4108.0 0.11584001442032249
4110.0 0.08459686267000215
4112.0 0.1400135074239229
4114.0 0.1432188721951948
4116.0 0.13318242145000098
4118.0 0.08128637107064522
4120.0 0.10678124586267733
4122.0 0.1337699515574523
4124.0 0.16255369998763292
4126.0 0.13015195032034316
4128.0 0.10558244015177023
4130.0 0.11248573964906299
4132.0 0.08904983013972845
4134.0 0.11669155991721626
4136.0 0.177394696949637
4138.0 0.08378838506501017
4140.0 0.13104285502606922
4142.0 0.17683060988413277
4144.0 0.13881387186331334
4146.0 0.12223401352758566
4148.0 0.12231510507436964
4150.0 0.11452762923012848
4152.0 0.09876000407755213
4154.0 0.0996871311956639
4156.0 0.12139943306863718
4158.0 0.1507352658302214
4160.0 0.15497658496916375
4162.0 0.14561852403390033
4164.0 0.14120789750588517
4166.0 0.11436351895619384
4168.0 0.10363310504661737
4170.0 0.13730615590331346
4172.0 0.15845044896856864
4174.0 0.16807555467727425
4176.0 0.19041251263095255
4178.0 0.18460822113491895
4180.0 0.1346949330262158
4182.0 0.08911039329458699
4184.0 0.1374081457721228
4186.0 0.13669126013878619
4188.0 0.13778133553070693
4190.0 0.12656742275849828
4192.0 0.0862087563877277
4194.0 0.11583765263088398
4196.0 0.1390324893057234
4198.0 0.09914757327685288
4200.0 0.08750219653007979
4202.0 0.08449414058945248
4204.0 0.10429187464762632
4206.0 0.12301218404321361
4208.0 0.12846953962552066
4210.0 0.13385125268249218
4212.0 0.10162896704631544
4214.0 0.14379974621012886
4216.0 0.15803742366739965
4218.0 0.09619337042439913
4220.0 0.08961787081485631
4222.0 0.10731574073531483
4224.0 0.16214831363350898
4226.0 0.14268660587456541
4228.0 0.16433308490051213
4230.0 0.18913488903085066
4232.0 0.0983579551647613
4234.0 0.10739755487478937
4236.0 0.16727730074079633
4238.0 0.1365707005958113
4240.0 0.14309929915590114
4242.0 0.1436569784807017
4244.0 0.11753569207712072
4246.0 0.12418544319981958
4248.0 0.12429713986570114
4250.0 0.14137569529208577
4252.0 0.08888025019893464
4254.0 0.05784140025396163
4256.0 0.07445998082117176
4258.0 0.05927527187763925
4260.0 0.09332975627971547
4262.0 0.08349956359284114
4264.0 0.06360824168088824
4266.0 0.02456201342380995
4268.0 0.08848169486322292
4270.0 0.15130292945195692
4272.0 0.09733410404619773
4274.0 0.1248149353498449
4276.0 0.15224930616435478
4278.0 0.10875621241743141
4280.0 0.11904103427840737
4282.0 0.11592421638482636
4284.0 0.07821363137073441
4286.0 0.10350350908129603
4288.0 0.09795141708068604
4290.0 0.07082511296215345
4292.0 0.07933079467231198
4294.0 0.12435295248905874
4296.0 0.1262223965053015
4298.0 0.15590340644537665
4300.0 0.17965683118605402
4302.0 0.1513353694577032
4304.0 0.15693594974158742
4306.0 0.11089565558816045
4308.0 0.13720918926005632
4310.0 0.1737170317873486
4312.0 0.14764389269844852
4314.0 0.15722723693818383
4316.0 0.17841112946022097
4318.0 0.18058090745201344
4320.0 0.15798128963657201
4322.0 0.17080872290363652
4324.0 0.17782693185128312
4326.0 0.2012957612499474
4328.0 0.2105552973127043
4330.0 0.25114962221532977
4332.0 0.18725932402882536
4334.0 0.15752315203531883
4336.0 0.1704336250065292
4338.0 0.19195101269571296
4340.0 0.13923718735233084
4342.0 0.12195174759532754
4344.0 0.1429593612629821
4346.0 0.23970696286824447
4348.0 0.215830026095995
4350.0 0.1657047521761888
4352.0 0.14784924962745988
4354.0 0.13525000477905194
4356.0 0.11158564693178587
4358.0 0.12559622483972424
4360.0 0.1195518605305191
4362.0 0.17242618502513235
4364.0 0.20263848861757747
4366.0 0.1770740235255733
4368.0 0.15526320669413246
4370.0 0.1841479818901403
4372.0 0.1869367340331957
4374.0 0.11330918907649133
4376.0 0.11848882593801816
4378.0 0.18374999752407759
4380.0 0.18283568971292097
4382.0 0.19534059773428805
4384.0 0.16668432900493088
4386.0 0.14475956790708583
4388.0 0.12787595740583563
4390.0 0.12914520621375247
4392.0 0.13938518201636846
4394.0 0.184000452987017
4396.0 0.20574429144870893
4398.0 0.1906715192699956
4400.0 0.21126127866816485
4402.0 0.1909913442171301
4404.0 0.18776909829766966
4406.0 0.16046722497756416
4408.0 0.17208068580326005
4410.0 0.20561104755313703
4412.0 0.1625297171042251
4414.0 0.1256802892743922
4416.0 0.14575004203618397
4418.0 0.1326223750174522
4420.0 0.14341551435945177
4422.0 0.17225124279001638
4424.0 0.16796010873271863
4426.0 0.14497271179676688
4428.0 0.1874857222347373
4430.0 0.17015899265100545
4432.0 0.08546425768474174
4434.0 0.1570485105445572
4436.0 0.18961978222636305
4438.0 0.1971658879501412
4440.0 0.17848517705758946
4442.0 0.16391710900027603
4444.0 0.17031723288540615
4446.0 0.19928660656651592
4448.0 0.1474429852518513
4450.0 0.13810608540162359
4452.0 0.18164816008645215
4454.0 0.14699666192656502
4456.0 0.15170123044830636
4458.0 0.21261333138123242
4460.0 0.1719928915184637
4462.0 0.18411192821613306
4464.0 0.20340033015161144
4466.0 0.1901760279538784
4468.0 0.15301786868592826
4470.0 0.1365897149111642
4472.0 0.13919500389248712
4474.0 0.16465089079373113
4476.0 0.16041707818401998
4478.0 0.16892742859811186
4480.0 0.14790586953484758
4482.0 0.17147432885617228
4484.0 0.1479745663378288
4486.0 0.11445955376184419
4488.0 0.15940510195939972
4490.0 0.15600542042953258
4492.0 0.10891231008434438
4494.0 0.11829408277658074
4496.0 0.16075684065753554
4498.0 0.11926171815339161
4500.0 0.11646140827708192
4502.0 0.14137953847832932
4504.0 0.10818458150641533
4506.0 0.12394891877243776
4508.0 0.148685485179793
4510.0 0.14992982828726065
4512.0 0.13237951910653084
4514.0 0.16577417737884148
4516.0 0.15441333384115108
4518.0 0.14765546229319915
4520.0 0.16215420173821912
4522.0 0.1393983592457665
4524.0 0.08930910315435471
4526.0 0.12216550738769082
4528.0 0.13070690060996354
4530.0 0.14033732023411497
4532.0 0.11941987912661352
4534.0 0.13974696977387768
4536.0 0.12939108846585395
4538.0 0.15465455398676176
4540.0 0.15593679651196365
4542.0 0.14863413399843575
4544.0 0.15360150421770097
4546.0 0.16166664488030197
4548.0 0.1856460251897016
4550.0 0.20045698372381213
4552.0 0.2158697121991292
4554.0 0.22848811494057394
4556.0 0.22599177921345856
4558.0 0.21763235818493434
4560.0 0.19835832779865528
4562.0 0.21248513028122443
4564.0 0.24402506877760688
4566.0 0.23018894769446138
4568.0 0.19825036056260772
4570.0 0.2591499979891804
4572.0 0.2672536154281571
4574.0 0.22934596219090445
4576.0 0.2545470832830598
4578.0 0.2847790244528372
4580.0 0.2684537273614065
4582.0 0.27392496054410326
4584.0 0.30025439026242395
4586.0 0.2932790329527737
4588.0 0.2920128327414464
4590.0 0.3231673789395987
4592.0 0.30640918949955953
4594.0 0.30532708929366875
4596.0 0.31152933349221806
4598.0 0.3115325612065625
4600.0 0.3121556398525652
4602.0 0.2914564052961235
4604.0 0.28501729557626587
4606.0 0.27483932717676135
4608.0 0.24094724138399717
4610.0 0.2417555710757992
4612.0 0.2891098854553448
4614.0 0.29176309630771363
4616.0 0.30060390851689817
4618.0 0.2905124948940711
4620.0 0.2766603414032112
4622.0 0.31893605814773424
4624.0 0.309028744748131
4626.0 0.26234240070562725
4628.0 0.24121850508296142
4630.0 0.29672991666025816
4632.0 0.31730838392693544
4634.0 0.31786155080346007
4636.0 0.25927785732383246
4638.0 0.2951052454801665
4640.0 0.3027226246293443
4642.0 0.31921834243428165
4644.0 0.2748321091774323
4646.0 0.27453404348608573
4648.0 0.29207319224381734
4650.0 0.2641513182221247
4652.0 0.31078207760137183
4654.0 0.30261129013697236
4656.0 0.3038011994116145
4658.0 0.27876459576816587
4660.0 0.2927652795390388
4662.0 0.29867206311080574
4664.0 0.3159124944637616
4666.0 0.3332875256212253
4668.0 0.34132248882846106
4670.0 0.37143582512536794
4672.0 0.37321573456955676
4674.0 0.37022008696068825
4676.0 0.3639400890330254
4678.0 0.3375218131871518
4680.0 0.33397441545174744
4682.0 0.35253846211195367
4684.0 0.3599951076181132
4686.0 0.34536266329347465
4688.0 0.3133949534413731
4690.0 0.26717315257428625
4692.0 0.2997064173613925
4694.0 0.3127471385811155
4696.0 0.2863982780102341
4698.0 0.2914359481551761
4700.0 0.30331750935335056
4702.0 0.3097974813892421
4704.0 0.359993373076199
4706.0 0.3684135190495888
4708.0 0.35396090284551834
4710.0 0.32966259893939664
4712.0 0.3313816043162385
4714.0 0.3099449710932101
4716.0 0.2958696684282398
4718.0 0.3007132669800044
4720.0 0.3350852183463678
4722.0 0.33359228516076334
4724.0 0.2897868513276099
4726.0 0.30000982437997786
4728.0 0.3162475730653118
4730.0 0.3522436202302173
4732.0 0.3028481636711855
4734.0 0.28627322261342175
4736.0 0.27944733594034565
4738.0 0.3076117297744157
4740.0 0.27806482965649704
4742.0 0.26858120703345767
4744.0 0.23643096412480127
4746.0 0.24009263904685224
4748.0 0.2495290231298644
4750.0 0.22501865123260822
4752.0 0.2496701514839235
4754.0 0.2483352879271518
4756.0 0.23905997395729514
4758.0 0.2779740771421707
4760.0 0.2636497902650932
4762.0 0.2455049894710969
4764.0 0.2599861178405408
4766.0 0.2381855154957534
4768.0 0.23789089941934047
4770.0 0.2732461971789342
4772.0 0.257624121938359
4774.0 0.2438629952022784
4776.0 0.22914625080620363
4778.0 0.21949553703240104
4780.0 0.235444351697668
4782.0 0.24302461827546365
4784.0 0.22111372944045052
4786.0 0.23282708152821951
4788.0 0.23884533099645242
4790.0 0.22933135043161823
4792.0 0.23077711325942565
4794.0 0.2451253050387515
4796.0 0.26853645528546777
4798.0 0.24485481332007916
4800.0 0.2582990057900095
4802.0 0.2710931045078639
4804.0 0.2659566610739742
4806.0 0.28261733213729806
4808.0 0.29378328491216604
4810.0 0.3164578062356561
4812.0 0.253956723316482
4814.0 0.26895724882301486
4816.0 0.28237041644730493
4818.0 0.2716405355517007
4820.0 0.3056052901395022
4822.0 0.33108588971175257
4824.0 0.32931220416476215
4826.0 0.32515739053115456
4828.0 0.3208185908845182
4830.0 0.3153424811917959
4832.0 0.3122119313307871
4834.0 0.3113237565778058
4836.0 0.3101587632715826
4838.0 0.30830144332051235
4840.0 0.3072521295098272
4842.0 0.3060352173612153
4844.0 0.30469872377091634
4846.0 0.30318231831025705
4848.0 0.30198897883878784
4850.0 0.3010422125817285
4852.0 0.2991110644521333
4854.0 0.2980159136848255
4856.0 0.2971785096134722
4858.0 0.29517108509213397
4860.0 0.294046465578067
4862.0 0.293058480524481
4864.0 0.2914684149582798
4866.0 0.29006902657382005
4868.0 0.2889544571784108
4870.0 0.28775960278138313
4872.0 0.2928316289241746
4874.0 0.2994932775957793
4876.0 0.29294652875862276
4878.0 0.28388062602972225
4880.0 0.2862037558699801
4882.0 0.27031314745892193
4884.0 0.25347325395340625
4886.0 0.28615324427341987
4888.0 0.2847814835639244
4890.0 0.2699757427955991
4892.0 0.26845164947343286
4894.0 0.2650880425763025
4896.0 0.25015614248623297
4898.0 0.2533011241778595
4900.0 0.2505908790753157
4902.0 0.25459753821945486
4904.0 0.25216285829664636
4906.0 0.2623274379092649
4908.0 0.27027308721445775
4910.0 0.29235592316238224
4912.0 0.3107066725015524
4914.0 0.33099531617257083
4916.0 0.3125487902925256
4918.0 0.3502597122658625
4920.0 0.38128260692950666
4922.0 0.38807777045305275
4924.0 0.38276952876811393
4926.0 0.3774691657479376
4928.0 0.37542667243000677
4930.0 0.37075811382697543
4932.0 0.365558702133478
4934.0 0.3617478745474817
4936.0 0.3572445512131021
4938.0 0.35319312747576015
4940.0 0.3493671433593496
4942.0 0.34479067049906054
4944.0 0.34091878973606615
4946.0 0.3367384904962313
4948.0 0.33254748891851243
4950.0 0.32860238581389783
4952.0 0.32411590912666577
4954.0 0.32031704365750013
4956.0 0.3161510933565922
4958.0 0.31163560496461823
4960.0 0.30807774354751016
4962.0 0.30350514595110833
4964.0 0.2994534585595818
4966.0 0.2955985283910992
4968.0 0.29105700455039657
4970.0 0.2872888380859457
4972.0 0.2757503986779659
4974.0 0.2841990310288282
4976.0 0.2649126859193575
4978.0 0.2645217679971483
4980.0 0.2707400574963034
4982.0 0.2917342359818137
4984.0 0.30168945333858205
4986.0 0.3133578357747899
4988.0 0.31471250362832387
4990.0 0.32816341302059165
4992.0 0.33948149781923537
4994.0 0.34559535678337977
4996.0 0.350489154631895
4998.0 0.3570163448442828
5000.0 0.36353497491978476
5002.0 0.36865524558368296
5004.0 0.3745198391006687
5006.0 0.3812239803880563
5008.0 0.3869070179476136
5010.0 0.3921866791513399
5012.0 0.39873831811785715
5014.0 0.4051210389833545
5016.0 0.4100659748376485
5018.0 0.41619491902671035
5020.0 0.42316357015424594
5022.0 0.4282246642429646
5024.0 0.43373296240581943
5026.0 0.44080162981244986
5028.0 0.4464069928054379
5030.0 0.4514573774276571
5032.0 0.45159418000459484
5034.0 0.4531971457563175
5036.0 0.46792513076008385
5038.0 0.4737333242473462
5040.0 0.4856477706859763
5042.0 0.47998965637124813
5044.0 0.479420147589096
5046.0 0.4707152014471338
5048.0 0.4412853851648768
5050.0 0.4164035054757623
5052.0 0.4193697382152522
5054.0 0.422246695034854
5056.0 0.40807265096360484
5058.0 0.3890616882764784
5060.0 0.39027316616873836
5062.0 0.35751726845368315
5064.0 0.3365171390239432
5066.0 0.35972151025224125
5068.0 0.34735331037845285
5070.0 0.33288483657265133
5072.0 0.33966593944282
5074.0 0.33953492344952496
5076.0 0.35413410474374124
5078.0 0.34946887239479907
5080.0 0.37120081682977313
5082.0 0.3571382991789121
5084.0 0.33067771533477563
5086.0 0.3513262458394453
5088.0 0.37404499449293094
5090.0 0.36653794666001566
5092.0 0.3589621498432996
5094.0 0.33892725772929233
5096.0 0.31489366749730907
5098.0 0.3307673927070446
5100.0 0.3393263942604492
5102.0 0.33666423381711785
5104.0 0.3014158806141292
5106.0 0.2639564249167343
5108.0 0.23710821632142193
5110.0 0.23971480692071376
5112.0 0.26794814317020804
5114.0 0.28333913926627013
5116.0 0.2710589498042532
5118.0 0.26848771922128806
5120.0 0.2853160747626032
5122.0 0.2946953727981544
5124.0 0.275045382084657
5126.0 0.2793415542815573
5128.0 0.29319504046259937
5130.0 0.27975917540495904
5132.0 0.2662759441145072
5134.0 0.2686637258884129
5136.0 0.24114111829502488
5138.0 0.22907390429031105
5140.0 0.23106584718921733
5142.0 0.2318554882001354
5144.0 0.23341521356675926
5146.0 0.2452590911523216
5148.0 0.25524672630207257
5150.0 0.2826514276683877
5152.0 0.25780642879364024
5154.0 0.2715945643409312
5156.0 0.28995805648742257
5158.0 0.271642903224301
5160.0 0.290892261079797
5162.0 0.3153956958390603
5164.0 0.31570463122294623
5166.0 0.3167652314205962
5168.0 0.3254886458930949
5170.0 0.31368040378296774
5172.0 0.3062056901295903
5174.0 0.30394656564653777
5176.0 0.33242442524396904
5178.0 0.34864997756218885
5180.0 0.37124998963878497
5182.0 0.36619923766344276
5184.0 0.3495746820561347
5186.0 0.32786198339269035
5188.0 0.30681322723253274
5190.0 0.3538509675404769
5192.0 0.35802765740875153
5194.0 0.35723838815240216
5196.0 0.34790492369065346
5198.0 0.32348811279587075
5200.0 0.3345152462429594
5202.0 0.3411036412619486
5204.0 0.32902288112292516
5206.0 0.34219175030130783
5208.0 0.3413184572212056
5210.0 0.3247191618052629
5212.0 0.32741653435171353
5214.0 0.3346664453662463
5216.0 0.32316145163599796
5218.0 0.3345849906886618
5220.0 0.32839350636699427
5222.0 0.342851343680624
5224.0 0.3514319124170034
5226.0 0.3474710402372179
5228.0 0.33405694564395516
5230.0 0.33322795118618925
5232.0 0.3286098591105369
5234.0 0.3296107305140009
5236.0 0.3200367162643193
5238.0 0.3062665220596714
5240.0 0.3038781090741317
5242.0 0.30154244300343497
5244.0 0.3087210633917472
5246.0 0.30371600674201965
5248.0 0.30955563894139265
5250.0 0.3276492567373844
5252.0 0.3369282033151967
5254.0 0.3437117133184339
5256.0 0.3541365513081337
5258.0 0.36081565237593693
5260.0 0.3653381683578276
5262.0 0.34013516785026904
5264.0 0.35902440163590243
5266.0 0.3699483557145676
5268.0 0.3739941076053692
5270.0 0.40453811404069756
5272.0 0.3968876377164113
5274.0 0.412346947428409
5276.0 0.45148395181563733
5278.0 0.43714669141207074
5280.0 0.4346411114487358
5282.0 0.4132842296029515
5284.0 0.4095044001268577
5286.0 0.4013521066543554
5288.0 0.40724936503078724
5290.0 0.3914715724367812
5292.0 0.3739608805175506
5294.0 0.3655710484122936
5296.0 0.36781902274187533
5298.0 0.34489365577054865
5300.0 0.3448482733123043
5302.0 0.3371952984368927
5304.0 0.34320558126916156
5306.0 0.3475146233072713
5308.0 0.3653563587749034
5310.0 0.37007399694984916
5312.0 0.36035768788193984
5314.0 0.3561966903037463
5316.0 0.37957826099677106
5318.0 0.39910347166110116
5320.0 0.4120210258228128
5322.0 0.4136436242455212
5324.0 0.4466544150166502
5326.0 0.444152162464638
5328.0 0.4514520743709795
5330.0 0.4683817849301458
5332.0 0.45774755509032977
5334.0 0.44390322094373935
5336.0 0.4411333386322658
5338.0 0.4343940916636602
5340.0 0.43690334304309214
5342.0 0.4288362103345548
5344.0 0.4098363745165682
5346.0 0.38536959937118004
5348.0 0.39859457737297044
5350.0 0.40381952947032046
5352.0 0.39474509394812163
5354.0 0.4095681548391735
5356.0 0.39623859511946463
5358.0 0.4167554571385237
5360.0 0.4092139545031502
5362.0 0.41697416970714335
5364.0 0.3950286237418078
5366.0 0.38967325610061204
5368.0 0.37853664546840987
5370.0 0.3865098200510031
5372.0 0.4231810130574331
5374.0 0.4129008867836089
5376.0 0.4090571750123646
5378.0 0.4083867143232891
5380.0 0.3942337184153996
5382.0 0.4101899767831484
5384.0 0.4137443885989348
5386.0 0.4165721872713423
5388.0 0.42083984136902935
5390.0 0.41589018467940686
5392.0 0.42949437053333084
5394.0 0.42934572284309597
5396.0 0.40900909871248115
5398.0 0.4052089316815593
5400.0 0.38962240039129714
5402.0 0.3743520847029626
5404.0 0.38350468781089214
5406.0 0.39532913192768626
5408.0 0.3971754438030141
5410.0 0.37434672800946495
5412.0 0.40054152297602674
5414.0 0.41391300825827176
5416.0 0.423690477921477
5418.0 0.4455313174216954
5420.0 0.45246598451070064
5422.0 0.4468447135246434
5424.0 0.47341498983640456
5426.0 0.4728680786955616
5428.0 0.46811711040908205
5430.0 0.4624331481682598
5432.0 0.4865539253153088
5434.0 0.49013055977556147
5436.0 0.5089816882315472
5438.0 0.5162984552411224
5440.0 0.4987767741665119
5442.0 0.48878559908965874
5444.0 0.5421242739707731
5446.0 0.527854655554098
5448.0 0.5099624547155377
5450.0 0.5161214969768374
5452.0 0.5235437835358271
5454.0 0.5047434947960884
5456.0 0.48891144199167635
5458.0 0.4818910976410484
5460.0 0.45327470945267884
5462.0 0.4460969606466017
5464.0 0.45826628195434116
5466.0 0.44598305179167086
5468.0 0.4450904024000779
5470.0 0.4387408978316929
5472.0 0.456235303416651
5474.0 0.45827724053660296
5476.0 0.4463539034494572
5478.0 0.4337791764602942
5480.0 0.4244939305886144
5482.0 0.41754213430337056
5484.0 0.41630210378046445
5486.0 0.4052531797847718
5488.0 0.40379314058382054
5490.0 0.4150524681428199
5492.0 0.4399343203749186
5494.0 0.41512288082973076
5496.0 0.3917275318564858
5498.0 0.4059264530028153
5500.0 0.4215730696958856
5502.0 0.42326996057421057
5504.0 0.40922410788020985
5506.0 0.38937450183971045
5508.0 0.38328204405253746
5510.0 0.38582410159643626
5512.0 0.41383932652351724
5514.0 0.41735448226261795
5516.0 0.4174732840176933
5518.0 0.44195368124427786
5520.0 0.46640581383101015
5522.0 0.48070716676773645
5524.0 0.4840112883391941
5526.0 0.5056637401791194
5528.0 0.5246608764605416
5530.0 0.5463813095037693
5532.0 0.5756738032450429
5534.0 0.5749488597536399
5536.0 0.5698023328084412
5538.0 0.6061068696567422
5540.0 0.5853774055027772
5542.0 0.5775193880364846
5544.0 0.5760611364761314
5546.0 0.5866536812972649
5548.0 0.5836400762510955
5550.0 0.5857646393078096
5552.0 0.5367727206211036
5554.0 0.5461374210606043
5556.0 0.5535318436034237
5558.0 0.560472521403248
5560.0 0.546925574531308
5562.0 0.5214767908133043
5564.0 0.4843125162930731
5566.0 0.5060029944496355
5568.0 0.5165867140347449
5570.0 0.5122871693856474
5572.0 0.5099710036279536
5574.0 0.4883082527981546
5576.0 0.4737988372167675
5578.0 0.4989941221412311
5580.0 0.496369649539148
5582.0 0.49997743834566805
5584.0 0.4960677013899978
5586.0 0.48828056434422656
5588.0 0.5035547687505176
5590.0 0.5187774314832607
5592.0 0.4923997072514612
5594.0 0.49093038910561926
5596.0 0.48804871233536823
5598.0 0.47970957136217035
5600.0 0.4821740192714243
5602.0 0.4915951712069544
5604.0 0.4782076305125373
5606.0 0.4674319142290645
5608.0 0.4611517988812053
5610.0 0.44811019917135847
5612.0 0.4355803896534036
5614.0 0.44728441008867265
5616.0 0.4549107657776819
5618.0 0.4221518617622844
5620.0 0.39922451700949835
5622.0 0.3906335474663302
5624.0 0.3787306768438938
5626.0 0.36338674352950284
5628.0 0.3451203317672971
5630.0 0.3428829544755422
5632.0 0.3516305483804449
5634.0 0.35190210306239733
5636.0 0.35868145318717176
5638.0 0.32811581409065127
5640.0 0.33831571606620425
5642.0 0.3563868098262066
5644.0 0.36689486981401326
5646.0 0.37362038308929096
5648.0 0.3774795099509418
5650.0 0.38947699377737793
5652.0 0.38746548101650463
5654.0 0.4071993741476429
5656.0 0.4367973209283826
5658.0 0.4202392563833859
5660.0 0.4383864156669291
5662.0 0.4511193409338933
5664.0 0.45777225465221966
5666.0 0.5022517524765926
5668.0 0.5007942833319129
5670.0 0.47982303510327107
5672.0 0.5226466295316641
5674.0 0.5430005417542882
5676.0 0.5633347078163562
5678.0 0.5718746940444644
5680.0 0.5607753202913595
5682.0 0.5491155169152357
5684.0 0.542019605649484
5686.0 0.5611917301058356
5688.0 0.5763635491069112
5690.0 0.5757040188419715
5692.0 0.5426871000711802
5694.0 0.5523922996846682
5696.0 0.5564586782473622
5698.0 0.5326875295747174
5700.0 0.555781176191763
5702.0 0.5470236247121849
5704.0 0.5493791967938775
5706.0 0.544197030207514
5708.0 0.5244291593942363
5710.0 0.49721262282926193
5712.0 0.48957157469861495
5714.0 0.49844060371390314
5716.0 0.4990118830400824
5718.0 0.5056266917839298
5720.0 0.4960610748556451
5722.0 0.4976355988184137
5724.0 0.4961876437399129
5726.0 0.49961377567941073
5728.0 0.5169335486986834
5730.0 0.5067616195187544
5732.0 0.4843735034173709
5734.0 0.5008031345827467
5736.0 0.5112210545815544
5738.0 0.5192004494109652
5740.0 0.5160247752870523
5742.0 0.5237787641921564
5744.0 0.5118886364882627
5746.0 0.4651477412724009
5748.0 0.4571923845650683
5750.0 0.44926449103590943
5752.0 0.4553627204353594
5754.0 0.4607689846341313
5756.0 0.4720994516160234
5758.0 0.4801340599983851
5760.0 0.4963740683835494
5762.0 0.4693813912578658
5764.0 0.4543508028026467
5766.0 0.4792903821874226
5768.0 0.482486491636411
5770.0 0.47631163715226704
5772.0 0.4818466240891835
5774.0 0.4534034682087388
5776.0 0.4562423332784387
5778.0 0.4553642108225177
5780.0 0.47683210547873767
5782.0 0.4843695813120504
5784.0 0.4842163843002522
5786.0 0.4635774730833387
5788.0 0.4700581126306968
5790.0 0.4832195564884381
5792.0 0.47202904937034007
5794.0 0.47646724558951775
5796.0 0.46329594370346805
5798.0 0.46187556541490626
5800.0 0.44581866080201327
5802.0 0.4491804474833636
5804.0 0.44845623871359713
5806.0 0.44775954558646436
5808.0 0.4338543638395301
5810.0 0.4035249192495184
5812.0 0.37682923236080446
5814.0 0.35833618381774496
5816.0 0.3619429745796911
5818.0 0.3814327216922673
5820.0 0.38353445657899043
5822.0 0.38406423281776453
5824.0 0.38257054682288444
5826.0 0.34994475254449675
5828.0 0.3127253368122683
5830.0 0.2972198418006731
5832.0 0.3243170218851467
5834.0 0.31587103072691164
5836.0 0.309605224513774
5838.0 0.304111078636414
5840.0 0.34127485171793664
5842.0 0.35414690875006977
5844.0 0.3496944628952473
5846.0 0.32222051919592865
5848.0 0.306424874006577
5850.0 0.31074194056323784
5852.0 0.31915611832194074
5854.0 0.3345612664562944
5856.0 0.3239515947531581
5858.0 0.33498277161566214
5860.0 0.3417395602759543
5862.0 0.35672414448134876
5864.0 0.3701778368529542
5866.0 0.38434610455185625
5868.0 0.3986826446522193
5870.0 0.40967887939876796
5872.0 0.4230284528619154
5874.0 0.4358547880988415
5876.0 0.4480475237511269
5878.0 0.46077899810348955
5880.0 0.4730570866814774
5882.0 0.4865976198176214
5884.0 0.49851273821699965
5886.0 0.5111140355033954
5888.0 0.5244751155608537
5890.0 0.5363738393790036
5892.0 0.5495595771022145
5894.0 0.5618069862175978
5896.0 0.5748924224028079
5898.0 0.5872869323208985
5900.0 0.5992349669820894
5902.0 0.6133928189891747
5904.0 0.6250522743363179
5906.0 0.6376997240019945
5908.0 0.6507878590381591
5910.0 0.6626303600825688
5912.0 0.6765097586553589
5914.0 0.6751191434665663
5916.0 0.6759890894615695
5918.0 0.666422338106903
5920.0 0.6681083796703218
5922.0 0.6610617997597665
5924.0 0.6785156488600859
5926.0 0.6836932728859351
5928.0 0.6781317962551611
5930.0 0.6648000830743488
5932.0 0.6531976573528093
5934.0 0.6351717717994886
5936.0 0.6094894317290768
5938.0 0.592343724935838
5940.0 0.5943737375244006
5942.0 0.6059691624365751
5944.0 0.5915336413298938
5946.0 0.5678024435569735
5948.0 0.5642165261415883
5950.0 0.5631889034267168
5952.0 0.56472612062267
5954.0 0.5585304313516102
5956.0 0.5432845302755306
5958.0 0.5572249979829197
5960.0 0.5619499107922195
5962.0 0.5357096846756402
5964.0 0.5234647436260167
5966.0 0.5381828465889278
5968.0 0.5337810047170818
5970.0 0.5172359811643434
5972.0 0.5134916087994653
5974.0 0.5202337022726764
5976.0 0.5242273333874209
5978.0 0.5346619207999969
5980.0 0.527509265875974
5982.0 0.5339220249095907
5984.0 0.5583272610047542
5986.0 0.5579839299711615
5988.0 0.5687859140865181
5990.0 0.5799551934581969
5992.0 0.6078475728894029
5994.0 0.5856744606168538
5996.0 0.5775970233211819
5998.0 0.5661025742333111
6000.0 0.5682729765659555
6002.0 0.5787870016563511
6004.0 0.5855359069157503
6006.0 0.5678853567713211
6008.0 0.5505390094961103
6010.0 0.5457884067140787
6012.0 0.5395188094787512
6014.0 0.528910843941621
6016.0 0.5238107616076007
6018.0 0.5271808565154485
6020.0 0.5252283949500454
6022.0 0.5318722060776214
6024.0 0.5356199098077287
6026.0 0.5488382648433905
6028.0 0.544409287297384
6030.0 0.5255717789309394
6032.0 0.5396424796900988
6034.0 0.5179087706432328
6036.0 0.5095433222810858
6038.0 0.5152129861953957
6040.0 0.5436201584411657
6042.0 0.5408485082499226
6044.0 0.5301936599009326
6046.0 0.525088951264535
6048.0 0.522863064731346
6050.0 0.5296732210430317
6052.0 0.5583623169408364
6054.0 0.543943672946133
6056.0 0.5251364230722174
6058.0 0.5191264067771336
6060.0 0.5327379499399857
6062.0 0.5419978233935034
6064.0 0.5426784820274699
6066.0 0.5273047965658839
6068.0 0.513744898560452
6070.0 0.5071222131346628
6072.0 0.5175624271267898
6074.0 0.5188785834860364
6076.0 0.524517077246591
6078.0 0.5291746969321192
6080.0 0.5120078716321813
6082.0 0.5157807137407415
6084.0 0.5246533409821764
6086.0 0.5264874534889133
6088.0 0.5277228533972192
6090.0 0.5158199463843526
6092.0 0.47490298690693267
6094.0 0.46645368165515133
6096.0 0.46255885693811183
6098.0 0.4366941136095108
6100.0 0.40965654084406816
6102.0 0.3803956214866759
6104.0 0.3562129008085775
6106.0 0.3538706438508928
6108.0 0.35104448315832437
6110.0 0.3515179455714192
6112.0 0.361968713973408
6114.0 0.347294882488678
6116.0 0.33931130500010953
6118.0 0.37359336405976185
6120.0 0.39078718879278274
6122.0 0.4059189353563154
6124.0 0.41086478368718427
6126.0 0.43899733511349714
6128.0 0.44395136625581
6130.0 0.4581656172366707
6132.0 0.46827423161321063
6134.0 0.4926397118845931
6136.0 0.519241090568008
6138.0 0.5732627310690228
6140.0 0.5842480528029624
6142.0 0.6047389310100364
6144.0 0.6238057710436684
6146.0 0.6164748056740987
6148.0 0.6105190042794648
6150.0 0.6236802171853264
6152.0 0.6457591817669768
6154.0 0.6490268850723557
6156.0 0.6418558685138229
6158.0 0.620845436111874
6160.0 0.6232376166364113
6162.0 0.6271326488008282
6164.0 0.6251219908780248
6166.0 0.60548728854874
6168.0 0.594176186956615
6170.0 0.5857363937715052
6172.0 0.5868762684731814
6174.0 0.5936334981277083
6176.0 0.5926775903821953
6178.0 0.5730231895511215
6180.0 0.5619987027681745
6182.0 0.5588649267681501
6184.0 0.5602079705945963
6186.0 0.5409551912509826
6188.0 0.5307349538181793
6190.0 0.5226785082623412
6192.0 0.5274934817288421
6194.0 0.5246138846786825
6196.0 0.52005178685502
6198.0 0.520731515811682
6200.0 0.5027135266829119
6202.0 0.48960427043249444
6204.0 0.4808946152621451
6206.0 0.46114741984581625
6208.0 0.45273948105136136
6210.0 0.44764663794034454
6212.0 0.44133950583220616
6214.0 0.43507677572443215
6216.0 0.4293128050096974
6218.0 0.42136568865010554
6220.0 0.4202280926623296
6222.0 0.42291562686119494
6224.0 0.41137064328024
6226.0 0.4305126618728801
6228.0 0.4425380661366401
6230.0 0.4618155682460678
6232.0 0.4857826243238254
6234.0 0.5109608355820779
6236.0 0.5258826050873695
6238.0 0.5229973780797696
6240.0 0.5347925898630492
6242.0 0.5434508610821728
6244.0 0.5716389749689426
6246.0 0.5818397529617927
6248.0 0.5969209802334238
6250.0 0.6164271426973383
6252.0 0.5948571032419582
6254.0 0.5926200503622299
6256.0 0.5831817628778828
6258.0 0.584866949337064
6260.0 0.5663108769828146
6262.0 0.5582585172832488
6264.0 0.5505256345080037
6266.0 0.5663604936410443
6268.0 0.556114302753454
6270.0 0.5420743383855721
6272.0 0.5386815138084369
6274.0 0.5550614151654467
6276.0 0.5499568798501087
6278.0 0.5199912533473336
6280.0 0.501296682959719
6282.0 0.49798877919778234
6284.0 0.4935428338876234
6286.0 0.499139935504765
6288.0 0.4932599026978311
6290.0 0.4908184824605388
6292.0 0.5052599909632572
6294.0 0.5154560219002305
6296.0 0.5154466681777351
6298.0 0.5060364322487095
6300.0 0.5007283110917006
6302.0 0.5064051491789535
6304.0 0.5068021722057154
6306.0 0.5231480832435107
6308.0 0.5321236376612662
6310.0 0.5488845490801889
6312.0 0.5361810234221989
6314.0 0.5357550693941318
6316.0 0.5248078435719987
6318.0 0.5307642154726583
6320.0 0.5190169082372675
6322.0 0.5367842888909683
6324.0 0.5470952759383362
6326.0 0.5186613612623071
6328.0 0.5228578337000713
6330.0 0.527568778714077
6332.0 0.5112319703856749
6334.0 0.49299145663900074
6336.0 0.4977896178697925
6338.0 0.49999330142655457
6340.0 0.5071495335552983
6342.0 0.5069086044222755
6344.0 0.5149346771266193
6346.0 0.5137834846265323
6348.0 0.5072641768365442
6350.0 0.5032541608358633
6352.0 0.5107815274410172
6354.0 0.5142308689717995
6356.0 0.5106862964759054
6358.0 0.5007343690696935
6360.0 0.5152810751607698
6362.0 0.5134939151702433
6364.0 0.5128121757985848
6366.0 0.5212546110589118
6368.0 0.5284956236292782
6370.0 0.533812553500578
6372.0 0.5284117075236109
6374.0 0.5219568049167779
6376.0 0.5150910888722507
6378.0 0.5134673992213457
6380.0 0.5064615101813542
6382.0 0.507083122119559
6384.0 0.5027014120687209
6386.0 0.4706296051695766
6388.0 0.46408884590312366
6390.0 0.4591024106794493
6392.0 0.45457764938545686
6394.0 0.4500166302498349
6396.0 0.44622710281051825
6398.0 0.4429163817153344
6400.0 0.4379190847310396
6402.0 0.433658733205219
6404.0 0.4304723313101593
6406.0 0.4258715783800971
6408.0 0.42109978200901627
6410.0 0.41791188293687986
6412.0 0.41388377531070725
6414.0 0.40863455008036137
6416.0 0.4053337080395855
6418.0 0.4016389307668948
6420.0 0.39646420068887167
6422.0 0.3927297627782002
6424.0 0.3891093216452858
6426.0 0.38460956056339707
6428.0 0.3801107996053363
6430.0 0.37674417029402674
6432.0 0.37309177683200784
6434.0 0.367626759518919
6436.0 0.3647608213178764
6438.0 0.3611283395602778
6440.0 0.3547260332331544
6442.0 0.3506198966830309
6444.0 0.3501627344078058
6446.0 0.3795463792419184
6448.0 0.3829536761206708
6450.0 0.3833394788107655
6452.0 0.36968848673278504
6454.0 0.36127117616568205
6456.0 0.35287852507546963
6458.0 0.34502614584609936
6460.0 0.3373297531957635
6462.0 0.32849732520014224
6464.0 0.3245248672980412
6466.0 0.3103211951800475
6468.0 0.3149570815728641
6470.0 0.31613272656184593
6472.0 0.33105970262322737
6474.0 0.33152691108073346
6476.0 0.33638097334796063
6478.0 0.3407880239335756
6480.0 0.34965377355951766
6482.0 0.37764326971584716
6484.0 0.4016439440719867
6486.0 0.43056904710850463
6488.0 0.458605610136303
6490.0 0.4789463884275939
6492.0 0.486794101790121
6494.0 0.5047041078996537
6496.0 0.520815841440218
6498.0 0.5332307951489054
6500.0 0.5621457235167927
6502.0 0.5977216473368814
6504.0 0.6259238539531982
6506.0 0.6547913200113994
6508.0 0.6909658339180186
6510.0 0.7168839549900101
6512.0 0.7296633861611612
6514.0 0.7361484502457902
6516.0 0.7423713339288014
6518.0 0.7537436707165381
6520.0 0.7621450839200696
6522.0 0.7738703463011409
6524.0 0.783711799016586
6526.0 0.7578299711319324
6528.0 0.764214163751442
6530.0 0.757377882522051
6532.0 0.7649429259198092
6534.0 0.7532854649331217
6536.0 0.7558616134991223
6538.0 0.7580072183048537
6540.0 0.760654586017072
6542.0 0.7619994626658079
6544.0 0.7623435227118474
6546.0 0.7633336390415673
6548.0 0.7638893345580727
6550.0 0.7641834298125775
6552.0 0.7652619147584989
6554.0 0.7661366100574325
6556.0 0.7665806395752324
6558.0 0.7673292276598048
6560.0 0.7683118176781591
6562.0 0.7688532540538001
6564.0 0.7693307960131046
6566.0 0.7705203002469124
6568.0 0.7711071588618073
6570.0 0.7715957053508373
6572.0 0.7725120116823962
6574.0 0.773308477685394
6576.0 0.773854420274762
6578.0 0.774009965811932
6580.0 0.7745976080773185
6582.0 0.7746906468808533
6584.0 0.7742961882947628
6586.0 0.7763663266773962
6588.0 0.7769600443572718
6590.0 0.7768743920523211
6592.0 0.77770134026291
6594.0 0.7851846467148107
6596.0 0.7853767983203542
6598.0 0.7798098199983217
6600.0 0.8014460094935936
6602.0 0.8097200630229439
6604.0 0.7879489777487161
6606.0 0.783418476294811
6608.0 0.7925178716957034
6610.0 0.7854893347051182
6612.0 0.7852248121755975
6614.0 0.7811831767930482
6616.0 0.7776549610953036
6618.0 0.7711156547065481
6620.0 0.7477793383164584
6622.0 0.7258063318647394
6624.0 0.7205324774535992
6626.0 0.7134756763844177
6628.0 0.7006265632319113
6630.0 0.6956565467851916
6632.0 0.7029864684652504
6634.0 0.6968470566187733
6636.0 0.685489966737643
6638.0 0.663116926031126
6640.0 0.672695376739714
6642.0 0.6610568129918034
6644.0 0.65213969163105
6646.0 0.643221178326409
6648.0 0.6453614412197847
6650.0 0.6386716982641104
6652.0 0.6165708517166011
6654.0 0.6027908359047897
6656.0 0.6006246748369297
6658.0 0.6120840852654877
6660.0 0.6070702989395498
6662.0 0.6054946965287785
6664.0 0.6054595466446053
6666.0 0.5905640247665938
6668.0 0.5980475400900799
6670.0 0.614870660020329
6672.0 0.6194843826973555
6674.0 0.6111984790691544
6676.0 0.6063929078520213
6678.0 0.6114014048227822
6680.0 0.6125709720167241
6682.0 0.6237403832288684
6684.0 0.6103000227087959
6686.0 0.6038084013269518
6688.0 0.589581834483387
6690.0 0.5860974533346969
6692.0 0.6039730157047946
6694.0 0.5856500618599219
6696.0 0.5813206093956862
6698.0 0.5714214566589139
6700.0 0.550150504539383
6702.0 0.5477876045549757
6704.0 0.541955274866273
6706.0 0.5541646267789151
6708.0 0.5512710980272695
6710.0 0.5576995034650369
6712.0 0.5743349232326237
6714.0 0.5600288079365232
6716.0 0.5609042047727526
6718.0 0.5541503628963098
6720.0 0.543485201390696
6722.0 0.5390194272398844
6724.0 0.5461368163976691
6726.0 0.5286105424312131
6728.0 0.5295117379414668
6730.0 0.542001976394354
6732.0 0.5261346029753798
6734.0 0.5206094884480181
6736.0 0.5490676463548612
6738.0 0.5463679484810408
6740.0 0.5406787090588725
6742.0 0.5315499291128511
6744.0 0.5261569435778496
6746.0 0.515284310755244
6748.0 0.5358136762777334
6750.0 0.5452249003361231
6752.0 0.5444112410603477
6754.0 0.542856682202951
6756.0 0.5416679829031451
6758.0 0.5405759018426706
6760.0 0.5396724819717446
6762.0 0.5392044638585388
6764.0 0.5385350869009878
6766.0 0.5375432449184486
6768.0 0.5371523120577133
6770.0 0.5364395624838063
6772.0 0.5355865696164841
6774.0 0.5350607305160895
6776.0 0.5343507443752809
6778.0 0.5336345491924913
6780.0 0.5329079655843618
6782.0 0.5323004063079396
6784.0 0.5316762247721871
6786.0 0.5307445563612053
6788.0 0.5302188350189118
6790.0 0.5296367556820486
6792.0 0.5287133408393797
6794.0 0.5281360830901679
6796.0 0.5275784126956544
6798.0 0.5266396109698085
6800.0 0.5254399799208104
6802.0 0.5239075204776816
6804.0 0.5214906493553809
6806.0 0.5188564210639278
6808.0 0.5236895674141427
6810.0 0.5321142216008762
6812.0 0.5180221027097397
6814.0 0.5205168623568714
6816.0 0.5301304663393511
6818.0 0.5366617372783293
6820.0 0.5249564994103086
6822.0 0.5154470301486886
6824.0 0.5163436615688883
6826.0 0.5299327434684307
6828.0 0.5254227048573805
6830.0 0.5256137377695157
6832.0 0.555461489406457
6834.0 0.5380200448514263
6836.0 0.5270623587547296
6838.0 0.5300437354600125
6840.0 0.538739196269279
6842.0 0.5306677259597399
6844.0 0.5172153706973145
6846.0 0.5354701468125895
6848.0 0.544535602135576
6850.0 0.5445061382599993
6852.0 0.519323766693368
6854.0 0.5309200190385762
6856.0 0.5385335278873953
6858.0 0.5405299765815187
6860.0 0.5289161838180094
6862.0 0.5275059790671247
6864.0 0.5165281949175391
6866.0 0.5127175832801727
6868.0 0.5162948592549673
6870.0 0.5162646250110118
6872.0 0.5249654720994076
6874.0 0.5141866526760535
6876.0 0.5139216762097156
6878.0 0.5190360727815567
6880.0 0.5186619680863856
6882.0 0.5151202856712042
6884.0 0.5108298110439116
6886.0 0.4995802271183688
6888.0 0.5045992666256554
6890.0 0.5113515079910388
6892.0 0.5271913190110162
6894.0 0.5142252272979209
6896.0 0.5140578792344138
6898.0 0.5216234885542069
6900.0 0.5131550984790294
6902.0 0.5141652216405331
6904.0 0.5176045483774745
6906.0 0.5148369672737559
6908.0 0.5065390394130047
6910.0 0.510359574594326
6912.0 0.5330288311058151
6914.0 0.5219690941799715
6916.0 0.5147179215170692
6918.0 0.49957046819439704
6920.0 0.5224442422955259
6922.0 0.52068201766731
6924.0 0.5033336529876818
6926.0 0.5196207140928715
6928.0 0.5296983065637125
6930.0 0.5286529159940543
6932.0 0.5276088527246446
6934.0 0.5232786662091687
6936.0 0.5243279293190506
6938.0 0.5169011785314473
6940.0 0.5183845834145148
6942.0 0.5185924660933021
6944.0 0.5203861095336423
6946.0 0.5315738715406065
6948.0 0.5405462697077654
6950.0 0.5414281251727714
6952.0 0.5125840878387978
6954.0 0.4999400421324792
6956.0 0.5038616978673383
6958.0 0.5062968601782182
6960.0 0.5085296246497257
6962.0 0.5016741494961585
6964.0 0.49268236690637185
6966.0 0.49227119687447035
6968.0 0.5086753194471039
6970.0 0.5106745350584309
6972.0 0.5109698580997595
6974.0 0.49085327182510213
6976.0 0.47882440473932664
6978.0 0.4878480426993888
6980.0 0.4838096739748302
6982.0 0.4801158539728754
6984.0 0.49420769275990173
6986.0 0.5092556341554272
6988.0 0.5182481514166195
6990.0 0.5331411020273359
6992.0 0.5528522886656273
6994.0 0.541938425464193
6996.0 0.5391767782794885
6998.0 0.5569449953421537
7000.0 0.5698322324917804
7002.0 0.5678673773669953
7004.0 0.556108502285713
7006.0 0.5758257374556377
7008.0 0.5619424255203875
7010.0 0.5532699522900127
7012.0 0.5681612684851475
7014.0 0.5629857658121639
7016.0 0.5614735501271118
7018.0 0.5620262867775073
7020.0 0.5586867571118513
7022.0 0.5663881262618372
7024.0 0.5711009003299499
7026.0 0.5451004706783923
7028.0 0.5431845508408994
7030.0 0.5382183065831705
7032.0 0.5339340457124386
7034.0 0.5286363340507955
7036.0 0.529145752746546
7038.0 0.5397702863403069
7040.0 0.5356670190887717
7042.0 0.5420534462183415
7044.0 0.5443691840064282
7046.0 0.5548227210766958
7048.0 0.5466331058456414
7050.0 0.5371315062701411
7052.0 0.5208830017689525
7054.0 0.5258677063053855
7056.0 0.5286811297853179
7058.0 0.5398605192902852
7060.0 0.5340772925523504
7062.0 0.5332771351441722
7064.0 0.5371824436691511
7066.0 0.541277554371061
7068.0 0.5390534398741302
7070.0 0.5369720084989777
7072.0 0.5386127691796554
7074.0 0.5286812145124816
7076.0 0.5380985567756852
7078.0 0.5457548685894923
7080.0 0.5327496834738655
7082.0 0.5220502260405127
7084.0 0.5220514828625057
7086.0 0.5266714952893955
7088.0 0.5299183743953474
7090.0 0.5258333383057489
7092.0 0.5155487203117985
7094.0 0.5282814009919982
7096.0 0.531539212328247
7098.0 0.5246465309876265
7100.0 0.528907815845496
7102.0 0.5276420485066294
7104.0 0.5240988440308905
7106.0 0.5342973405017859
7108.0 0.5147913049433738
7110.0 0.509008941466866
7112.0 0.5183488107119398
7114.0 0.5225762471841698
7116.0 0.5268398092651888
7118.0 0.5240045251500467
7120.0 0.5452680486909388
7122.0 0.5370494775130341
7124.0 0.5325713884152377
7126.0 0.5331882006325802
7128.0 0.5304087946439693
7130.0 0.5243084319587001
7132.0 0.5151991422557444
7134.0 0.532358320934616
7136.0 0.5305410943028064
7138.0 0.5313599082216146
7140.0 0.5302756226024831
7142.0 0.5341686012656617
7144.0 0.5402915325247227
7146.0 0.5513247249729415
7148.0 0.5503159246053868
7150.0 0.5451443716228974
7152.0 0.5407650529353599
7154.0 0.5407828387397918
7156.0 0.5328510429890408
7158.0 0.521833955001339
7160.0 0.5185305667416147
7162.0 0.5059895536095153
7164.0 0.5115742282154806
7166.0 0.5309382121663023
7168.0 0.5335534007661998
7170.0 0.5369865860017582
7172.0 0.5335537936789659
7174.0 0.554992904597029
7176.0 0.5538124026459886
7178.0 0.545111848338546
7180.0 0.5232275858438427
7182.0 0.5193980419987051
7184.0 0.5217476706925032
7186.0 0.5183361140301456
7188.0 0.5132797439285747
7190.0 0.5029884485081682
7192.0 0.4949727767759343
7194.0 0.49730172132450784
7196.0 0.5071436277664477
7198.0 0.5177995976137604
7200.0 0.5190942656723923
7202.0 0.5244253210006947
7204.0 0.5277079142172376
7206.0 0.5290320914012949
7208.0 0.5432706359353209
7210.0 0.565769152257576
7212.0 0.5814548117609795
7214.0 0.5979089017816268
7216.0 0.6158583868272253
7218.0 0.6278938878719489
7220.0 0.6099006308133049
7222.0 0.6162905819616996
7224.0 0.6296442723255624
7226.0 0.643531823828539
7228.0 0.6375140941332466
7230.0 0.6200773587837757
7232.0 0.6087274719833082
7234.0 0.5864059791611214
7236.0 0.5804036747659356
7238.0 0.5847801902140465
7240.0 0.5640859543828551
7242.0 0.5691819273768359
7244.0 0.5749736540977277
7246.0 0.5586157094907261
7248.0 0.5529238756936656
7250.0 0.5510408533132068
7252.0 0.555958710710856
7254.0 0.5546625043750657
7256.0 0.5627870954872515
7258.0 0.5568747280260675
7260.0 0.5595668794515265
7262.0 0.5469668005628138
7264.0 0.5366224415595677
7266.0 0.5475726300344609
7268.0 0.5383085118312991
7270.0 0.5487649541918086
7272.0 0.5503619621476951
7274.0 0.5446999724730753
7276.0 0.5550319930249
7278.0 0.5470250772099123
7280.0 0.5666981680389964
7282.0 0.5676258815585279
7284.0 0.5741203879683605
7286.0 0.5659011359993819
7288.0 0.5728854200082933
7290.0 0.5673426289500375
7292.0 0.5718724521429445
7294.0 0.5807188048007195
7296.0 0.5969956622905129
7298.0 0.6089146466756861
7300.0 0.5974301074901386
7302.0 0.6021709260102609
7304.0 0.6016448494271552
7306.0 0.6300661051054024
7308.0 0.634627731385791
7310.0 0.637067139591754
7312.0 0.6563715046798724
7314.0 0.6644084479905898
7316.0 0.6583190888245907
7318.0 0.6587693112884183
7320.0 0.6671956411539184
7322.0 0.6691986430883867
7324.0 0.6630221772249868
7326.0 0.6474362952070317
7328.0 0.6240158112315197
7330.0 0.6099529389261626
7332.0 0.5983562183363551
7334.0 0.6004839585310802
7336.0 0.6041586295065696
7338.0 0.6077142945924805
7340.0 0.6026654209614626
7342.0 0.5883215994327062
7344.0 0.5929620094181719
7346.0 0.6052892098073843
7348.0 0.6074819099505654
7350.0 0.6068559002606511
7352.0 0.5967584416399072
7354.0 0.5975214365370667
7356.0 0.6005294770324971
7358.0 0.6103272700764132
7360.0 0.6145127694077951
7362.0 0.61852866707982
7364.0 0.604184593281551
7366.0 0.5806457935934657
7368.0 0.5665230510019503
7370.0 0.5630554914040303
7372.0 0.5540347047158861
7374.0 0.5656193809002944
7376.0 0.5782732531359929
7378.0 0.5715328223417782
7380.0 0.5566354204249461
7382.0 0.561295692995675
7384.0 0.5470113065143426
7386.0 0.5438179299155461
7388.0 0.5352953424146433
7390.0 0.5414484485892469
7392.0 0.5433987711644639
7394.0 0.5630144749226494
7396.0 0.5579121994650268
7398.0 0.5585034644467972
7400.0 0.5341398327118847
7402.0 0.5395306418928417
7404.0 0.5381025379922681
7406.0 0.5455587146447503
7408.0 0.5451847715596706
7410.0 0.5497068988105556
7412.0 0.5569874571553254
7414.0 0.538268407453101
7416.0 0.5432009297862737
7418.0 0.5455520573697583
7420.0 0.5523787764518789
7422.0 0.5399514336711613
7424.0 0.5331295108603844
7426.0 0.5285925784155313
7428.0 0.5306039070413439
7430.0 0.5362386489321512
7432.0 0.5305904214375048
7434.0 0.5373325479839325
7436.0 0.527990278439483
7438.0 0.5313444996873704
7440.0 0.544077986897328
7442.0 0.5458496516534325
7444.0 0.5402626422079657
7446.0 0.5588385788084859
7448.0 0.5766961557118805
7450.0 0.5828889974291224
7452.0 0.6016514443864273
7454.0 0.6177092388366695
7456.0 0.6282327633442145
7458.0 0.6424560193646389
7460.0 0.6313155344760213
7462.0 0.6494219066933041
7464.0 0.6440307967716599
7466.0 0.660304062017648
7468.0 0.6425950038542627
7470.0 0.6469218294947474
7472.0 0.6488684403169084
7474.0 0.6348020646624601
7476.0 0.6402649875105054
7478.0 0.6298119037386201
7480.0 0.6349019975699897
7482.0 0.6345452977647448
7484.0 0.6318727460286324
7486.0 0.6291511029427144
7488.0 0.6264268647822443
7490.0 0.6238071798689556
7492.0 0.6222010826687964
7494.0 0.6208340025578879
7496.0 0.6195239929659266
7498.0 0.6178984465653602
7500.0 0.6164124125000165
7502.0 0.61518472296549
7504.0 0.6135803894071384
7506.0 0.612075704011802
7508.0 0.6107265519978176
7510.0 0.6093393859251074
7512.0 0.6077534357215413
7514.0 0.6062889583481853
7516.0 0.6051006121990502
7518.0 0.6034182215590895
7520.0 0.6018583905704508
7522.0 0.6007336604598439
7524.0 0.5990931668752751
7526.0 0.5975030632932964
7528.0 0.5963122027377832
7530.0 0.5948444971390449
7532.0 0.5932121658491444
7534.0 0.5918679389014964
7536.0 0.5905834682458945
7538.0 0.5889006301235119
7540.0 0.5873890164728528
7542.0 0.5861607850391359
7544.0 0.5846807325770966
7546.0 0.5829866288361373
7548.0 0.5817287560048955
7550.0 0.5804241218134805
7552.0 0.5786330058676468
7554.0 0.5772902124769805
7556.0 0.5761065354859473
7558.0 0.5743298384716606
7560.0 0.5728540564512522
7562.0 0.5716503739012464
7564.0 0.5701545248336156
7566.0 0.5679237303920402
7568.0 0.5635624861978132
7570.0 0.5605718656144945
7572.0 0.5579919397514999
7574.0 0.5551220984911108
7576.0 0.5552379976689542
7578.0 0.5684567577902019
7580.0 0.5658813830467291
7582.0 0.5614421755139506
7584.0 0.5577520642585052
7586.0 0.563613343413507
7588.0 0.5467884759095669
7590.0 0.5485080414998662
7592.0 0.5549304290831587
7594.0 0.5452974605594626
7596.0 0.5552579098976876
7598.0 0.5738823886858642
7600.0 0.5798522917767609
7602.0 0.5640760593562938
7604.0 0.552244450997271
7606.0 0.5394371079370738
7608.0 0.5349035209134925
7610.0 0.5370438010632429
7612.0 0.558266155088667
7614.0 0.5517293519137088
7616.0 0.5461130707962939
7618.0 0.5172826951260361
7620.0 0.5093381618647569
7622.0 0.5185589166167963
7624.0 0.5366423583642215
7626.0 0.5078284365522119
7628.0 0.5258375725810092
7630.0 0.5476556404113387
7632.0 0.5436093602629865
7634.0 0.5346230972083151
7636.0 0.530002556087118
7638.0 0.5360595900409844
7640.0 0.5380311603381162
7642.0 0.54456299915166
7644.0 0.5346184742149911
7646.0 0.5557190248906977
7648.0 0.548615223278424
7650.0 0.5454574698101426
7652.0 0.5381697543466206
7654.0 0.562762852748437
7656.0 0.5811835936329323
7658.0 0.5734759413237923
7660.0 0.5751248104081635
7662.0 0.5705207375870586
7664.0 0.5795642477281073
7666.0 0.5593205777418467
7668.0 0.5394904660522795
7670.0 0.5209210927982061
7672.0 0.5158723980583928
7674.0 0.5083089517424099
7676.0 0.5150209449235413
7678.0 0.5224607881785298
7680.0 0.525786596270713
7682.0 0.5217220944253441
7684.0 0.5253586910041553
7686.0 0.5238823524753993
7688.0 0.5254176681286387
7690.0 0.5291745593454084
7692.0 0.5400703122995688
7694.0 0.5564558180138817
7696.0 0.5482762755225348
7698.0 0.559817701302532
7700.0 0.5622176509173545
7702.0 0.5820458164121293
7704.0 0.6009383670533414
7706.0 0.6041903694282451
7708.0 0.6036993706334588
7710.0 0.5982895586234374
7712.0 0.6090599648545032
7714.0 0.6366027570700967
7716.0 0.6319636556888747
7718.0 0.6351708536405833
7720.0 0.6065566132739982
7722.0 0.6224985767211147
7724.0 0.6265159979623535
7726.0 0.6172933271097577
7728.0 0.6230853822694238
7730.0 0.6186142664267118
7732.0 0.6162249204605159
7734.0 0.6053325867630791
7736.0 0.5939754091927826
7738.0 0.5770574199491535
7740.0 0.5565328395224391
7742.0 0.551644157225793
7744.0 0.5511021385281732
7746.0 0.5121158026065181
7748.0 0.509518616917344
7750.0 0.5104515799167413
7752.0 0.5138877295917765
7754.0 0.5178088260013436
7756.0 0.5211082195823596
7758.0 0.5242463323627371
7760.0 0.5288547958037514
7762.0 0.5321097002920783
7764.0 0.5349977575451177
7766.0 0.5391550549507703
7768.0 0.542903311231669
7770.0 0.5459149319998181
7772.0 0.54955063295032
7774.0 0.5537944652948341
7776.0 0.5569063971501661
7778.0 0.5600191988965756
7780.0 0.5645827915799208
7782.0 0.5679090686138903
7784.0 0.5709376353628749
7786.0 0.5749361122641272
7788.0 0.5788839000791381
7790.0 0.5818786890144115
7792.0 0.585245401065841
7794.0 0.5897653745202907
7796.0 0.5927748369711004
7798.0 0.5966714787402896
7800.0 0.6020970156685013
7802.0 0.6037953770923408
7804.0 0.6034880426060649
7806.0 0.6038549340607455
7808.0 0.5748486322035907
7810.0 0.5701397995266496
7812.0 0.5809518433841365
7814.0 0.5818038479423385
7816.0 0.5744679669838988
7818.0 0.5682321574657591
7820.0 0.5638710232698498
7822.0 0.5716677700917125
7824.0 0.5749178406365849
7826.0 0.575747191206241
7828.0 0.5489461534405234
7830.0 0.5462763364015423
7832.0 0.5394548345538134
7834.0 0.5737337859922415
7836.0 0.5770049203116043
7838.0 0.5807222267445419
7840.0 0.5716886247063413
7842.0 0.5696483889837641
7844.0 0.5686073299480753
7846.0 0.5738009094953993
7848.0 0.5694795045864816
7850.0 0.5688469570109316
7852.0 0.5732830771313759
7854.0 0.5612746871530531
7856.0 0.5526535628360074
7858.0 0.5450467430152672
7860.0 0.5556971757885476
7862.0 0.5400516769290444
7864.0 0.5368892829373676
7866.0 0.5514267102937346
7868.0 0.5565261326207813
7870.0 0.5426282288808648
7872.0 0.5287048933776642
7874.0 0.5617219455777324
7876.0 0.5823768028653362
7878.0 0.5953822680644484
7880.0 0.577220151528659
7882.0 0.5916230382590645
7884.0 0.5990739507958551
7886.0 0.5938939141407413
7888.0 0.592092865298403
7890.0 0.5957716864022983
7892.0 0.5971907830751293
7894.0 0.5657645218081526
7896.0 0.5545919870583113
7898.0 0.5537887665384865
7900.0 0.567040656467311
7902.0 0.5696392928329742
7904.0 0.5717383809775877
7906.0 0.5800841260403139
7908.0 0.598146775529236
7910.0 0.5952063523036646
7912.0 0.5837062782948321
7914.0 0.584316923816476
7916.0 0.5895929531260495
7918.0 0.5911812210186275
7920.0 0.5679376632273929
7922.0 0.5681324363514328
7924.0 0.5643180969233232
7926.0 0.5783486653488576
7928.0 0.5776598400382129
7930.0 0.5867859228792877
7932.0 0.5859712649264294
7934.0 0.5741767434121913
7936.0 0.5627654315716499
7938.0 0.5558743274446802
7940.0 0.5669418643125806
7942.0 0.5712370896993636
7944.0 0.5717041138787573
7946.0 0.5659823055533565
7948.0 0.5760874558704873
7950.0 0.5734154121888552
7952.0 0.568338338408022
7954.0 0.5810899212199259
7956.0 0.5810586151064068
7958.0 0.5937963516782768
7960.0 0.5740559523776166
7962.0 0.5804777324900381
7964.0 0.5904137397027518
7966.0 0.5866504049275824
7968.0 0.5849607367215922
7970.0 0.5877709752291911
7972.0 0.602227196348457
7974.0 0.5882585665717778
7976.0 0.5692786449001705
7978.0 0.558361087379824
7980.0 0.5516807035162142
7982.0 0.5478891681049115
7984.0 0.5565100561076044
7986.0 0.5800820825006747
7988.0 0.5973261283838489
7990.0 0.5805213139326818
7992.0 0.5631510674269135
7994.0 0.5566089940774683
7996.0 0.5622946790412914
7998.0 0.572234210226134
8000.0 0.5697179792208951
8002.0 0.5730407091344828
8004.0 0.5567529580062772
8006.0 0.552862003537616
8008.0 0.5623201446584432
8010.0 0.5693304856063071
8012.0 0.5765365202174338
8014.0 0.5556541519628335
8016.0 0.5567901971233319
8018.0 0.5541371276777871
8020.0 0.5598386509638696
8022.0 0.5569962162275341
8024.0 0.565638998279511
8026.0 0.5515229703857407
8028.0 0.5561897584448086
8030.0 0.5711888087439251
8032.0 0.5633152891590265
8034.0 0.556479535205216
8036.0 0.5569022077515776
8038.0 0.5680580327899738
8040.0 0.577677397098205
8042.0 0.5669849234001384
8044.0 0.564388404717591
8046.0 0.5449769697068559
8048.0 0.5561134715358841
8050.0 0.556721345482135
8052.0 0.5615700554628543
8054.0 0.5504803250680568
8056.0 0.5646975342392943
8058.0 0.5715876424694311
8060.0 0.5681971370495209
8062.0 0.560631469918979
8064.0 0.5588009418081612
8066.0 0.5546898031855981
8068.0 0.5491375137154406
8070.0 0.5539614340764601
8072.0 0.5604473354672784
8074.0 0.5708942439668989
8076.0 0.5714965982006871
8078.0 0.5640444429693222
8080.0 0.5544359487930545
8082.0 0.5588767079954049
8084.0 0.5517834276059441
8086.0 0.5428334241415305
8088.0 0.5596307086402419
8090.0 0.5822224590776596
8092.0 0.5844113354370137
8094.0 0.5781830712836477
8096.0 0.5719668724217828
8098.0 0.5750053651860394
8100.0 0.578600782179654
8102.0 0.571787401671001
8104.0 0.5556141895519191
8106.0 0.5453413273267093
8108.0 0.547363072446012
8110.0 0.5626921744256607
8112.0 0.5497189782786283
8114.0 0.5483012390720516
8116.0 0.5415981677737788
8118.0 0.5514954894956831
8120.0 0.5493380251414925
8122.0 0.566601623734547
8124.0 0.5500326243603891
8126.0 0.5356221935884472
8128.0 0.5334277881028038
8130.0 0.5468402540864495
8132.0 0.5325789666434851
8134.0 0.5291820539213535
8136.0 0.5453736411517022
8138.0 0.5463179393732741
8140.0 0.5423712112948251
8142.0 0.5528521020739171
8144.0 0.5411282020484471
8146.0 0.5308884766518472
8148.0 0.5344947188225155
8150.0 0.536779372708912
8152.0 0.5214230505982729
8154.0 0.5030525923033521
8156.0 0.5073013500253872
8158.0 0.5189693505096656
8160.0 0.5130233440268179
8162.0 0.487109392293274
8164.0 0.48038603528980117
8166.0 0.4760650738203362
8168.0 0.474782149921056
8170.0 0.46122418844220464
8172.0 0.46279676273934656
8174.0 0.46530826781128926
8176.0 0.4686043250859933
8178.0 0.4587897550365434
8180.0 0.46928264843139966
8182.0 0.4681283885879686
8184.0 0.4713216144310302
8186.0 0.4671612004778257
8188.0 0.4886401488300577
8190.0 0.49982963299264077
8192.0 0.505714901390429
8194.0 0.501191819261012
8196.0 0.5133374658069215
8198.0 0.5361275396671017
8200.0 0.5258774444947372
8202.0 0.5313732835307176
8204.0 0.5338078675435733
8206.0 0.5258572032414368
8208.0 0.5276989653750684
8210.0 0.5251413146622499
8212.0 0.538035221581817
8214.0 0.5501773456836968
8216.0 0.5494320358103679
8218.0 0.515009551310959
8220.0 0.5359585337836731
8222.0 0.5426586953137921
8224.0 0.5320622405556801
8226.0 0.5102356800610794
8228.0 0.5295070730238727
8230.0 0.5398989256866742
8232.0 0.519781684394367
8234.0 0.5429662196166541
8236.0 0.5556778419343745
8238.0 0.5627391445115436
8240.0 0.532969273356769
8242.0 0.5192383864994751
8244.0 0.5177356799284467
8246.0 0.5386529802189571
8248.0 0.5462981147636231
8250.0 0.5486799451525396
8252.0 0.5252946541949424
8254.0 0.5251552520283853
8256.0 0.5362587850778758
8258.0 0.5464432387160262
8260.0 0.5360785867007895
8262.0 0.5332410091433071
8264.0 0.5366696781273078
8266.0 0.5428871343331316
8268.0 0.5485989026937478
8270.0 0.54051229592552
8272.0 0.5278291721565892
8274.0 0.5243914995573292
8276.0 0.5240484756418279
8278.0 0.5241182466828606
8280.0 0.52213135127175
8282.0 0.51362299533376
8284.0 0.5082678354505965
8286.0 0.49718269532348613
8288.0 0.5149916932805845
8290.0 0.5201183399603958
8292.0 0.5048278890734667
8294.0 0.4931999045970305
8296.0 0.4922904157726417
8298.0 0.5200168290384736
8300.0 0.5267951409656728
8302.0 0.5265470161364741
8304.0 0.518589959281207
8306.0 0.5123271891001725
8308.0 0.5095537221570748
8310.0 0.5044806317408688
8312.0 0.5015494112556381
8314.0 0.5087005303095804
8316.0 0.5098166325991363
8318.0 0.5036280346695993
8320.0 0.4956760776388931
8322.0 0.5092068903342212
8324.0 0.5139407769214216
8326.0 0.514539260584301
8328.0 0.5114138305341442
8330.0 0.517529261906267
8332.0 0.531096279261129
8334.0 0.5228735856475161
8336.0 0.5197002327840997
8338.0 0.5187704054880752
8340.0 0.5087298253614545
8342.0 0.5002993388009794
8344.0 0.4975256844725965
8346.0 0.5040990035226826
8348.0 0.521044018544197
8350.0 0.5144522980961
8352.0 0.5074430743268875
8354.0 0.5084382940516803
8356.0 0.5104783093896845
8358.0 0.5024710273253843
8360.0 0.491420307199936
8362.0 0.4861233766635642
8364.0 0.4826496856799428
8366.0 0.4810195688378936
8368.0 0.4695920393905562
8370.0 0.46963706266589017
8372.0 0.468732037314066
8374.0 0.4524992066837131
8376.0 0.452286722528684
8378.0 0.448152076723234
8380.0 0.43364090395953797
8382.0 0.4173185057626717
8384.0 0.4086030369810673
8386.0 0.39692139303576845
8388.0 0.38841298540183183
8390.0 0.38351877199845724
8392.0 0.3906240538367034
8394.0 0.3580506936019406
8396.0 0.3422409778509349
8398.0 0.32336983937728636
8400.0 0.3305136199620834
8402.0 0.3195820826561916
8404.0 0.31251331953154
8406.0 0.2630329110615038
8408.0 0.2517187903755824
8410.0 0.2463045228581126
8412.0 0.2423491856108503
8414.0 0.2294816291937354
8416.0 0.21580619040340585
8418.0 0.19505531642939547
8420.0 0.1906601432778611
8422.0 0.1962407034799955
8424.0 0.19182247956872436
8426.0 0.16541157583433463
8428.0 0.1640862907119035
8430.0 0.16178887173998976
8432.0 0.14896027451263302
8434.0 0.15558620894040148
8436.0 0.1543938852679797
8438.0 0.1555355932329626
8440.0 0.16992896472638672
8442.0 0.17031280536623336
8444.0 0.16308397114682577
8446.0 0.15588327288924478
8448.0 0.17961255636114595
8450.0 0.1905527878465991
8452.0 0.18578024600930912
8454.0 0.16893466972238244
8456.0 0.18296364973956641
8458.0 0.2006686990188776
8460.0 0.23228455934829167
8462.0 0.22010719880542454
8464.0 0.21577187214968652
8466.0 0.22539048501520917
8468.0 0.2317000737277166
8470.0 0.2384346429600211
8472.0 0.25061703403380275
8474.0 0.2471738756688806
8476.0 0.2562946846886253
8478.0 0.2660348736159873
8480.0 0.30675310257835287
8482.0 0.3208714861966672
8484.0 0.31504236478349196
8486.0 0.3011427573054721
8488.0 0.31253713165995756
8490.0 0.33034790526215035
8492.0 0.3467235979573369
8494.0 0.3587056108462829
8496.0 0.35951516510600173
8498.0 0.3639644642762071
8500.0 0.37445413795533383
8502.0 0.3961007142271225
8504.0 0.4085466855335397
8506.0 0.4228105118411705
8508.0 0.43957767811619697
8510.0 0.4448185876651648
8512.0 0.45505678937616084
8514.0 0.4686144845511207
8516.0 0.4836588732105552
8518.0 0.5025869119642896
8520.0 0.5242993218654771
8522.0 0.5498829482819886
8524.0 0.5610132560950135
8526.0 0.5686473975034256
8528.0 0.5731915617117538
8530.0 0.5890751852386167
8532.0 0.6146916128525604
8534.0 0.6576326435005395
8536.0 0.6603027820756912
8538.0 0.6566925141476152
8540.0 0.6550841949970635
8542.0 0.689266238006617
8544.0 0.7075300549664035
8546.0 0.709694874313447
8548.0 0.7152138088439689
8550.0 0.709387982833366
8552.0 0.697040062270078
8554.0 0.6884205328525596
8556.0 0.6701891879940943
8558.0 0.6513771506737769
8560.0 0.6178098450780516
8562.0 0.6055470181942063
8564.0 0.5940025772467479
8566.0 0.5750791924465455
8568.0 0.5395765197928003
8570.0 0.5236346846895319
8572.0 0.505066768464102
8574.0 0.48500215015445236
8576.0 0.46083777905320633
8578.0 0.4388931249641795
8580.0 0.4250338539108707
8582.0 0.4186664063521304
8584.0 0.4135022952003174
8586.0 0.3927334649951588
8588.0 0.3849162166667996
8590.0 0.37919989551468336
8592.0 0.37752039897815814
8594.0 0.3441590885628911
8596.0 0.3424066462970063
8598.0 0.343402670686236
8600.0 0.36581136742014353
8602.0 0.3666483102106713
8604.0 0.3675268671691832
8606.0 0.3655676736621661
8608.0 0.3790534661010375
8610.0 0.39362172000716755
8612.0 0.3986760193783622
8614.0 0.3794074699472886
8616.0 0.38911297155090496
8618.0 0.40665426395882137
8620.0 0.41654851420483346
8622.0 0.4202829468401239
8624.0 0.4221146234514591
8626.0 0.45155526148904945
8628.0 0.4767992441655601
8630.0 0.488223613910181
8632.0 0.4825059052822796
8634.0 0.5055022015275602
8636.0 0.5396509858560865
8638.0 0.56287080337929
8640.0 0.6024668252424035
8642.0 0.6289323155570442
8644.0 0.6327431403557546
8646.0 0.6543425207399021
8648.0 0.6830679003726184
8650.0 0.6904685429824763
8652.0 0.694463931933695
8654.0 0.6971295119563093
8656.0 0.7437415998665714
8658.0 0.7873955317294639
8660.0 0.80047119081971
8662.0 0.8037521064779046
8664.0 0.8119470853428199
8666.0 0.8307151135010249
8668.0 0.8519616814514159
8670.0 0.8798913661270145
8672.0 0.8916501101237092
8674.0 0.8998424456616404
8676.0 0.9102831071519273
8678.0 0.940464474174916
8680.0 0.953234648941988
8682.0 0.9645666477323381
8684.0 0.9629587398625018
8686.0 0.9678538182594965
8688.0 0.986119138553363
8690.0 0.963581839958705
8692.0 0.956261258324621
8694.0 0.9534805087272759
8696.0 0.9798237640343744
8698.0 1.0
8700.0 0.9799150445631328
8702.0 0.966346590152946
8704.0 0.9587116588852111
8706.0 0.9408136135164584
8708.0 0.9299415736364327
8710.0 0.921245083322958
8712.0 0.9082970140097655
8714.0 0.8934518989162039
8716.0 0.8807055899586019
8718.0 0.8891931714298229
8720.0 0.9099836134823585
8722.0 0.8930002795864667
8724.0 0.8587706568524592
8726.0 0.8355699873867459
8728.0 0.8414921809598892
8730.0 0.8222251144886947
8732.0 0.8261856616617688
8734.0 0.82748805003273
8736.0 0.8369927703537625
8738.0 0.8367879934428045
8740.0 0.7992434065763355
8742.0 0.8006890839127548
8744.0 0.7758176679204541
8746.0 0.771374471850876
8748.0 0.7828105816160604
8750.0 0.758663193268597
8752.0 0.7776545310862537
8754.0 0.7756318852624035
8756.0 0.7485366037600928
8758.0 0.7291753072404746
8760.0 0.7330221800372552
8762.0 0.7591138249342808
8764.0 0.7416941878299401
8766.0 0.72230230336997
8768.0 0.7101267385439817
8770.0 0.7234011225029704
8772.0 0.7099472277045277
8774.0 0.7067564655228055
8776.0 0.7060544185864734
8778.0 0.6918218139855054
8780.0 0.6648416083026647
8782.0 0.6487478613217728
8784.0 0.6439519663795501
8786.0 0.6217451372323297
8788.0 0.5891472063123017
8790.0 0.592624047328965
8792.0 0.5999457120826645
8794.0 0.5922688307307771
8796.0 0.5833706748545757
8798.0 0.5796149563936333
8800.0 0.5783443437398833
8802.0 0.5932874844095731
8804.0 0.5892040577199845
8806.0 0.5768528494221984
8808.0 0.5622455590642688
8810.0 0.5606195553487755
8812.0 0.5593991963472047
8814.0 0.5552338295643675
8816.0 0.5529338701373566
8818.0 0.5700114730465237
8820.0 0.5942819192979699
8822.0 0.584683603399618
8824.0 0.5647445899755573
8826.0 0.5637163011730487
8828.0 0.5622085077186272
8830.0 0.5602047438065119
8832.0 0.5809283348046677
8834.0 0.5946651671300544
8836.0 0.5912709206603363
8838.0 0.577924933926883
8840.0 0.5489689766535403
8842.0 0.5735548484836183
8844.0 0.5957592863323696
8846.0 0.6198047659345344
8848.0 0.597947134750663
8850.0 0.5943716655561073
8852.0 0.5866718245919057
8854.0 0.5892238677377228
8856.0 0.5717247547469853
8858.0 0.5550045453977209
8860.0 0.5495082272996625
8862.0 0.5465021136447145
8864.0 0.5472221046159156
8866.0 0.5295055467032944
8868.0 0.5197949994341715
8870.0 0.539249233347837
8872.0 0.5627019576839193
8874.0 0.5784847116356623
8876.0 0.546418223435324
8878.0 0.5175347609913843
8880.0 0.5197121226289042
8882.0 0.4976708699608727
8884.0 0.48930552785188086
8886.0 0.48735782071762285
8888.0 0.48309806771258834
8890.0 0.46275447441890705
8892.0 0.4598511431131417
8894.0 0.4730497837933277
8896.0 0.4736278037618159
8898.0 0.45823895703627354
8900.0 0.4678902653623699
8902.0 0.4424460750807138
8904.0 0.42342855524281564
8906.0 0.4129531030855737
8908.0 0.4252115872804967
8910.0 0.41543652710640755
8912.0 0.41723416255034357
8914.0 0.44126338911299123
8916.0 0.4646624597939373
8918.0 0.4627840587123118
8920.0 0.44721262295995584
8922.0 0.4454729758294679
8924.0 0.4741390299215174
8926.0 0.5222270834463423
8928.0 0.5356482723321574
8930.0 0.5172541268723571
8932.0 0.4895708218464795
8934.0 0.510824869096006
8936.0 0.5106058078045987
8938.0 0.5102507487345035
8940.0 0.4944054559131122
8942.0 0.4775181771728199
8944.0 0.4886705959839383
8946.0 0.5168136722870598
8948.0 0.5410473941639883
8950.0 0.528905661360768
8952.0 0.5256187882510509
8954.0 0.5137993864544251
8956.0 0.5058522689555011
8958.0 0.5035236428557974
8960.0 0.5029353740605265
8962.0 0.4938047127929347
8964.0 0.47745672586879057
8966.0 0.46278227844957
8968.0 0.4536675480179209
8970.0 0.4489429693372301
8972.0 0.4632743591970935
8974.0 0.4528214264566858
8976.0 0.46693172391802557
8978.0 0.48431905551888327
8980.0 0.4834702402436074
8982.0 0.47187235584529463
8984.0 0.4644337035635238
8986.0 0.46279244813291254
8988.0 0.47866300269676815
8990.0 0.4732072452026021
8992.0 0.4616373286160785
8994.0 0.45599028652108414
8996.0 0.4716549338413721
8998.0 0.4878270476311305
9000.0 0.48568022816125217
9002.0 0.4616572725972969
9004.0 0.4420300573123215
9006.0 0.42521566589597876
9008.0 0.4395397009024771
9010.0 0.4545745554892861
9012.0 0.4560989236740015
9014.0 0.4442700568424338
9016.0 0.43546462825158727
9018.0 0.4472214808409884
9020.0 0.4392059067599241
9022.0 0.43471394402081104
9024.0 0.4354977704893364
9026.0 0.4223094278494434
9028.0 0.4116137542736436
9030.0 0.406585682626762
9032.0 0.42003207717852953
9034.0 0.4068507986134592
9036.0 0.4079120848363841
9038.0 0.4082857643037519
9040.0 0.38446316558861765
9042.0 0.36530258297280155
9044.0 0.3539083571152495
9046.0 0.3907008966354221
9048.0 0.38288360238958163
9050.0 0.36118304386675076
9052.0 0.34299348345786174
9054.0 0.35411156012285
9056.0 0.3644764436563171
9058.0 0.3506348988528947
9060.0 0.35832587400164906
9062.0 0.3567077025919306
9064.0 0.3529839563444677
9066.0 0.3400128750407135
9068.0 0.33263446089592447
9070.0 0.3276377968244736
9072.0 0.3306409876044631
9074.0 0.3301940232328101
9076.0 0.3319348509877929
9078.0 0.33230720294080646
9080.0 0.33361255807240514
9082.0 0.33351140296531745
9084.0 0.3342142033044552
9086.0 0.3354640652906529
9088.0 0.3371345580287125
9090.0 0.3398772516320858
9092.0 0.34261636561700254
9094.0 0.3439509079593264
9096.0 0.34533210239292017
9098.0 0.3455922190977009
9100.0 0.3456704713167038
9102.0 0.3449776004425626
9104.0 0.34264289437138407
9106.0 0.3409285114549501
9108.0 0.3422799053378569
9110.0 0.3459465112074478
9112.0 0.34718131286257214
9114.0 0.3470216339315285
9116.0 0.34618496762948375
9118.0 0.34345679206503066
9120.0 0.34168255688079885
9122.0 0.3432040987642802
9124.0 0.34683629242157366
9126.0 0.3456680033507797
9128.0 0.34363486188646064
9130.0 0.34305233419523357
9132.0 0.3435380045112679
9134.0 0.34395216137399404
9136.0 0.3435009585162992
9138.0 0.34375907561545677
9140.0 0.34610352120949023
9142.0 0.34913371247364555
9144.0 0.3495312098122311
9146.0 0.34757084143693856
9148.0 0.3458650979711879
9150.0 0.34489645707910227
9152.0 0.3442314761783442
9154.0 0.34397059120181345
9156.0 0.3443495190838654
9158.0 0.34486730058063747
9160.0 0.34572498969934784
9162.0 0.3454802770382823
9164.0 0.3454753240999134
9166.0 0.34512950374127527
9168.0 0.3452376952092608
9170.0 0.3456087794994815
9172.0 0.3447491312884653
9174.0 0.3439669803223037
9176.0 0.34532780355616444
9178.0 0.34655765466539423
9180.0 0.3461488830657653
9182.0 0.34424113381893073
9184.0 0.3433639460817867
9186.0 0.3455298109465146
9188.0 0.34821904456466285
9190.0 0.35016924153109313
9192.0 0.3532927632297334
9194.0 0.35785244126823473
9196.0 0.36408084702264537
9198.0 0.36723944930414726
9200.0 0.36504930727668305
9202.0 0.3619456258098235
9204.0 0.36160043688365817
9206.0 0.36094108761491095
9208.0 0.35702490817375726
9210.0 0.3517778919873251
9212.0 0.3501036480272928
9214.0 0.3513854505374269
9216.0 0.3527855561562021
9218.0 0.3512279395414258
9220.0 0.3489038389921429
9222.0 0.348224746677942
9224.0 0.3478237315780997
9226.0 0.3470334430476586
9228.0 0.346017430538656
9230.0 0.3455640351293283
9232.0 0.3458644901014849
9234.0 0.34663762022184
9236.0 0.34813624279880784
9238.0 0.3497871106376849
9240.0 0.3498864020016773
9242.0 0.34924470246825595
9244.0 0.3502823520242003
9246.0 0.3533982398542025
9248.0 0.356344501710156
9250.0 0.357633625547077
9252.0 0.35851260364411824
9254.0 0.36041947298544696
9256.0 0.3622255092840039
9258.0 0.3618151328032043
9260.0 0.35927675514570234
9262.0 0.35576407963950235
9264.0 0.3514660453716227
9266.0 0.34767234612498654
9268.0 0.34578556161338386
9270.0 0.34527149310227545
9272.0 0.3473903725549573
9274.0 0.35107346622834273
9276.0 0.3523138946774525
9278.0 0.3501248660624171
9280.0 0.3462381398601555
9282.0 0.3396017088883059
9284.0 0.3338941039134467
9286.0 0.33417919581570693
9288.0 0.33749648098375773
9290.0 0.341680172674422
9292.0 0.3463142481918215
9294.0 0.3503542752291699
9296.0 0.3538523960417951
9298.0 0.3552883336058901
9300.0 0.35123790934713806
9302.0 0.3459026824788349
9304.0 0.3441085041831254
9306.0 0.34464968370925714
9308.0 0.3456909159189681
9310.0 0.34667891135789347
9312.0 0.34711875272534665
9314.0 0.3464441111455036
9316.0 0.346753172169619
9318.0 0.35050518133398845
9320.0 0.35418146118389043
9322.0 0.3532076637097624
9324.0 0.3488217348875612
9326.0 0.34618046329486735
9328.0 0.34666476283172964
9330.0 0.35023705378602954
9332.0 0.3592138319191415
9334.0 0.3684830180309603
9336.0 0.3737384504398666
9338.0 0.3755651261416759
9340.0 0.371722396971657
9342.0 0.3618002915850736
9344.0 0.358671207202108
9346.0 0.37214259695352947
9348.0 0.3848507597111865
9350.0 0.38943952853238895
9352.0 0.3878579191656839
9354.0 0.3743546864904252
9356.0 0.35260675227436494
9358.0 0.33886229595446693
9360.0 0.3380202423464939
9362.0 0.3395714441097697
9364.0 0.34124567558870506
9366.0 0.34326145441631534
9368.0 0.3440322862755877
9370.0 0.34442728753061475
9372.0 0.34545360656887025
9374.0 0.3468886866338083
9376.0 0.3484378761888185
9378.0 0.35062960676651894
9380.0 0.3525710449252961
9382.0 0.3538202847609577
9384.0 0.354428912369848
9386.0 0.35432439316906134
9388.0 0.3534601562462439
9390.0 0.3515500641304057
9392.0 0.3473036435579509
9394.0 0.3447859911397397
9396.0 0.34700946333471167
9398.0 0.34912208582970256
9400.0 0.34717132549078183
9402.0 0.3439658341907354
9404.0 0.3436886873730399
9406.0 0.345671925198137
9408.0 0.34802582456953773
9410.0 0.3536690449917028
9412.0 0.35586724699631506
9414.0 0.34855991834172656
9416.0 0.3403918522085125
9418.0 0.3405380144515416
9420.0 0.3465843768088004
9422.0 0.3498670814789096
9424.0 0.34934644934282905
9426.0 0.3497763915056424
9428.0 0.3529389701063462
9430.0 0.3552122323530287
9432.0 0.3546723485135889
9434.0 0.35204059776439617
9436.0 0.34793814724018796
9438.0 0.3421059345967093
9440.0 0.33850564561877006
9442.0 0.33828132761795576
9444.0 0.3384267552616951
9446.0 0.33824007036018444
9448.0 0.33809015111451723
9450.0 0.33771274181937166
9452.0 0.33789550341749364
9454.0 0.33911245906464654
9456.0 0.34073180230913985
9458.0 0.3419955084666472
9460.0 0.3433574676093646
9462.0 0.3444042660767224
9464.0 0.34442805493500683
9466.0 0.3442229931398301
9468.0 0.3445255156226081
9470.0 0.3451714142926708
9472.0 0.3470437417435348
9474.0 0.35106623253947816
9476.0 0.353852093725819
9478.0 0.3548578033619869
9480.0 0.3545261389976926
9482.0 0.3524697482267715
9484.0 0.348968030063523
9486.0 0.34567940876289555
9488.0 0.34142953775993284
9490.0 0.34060318403998235
9492.0 0.3436244728862528
9494.0 0.34847905019920633
9496.0 0.3562090071583733
9498.0 0.36427690279501795
9500.0 0.36682340780438977
9502.0 0.36407121949497984
9504.0 0.35980137955898445
9506.0 0.35135350128711673
9508.0 0.34577690851918985
9510.0 0.34446703212744784
9512.0 0.345421920585115
9514.0 0.34854050085447746
9516.0 0.3534929277573213
9518.0 0.3534951522606504
9520.0 0.34538592284387243
9522.0 0.34136564921317875
9524.0 0.3404092802957452
9526.0 0.3431094266803283
9528.0 0.3524098065421864
9530.0 0.36328502885475494
9532.0 0.3662635291743482
9534.0 0.3629143216151026
9536.0 0.3595040717145939
9538.0 0.35337355996120035
9540.0 0.34763312951573244
9542.0 0.34299593755339985
9544.0 0.3390044691421002
9546.0 0.3343373593492153
9548.0 0.3299316346523571
9550.0 0.3309073197671076
9552.0 0.33913231066220384
9554.0 0.34417233805579556
9556.0 0.3459393373341069
9558.0 0.34852881825875226
9560.0 0.3545740889434496
9562.0 0.36137948583486523
9564.0 0.3636652385138591
9566.0 0.36213516094164666
9568.0 0.36010221969719997
9570.0 0.354163098957092
9572.0 0.3514498511795474
9574.0 0.35518421896692154
9576.0 0.35890937373480875
9578.0 0.35645541950061727
9580.0 0.349777564275491
9582.0 0.34545629993861815
9584.0 0.34219354199292784
9586.0 0.3393642696021656
9588.0 0.3351958259487071
9590.0 0.3347792714158324
9592.0 0.3423011332298586
9594.0 0.35260462832340284
9596.0 0.3551693200995153
9598.0 0.3510201315929395
9600.0 0.34922204654023065
9602.0 0.34772599905827306
9604.0 0.34662385629891407
9606.0 0.34542800327120565
9608.0 0.34559009423044834
9610.0 0.3491641018127734
9612.0 0.35500629217501445
9614.0 0.35477076708707356
9616.0 0.34652669335819974
9618.0 0.3450312908338164
9620.0 0.3505375384100879
9622.0 0.35387927835709926
9624.0 0.3513212650755081
9626.0 0.3465829331727612
9628.0 0.3448613722060164
9630.0 0.3450828535589231
9632.0 0.34459050138619435
9634.0 0.3430414272451336
9636.0 0.34279913833158737
9638.0 0.34524745591171196
9640.0 0.3476060757672027
9642.0 0.3465456045992143
9644.0 0.34304794112784764
9646.0 0.34156268377358795
9648.0 0.33833829016199835
9650.0 0.3408319300008221
9652.0 0.352805982076239
9654.0 0.3597874618632268
9656.0 0.35490152673673697
9658.0 0.3451702355145731
9660.0 0.34112181165114086
9662.0 0.33827771669908424
9664.0 0.3384046943050078
9666.0 0.34340264299613316
9668.0 0.34505951930536677
9670.0 0.34261502963562845
9672.0 0.3395643883033252
9674.0 0.3383211277321739
9676.0 0.3382277395808856
9678.0 0.3375854886870272
9680.0 0.33591598169012293
9682.0 0.3361579166141523
9684.0 0.3384484542950569
9686.0 0.3405225823034881
9688.0 0.34162456640759375
9690.0 0.34290282137158024
9692.0 0.3446413364899342
9694.0 0.34677685809715625
9696.0 0.3483392872636857
9698.0 0.3505074594582497
9700.0 0.34976140923030996
9702.0 0.3449433061516247
9704.0 0.3398421006157096
9706.0 0.3374127839794422
9708.0 0.3364749786086174
9710.0 0.33902011139634014
9712.0 0.3457477542792692
9714.0 0.3490081218171175
9716.0 0.35019349342448586
9718.0 0.351513272270797
9720.0 0.35261738671794907
9722.0 0.35327501065693645
9724.0 0.35528220439448177
9726.0 0.3590139045443277
9728.0 0.3579400540558795
9730.0 0.35251891076243025
9732.0 0.34988717834931277
9734.0 0.35099484881395043
9736.0 0.3526118865373645
9738.0 0.3522761510753573
9740.0 0.35086156979756083
9742.0 0.3471009420693749
9744.0 0.34062697103935624
9746.0 0.3364937314271434
9748.0 0.3333272316566792
9750.0 0.3325151918072987
9752.0 0.3356483426488824
9754.0 0.33958575014067555
9756.0 0.33503528812503364
9758.0 0.32306887962311653
9760.0 0.3245196125708139
9762.0 0.3352303822135131
9764.0 0.34338606208651157
9766.0 0.34832410624279486
9768.0 0.3518667867255122
9770.0 0.3540030756529715
9772.0 0.35469364325647934
9774.0 0.35197334127478397
9776.0 0.34520883926763946
9778.0 0.3441820457030732
9780.0 0.3480285184613664
9782.0 0.35157272996339073
9784.0 0.3535014086877281
9786.0 0.3549917266484064
9788.0 0.35515921481812646
9790.0 0.3545113833958526
9792.0 0.35344727893644357
9794.0 0.3517213334716485
9796.0 0.3489682311393481
9798.0 0.3451922680107356
9800.0 0.34156817166512987
9802.0 0.33892143613318015
9804.0 0.33718174005541424
9806.0 0.33889215411065404
9808.0 0.34368454368450535
9810.0 0.3468019612514909
9812.0 0.3491044442583933
9814.0 0.3491965073080031
9816.0 0.3454661188863882
9818.0 0.3404272109625743
9820.0 0.34077912159674817
9822.0 0.34446993718016916
9824.0 0.34615715316286616
9826.0 0.3482549161553981
9828.0 0.3489491688117842
9830.0 0.3473428325109399
9832.0 0.3442038371603267
9834.0 0.3406828057521334
9836.0 0.3369242118555404
9838.0 0.3382793905500966
9840.0 0.3435457403654097
9842.0 0.34642824247453063
9844.0 0.3478731187186116
9846.0 0.34619233715235576
9848.0 0.3394633232794073
9850.0 0.3320362532690424
9852.0 0.33298519967690426
9854.0 0.3381876145786728
9856.0 0.33984067086704445
9858.0 0.3405553244148952
9860.0 0.33977899326016014
9862.0 0.3370223852443028
9864.0 0.33690169660354297
9866.0 0.34571672137325793
9868.0 0.35785740203985406
9870.0 0.3579267859192136
9872.0 0.3515022440445841
9874.0 0.3474829293338139
9876.0 0.3447449264981943
9878.0 0.3413387197591721
9880.0 0.33718233790080226
9882.0 0.33247834377821966
9884.0 0.3247067332314877
9886.0 0.31587026505898746
9888.0 0.3188192096257744
9890.0 0.3295184907732523
9892.0 0.33555486032537857
9894.0 0.3346642552137462
9896.0 0.33389432307143846
9898.0 0.33867351606537927
9900.0 0.34440936880149153
9902.0 0.34380935898922477
9904.0 0.34061036013988943
9906.0 0.34288897929493445
9908.0 0.34974553177681345
9910.0 0.35914739282689295
9912.0 0.3715145841061344
9914.0 0.3788248623993856
9916.0 0.36562534670127955
9918.0 0.34215371990325144
9920.0 0.32635010712512297
9922.0 0.3141703033663407
9924.0 0.3105605311249453
9926.0 0.3159443475623274
9928.0 0.3236642658051119
9930.0 0.33049085186341914
9932.0 0.3387082594834623
9934.0 0.3472052191267949
9936.0 0.35494621379550567
9938.0 0.3556954010854363
9940.0 0.35074270513611266
9942.0 0.3479299101314644
9944.0 0.35077200678428183
9946.0 0.35432863319803903
9948.0 0.35466447860994166
9950.0 0.3534509978156895
9952.0 0.35086788450086204
9954.0 0.3468752431054372
9956.0 0.3425620405026321
9958.0 0.3389601488012159
9960.0 0.3363506587699351
9962.0 0.33296930214304904
9964.0 0.3302475771804691
9966.0 0.33353662046491034
9968.0 0.3400658256789158
9970.0 0.3456262025633882
9972.0 0.34990528211301053
9974.0 0.3488989167689286
9976.0 0.3419211167220999
9978.0 0.3351219513704197
9980.0 0.33476608905997174
9982.0 0.33807743653557026
9984.0 0.34733021496018013
9986.0 0.35949427889534397
9988.0 0.36409556155275963
9990.0 0.35983330563769267
9992.0 0.35399813310258815
9994.0 0.3498139094275718
9996.0 0.3460986060108659
9998.0 0.34375969439822146
