# z obs_date
# 0 52280
3580.0 0.12031945801239632
3582.0 0.15046236091532872
3584.0 0.20199965479372603
3586.0 0.2574891996185106
3588.0 0.28902241393588657
3590.0 0.19903707699970385
3592.0 0.10169136844719223
3594.0 0.17202158799623365
3596.0 0.2752334243021593
3598.0 0.31746334622233696
3600.0 0.274148873167122
3602.0 0.19413200271250086
3604.0 0.23027899176558167
3606.0 0.3315844987481723
3608.0 0.3274911517511343
3610.0 0.24592782738687158
3612.0 0.21440355445977446
3614.0 0.21421729674120962
3616.0 0.2351787952296356
3618.0 0.22932472341524102
3620.0 0.18061561497764106
3622.0 0.2104310766948489
3624.0 0.2650247248837809
3626.0 0.27358732991593876
3628.0 0.2742978373468441
3630.0 0.2111218701965927
3632.0 0.15063197232521533
3634.0 0.156896301656707
3636.0 0.19964997071924606
3638.0 0.17859605727767422
3640.0 0.17524612086245422
3642.0 0.19695173498516036
3644.0 0.21032913578241466
3646.0 0.23039176483321092
3648.0 0.19442034178981302
3650.0 0.2017449171339296
3652.0 0.23213017308953052
3654.0 0.20022461520768794
3656.0 0.17048149072521915
3658.0 0.19298197095749947
3660.0 0.20347791912224997
3662.0 0.21130954443400768
3664.0 0.21140838688830882
3666.0 0.20236723512718213
3668.0 0.22182760673783358
3670.0 0.20075802428197154
3672.0 0.19663114980805718
3674.0 0.19698476102990167
3676.0 0.19864825452620596
3678.0 0.21214545632729218
3680.0 0.21824620725030558
3682.0 0.22038815759387148
3684.0 0.21353379072872017
3686.0 0.2298349729844315
3688.0 0.20427854333762768
3690.0 0.19358545265305552
3692.0 0.21007998691427465
3694.0 0.20706275665598364
3696.0 0.19099411981847564
3698.0 0.19413563457296887
3700.0 0.21611417876456643
3702.0 0.20893385688056743
3704.0 0.19627821245515195
3706.0 0.20655667818997428
3708.0 0.21868865341953836
3710.0 0.2126922306336518
3712.0 0.19211409628725132
3714.0 0.18620184082331528
3716.0 0.18863757121918848
3718.0 0.18073920492232295
3720.0 0.17057142540582393
3722.0 0.1595786585381141
3724.0 0.16375837464663542
3726.0 0.19010465904276425
3728.0 0.19824428168415206
3730.0 0.2138578421485098
3732.0 0.1903869464185508
3734.0 0.1898712471556434
3736.0 0.20570589964601682
3738.0 0.19578980113966987
3740.0 0.18153576301478014
3742.0 0.18674779671226605
3744.0 0.1874062034156225
3746.0 0.18323087550007724
3748.0 0.18299078998590207
3750.0 0.174765760455586
3752.0 0.1754503789416818
3754.0 0.17869210509012107
3756.0 0.1656014476921454
3758.0 0.16204887651388172
3760.0 0.16811664085098166
3762.0 0.18480489379284318
3764.0 0.18413483525307578
3766.0 0.16554224780807789
3768.0 0.1614479465424105
3770.0 0.17342740833064949
3772.0 0.17593670267128658
3774.0 0.16711407439295595
3776.0 0.17262367192510136
3778.0 0.17725197037915402
3780.0 0.17572323908496693
3782.0 0.1724145851690031
3784.0 0.17067829261619724
3786.0 0.16806120620205148
3788.0 0.17089431390777127
3790.0 0.18825165662075918
3792.0 0.20072462556781853
3794.0 0.19529546650822907
3796.0 0.19195717061976894
3798.0 0.1889355792748297
3800.0 0.1921138895848797
3802.0 0.1984882397283035
3804.0 0.20138939287666618
3806.0 0.20442323554957534
3808.0 0.20475575798618809
3810.0 0.2040922528604978
3812.0 0.19649260510221925
3814.0 0.2048940825720436
3816.0 0.1990498375159266
3818.0 0.1952866107428061
3820.0 0.201175664725567
3822.0 0.20846208118163015
3824.0 0.21252021548433106
3826.0 0.2190944312449097
3828.0 0.21311378142778303
3830.0 0.21109482178742162
3832.0 0.21612269426016317
3834.0 0.21619915597112124
3836.0 0.22036699875559318
3838.0 0.22162608664623326
3840.0 0.22633844696473257
3842.0 0.23100335526194837
3844.0 0.2273329340662315
3846.0 0.2296968194199522
3848.0 0.23985214695989648
3850.0 0.24156737702313089
3852.0 0.2437438568188497
3854.0 0.24106841818689634
3856.0 0.2579221770043704
3858.0 0.25460563446188633
3860.0 0.2561658360878217
3862.0 0.2508371834942283
3864.0 0.25119582640921106
3866.0 0.25716474712672244
3868.0 0.2581116478614378
3870.0 0.25817535462730584
3872.0 0.25513640869963994
3874.0 0.26632894739393304
3876.0 0.2683773696968606
3878.0 0.2612136013613771
3880.0 0.2574621955878247
3882.0 0.25748822740909716
3884.0 0.2702272564786043
3886.0 0.27691567578347576
3888.0 0.2628287678657009
3890.0 0.2691852905631193
3892.0 0.28249708101310833
3894.0 0.2854079389878263
3896.0 0.28417300125965106
3898.0 0.27240330686985914
3900.0 0.27519598119965133
3902.0 0.28850346221867285
3904.0 0.29047064354650814
3906.0 0.29198454571839155
3908.0 0.2833861111001404
3910.0 0.28750859965136905
3912.0 0.2969611207099757
3914.0 0.29961909171286233
3916.0 0.3129091978460883
3918.0 0.3260285666466758
3920.0 0.3297423824590849
3922.0 0.3369097065505502
3924.0 0.349830260877975
3926.0 0.3549180880774475
3928.0 0.3487011252418998
3930.0 0.32780559720746727
3932.0 0.3298182744295149
3934.0 0.33508291220403463
3936.0 0.33905081299320927
3938.0 0.3436836589252403
3940.0 0.35075754046698726
3942.0 0.3575942709593493
3944.0 0.3603679262519513
3946.0 0.37386914614269834
3948.0 0.37377501709350547
3950.0 0.37150792121891874
3952.0 0.3845462615585725
3954.0 0.3838410237087585
3956.0 0.3792028094314229
3958.0 0.3801165329668457
3960.0 0.3827457055916022
3962.0 0.38459043545152477
3964.0 0.3854580310377704
3966.0 0.37910805794430147
3968.0 0.3755042339078815
3970.0 0.37997418949042566
3972.0 0.3829614530632938
3974.0 0.3888239424102376
3976.0 0.3926922584996138
3978.0 0.3866236567391014
3980.0 0.38423760936071566
3982.0 0.3840979184439606
3984.0 0.38170361052891116
3986.0 0.38898388970448566
3988.0 0.39975474569050445
3990.0 0.39813868631246446
3992.0 0.396378640979562
3994.0 0.3920876648948136
3996.0 0.3932368654101669
3998.0 0.3991574577857225
4000.0 0.3997865661819306
4002.0 0.398373502098869
4004.0 0.3955432405138119
4006.0 0.4042695232350215
4008.0 0.4093688863356571
4010.0 0.4137872167884079
4012.0 0.41716501380171334
4014.0 0.422286806888897
4016.0 0.4109652983451031
4018.0 0.394456110940149
4020.0 0.3916955215897576
4022.0 0.39671861850766693
4024.0 0.39843369061589634
4026.0 0.40653338560860103
4028.0 0.4065672144117264
4030.0 0.4006845320631649
4032.0 0.38703602749541344
4034.0 0.38808542161397536
4036.0 0.39331875185078136
4038.0 0.3949144563829998
4040.0 0.40038306252285105
4042.0 0.4015552883101349
4044.0 0.3949844133704668
4046.0 0.3863822957712001
4048.0 0.38333767608244634
4050.0 0.38574727145303056
4052.0 0.3864773046354855
4054.0 0.39000423639436543
4056.0 0.3840848263358996
4058.0 0.3859803159434591
4060.0 0.3893321521293798
4062.0 0.3923765884382104
4064.0 0.39505847852943726
4066.0 0.38989253222983783
4068.0 0.37870531709421074
4070.0 0.37604606845660654
4072.0 0.36686802113207173
4074.0 0.36749058635653725
4076.0 0.38302496977197714
4078.0 0.3832699967872825
4080.0 0.3723137587377623
4082.0 0.3685945369511876
4084.0 0.36952865580970845
4086.0 0.36880614561697256
4088.0 0.3566793552187677
4090.0 0.34548251227817794
4092.0 0.34532057375073805
4094.0 0.3441118947846313
4096.0 0.3486434772921482
4098.0 0.3532059536536653
4100.0 0.346833561633292
4102.0 0.3455438433206795
4104.0 0.3481548643829519
4106.0 0.34797259750177867
4108.0 0.3446607674108774
4110.0 0.34017920154905007
4112.0 0.33271274159403436
4114.0 0.32833153759866973
4116.0 0.3385262943276715
4118.0 0.3369230766172451
4120.0 0.33254893632192695
4122.0 0.31954016257246454
4124.0 0.32318930847781685
4126.0 0.3272619750105165
4128.0 0.3243696638275723
4130.0 0.3219056421938314
4132.0 0.31621540764183675
4134.0 0.3184721972767428
4136.0 0.3227891257464642
4138.0 0.314113472129684
4140.0 0.3089017682135532
4142.0 0.3107519099224989
4144.0 0.30888211478309363
4146.0 0.3081292225590305
4148.0 0.3130348957795003
4150.0 0.31502389011671905
4152.0 0.30625613231584475
4154.0 0.31412347072065266
4156.0 0.3166535026315704
4158.0 0.31301380091501063
4160.0 0.3137084382135786
4162.0 0.3187452383535708
4164.0 0.3168482846428913
4166.0 0.31403994765929044
4168.0 0.3114538432257511
4170.0 0.30667115667701295
4172.0 0.3131254593706381
4174.0 0.31521333404286644
4176.0 0.3149062992976533
4178.0 0.3109533039139738
4180.0 0.31681912435957366
4182.0 0.3215799932665015
4184.0 0.3218150915652954
4186.0 0.3175975613321409
4188.0 0.32042742420822545
4190.0 0.3287846700955867
4192.0 0.32998634591419307
4194.0 0.3315185040591611
4196.0 0.3298345409161405
4198.0 0.3257429747986664
4200.0 0.32899642645700433
4202.0 0.33112425265037576
4204.0 0.3276093206128983
4206.0 0.3282260127917448
4208.0 0.32556913299184476
4210.0 0.32297660727307353
4212.0 0.3290780050368917
4214.0 0.33413346533408755
4216.0 0.33806623699897875
4218.0 0.336386250806964
4220.0 0.32995870954521234
4222.0 0.32898381354034734
4224.0 0.33359763731283487
4226.0 0.3355892551653035
4228.0 0.33355041018895293
4230.0 0.33854189770611726
4232.0 0.33896697867483505
4234.0 0.3366653964734045
4236.0 0.3352852112391839
4238.0 0.33235118511398454
4240.0 0.3291229077486494
4242.0 0.3305193646301308
4244.0 0.3396456196081123
4246.0 0.34675442337928214
4248.0 0.3481391778401914
4250.0 0.3506399161832826
4252.0 0.34819898674416544
4254.0 0.33763576375294874
4256.0 0.33118726733560183
4258.0 0.3337201743175133
4260.0 0.3336547975048814
4262.0 0.3320653827953423
4264.0 0.3370486355775205
4266.0 0.33987324342224484
4268.0 0.33510829667767084
4270.0 0.3335428648383249
4272.0 0.3408549110119046
4274.0 0.3422395278513009
4276.0 0.33422941219276614
4278.0 0.33848978391969364
4280.0 0.3450706090254488
4282.0 0.3432225784329566
4284.0 0.3390574246515395
4286.0 0.3349483363081659
4288.0 0.3353163151367222
4290.0 0.3346442497207467
4292.0 0.3434986080929297
4294.0 0.3432248799948955
4296.0 0.3349564988380705
4298.0 0.33372269728445664
4300.0 0.3394063147275542
4302.0 0.3416970168356656
4304.0 0.3414542654372439
4306.0 0.3422908818422977
4308.0 0.33768643016044814
4310.0 0.3344069224279403
4312.0 0.3396873164478102
4314.0 0.34679701231664695
4316.0 0.34304315890872905
4318.0 0.3382216122875229
4320.0 0.34212187054889137
4322.0 0.3362820838798014
4324.0 0.33832778617151577
4326.0 0.3427274769584606
4328.0 0.3297680570090104
4330.0 0.32233462674240587
4332.0 0.3235983449089071
4334.0 0.322334308406546
4336.0 0.32710298257854004
4338.0 0.3313215833269858
4340.0 0.3328778035916229
4342.0 0.3345417017653563
4344.0 0.3407393672491538
4346.0 0.3503982276716094
4348.0 0.3458434888703591
4350.0 0.3333886366266318
4352.0 0.3322093055328785
4354.0 0.3296508961016282
4356.0 0.3329185520237476
4358.0 0.3382137260306669
4360.0 0.33305394774867497
4362.0 0.33178096514702393
4364.0 0.3384413974455159
4366.0 0.33839045698452186
4368.0 0.3422432281695658
4370.0 0.3378248397201039
4372.0 0.3310455987219921
4374.0 0.33793785636586976
4376.0 0.3380350725550439
4378.0 0.33162753599969497
4380.0 0.3347246014859095
4382.0 0.33664677347905847
4384.0 0.3424304657617676
4386.0 0.34100081390569614
4388.0 0.33704133371033534
4390.0 0.34165889633492036
4392.0 0.3423912635247867
4394.0 0.3487469905612487
4396.0 0.34616133641395486
4398.0 0.3488301122258016
4400.0 0.3489386503734676
4402.0 0.35018693311473426
4404.0 0.3508947985435584
4406.0 0.35364508409865475
4408.0 0.3546648711072244
4410.0 0.3463643319074799
4412.0 0.3516289846082277
4414.0 0.3608822311054713
4416.0 0.36030880604026266
4418.0 0.3578976071136012
4420.0 0.35349114395302417
4422.0 0.3513912491466499
4424.0 0.35164571945567197
4426.0 0.35292076770489217
4428.0 0.35396711437784983
4430.0 0.35714478072609407
4432.0 0.3608297890063367
4434.0 0.36237381177167094
4436.0 0.3651247249340198
4438.0 0.3684252874144577
4440.0 0.3647422956742061
4442.0 0.37415311075880037
4444.0 0.38491743991750366
4446.0 0.38815609230650233
4448.0 0.3926597395458898
4450.0 0.38896998507099206
4452.0 0.38488192995773046
4454.0 0.38270991056671244
4456.0 0.39034051991636415
4458.0 0.3984074585680003
4460.0 0.3951134173142769
4462.0 0.3956302554576621
4464.0 0.4022893208489543
4466.0 0.40111617835028984
4468.0 0.3950139782307759
4470.0 0.39843223104611647
4472.0 0.4025774528647186
4474.0 0.40656731282809905
4476.0 0.40545132799923417
4478.0 0.4052798304667585
4480.0 0.404325998170917
4482.0 0.40900955716516735
4484.0 0.41426966459369396
4486.0 0.41682209757004507
4488.0 0.41684490208569325
4490.0 0.4201814838412694
4492.0 0.42602318967060143
4494.0 0.43315194011254105
4496.0 0.42579735802303026
4498.0 0.42220123766344186
4500.0 0.4311107465572247
4502.0 0.4318158783474435
4504.0 0.43230243148256814
4506.0 0.43743917542294775
4508.0 0.43517320574518653
4510.0 0.43393474853346387
4512.0 0.43386040770502776
4514.0 0.43712332268200144
4516.0 0.4393912972154692
4518.0 0.44352457739023726
4520.0 0.44716166149924796
4522.0 0.44990329338231266
4524.0 0.44638896449295645
4526.0 0.4502434147911681
4528.0 0.45126494186881044
4530.0 0.45709631399626427
4532.0 0.46108137800920934
4534.0 0.4572505376146073
4536.0 0.46573414288808573
4538.0 0.4788505924552777
4540.0 0.4722063605348727
4542.0 0.4669021837131176
4544.0 0.47007554099691207
4546.0 0.4741534937942999
4548.0 0.48415267652652505
4550.0 0.4858792853167139
4552.0 0.4738406232864525
4554.0 0.47344367178759655
4556.0 0.4850370624565307
4558.0 0.493959238011136
4560.0 0.4979939892973896
4562.0 0.4975280973122156
4564.0 0.4995197076130701
4566.0 0.5009610314915475
4568.0 0.5039380263758083
4570.0 0.507527998637826
4572.0 0.5103601553619032
4574.0 0.509672103466585
4576.0 0.5129391530905468
4578.0 0.5106456461645814
4580.0 0.5063280707693074
4582.0 0.5106628857957292
4584.0 0.5218825695506871
4586.0 0.5296268839294634
4588.0 0.5275528703952989
4590.0 0.5286598918954915
4592.0 0.5308820132465599
4594.0 0.5283167158464172
4596.0 0.5229580687775969
4598.0 0.5256590722051722
4600.0 0.5320961467928661
4602.0 0.5318336778716137
4604.0 0.5312717763914369
4606.0 0.5321781201603174
4608.0 0.5213655410752677
4610.0 0.5203946970269766
4612.0 0.5243529921541535
4614.0 0.5233733699957034
4616.0 0.5180535622426622
4618.0 0.5179446517289655
4620.0 0.5198131547704773
4622.0 0.52310934989104
4624.0 0.5238483240238937
4626.0 0.5222627200042768
4628.0 0.523902883780186
4630.0 0.5277896375021675
4632.0 0.5299126995502965
4634.0 0.5336913446193307
4636.0 0.5308454876102836
4638.0 0.5222204981521883
4640.0 0.5155388074947765
4642.0 0.513503246036378
4644.0 0.5141638779955772
4646.0 0.518515863520266
4648.0 0.5139848607708607
4650.0 0.5063080466857973
4652.0 0.5051116941801069
4654.0 0.5266767112378289
4656.0 0.5285624687183084
4658.0 0.5072663719027535
4660.0 0.4962362730723477
4662.0 0.49212828469849884
4664.0 0.49199840190986904
4666.0 0.4873711925313601
4668.0 0.4863984081039233
4670.0 0.48823853248099514
4672.0 0.48416623095510236
4674.0 0.48077320207814694
4676.0 0.48741892951452065
4678.0 0.4829987236869711
4680.0 0.48048502957618955
4682.0 0.47927964473324536
4684.0 0.4798252946743938
4686.0 0.4814389068481859
4688.0 0.4722873822223638
4690.0 0.47575171855713755
4692.0 0.478480618353296
4694.0 0.4744099966884061
4696.0 0.472654718261343
4698.0 0.48179448487578236
4700.0 0.49056884396738987
4702.0 0.49173244748387684
4704.0 0.4929890661087986
4706.0 0.49843280788559907
4708.0 0.5049259948268349
4710.0 0.5079241892054495
4712.0 0.5039668201677553
4714.0 0.5073011339989975
4716.0 0.5107498321443872
4718.0 0.5063592008256146
4720.0 0.5026687602577518
4722.0 0.5027072756485628
4724.0 0.5065010986187864
4726.0 0.5069150615491225
4728.0 0.49995402877601197
4730.0 0.4972642981792152
4732.0 0.49613597283781824
4734.0 0.4936413113889524
4736.0 0.495466431249036
4738.0 0.4965335383510371
4740.0 0.50389711313904
4742.0 0.5016232427647752
4744.0 0.4889270727955164
4746.0 0.4832609797388469
4748.0 0.4886928061095268
4750.0 0.49452990907258493
4752.0 0.4919406785354336
4754.0 0.4896657067412728
4756.0 0.49018701696805705
4758.0 0.48953847075546836
4760.0 0.4958122600757489
4762.0 0.4943412955242958
4764.0 0.479527745155135
4766.0 0.4710714983204314
4768.0 0.4816220831785842
4770.0 0.49090510020291067
4772.0 0.4945271055279208
4774.0 0.494484220979928
4776.0 0.49004512567781766
4778.0 0.4815777209690551
4780.0 0.47689789731838883
4782.0 0.4860437016781368
4784.0 0.4840248281652181
4786.0 0.47827644259002317
4788.0 0.4757536706024646
4790.0 0.48014645044249776
4792.0 0.481475005041439
4794.0 0.47823008798784755
4796.0 0.46937291797498
4798.0 0.4695040454500211
4800.0 0.47464879414094807
4802.0 0.47309127061879536
4804.0 0.4680422453953007
4806.0 0.473641364104916
4808.0 0.4743391633186077
4810.0 0.4723041547499743
4812.0 0.47573841634361136
4814.0 0.4749418145650599
4816.0 0.47069118983724995
4818.0 0.47097427234495165
4820.0 0.47595119829617244
4822.0 0.47676127622949166
4824.0 0.47495977741497564
4826.0 0.47098324060895924
4828.0 0.470940453238135
4830.0 0.47353259188146013
4832.0 0.4799502595521512
4834.0 0.47915509968723985
4836.0 0.4782350977534095
4838.0 0.4773723061733661
4840.0 0.47659448475701605
4842.0 0.475693819526252
4844.0 0.47482594114133014
4846.0 0.473986271947684
4848.0 0.47311734859477905
4850.0 0.47230259368110616
4852.0 0.4714505352933047
4854.0 0.4705149887168709
4856.0 0.46974714983800114
4858.0 0.4688835302034826
4860.0 0.46801130208570396
4862.0 0.4671561226770241
4864.0 0.4662760598040079
4866.0 0.4654557896455745
4868.0 0.46337746330249235
4870.0 0.45834689187609634
4872.0 0.4581936272929249
4874.0 0.4623318531434946
4876.0 0.46178952792634037
4878.0 0.45586395155910137
4880.0 0.45865223396513644
4882.0 0.4609583565231159
4884.0 0.46144795264900945
4886.0 0.4597040165256653
4888.0 0.45536075728666864
4890.0 0.4513875194726485
4892.0 0.4536596342282184
4894.0 0.4511327122208468
4896.0 0.45309652531807054
4898.0 0.45488349221639
4900.0 0.457308540592189
4902.0 0.45489885402666025
4904.0 0.45095949569248095
4906.0 0.45295118867013595
4908.0 0.45474217883887263
4910.0 0.45576246382381475
4912.0 0.4485477162466081
4914.0 0.4589644643063757
4916.0 0.4587733607546438
4918.0 0.4644447421744861
4920.0 0.46490721867346335
4922.0 0.4618659106150123
4924.0 0.4652254183252784
4926.0 0.4696843039930049
4928.0 0.4728849921147777
4930.0 0.4773723275740528
4932.0 0.4793555413198388
4934.0 0.482801463385626
4936.0 0.4861334684616163
4938.0 0.4894782009079741
4940.0 0.4928771311832602
4942.0 0.4960726324123267
4944.0 0.49936563319630245
4946.0 0.5026879907174973
4948.0 0.5060105643215347
4950.0 0.5093486178702603
4952.0 0.5125207935460052
4954.0 0.5159860716428313
4956.0 0.5193171268115239
4958.0 0.522640902534105
4960.0 0.5259020254526459
4962.0 0.5292360259876643
4964.0 0.5324989246683863
4966.0 0.5359696073467745
4968.0 0.5391563929242446
4970.0 0.5435408662660441
4972.0 0.5487850935920695
4974.0 0.5539286338267111
4976.0 0.5545935529696796
4978.0 0.5524628457615908
4980.0 0.5509285518705976
4982.0 0.5523660764983703
4984.0 0.5514272432439431
4986.0 0.5575169278832829
4988.0 0.5591033133582495
4990.0 0.5587461219354237
4992.0 0.5613758800442946
4994.0 0.5607193112678027
4996.0 0.5599925785727091
4998.0 0.5593692528207209
5000.0 0.5587518527289225
5002.0 0.5580608066585717
5004.0 0.5574417618712781
5006.0 0.5567797361786002
5008.0 0.5561138220993126
5010.0 0.5555576352788578
5012.0 0.5548586858034569
5014.0 0.554206295667397
5016.0 0.5535902363600727
5018.0 0.5529365924094564
5020.0 0.552295672492425
5022.0 0.5516431959045478
5024.0 0.5509563290697184
5026.0 0.550373900508583
5028.0 0.5500027534568074
5030.0 0.5546614398853434
5032.0 0.5564632626043599
5034.0 0.5558941187189993
5036.0 0.5506429989316171
5038.0 0.5490371373628057
5040.0 0.5468631273776645
5042.0 0.5461639152631783
5044.0 0.5480180109209916
5046.0 0.5430949578499142
5048.0 0.5318056522381407
5050.0 0.5284452050957824
5052.0 0.5251468575323068
5054.0 0.5256653493760853
5056.0 0.5310860995069382
5058.0 0.532869995206073
5060.0 0.5292181186805209
5062.0 0.5211872741542293
5064.0 0.5200480348505155
5066.0 0.5153419035295632
5068.0 0.5118780384501366
5070.0 0.511544047153015
5072.0 0.5133908811911801
5074.0 0.5108139632371579
5076.0 0.5047456021621476
5078.0 0.5009467858570327
5080.0 0.5055396563633576
5082.0 0.5053839999223234
5084.0 0.5031460926229886
5086.0 0.5030154950855164
5088.0 0.5047549614552339
5090.0 0.5072312393905809
5092.0 0.5119369198100059
5094.0 0.5112817417047274
5096.0 0.5076704596142533
5098.0 0.5144227445177175
5100.0 0.5140706764031095
5102.0 0.5114473095936621
5104.0 0.5118127582992988
5106.0 0.512090454289205
5108.0 0.5121897149546158
5110.0 0.5145746487609508
5112.0 0.5180593182031521
5114.0 0.5163830510506346
5116.0 0.5157536932356602
5118.0 0.5204800728514896
5120.0 0.5258097290380642
5122.0 0.5311375116405411
5124.0 0.535416606808753
5126.0 0.5344140499928901
5128.0 0.5324530867419044
5130.0 0.53502662510939
5132.0 0.5364787473430165
5134.0 0.5387590116347122
5136.0 0.5435183451587979
5138.0 0.5449703098182929
5140.0 0.5450397276087101
5142.0 0.5462610147604695
5144.0 0.5509800786382636
5146.0 0.55900252419801
5148.0 0.5631164062779375
5150.0 0.5576068960788125
5152.0 0.5666958874409136
5154.0 0.5788992393476796
5156.0 0.5774473226670205
5158.0 0.5752202436761688
5160.0 0.5779691911984133
5162.0 0.5812581904686491
5164.0 0.585206729760011
5166.0 0.5882338568368208
5168.0 0.5931707479830176
5170.0 0.5925765077069268
5172.0 0.5906933951791112
5174.0 0.5857061177359447
5176.0 0.5812236605506624
5178.0 0.5818221743838505
5180.0 0.5934495356425875
5182.0 0.5991895926169803
5184.0 0.5952232780778833
5186.0 0.5917606065944987
5188.0 0.5963561102090661
5190.0 0.5999222113178149
5192.0 0.59643449243556
5194.0 0.5927430573374878
5196.0 0.5999661825824376
5198.0 0.6079827996926213
5200.0 0.6067163380745944
5202.0 0.6061968223949529
5204.0 0.600888218067237
5206.0 0.6003949704777191
5208.0 0.6013384272049493
5210.0 0.5980815102568339
5212.0 0.6015188500159119
5214.0 0.606852172076159
5216.0 0.6036947728746229
5218.0 0.6029842199923561
5220.0 0.6015489652326484
5222.0 0.6058018543081368
5224.0 0.6059198304961525
5226.0 0.6036507340788415
5228.0 0.6107307977624294
5230.0 0.6173466769509708
5232.0 0.6187111173783442
5234.0 0.6303424330115726
5236.0 0.6354761814636958
5238.0 0.6282517315788193
5240.0 0.625471197953678
5242.0 0.623809486109133
5244.0 0.626931694257002
5246.0 0.6254444402072113
5248.0 0.6234614444735709
5250.0 0.6290208392175702
5252.0 0.6299204520522267
5254.0 0.6362019777380046
5256.0 0.6419473062995535
5258.0 0.6419380843341147
5260.0 0.6393153628928314
5262.0 0.6427352844474162
5264.0 0.6459331725245417
5266.0 0.6525318628831315
5268.0 0.6627468035310455
5270.0 0.6675984959591353
5272.0 0.6646737790074203
5274.0 0.6703767030032969
5276.0 0.6785154745535829
5278.0 0.6796495442595704
5280.0 0.679545311031822
5282.0 0.68219874920159
5284.0 0.6836410106535911
5286.0 0.6827707711098068
5288.0 0.6888264056989551
5290.0 0.6949631178272758
5292.0 0.7004332225350087
5294.0 0.7017703976116838
5296.0 0.7040645461386142
5298.0 0.7112471665479649
5300.0 0.7130962856960389
5302.0 0.7191179726399267
5304.0 0.7252483729046668
5306.0 0.7308225018304967
5308.0 0.7361351527812992
5310.0 0.7401223557194759
5312.0 0.7425861315806415
5314.0 0.7450608987105064
5316.0 0.7490374621057945
5318.0 0.7539643944068871
5320.0 0.7581240023598502
5322.0 0.7523643896167164
5324.0 0.7524751736368767
5326.0 0.7547824061727924
5328.0 0.7549570485505843
5330.0 0.7545421059376557
5332.0 0.7635220215833313
5334.0 0.7687035360636568
5336.0 0.7681476729580367
5338.0 0.7681431898295129
5340.0 0.7699922968618197
5342.0 0.7718597203529418
5344.0 0.7710926140426505
5346.0 0.77052407915901
5348.0 0.7657630274672032
5350.0 0.7614585294997248
5352.0 0.7647720355888091
5354.0 0.7733284052905357
5356.0 0.7785719287738512
5358.0 0.7807253980406493
5360.0 0.7746084501965901
5362.0 0.7750706482443142
5364.0 0.7861671304333374
5366.0 0.781468349024945
5368.0 0.7769570957050173
5370.0 0.7789660760076096
5372.0 0.7724110837636629
5374.0 0.7698462022481538
5376.0 0.7730988193239698
5378.0 0.7801009375798794
5380.0 0.7770714956228628
5382.0 0.7724296335112472
5384.0 0.7692954086559505
5386.0 0.7770544310901956
5388.0 0.7862374457757408
5390.0 0.7834747928320784
5392.0 0.7826979246967408
5394.0 0.7809825239483623
5396.0 0.7802515408695518
5398.0 0.7832476652599071
5400.0 0.7792674037595471
5402.0 0.7701330097148894
5404.0 0.7656398712112776
5406.0 0.7697607735277886
5408.0 0.7652693384189952
5410.0 0.7599300777918269
5412.0 0.7613267278939463
5414.0 0.7643103999805452
5416.0 0.764453894668238
5418.0 0.7574269659423777
5420.0 0.7577856014460717
5422.0 0.771145210247943
5424.0 0.7612841855102864
5426.0 0.7568486385305453
5428.0 0.7553925211037797
5430.0 0.7627552146200655
5432.0 0.7616425424071666
5434.0 0.7566989791736317
5436.0 0.7488923503027122
5438.0 0.7458801366682809
5440.0 0.7420496347706604
5442.0 0.7335133666060876
5444.0 0.7396642956250762
5446.0 0.7428357907089186
5448.0 0.7404784059289797
5450.0 0.7361562291969104
5452.0 0.7341789677480598
5454.0 0.7397154738039041
5456.0 0.7388389151119453
5458.0 0.739292366326794
5460.0 0.7324717326039607
5462.0 0.7278886553452727
5464.0 0.7363121114059356
5466.0 0.7351415275445429
5468.0 0.7318966061280083
5470.0 0.7296788815244328
5472.0 0.7299731928459536
5474.0 0.7316518744164822
5476.0 0.7362869063709182
5478.0 0.7419117591178647
5480.0 0.7434456437250084
5482.0 0.7426000774393501
5484.0 0.747188274018935
5486.0 0.7517797327001667
5488.0 0.7514125084476766
5490.0 0.755504508145359
5492.0 0.7586700674384125
5494.0 0.7603067049727686
5496.0 0.7604357993160346
5498.0 0.7649190428238034
5500.0 0.7707292086685101
5502.0 0.7722374710623591
5504.0 0.7677271746358055
5506.0 0.7741170220655664
5508.0 0.7745566215853046
5510.0 0.7797336324608362
5512.0 0.7838145151891945
5514.0 0.780580579520976
5516.0 0.782447931871185
5518.0 0.7877634339759325
5520.0 0.786015055022398
5522.0 0.7794331755057196
5524.0 0.7793113542134975
5526.0 0.7869483525223852
5528.0 0.7895665833513535
5530.0 0.7961614673345084
5532.0 0.7994467683277617
5534.0 0.7878894070920365
5536.0 0.7782141663328298
5538.0 0.7734973502761715
5540.0 0.778835534436312
5542.0 0.7866417196293033
5544.0 0.7802970820797465
5546.0 0.7655526823647967
5548.0 0.7653453962248606
5550.0 0.7615583270564777
5552.0 0.7542638487698058
5554.0 0.7546915697594214
5556.0 0.7530254249839852
5558.0 0.7438465238767423
5560.0 0.7329106447646394
5562.0 0.7295857427069197
5564.0 0.7268695517966282
5566.0 0.7261751562544254
5568.0 0.7203937716726049
5570.0 0.7096979145203606
5572.0 0.7104069766312884
5574.0 0.6992796642976722
5576.0 0.6901840124523103
5578.0 0.6815884820053738
5580.0 0.6660266410769297
5582.0 0.6559422839715134
5584.0 0.6511525047142976
5586.0 0.6449114178739248
5588.0 0.6391932043180809
5590.0 0.6261838093705454
5592.0 0.6173016146916691
5594.0 0.6070113912660107
5596.0 0.5965010422143058
5598.0 0.5894535980844556
5600.0 0.5874050281217923
5602.0 0.5799911511066683
5604.0 0.5780348435160455
5606.0 0.574139727726524
5608.0 0.5626547670641474
5610.0 0.5613646360687649
5612.0 0.5607548170356906
5614.0 0.5527723565637184
5616.0 0.5458347589239004
5618.0 0.5427238258528856
5620.0 0.5342745467361087
5622.0 0.5267993594933916
5624.0 0.5241497274980185
5626.0 0.5245409302965348
5628.0 0.5223928126098756
5630.0 0.5239604757703229
5632.0 0.5218971380677396
5634.0 0.5129115698162957
5636.0 0.5056906802917384
5638.0 0.5009618578042414
5640.0 0.4986221298375918
5642.0 0.49906121182293245
5644.0 0.5040259689342147
5646.0 0.5036580452389305
5648.0 0.49994137462469324
5650.0 0.497604373863584
5652.0 0.49406179383950477
5654.0 0.49309677850822686
5656.0 0.48904357508661117
5658.0 0.4835885747507962
5660.0 0.4802626057328896
5662.0 0.4768795859277321
5664.0 0.4708246799568236
5666.0 0.46575781935018956
5668.0 0.46369363728750285
5670.0 0.4547534749411306
5672.0 0.4492952685576881
5674.0 0.44951403709046084
5676.0 0.44306717481481384
5678.0 0.4293198475166699
5680.0 0.42356705155061636
5682.0 0.4216230343579035
5684.0 0.41618187940322665
5686.0 0.4121321141146438
5688.0 0.40888428226594326
5690.0 0.40597677147403805
5692.0 0.40803788668051505
5694.0 0.4065896610715899
5696.0 0.40633610300227935
5698.0 0.4064544897797877
5700.0 0.40289376695995455
5702.0 0.40760020979275047
5704.0 0.41389870499073017
5706.0 0.41323384902611826
5708.0 0.4145282457828655
5710.0 0.411399495144781
5712.0 0.41075791497203634
5714.0 0.4167649785374977
5716.0 0.42184782225764994
5718.0 0.4288509173618192
5720.0 0.42870701308623516
5722.0 0.4318824018097001
5724.0 0.4369852000931601
5726.0 0.442441511026814
5728.0 0.4447578966954912
5730.0 0.4517587954273542
5732.0 0.45874009984303094
5734.0 0.4593900385348594
5736.0 0.46324092444801296
5738.0 0.4663014347286562
5740.0 0.4717544554648526
5742.0 0.4692064563941384
5744.0 0.47047905524518435
5746.0 0.47536266665084903
5748.0 0.47793067691225394
5750.0 0.4856120019282494
5752.0 0.48958113748464505
5754.0 0.49282520025259247
5756.0 0.494839141754513
5758.0 0.4960971793540587
5760.0 0.5017601385614718
5762.0 0.5057576503252253
5764.0 0.5072041025993281
5766.0 0.5137798222430876
5768.0 0.5198404051450516
5770.0 0.520804868449479
5772.0 0.5224173529573161
5774.0 0.5325733653053117
5776.0 0.5364520405567967
5778.0 0.5367738352184079
5780.0 0.5435992087177495
5782.0 0.5515554734047843
5784.0 0.5539365400596902
5786.0 0.5571906895766413
5788.0 0.5681250910673393
5790.0 0.5751728738930374
5792.0 0.5754068421683439
5794.0 0.579335704889519
5796.0 0.589997460507428
5798.0 0.588231467602086
5800.0 0.5968496997772423
5802.0 0.6105094684964397
5804.0 0.6194917466715714
5806.0 0.6247029618989514
5808.0 0.6318298091833385
5810.0 0.6368594363332527
5812.0 0.6421986346438014
5814.0 0.6502617706576364
5816.0 0.6554208397122714
5818.0 0.6571919379844894
5820.0 0.664905478479779
5822.0 0.6753286274659269
5824.0 0.6819299568676471
5826.0 0.6881116434730504
5828.0 0.6912467627162696
5830.0 0.699738541682935
5832.0 0.7052859037890509
5834.0 0.7218045738147331
5836.0 0.7360624076300032
5838.0 0.7402929046001918
5840.0 0.7383494423538618
5842.0 0.7490377782896588
5844.0 0.7607870323038258
5846.0 0.7717319842699705
5848.0 0.7823751215503494
5850.0 0.7907829466672383
5852.0 0.7993477667938356
5854.0 0.8012884492195188
5856.0 0.8046791835581246
5858.0 0.81005910542623
5860.0 0.8149359503018753
5862.0 0.8165078895866464
5864.0 0.8236936536490709
5866.0 0.8318121209837914
5868.0 0.8354968572609831
5870.0 0.8390605216588092
5872.0 0.8432980039609557
5874.0 0.8468555904799223
5876.0 0.8515601596877435
5878.0 0.8555303466553195
5880.0 0.8588682044438278
5882.0 0.8640680395314079
5884.0 0.8675033219808694
5886.0 0.8715725952393493
5888.0 0.8763244669182431
5890.0 0.8796855810071171
5892.0 0.8840420097883996
5894.0 0.8883778848453546
5896.0 0.8918044608173921
5898.0 0.8964604691630355
5900.0 0.9004250087346004
5902.0 0.9038305755552704
5904.0 0.9092124841104922
5906.0 0.9125795469075717
5908.0 0.9133829680791786
5910.0 0.9188444254157337
5912.0 0.9274157197483731
5914.0 0.9324816242094007
5916.0 0.9325511499829053
5918.0 0.9268875954240603
5920.0 0.9246722776121125
5922.0 0.91989812234774
5924.0 0.912544763706472
5926.0 0.9149830388157443
5928.0 0.9194137775885305
5930.0 0.9177283071812694
5932.0 0.9163510690943046
5934.0 0.911311634908297
5936.0 0.9059747615345323
5938.0 0.9030318708298853
5940.0 0.9033927096495935
5942.0 0.903410145037511
5944.0 0.8996758270696464
5946.0 0.8971670513984751
5948.0 0.8909958777758714
5950.0 0.8892011729674189
5952.0 0.8872596263117917
5954.0 0.8849390912036039
5956.0 0.8800218729093267
5958.0 0.8771499798789186
5960.0 0.875201310928757
5962.0 0.8762790484594568
5964.0 0.8688960831993366
5966.0 0.8603896579346945
5968.0 0.8618278057026779
5970.0 0.8636285336331202
5972.0 0.8638047072745078
5974.0 0.8614042442523149
5976.0 0.8552351554112473
5978.0 0.8509224756940594
5980.0 0.8467277471484796
5982.0 0.8436745879324817
5984.0 0.8392605896123624
5986.0 0.8328148207545254
5988.0 0.8329182071763489
5990.0 0.8349653192798246
5992.0 0.8351956614989362
5994.0 0.8316431625868443
5996.0 0.8250747727792551
5998.0 0.822386137519869
6000.0 0.8171753195244568
6002.0 0.8061222322843296
6004.0 0.7984970643938342
6006.0 0.7951817335960666
6008.0 0.7925117357483138
6010.0 0.787135741120106
6012.0 0.7840156256800448
6014.0 0.7804979607319174
6016.0 0.7728072088132404
6018.0 0.7715725363434656
6020.0 0.7687941610345138
6022.0 0.7645301639769841
6024.0 0.7614825275727164
6026.0 0.753315790539062
6028.0 0.7460836015494059
6030.0 0.740370728588581
6032.0 0.7423088133898665
6034.0 0.7373022032019722
6036.0 0.7279209109035436
6038.0 0.7259940570695255
6040.0 0.7232136741529414
6042.0 0.7177667662376616
6044.0 0.7187917391585573
6046.0 0.7149062340663684
6048.0 0.7089313877021123
6050.0 0.703099451966128
6052.0 0.7013251332915863
6054.0 0.6978674982526903
6056.0 0.6970771880386455
6058.0 0.6887855852200878
6060.0 0.6781984793472076
6062.0 0.6743065376339441
6064.0 0.6696874328261917
6066.0 0.668027575820535
6068.0 0.6667454461622283
6070.0 0.6635177609217542
6072.0 0.6595650787194407
6074.0 0.6569179066532815
6076.0 0.6578937635496709
6078.0 0.6511934677944657
6080.0 0.6446676347204858
6082.0 0.6452216627756494
6084.0 0.6424310486763717
6086.0 0.639377546984599
6088.0 0.6404828872956659
6090.0 0.6380939081619531
6092.0 0.6364285069126057
6094.0 0.6339513880637323
6096.0 0.6262116173175006
6098.0 0.623454688095081
6100.0 0.621523662137293
6102.0 0.6239423784734857
6104.0 0.6188744621610005
6106.0 0.6172534905573654
6108.0 0.621607659931069
6110.0 0.6230954455399487
6112.0 0.6194339047601476
6114.0 0.6123491465883458
6116.0 0.6110100967029323
6118.0 0.6048918411603355
6120.0 0.6035595916972706
6122.0 0.6080679619837965
6124.0 0.6075628861262974
6126.0 0.6037609995561904
6128.0 0.5993408891539215
6130.0 0.5954305650627498
6132.0 0.5978644166067797
6134.0 0.5959841937668546
6136.0 0.5884508685611318
6138.0 0.5891448065868845
6140.0 0.5875307231266764
6142.0 0.5864603475176371
6144.0 0.585982976830746
6146.0 0.5772325454133957
6148.0 0.5730136403675484
6150.0 0.580241531587324
6152.0 0.5803143918652457
6154.0 0.5745197096306791
6156.0 0.5686639745789389
6158.0 0.5671128355386835
6160.0 0.5661313897875103
6162.0 0.5678491813894071
6164.0 0.5692406754258642
6166.0 0.5650826540548596
6168.0 0.5591371615838541
6170.0 0.5544965818611582
6172.0 0.5523194333127288
6174.0 0.5510408312488397
6176.0 0.5527678750663138
6178.0 0.5463014372514963
6180.0 0.5404876459347101
6182.0 0.5422991152370595
6184.0 0.5433805242383466
6186.0 0.5395930990367505
6188.0 0.5359151217965845
6190.0 0.5355085620981849
6192.0 0.5366879285748561
6194.0 0.5338976932303174
6196.0 0.529764688962803
6198.0 0.5339503812264852
6200.0 0.532933698174845
6202.0 0.531161822980702
6204.0 0.5312574954701009
6206.0 0.529829501109431
6208.0 0.5295466678062427
6210.0 0.5255024977241515
6212.0 0.523059499905959
6214.0 0.5235538302213072
6216.0 0.5219402107483494
6218.0 0.5178523216523133
6220.0 0.5124657041303584
6222.0 0.5097519263836141
6224.0 0.5101122871259293
6226.0 0.5084223342421388
6228.0 0.5087384672097013
6230.0 0.5138072749376921
6232.0 0.5165490132624302
6234.0 0.5110197495510678
6236.0 0.510953324743381
6238.0 0.5108929274444309
6240.0 0.5115676857292545
6242.0 0.5066480601575286
6244.0 0.5064359526288936
6246.0 0.5140506404030916
6248.0 0.5230359593842222
6250.0 0.5294056460945551
6252.0 0.5333914945162782
6254.0 0.5340609032032424
6256.0 0.5336571350593983
6258.0 0.5391845812448908
6260.0 0.5508043140553983
6262.0 0.5505955016156097
6264.0 0.5494225001529273
6266.0 0.5467682585577152
6268.0 0.5517518808536183
6270.0 0.5557205064584233
6272.0 0.5570670131597145
6274.0 0.5571989147974057
6276.0 0.5578783501797374
6278.0 0.5618185988800102
6280.0 0.5637430386055473
6282.0 0.5628491160585156
6284.0 0.5633113401307726
6286.0 0.5668844277852816
6288.0 0.5756478948985009
6290.0 0.580653292193664
6292.0 0.581366555951276
6294.0 0.5792228509446804
6296.0 0.5726789304975274
6298.0 0.5697522991846689
6300.0 0.5700317705942932
6302.0 0.5635513968162302
6304.0 0.5531236754325507
6306.0 0.5496510675404744
6308.0 0.5474117902454229
6310.0 0.5489596894006424
6312.0 0.5521873631945955
6314.0 0.5515875874807116
6316.0 0.5545331588000387
6318.0 0.5564742642754629
6320.0 0.5549745150487132
6322.0 0.5580574387723068
6324.0 0.5632878153097859
6326.0 0.5611422638171293
6328.0 0.5637994167308856
6330.0 0.570518331524704
6332.0 0.5656612831478608
6334.0 0.5624992594306115
6336.0 0.5689813588805621
6338.0 0.5748836698180937
6340.0 0.5804136819688291
6342.0 0.5887533182052438
6344.0 0.5967926739247247
6346.0 0.599773072562998
6348.0 0.6051149455369041
6350.0 0.6110139653573065
6352.0 0.6212955272187204
6354.0 0.6381944891609079
6356.0 0.6474290866930339
6358.0 0.6536146876483914
6360.0 0.6620199655603095
6362.0 0.6655186365192465
6364.0 0.6662802179579723
6366.0 0.6675531130562168
6368.0 0.6696191625536756
6370.0 0.6673763624451824
6372.0 0.6689002828378511
6374.0 0.6686857469880173
6376.0 0.6714422234685099
6378.0 0.6751333786445771
6380.0 0.6770421015832047
6382.0 0.6795121122625744
6384.0 0.6811808661812803
6386.0 0.6833547442997687
6388.0 0.681939069916592
6390.0 0.6801909035292574
6392.0 0.6840848630500067
6394.0 0.6871382121637847
6396.0 0.6876234579072046
6398.0 0.6894653848030617
6400.0 0.6917617900829895
6402.0 0.6940040796331662
6404.0 0.6970721149001221
6406.0 0.6992464759251396
6408.0 0.7017100486839636
6410.0 0.7045437740996355
6412.0 0.7067251438886898
6414.0 0.709486333042452
6416.0 0.7120540238116447
6418.0 0.714157189486543
6420.0 0.7172164524491944
6422.0 0.719538664387101
6424.0 0.7218027242628043
6426.0 0.7247880477745918
6428.0 0.726950910345101
6430.0 0.7295351551704615
6432.0 0.7323550772851473
6434.0 0.7351210083721276
6436.0 0.7375837750322781
6438.0 0.7426025946111742
6440.0 0.738809091051332
6442.0 0.7370854764735865
6444.0 0.7411000378059796
6446.0 0.744409546246637
6448.0 0.7492975073059099
6450.0 0.7508639976977247
6452.0 0.7567130424637879
6454.0 0.7563933237909723
6456.0 0.7511768204740157
6458.0 0.7480119083406412
6460.0 0.7514968185150005
6462.0 0.7559814929940364
6464.0 0.7591993420411834
6466.0 0.7589488313751457
6468.0 0.7558893515960469
6470.0 0.7497016198984549
6472.0 0.7496134772266069
6474.0 0.7550491446832845
6476.0 0.7587572470657309
6478.0 0.7567370584204732
6480.0 0.7558937126375223
6482.0 0.7607736973016171
6484.0 0.7639213348138558
6486.0 0.7673532750448601
6488.0 0.7683942925559637
6490.0 0.7675102591378347
6492.0 0.7758752231903491
6494.0 0.7768583630105352
6496.0 0.7737338402826789
6498.0 0.7763239841494421
6500.0 0.7814525679575137
6502.0 0.7862302762679098
6504.0 0.7885044672732383
6506.0 0.7924959905150181
6508.0 0.7898098604620138
6510.0 0.789268548344276
6512.0 0.7940685396073442
6514.0 0.7964089154932077
6516.0 0.796430926097305
6518.0 0.8049838995052588
6520.0 0.8062245321272363
6522.0 0.8054221590271192
6524.0 0.8074813401817585
6526.0 0.8099416448105237
6528.0 0.8067160089876879
6530.0 0.8043030109944572
6532.0 0.8062995439995227
6534.0 0.8069614524606866
6536.0 0.8045972323185898
6538.0 0.8015450477846522
6540.0 0.8056758650519277
6542.0 0.8133680264905611
6544.0 0.8128871763767551
6546.0 0.8113087589229484
6548.0 0.8116068208868096
6550.0 0.812208185211949
6552.0 0.8130303755769203
6554.0 0.8134533751724007
6556.0 0.8140459314217219
6558.0 0.8145882222508594
6560.0 0.8151427607258698
6562.0 0.8160056654252407
6564.0 0.8165033660585049
6566.0 0.8168351694110002
6568.0 0.817863825436628
6570.0 0.8182569187227454
6572.0 0.8188483640390769
6574.0 0.81947493654437
6576.0 0.8198882432732166
6578.0 0.8206374338566237
6580.0 0.8212420249359328
6582.0 0.8216429862071953
6584.0 0.8224305761881702
6586.0 0.8295579733066882
6588.0 0.8377541301063984
6590.0 0.8317747594216172
6592.0 0.8134731218726998
6594.0 0.8099978538371816
6596.0 0.8076028250586293
6598.0 0.8096715864160126
6600.0 0.8065596333627417
6602.0 0.799111821790891
6604.0 0.803679212477817
6606.0 0.8136137921823025
6608.0 0.8164491141824797
6610.0 0.814495591855512
6612.0 0.8101930177446824
6614.0 0.8139238977830856
6616.0 0.8191876757558467
6618.0 0.8178318405696177
6620.0 0.8164963895858287
6622.0 0.8181798696249896
6624.0 0.8185538758024355
6626.0 0.8205477314454599
6628.0 0.8365289745928075
6630.0 0.8411731210726451
6632.0 0.8389532593379594
6634.0 0.8341278890764203
6636.0 0.8286376286591786
6638.0 0.8322812864598369
6640.0 0.8352946297458604
6642.0 0.8401051352656522
6644.0 0.846286804239199
6646.0 0.8477715748540713
6648.0 0.8483146145920549
6650.0 0.8526139598460202
6652.0 0.8526259551189129
6654.0 0.8450117577212678
6656.0 0.8439211117051487
6658.0 0.8449298127790782
6660.0 0.8434229865426665
6662.0 0.8462616638493315
6664.0 0.8537763014554464
6666.0 0.8553702925830605
6668.0 0.8472373534118557
6670.0 0.847273856356279
6672.0 0.8508937532948414
6674.0 0.8468348080682718
6676.0 0.84498520713776
6678.0 0.8467612471542971
6680.0 0.848962146325753
6682.0 0.8453188513069233
6684.0 0.8410223083537199
6686.0 0.8495141588377738
6688.0 0.8535985163600383
6690.0 0.8499408406621788
6692.0 0.8433133109626948
6694.0 0.8431436536972352
6696.0 0.8429849996498466
6698.0 0.8441379958151669
6700.0 0.8467607768235488
6702.0 0.8466859256861982
6704.0 0.8428433104887734
6706.0 0.8379508574015677
6708.0 0.8339787270034288
6710.0 0.8311522457398682
6712.0 0.8261119895345759
6714.0 0.8196620819721245
6716.0 0.81634142712035
6718.0 0.821479570060908
6720.0 0.8279648410943283
6722.0 0.8217061532249369
6724.0 0.8109682278059681
6726.0 0.8074264233791452
6728.0 0.7997581716998683
6730.0 0.7927049150403832
6732.0 0.7952511332008346
6734.0 0.7963969035704282
6736.0 0.794971830783177
6738.0 0.7879475155215356
6740.0 0.7850147428285419
6742.0 0.7806320823581345
6744.0 0.7706240046039916
6746.0 0.7663277829588943
6748.0 0.7624404378727677
6750.0 0.7586482797189656
6752.0 0.7571037583514294
6754.0 0.7529164168046786
6756.0 0.7506178348091768
6758.0 0.7458641708477488
6760.0 0.740933324952737
6762.0 0.7382682628912984
6764.0 0.7356345007589954
6766.0 0.7315811813980502
6768.0 0.7290860659670408
6770.0 0.7261626143974799
6772.0 0.7224163653455771
6774.0 0.7199266104909174
6776.0 0.7164578325123454
6778.0 0.7132458763016292
6780.0 0.7108622883786511
6782.0 0.7068284078039132
6784.0 0.7040285005214011
6786.0 0.701430927814343
6788.0 0.6975031215662575
6790.0 0.6949502613445042
6792.0 0.6918306309845418
6794.0 0.6881630437621298
6796.0 0.6858235456595162
6798.0 0.6829138012763635
6800.0 0.6769794458003131
6802.0 0.6734182373944887
6804.0 0.6681649981374784
6806.0 0.6663187405362191
6808.0 0.6641837637716983
6810.0 0.6615645665332669
6812.0 0.6584818997376374
6814.0 0.6505316520964864
6816.0 0.644568633742027
6818.0 0.6446919770689006
6820.0 0.640717310656528
6822.0 0.6335161279936105
6824.0 0.6237053467301349
6826.0 0.6023003622555669
6828.0 0.56530222677026
6830.0 0.5238609981095964
6832.0 0.5031526005678729
6834.0 0.5111117613133671
6836.0 0.5267895448942195
6838.0 0.5374742652967729
6840.0 0.5485765018315463
6842.0 0.5572981268522736
6844.0 0.5590130666444916
6846.0 0.5509664324567761
6848.0 0.5419002918169799
6850.0 0.5361028303964025
6852.0 0.5324806744798454
6854.0 0.5306590790599379
6856.0 0.5302871641679547
6858.0 0.5266935089199491
6860.0 0.5258015226332412
6862.0 0.5285589663180758
6864.0 0.5273774040971765
6866.0 0.5319403931812576
6868.0 0.5349337094989405
6870.0 0.5286701913297164
6872.0 0.5329928204949843
6874.0 0.5345146062198
6876.0 0.5359470266444752
6878.0 0.5349105307609793
6880.0 0.5327364016847249
6882.0 0.5341818385521252
6884.0 0.5338600974370525
6886.0 0.5298111113973
6888.0 0.5339783654769628
6890.0 0.5362012825897395
6892.0 0.535406290656483
6894.0 0.5344120489796015
6896.0 0.5335395919299049
6898.0 0.5337252946717633
6900.0 0.5301822790410513
6902.0 0.5251145363828229
6904.0 0.5254448996490555
6906.0 0.5283573957969762
6908.0 0.5319950888871171
6910.0 0.5396474121918117
6912.0 0.5466223856363678
6914.0 0.5416751541383896
6916.0 0.5376220289199831
6918.0 0.5392192578994478
6920.0 0.5430634273406671
6922.0 0.5456290446805102
6924.0 0.5447750691696546
6926.0 0.5436651578836764
6928.0 0.5444499418638649
6930.0 0.5447408352119845
6932.0 0.5365068902097961
6934.0 0.5369528270785908
6936.0 0.55108747567303
6938.0 0.5510572342038267
6940.0 0.5533536761461044
6942.0 0.5568731610965721
6944.0 0.5596451513698522
6946.0 0.5611352878914486
6948.0 0.5587330440701945
6950.0 0.5584539007624629
6952.0 0.5644570931339132
6954.0 0.5720691318438871
6956.0 0.5755856020928207
6958.0 0.5787285185567445
6960.0 0.5813090210027785
6962.0 0.5834541432395399
6964.0 0.5879050392088889
6966.0 0.5855457836600612
6968.0 0.5853759397959881
6970.0 0.5918806420468998
6972.0 0.5935935936819448
6974.0 0.597439856087085
6976.0 0.5976322494838288
6978.0 0.5978368688852801
6980.0 0.602323047171353
6982.0 0.6092153247514983
6984.0 0.613148189507111
6986.0 0.6154518903763854
6988.0 0.6155481181772281
6990.0 0.6270081400828484
6992.0 0.6351577963980042
6994.0 0.6373796587954869
6996.0 0.6427134464313111
6998.0 0.6458737437962214
7000.0 0.6499681842813245
7002.0 0.6564275072761689
7004.0 0.6594817790264444
7006.0 0.6659318708023042
7008.0 0.6699654418615699
7010.0 0.67009213979595
7012.0 0.6726325997205402
7014.0 0.6784726978917983
7016.0 0.6854775933706891
7018.0 0.6966859114758649
7020.0 0.6981600458745865
7022.0 0.6994268366828549
7024.0 0.7069902449723019
7026.0 0.7143037145245285
7028.0 0.7162361063153801
7030.0 0.7132512479418383
7032.0 0.7143352823139981
7034.0 0.7038564359928577
7036.0 0.7083934789637809
7038.0 0.7177557001033286
7040.0 0.7396209111183215
7042.0 0.7446551547299957
7044.0 0.7448942591340626
7046.0 0.7489723468495045
7048.0 0.7544883511622273
7050.0 0.7526473346856344
7052.0 0.746110371531785
7054.0 0.7539572473143574
7056.0 0.7574369291076322
7058.0 0.7523925689564637
7060.0 0.7489541210185212
7062.0 0.7482764261204318
7064.0 0.7540291947824532
7066.0 0.7550294386567052
7068.0 0.7504224895822722
7070.0 0.7513048602752537
7072.0 0.7534691920354211
7074.0 0.7524109860399378
7076.0 0.7453554602362849
7078.0 0.7478853842641414
7080.0 0.7497576177892045
7082.0 0.7524104790427318
7084.0 0.7512238619385353
7086.0 0.7442194269850495
7088.0 0.7390665327481605
7090.0 0.7423686269617386
7092.0 0.7487941673589372
7094.0 0.7512314330295602
7096.0 0.7518480772043503
7098.0 0.7508957616331684
7100.0 0.7524274584498342
7102.0 0.7557286135905992
7104.0 0.7483567340516151
7106.0 0.7404355147896166
7108.0 0.7348797468754779
7110.0 0.7293479971885987
7112.0 0.7200045905777036
7114.0 0.7187497626146492
7116.0 0.7111408509921026
7118.0 0.7075607050760235
7120.0 0.7041553206112838
7122.0 0.6960625253900452
7124.0 0.6889612273186276
7126.0 0.6789539519161892
7128.0 0.6678382479508568
7130.0 0.6634350428428883
7132.0 0.6547427956046286
7134.0 0.6446912368110076
7136.0 0.6390698679288191
7138.0 0.6379062412137938
7140.0 0.637625397922955
7142.0 0.6269592415368672
7144.0 0.6135546456132397
7146.0 0.6065670743959966
7148.0 0.6137296168523438
7150.0 0.6127499246399226
7152.0 0.6087227643715226
7154.0 0.6091433603104529
7156.0 0.6090017694367384
7158.0 0.6118491869562788
7160.0 0.6091824920913317
7162.0 0.60403935681969
7164.0 0.604935974220619
7166.0 0.6111881733275496
7168.0 0.6241998086100775
7170.0 0.6346038297834325
7172.0 0.6397067074962638
7174.0 0.6402569795196518
7176.0 0.6414388486996323
7178.0 0.6399922293413549
7180.0 0.6347150989757787
7182.0 0.6295508636617075
7184.0 0.6255431132587194
7186.0 0.6231236728896586
7188.0 0.6170542284680698
7190.0 0.6108857263713513
7192.0 0.5953969011072189
7194.0 0.587503786797223
7196.0 0.5899940326860279
7198.0 0.5958006889166855
7200.0 0.5932432143469124
7202.0 0.5953143260289968
7204.0 0.6022265832731581
7206.0 0.6077260307787495
7208.0 0.6110629985259669
7210.0 0.6028694973704305
7212.0 0.6013393574823732
7214.0 0.607154808556056
7216.0 0.6114309291155585
7218.0 0.6142192290999147
7220.0 0.616166981285258
7222.0 0.6136695211290583
7224.0 0.6086628462768243
7226.0 0.6114532660738531
7228.0 0.6194323240964519
7230.0 0.6210513505821835
7232.0 0.614632435814071
7234.0 0.6083574085435142
7236.0 0.6084740700223757
7238.0 0.6134304237105493
7240.0 0.6267650800844891
7242.0 0.6381955380047245
7244.0 0.6450783312619177
7246.0 0.641949922154898
7248.0 0.635859683110057
7250.0 0.6348293024558992
7252.0 0.643944084036973
7254.0 0.6566070886745321
7256.0 0.6635684057369711
7258.0 0.6663055566092716
7260.0 0.662229555544068
7262.0 0.6585592503687256
7264.0 0.6650822260657029
7266.0 0.6705722263150615
7268.0 0.677704928565511
7270.0 0.6853557997479566
7272.0 0.6908079312200927
7274.0 0.688840933132818
7276.0 0.6931153762412703
7278.0 0.7054846644903577
7280.0 0.719703992035723
7282.0 0.7379767453103218
7284.0 0.7372459390750498
7286.0 0.7390623324947518
7288.0 0.7468655291574016
7290.0 0.7444424222163046
7292.0 0.7527767608508149
7294.0 0.7564727703623118
7296.0 0.7520225978749021
7298.0 0.7506734257508882
7300.0 0.7544028860150728
7302.0 0.7560461680873612
7304.0 0.7460590031005885
7306.0 0.7464746230133632
7308.0 0.7530790900964583
7310.0 0.7599330734405507
7312.0 0.765084812323644
7314.0 0.7709985613270732
7316.0 0.7766233102300795
7318.0 0.7758684713602318
7320.0 0.7741184452711266
7322.0 0.7744657043971838
7324.0 0.7679915110755497
7326.0 0.7610963918095742
7328.0 0.7593997256624148
7330.0 0.7584203153798307
7332.0 0.7517981973570647
7334.0 0.74144069142807
7336.0 0.7358574549840695
7338.0 0.7321496369878084
7340.0 0.7296955370550172
7342.0 0.7211327404057605
7344.0 0.7177743344643662
7346.0 0.7182403971967425
7348.0 0.7143066516343375
7350.0 0.7121497086617217
7352.0 0.7032447114144735
7354.0 0.7006286525092688
7356.0 0.7003301380716391
7358.0 0.6885233825285844
7360.0 0.685075439093371
7362.0 0.6853515291322303
7364.0 0.6804176294035755
7366.0 0.6756786101849701
7368.0 0.6701983364174858
7370.0 0.665895719638766
7372.0 0.6642084085252653
7374.0 0.665331028557683
7376.0 0.6656678213001069
7378.0 0.6614396614590607
7380.0 0.6552726385701835
7382.0 0.6503982589028023
7384.0 0.6503442168945721
7386.0 0.6489583488405991
7388.0 0.647902273074056
7390.0 0.6484149210112782
7392.0 0.6482165418789329
7394.0 0.6425216625953296
7396.0 0.6357622692577498
7398.0 0.6308551424273998
7400.0 0.6339907805941426
7402.0 0.6355928113857602
7404.0 0.6332224942595065
7406.0 0.6328692849526795
7408.0 0.6365173302179359
7410.0 0.6377303116551989
7412.0 0.6328191031717787
7414.0 0.6323022508048992
7416.0 0.6324509551093096
7418.0 0.6207505591113454
7420.0 0.6132051883079974
7422.0 0.6155375499994068
7424.0 0.6150526176442451
7426.0 0.6142199977221678
7428.0 0.619620842018613
7430.0 0.6213398726999401
7432.0 0.6179613376516837
7434.0 0.613778162615534
7436.0 0.6107705217534579
7438.0 0.6086489969343769
7440.0 0.6096086154535674
7442.0 0.6109263196082638
7444.0 0.6104778382070315
7446.0 0.6053306891473423
7448.0 0.6004411536071189
7450.0 0.6007951337469426
7452.0 0.6007415052395937
7454.0 0.6046207861214686
7456.0 0.6054187396223663
7458.0 0.6007732371869058
7460.0 0.6014475871671107
7462.0 0.6009994260640068
7464.0 0.5994247011755496
7466.0 0.6005069157434716
7468.0 0.5973186192230721
7470.0 0.5948368076978914
7472.0 0.5952535442749836
7474.0 0.5974263420711059
7476.0 0.6021846206589694
7478.0 0.5966411811148146
7480.0 0.5833872297826972
7482.0 0.5831361339845867
7484.0 0.5831061517289973
7486.0 0.5820738050380575
7488.0 0.5871755915772373
7490.0 0.5861485952833586
7492.0 0.5793770252328687
7494.0 0.5723031777853426
7496.0 0.5645559029564956
7498.0 0.5575926145804401
7500.0 0.5501246016411115
7502.0 0.5425773643783822
7504.0 0.5356877828534716
7506.0 0.5279738810715559
7508.0 0.520353361343698
7510.0 0.5134024842430023
7512.0 0.5056413395722272
7514.0 0.49859690727263173
7516.0 0.4913982498325441
7518.0 0.48355117489706223
7520.0 0.47664637746177524
7522.0 0.46932915847533685
7524.0 0.461723453021813
7526.0 0.45461665103712656
7528.0 0.4466177743154571
7530.0 0.4373262715572854
7532.0 0.42834314640959664
7534.0 0.4183413292623662
7536.0 0.40924746965944897
7538.0 0.4000745848547041
7540.0 0.3901347587697588
7542.0 0.3810092789671651
7544.0 0.37132206638778514
7546.0 0.3617918691938016
7548.0 0.352852736047435
7550.0 0.34316561212124164
7552.0 0.33373384496024333
7554.0 0.3247472123591559
7556.0 0.3149472625868386
7558.0 0.3058908422906973
7560.0 0.2965446018965944
7562.0 0.2865643270025873
7564.0 0.2784260692025311
7566.0 0.28962114730013855
7568.0 0.31013878925655475
7570.0 0.33564108662931663
7572.0 0.3769919230317223
7574.0 0.4123481255313544
7576.0 0.42100260422682156
7578.0 0.39825879101018224
7580.0 0.36398349590627316
7582.0 0.3473611462798888
7584.0 0.3460989898886651
7586.0 0.3437476012172895
7588.0 0.34527672396310816
7590.0 0.3475021628477099
7592.0 0.3494842420686063
7594.0 0.356767933040705
7596.0 0.3604351063348246
7598.0 0.3646833442762173
7600.0 0.37124860660130454
7602.0 0.3714084457773459
7604.0 0.37820515855267983
7606.0 0.39169797383845273
7608.0 0.4017959422439046
7610.0 0.40947954542265996
7612.0 0.41498485015294667
7614.0 0.42402175007093634
7616.0 0.41963699571452967
7618.0 0.42426225384780114
7620.0 0.4339831793327117
7622.0 0.44429223492781206
7624.0 0.45172511497920126
7626.0 0.4513588312523752
7628.0 0.4537722095839314
7630.0 0.45457866420179294
7632.0 0.45701863936947507
7634.0 0.45552978185132714
7636.0 0.4621678464610205
7638.0 0.4695838182700231
7640.0 0.465797642758832
7642.0 0.4645458259163507
7644.0 0.4672925252628566
7646.0 0.4699090631606637
7648.0 0.4803892697011386
7650.0 0.48692125511827195
7652.0 0.4871272044457732
7654.0 0.4818298871435591
7656.0 0.48567022893887707
7658.0 0.4873534377265923
7660.0 0.48821426793466094
7662.0 0.48820372348359725
7664.0 0.4857202799300512
7666.0 0.4880197443549787
7668.0 0.4881499729389512
7670.0 0.4890003974061348
7672.0 0.49103290741732447
7674.0 0.49758116638838645
7676.0 0.5046398455909084
7678.0 0.5021906048584774
7680.0 0.501039688711634
7682.0 0.5053176662290803
7684.0 0.5064864131792974
7686.0 0.5059694175625632
7688.0 0.5124706148947854
7690.0 0.5143133917112123
7692.0 0.5090606212182887
7694.0 0.5125644044673582
7696.0 0.5139063023191388
7698.0 0.5168626053192406
7700.0 0.5229495111252206
7702.0 0.5200567251929652
7704.0 0.5135872998811917
7706.0 0.5207906280730402
7708.0 0.5345042300012331
7710.0 0.5388719816680297
7712.0 0.5352200272830884
7714.0 0.5286414864150568
7716.0 0.5277905997978681
7718.0 0.532634075137087
7720.0 0.534599607119821
7722.0 0.532416468998559
7724.0 0.5300554331376403
7726.0 0.5332530124226137
7728.0 0.5368930894029803
7730.0 0.5372657008854764
7732.0 0.5339481029285301
7734.0 0.5406255531377615
7736.0 0.5413646607833292
7738.0 0.5376265835822706
7740.0 0.5404459585853363
7742.0 0.5482733515552471
7744.0 0.5531501456375253
7746.0 0.5589977243915822
7748.0 0.5592857725465734
7750.0 0.5671022561198101
7752.0 0.5705701389370789
7754.0 0.5607141029680245
7756.0 0.5621457234395703
7758.0 0.5698463844896
7760.0 0.5676705929249393
7762.0 0.5670721274390588
7764.0 0.5682352160683453
7766.0 0.5692759079658375
7768.0 0.5703544162995378
7770.0 0.5715546805957266
7772.0 0.572531959902754
7774.0 0.5735612763300345
7776.0 0.574735083704899
7778.0 0.5757363686197194
7780.0 0.5768367495225857
7782.0 0.577903154825795
7784.0 0.5788789674672356
7786.0 0.5801941221294518
7788.0 0.5812098185779099
7790.0 0.5821742025496035
7792.0 0.5833617835836004
7794.0 0.5844143394371825
7796.0 0.5854502540042342
7798.0 0.5832720326026123
7800.0 0.5762997243530495
7802.0 0.5705383567892297
7804.0 0.5688623698937043
7806.0 0.5731676523317155
7808.0 0.5792803056105109
7810.0 0.5780084321292294
7812.0 0.5664457955937651
7814.0 0.562535123425777
7816.0 0.5680011428598557
7818.0 0.5662619465630364
7820.0 0.5652049483787273
7822.0 0.5559291192445368
7824.0 0.5512100367468664
7826.0 0.5499655489457524
7828.0 0.5466873219378189
7830.0 0.5458428625250804
7832.0 0.5479511663383851
7834.0 0.5471920930036055
7836.0 0.545072551799189
7838.0 0.5408296372996044
7840.0 0.5430925175389734
7842.0 0.5427446392509976
7844.0 0.53800670877351
7846.0 0.5408603822868328
7848.0 0.5478730142333539
7850.0 0.545454261510425
7852.0 0.5419963834830295
7854.0 0.5433408115246438
7856.0 0.5392488799033137
7858.0 0.5389605666606244
7860.0 0.5391421161376927
7862.0 0.5341182840650802
7864.0 0.52827315600216
7866.0 0.5293686872266697
7868.0 0.5262707367378398
7870.0 0.522188522988238
7872.0 0.5215028058032842
7874.0 0.517560736746984
7876.0 0.5062929664317775
7878.0 0.5144746568033078
7880.0 0.517862924828174
7882.0 0.5170315614721808
7884.0 0.5236210002537678
7886.0 0.5280256791823191
7888.0 0.5273183824779969
7890.0 0.5319322641875157
7892.0 0.527799440255298
7894.0 0.5206624103873168
7896.0 0.5131860619493352
7898.0 0.5146118858089346
7900.0 0.5114755581549678
7902.0 0.5101216688418241
7904.0 0.5081229511749991
7906.0 0.5035648113160726
7908.0 0.5018454616851937
7910.0 0.5081283591644998
7912.0 0.5072882588039499
7914.0 0.5034898659159288
7916.0 0.49627954233809235
7918.0 0.4906057090993364
7920.0 0.49337184138616985
7922.0 0.500092377073306
7924.0 0.4989286713254843
7926.0 0.49925565600823646
7928.0 0.5012731752519979
7930.0 0.4983362701227016
7932.0 0.4950625808014122
7934.0 0.49563910748634904
7936.0 0.4949898216230785
7938.0 0.48773996671831626
7940.0 0.4806459700182433
7942.0 0.4763297100543131
7944.0 0.4822292906538073
7946.0 0.4892084928914791
7948.0 0.484979300669193
7950.0 0.4841657993502671
7952.0 0.4831884799446996
7954.0 0.47886297924379
7956.0 0.4750517858754996
7958.0 0.48238164745503875
7960.0 0.4803498553549907
7962.0 0.4770264114255702
7964.0 0.4707151318539926
7966.0 0.46664085218692425
7968.0 0.46520373561489103
7970.0 0.46793418222344646
7972.0 0.46026247313419943
7974.0 0.454735954111334
7976.0 0.4525098454480308
7978.0 0.4522847644349504
7980.0 0.4508666969564971
7982.0 0.4480501219351312
7984.0 0.44773401537581653
7986.0 0.43956760529102107
7988.0 0.4385115485803134
7990.0 0.4367910524520187
7992.0 0.4368786469710729
7994.0 0.4378223534617595
7996.0 0.4264864179855655
7998.0 0.42420543445785264
8000.0 0.42060664617032967
8002.0 0.421307807865723
8004.0 0.4212194841011919
8006.0 0.41874146614423635
8008.0 0.4190943841561228
8010.0 0.416246415299372
8012.0 0.41054629000157233
8014.0 0.4089511426052717
8016.0 0.41027329654505307
8018.0 0.41509486049771693
8020.0 0.4113610689648436
8022.0 0.4000224619807726
8024.0 0.3891952501039659
8026.0 0.3927558462571523
8028.0 0.3924360636577835
8030.0 0.3970089175544886
8032.0 0.3925712690509462
8034.0 0.38510414492272316
8036.0 0.3840716206793398
8038.0 0.38020484296595736
8040.0 0.3718804324719296
8042.0 0.36823399939470997
8044.0 0.3634098035751571
8046.0 0.36029587219693887
8048.0 0.3618418989020104
8050.0 0.3639438532976499
8052.0 0.35716043393012936
8054.0 0.35405479620072067
8056.0 0.3561530301826651
8058.0 0.349770592549036
8060.0 0.3498142021004639
8062.0 0.35220595894511675
8064.0 0.3472429490829651
8066.0 0.3404274938829732
8068.0 0.3352371683574674
8070.0 0.3346059851925707
8072.0 0.329835517584539
8074.0 0.32721207451967843
8076.0 0.3245528115523828
8078.0 0.32507694092349904
8080.0 0.3218183187913123
8082.0 0.3170030187261983
8084.0 0.30930895304202566
8086.0 0.30557452483129927
8088.0 0.30174796355733036
8090.0 0.3022724400159461
8092.0 0.3070492524714722
8094.0 0.31137041390812276
8096.0 0.3088510276762492
8098.0 0.30724742899889923
8100.0 0.3070844027832875
8102.0 0.30109847513016624
8104.0 0.2939780652565373
8106.0 0.2968461228498368
8108.0 0.2986614409294434
8110.0 0.29801119055968267
8112.0 0.2995458723080222
8114.0 0.2922226084385564
8116.0 0.2812499763835792
8118.0 0.277726500970474
8120.0 0.2836524548108029
8122.0 0.28559051123830737
8124.0 0.2808928092690096
8126.0 0.28978189228080137
8128.0 0.29688461519098397
8130.0 0.2916986796098926
8132.0 0.2768015648250975
8134.0 0.2748472400457016
8136.0 0.2859668881335923
8138.0 0.2912603619553028
8140.0 0.2891895693813861
8142.0 0.2852101375100809
8144.0 0.2836504502513516
8146.0 0.28505222715277495
8148.0 0.2838564477695118
8150.0 0.278963738292569
8152.0 0.2786900839965434
8154.0 0.2769263326582268
8156.0 0.27441702534850654
8158.0 0.28430469039196715
8160.0 0.285519323554811
8162.0 0.27542136265241585
8164.0 0.2712880158984786
8166.0 0.27595775771322545
8168.0 0.27596906318661807
8170.0 0.27229797894479574
8172.0 0.2653250821115295
8174.0 0.2640954094179643
8176.0 0.26041093119334485
8178.0 0.2508899197922313
8180.0 0.23512539796141324
8182.0 0.22007044630725292
8184.0 0.2216479784806465
8186.0 0.23484647354879196
8188.0 0.24567586943816438
8190.0 0.25063434073147145
8192.0 0.2534956240151343
8194.0 0.25973236000359556
8196.0 0.2558126551824516
8198.0 0.25370802569915774
8200.0 0.25607918478837777
8202.0 0.26287592330259485
8204.0 0.2661987369818304
8206.0 0.25969451057175635
8208.0 0.25538545098209214
8210.0 0.25687373680435865
8212.0 0.25343510933199687
8214.0 0.2532762269487446
8216.0 0.2559825827269535
8218.0 0.2526607651274297
8220.0 0.2523474966299346
8222.0 0.25301658649948333
8224.0 0.24494685110284264
8226.0 0.23678445728595376
8228.0 0.23132740026363297
8230.0 0.23115669098972755
8232.0 0.23421157888936583
8234.0 0.23921173503533727
8236.0 0.23865325404828683
8238.0 0.23792628864291626
8240.0 0.2331234186981455
8242.0 0.23671273167474022
8244.0 0.24502332493857046
8246.0 0.2422363890843844
8248.0 0.23525675235251178
8250.0 0.2450456593676783
8252.0 0.24413863462898439
8254.0 0.2370750264295192
8256.0 0.243708008934688
8258.0 0.23552825050167156
8260.0 0.23603798941651796
8262.0 0.22870952052743018
8264.0 0.22137747331043825
8266.0 0.22292561550648504
8268.0 0.21660599652147405
8270.0 0.21086621948445164
8272.0 0.21127828203442375
8274.0 0.21209150243035663
8276.0 0.21345172575380117
8278.0 0.21745027182690713
8280.0 0.2175321117644091
8282.0 0.21590113340944203
8284.0 0.21229496334831216
8286.0 0.22020161583604708
8288.0 0.22258315646939505
8290.0 0.21649746919312216
8292.0 0.21800348567853056
8294.0 0.21475794973368575
8296.0 0.20842691158121293
8298.0 0.215560933470355
8300.0 0.22219093149510694
8302.0 0.22315337836308197
8304.0 0.2229255215059373
8306.0 0.2257959868226349
8308.0 0.220073901240668
8310.0 0.2127557848067324
8312.0 0.20705652237591757
8314.0 0.20749003274067893
8316.0 0.20736489657778243
8318.0 0.20970556417939795
8320.0 0.2122971813130357
8322.0 0.21111304261024205
8324.0 0.20984203115038327
8326.0 0.22369572130282933
8328.0 0.22488707318315726
8330.0 0.2176042215702482
8332.0 0.2176855809633253
8334.0 0.22460275210679898
8336.0 0.22578054955129498
8338.0 0.22814986582145216
8340.0 0.22752639780721542
8342.0 0.22432454953723643
8344.0 0.22403371188686888
8346.0 0.2236807569900464
8348.0 0.22748761982842058
8350.0 0.22094363311977336
8352.0 0.21729349300392667
8354.0 0.21916380164607183
8356.0 0.2239238029929337
8358.0 0.22108099645412763
8360.0 0.21872306833891728
8362.0 0.22390364992075942
8364.0 0.22918160278296898
8366.0 0.2340463659622037
8368.0 0.23584595017133267
8370.0 0.2363466914227347
8372.0 0.23294096824570792
8374.0 0.23777001267797168
8376.0 0.23606487714622176
8378.0 0.2362420448702475
8380.0 0.23594117994383443
8382.0 0.23750947784795706
8384.0 0.2521690731178246
8386.0 0.2509533107905071
8388.0 0.24577864287121806
8390.0 0.24781805281716526
8392.0 0.24858336827923583
8394.0 0.2449470549934617
8396.0 0.24248929339347317
8398.0 0.24951624751773033
8400.0 0.25040526533245044
8402.0 0.24782258890778433
8404.0 0.25094596539965486
8406.0 0.2537653445434035
8408.0 0.2562624587448603
8410.0 0.2626779186233483
8412.0 0.2602896442730971
8414.0 0.2614351999766129
8416.0 0.26577214372667773
8418.0 0.2697363953828764
8420.0 0.26950811749190573
8422.0 0.27167810345017945
8424.0 0.2711625854293967
8426.0 0.27146125930928966
8428.0 0.2774243737036177
8430.0 0.28094591512253964
8432.0 0.28204785882905353
8434.0 0.285656816680458
8436.0 0.28989803579703916
8438.0 0.3002637611938872
8440.0 0.29862757673144164
8442.0 0.292175968051439
8444.0 0.3002862471402508
8446.0 0.3076540598415569
8448.0 0.30113440219014165
8450.0 0.2982188294744392
8452.0 0.30106319794019115
8454.0 0.3057892906939048
8456.0 0.3104225069425651
8458.0 0.31483076618078093
8460.0 0.32387965642710415
8462.0 0.324634275203518
8464.0 0.3268258250705605
8466.0 0.33514976901672966
8468.0 0.34305150321505634
8470.0 0.3474205062030197
8472.0 0.35162377934939204
8474.0 0.3607558245132062
8476.0 0.36509368389168056
8478.0 0.3684066797940542
8480.0 0.3698207197965986
8482.0 0.37380109338136436
8484.0 0.37670606239813154
8486.0 0.37284961924570265
8488.0 0.37959666196748876
8490.0 0.3861795964007791
8492.0 0.38446095747857334
8494.0 0.3881483474177004
8496.0 0.3962408640663007
8498.0 0.40063210936554183
8500.0 0.410142416537697
8502.0 0.4159418320825311
8504.0 0.41735637838643513
8506.0 0.416472868017459
8508.0 0.4180002611628411
8510.0 0.42436365868593623
8512.0 0.4338110094299291
8514.0 0.4401555796126451
8516.0 0.4365491540565173
8518.0 0.4440206381362551
8520.0 0.45366248759078404
8522.0 0.4573555105251752
8524.0 0.4651786605256046
8526.0 0.4755451240201778
8528.0 0.4919847321987768
8530.0 0.503427039839645
8532.0 0.5080253508539657
8534.0 0.5162914047419722
8536.0 0.5198036407676522
8538.0 0.5284825126770858
8540.0 0.543496685700452
8542.0 0.5438530540075676
8544.0 0.5521144518529959
8546.0 0.5541652679929392
8548.0 0.5540305969699366
8550.0 0.5684613249261923
8552.0 0.5743773290821221
8554.0 0.5710005746918408
8556.0 0.5740276615421652
8558.0 0.588525579130473
8560.0 0.5958421382404557
8562.0 0.5993087187285371
8564.0 0.6063811229816726
8566.0 0.6097559537591101
8568.0 0.6181175034251853
8570.0 0.6277358277488142
8572.0 0.6452443442721411
8574.0 0.6578072969878442
8576.0 0.6737477066317815
8578.0 0.6789187746477346
8580.0 0.6805363683819374
8582.0 0.6941282393358551
8584.0 0.693730778756961
8586.0 0.6785960335967905
8588.0 0.6867191286411742
8590.0 0.7059978422752069
8592.0 0.7096977746373517
8594.0 0.7093276096627675
8596.0 0.7124356162931178
8598.0 0.7164353744647742
8600.0 0.7198197801460665
8602.0 0.7230580421381233
8604.0 0.7383770140739488
8606.0 0.748670167134179
8608.0 0.7698183963317989
8610.0 0.7906638552412993
8612.0 0.7894962432818754
8614.0 0.8152934554314535
8616.0 0.8310102708340409
8618.0 0.829852993207158
8620.0 0.8430577669694495
8622.0 0.850830022871248
8624.0 0.8534170565689904
8626.0 0.8557188314702743
8628.0 0.860329345691993
8630.0 0.8636910347440037
8632.0 0.8628957463550521
8634.0 0.8664981278263157
8636.0 0.8671957521061906
8638.0 0.8845320954901951
8640.0 0.895946667227444
8642.0 0.8993265528850323
8644.0 0.8993112979285834
8646.0 0.898144587467931
8648.0 0.9128578968370958
8650.0 0.9138548187422286
8652.0 0.9167619482643765
8654.0 0.9253916471576228
8656.0 0.9370989427810665
8658.0 0.9557286576975164
8660.0 0.9710884781918814
8662.0 0.9867858908998395
8664.0 0.9955747201501914
8666.0 1.0
8668.0 0.9991639671853395
8670.0 0.9824569783635394
8672.0 0.9733252213683418
8674.0 0.9621828042640571
8676.0 0.9540496034306113
8678.0 0.9532664159378372
8680.0 0.9346636791646958
8682.0 0.9235531578230394
8684.0 0.9247926906252616
8686.0 0.9230394858139639
8688.0 0.9283097226286124
8690.0 0.9427168024800094
8692.0 0.9666943969165795
8694.0 0.9785307439733357
8696.0 0.9824875975259614
8698.0 0.9901175926833645
8700.0 0.9965541602473175
8702.0 0.9879872176965775
8704.0 0.9819581829503848
8706.0 0.9735103267778052
8708.0 0.9405671905086448
8710.0 0.922466975673569
8712.0 0.9149179066474498
8714.0 0.8985514913330441
8716.0 0.8835694337734082
8718.0 0.8878243677187466
8720.0 0.867875213280148
8722.0 0.8660147380227219
8724.0 0.8637831055583431
8726.0 0.8620879238956153
8728.0 0.842070324191788
8730.0 0.8280258360072829
8732.0 0.8231061834000535
8734.0 0.8244448949741039
8736.0 0.8127895443080738
8738.0 0.8146069052655025
8740.0 0.8130043708247198
8742.0 0.8082315674718424
8744.0 0.8055669452742268
8746.0 0.7966189376867725
8748.0 0.7950773849653702
8750.0 0.7953931923646073
8752.0 0.7911172714757567
8754.0 0.7833858514554025
8756.0 0.7659178561663957
8758.0 0.7553487885037389
8760.0 0.746349577862309
8762.0 0.742089173451589
8764.0 0.7403593012195404
8766.0 0.7329760805388557
8768.0 0.7356685999367049
8770.0 0.7400358986480748
8772.0 0.7458871160001357
8774.0 0.7450286064417646
8776.0 0.7409785543707016
8778.0 0.7345018667408086
8780.0 0.7155640302101229
8782.0 0.7078183509792911
8784.0 0.6961744907291584
8786.0 0.6849919568101307
8788.0 0.691005955279723
8790.0 0.6899871454433838
8792.0 0.6832997284862917
8794.0 0.6893046281231627
8796.0 0.6940231861180316
8798.0 0.6835761828116756
8800.0 0.6686062383402256
8802.0 0.6675699040647495
8804.0 0.6649884361086231
8806.0 0.6680586988903116
8808.0 0.6649729583814579
8810.0 0.6471057876864094
8812.0 0.6425805583536268
8814.0 0.6449618788630389
8816.0 0.6378766136909648
8818.0 0.6152577880127958
8820.0 0.6090895174342538
8822.0 0.6071942949083834
8824.0 0.601965239453715
8826.0 0.6021808218523339
8828.0 0.5970841087467544
8830.0 0.5873481789323871
8832.0 0.5816851325486897
8834.0 0.587700599079661
8836.0 0.5940692888038412
8838.0 0.5890337799498312
8840.0 0.5792748021776399
8842.0 0.578056310618978
8844.0 0.5734753699492012
8846.0 0.566989915295639
8848.0 0.5698970214356324
8850.0 0.5626595532720935
8852.0 0.5391591453573226
8854.0 0.5456261744682568
8856.0 0.542850650897266
8858.0 0.5306196878288466
8860.0 0.5300126869737327
8862.0 0.5297778233726387
8864.0 0.5209288218163814
8866.0 0.5100352411420278
8868.0 0.5178638818713082
8870.0 0.5057877151641851
8872.0 0.5016432675075928
8874.0 0.5122085646874307
8876.0 0.509565889622174
8878.0 0.5036966739411206
8880.0 0.49843393106008543
8882.0 0.5035999408485453
8884.0 0.4965734905563293
8886.0 0.4935452384383093
8888.0 0.4914552703108522
8890.0 0.49039664991539356
8892.0 0.48856685692199003
8894.0 0.47724201301480546
8896.0 0.4667368852357593
8898.0 0.4566295913987262
8900.0 0.4539250696893173
8902.0 0.45274683776973323
8904.0 0.4533051241748863
8906.0 0.4531093168304819
8908.0 0.4696989817946471
8910.0 0.4637128746578502
8912.0 0.44033789909871207
8914.0 0.4297170974352993
8916.0 0.4302833002307056
8918.0 0.4287516318963098
8920.0 0.42687117420595555
8922.0 0.42844249472793816
8924.0 0.4340784052696607
8926.0 0.434391173468108
8928.0 0.42636137953070213
8930.0 0.42407505846290294
8932.0 0.4253842903376333
8934.0 0.417341020330589
8936.0 0.3963061142163543
8938.0 0.3802453124686288
8940.0 0.3772493347620486
8942.0 0.38965752945530124
8944.0 0.4234758575478682
8946.0 0.4275856585590566
8948.0 0.415452908478366
8950.0 0.4025701205499462
8952.0 0.40425551558824263
8954.0 0.3980259311267313
8956.0 0.38690376781881647
8958.0 0.3890954890436797
8960.0 0.3928414450490804
8962.0 0.3890195378194427
8964.0 0.38053559786746355
8966.0 0.3826567537612317
8968.0 0.3853003677572869
8970.0 0.38764090485804265
8972.0 0.3858957027448011
8974.0 0.38425287422238
8976.0 0.38745492960399447
8978.0 0.38987153396512847
8980.0 0.3865938990759098
8982.0 0.38564413322612073
8984.0 0.3899577695536039
8986.0 0.3926750396613454
8988.0 0.38705375312878687
8990.0 0.39040812899809746
8992.0 0.3916954666051161
8994.0 0.38640497179981487
8996.0 0.38671588237374077
8998.0 0.37937353063546775
9000.0 0.3686571396316725
9002.0 0.36981148534950253
9004.0 0.377945496161501
9006.0 0.3781378349599935
9008.0 0.37437134744438594
9010.0 0.38269761369849414
9012.0 0.38725368148567946
9014.0 0.38946942520267813
9016.0 0.3783207785128012
9018.0 0.36874015054172765
9020.0 0.3643088893897502
9022.0 0.36333623763714645
9024.0 0.36456312186531664
9026.0 0.3610663077609991
9028.0 0.35574261051607975
9030.0 0.36074936694333254
9032.0 0.36450554992518386
9034.0 0.36540938872769596
9036.0 0.3674994015097219
9038.0 0.37165973357021653
9040.0 0.37413791365115784
9042.0 0.3702933437481415
9044.0 0.37246800483655335
9046.0 0.37866981336437616
9048.0 0.37668858199700356
9050.0 0.3712070410885157
9052.0 0.3697105450485388
9054.0 0.36175499297787556
9056.0 0.3654058515718583
9058.0 0.3698434174283125
9060.0 0.3701814180065555
9062.0 0.37078998421133186
9064.0 0.36902402682530067
9066.0 0.3654358810746736
9068.0 0.36136081962027916
9070.0 0.36054281029854707
9072.0 0.3612263135295743
9074.0 0.36249128916304724
9076.0 0.37004736068909877
9078.0 0.36482720758578596
9080.0 0.3676929767455655
9082.0 0.3748063388399058
9084.0 0.3761018590949864
9086.0 0.37145333681115617
9088.0 0.37202029567763895
9090.0 0.3760767229855108
9092.0 0.37524040234291195
9094.0 0.38084319496237296
9096.0 0.3843652664675222
9098.0 0.373749622690755
9100.0 0.37101610285057846
9102.0 0.3653180574365281
9104.0 0.3636818492740345
9106.0 0.3695775516700866
9108.0 0.3828456286783496
9110.0 0.3839772642216801
9112.0 0.3852361806936123
9114.0 0.3773663105278688
9116.0 0.3769608840270455
9118.0 0.367199718717236
9120.0 0.3504519167084787
9122.0 0.3535439806303185
9124.0 0.3655033875537134
9126.0 0.3728229906832825
9128.0 0.373955892826551
9130.0 0.37736326490230543
9132.0 0.3757522023614254
9134.0 0.3729664841420607
9136.0 0.3734866534863933
9138.0 0.37705234853163977
9140.0 0.3777948545446219
9142.0 0.3804246226880455
9144.0 0.37595113683406006
9146.0 0.3734475112471351
9148.0 0.3770056638088768
9150.0 0.3761481904720194
9152.0 0.3731280703577682
9154.0 0.37718945109444757
9156.0 0.3714153158969047
9158.0 0.36799029138328954
9160.0 0.3689106829281598
9162.0 0.3685532333684537
9164.0 0.35644753466438817
9166.0 0.35774259794756125
9168.0 0.36410704963020707
9170.0 0.366155907829175
9172.0 0.36541064250079214
9174.0 0.35611800342008887
9176.0 0.35218328471297944
9178.0 0.35333186855127635
9180.0 0.3573339594094208
9182.0 0.359479584379312
9184.0 0.3603231699993682
9186.0 0.36504699430288173
9188.0 0.3599113335261651
9190.0 0.35648298463823813
9192.0 0.365288778529007
9194.0 0.37044293100441933
9196.0 0.36900451820655117
9198.0 0.3698207906961379
9200.0 0.36854774024250003
9202.0 0.3655672941081839
9204.0 0.37486227375876335
9206.0 0.3704799830984909
9208.0 0.3692068316350674
9210.0 0.36751328819947393
9212.0 0.3735646878618281
9214.0 0.38400830005063885
9216.0 0.3797749297205674
9218.0 0.38105376039753525
9220.0 0.36991635644008947
9222.0 0.36037039911222246
9224.0 0.35502300455207497
9226.0 0.35870505257165924
9228.0 0.3691275682852082
9230.0 0.3751652033752992
9232.0 0.3718285762711002
9234.0 0.3683437226179698
9236.0 0.36447194356699153
9238.0 0.3687368421241679
9240.0 0.37816064604220767
9242.0 0.37301637022117545
9244.0 0.3741660450800052
9246.0 0.378250693677609
9248.0 0.37409491970695213
9250.0 0.364424560126667
9252.0 0.36308063510195815
9254.0 0.37146667529063393
9256.0 0.3674757416841734
9258.0 0.37611897145578893
9260.0 0.3684912069597748
9262.0 0.37125870344181977
9264.0 0.3641283489142334
9266.0 0.3587774017651431
9268.0 0.3665377152110235
9270.0 0.36492097072140445
9272.0 0.3583111000863802
9274.0 0.3556088912020861
9276.0 0.3558111268761351
9278.0 0.37027035240764505
9280.0 0.3632559752404762
9282.0 0.3654392979431441
9284.0 0.36428082145457474
9286.0 0.3576470755515263
9288.0 0.3568540619591697
9290.0 0.3493012998859946
9292.0 0.35201871592325
9294.0 0.358746143423098
9296.0 0.3690624106376136
9298.0 0.3681722251572859
9300.0 0.3657674727877175
9302.0 0.3671551471553427
9304.0 0.3611092356071471
9306.0 0.35119506452283145
9308.0 0.3567130971436275
9310.0 0.3720047643493151
9312.0 0.36951295478182816
9314.0 0.3619959229717999
9316.0 0.36394448872197127
9318.0 0.3616552840672359
9320.0 0.36459021952963583
9322.0 0.35992167251055934
9324.0 0.36805879077127707
9326.0 0.36383274528900583
9328.0 0.3398676165340909
9330.0 0.345684066395692
9332.0 0.36600619582543104
9334.0 0.3657582848143584
9336.0 0.3688435705859893
9338.0 0.37418831109469664
9340.0 0.36856735524526213
9342.0 0.38060778343115814
9344.0 0.3834276362906
9346.0 0.3596262421842516
9348.0 0.37930510660527633
9350.0 0.3879932163421928
9352.0 0.37472369184461685
9354.0 0.3679443905998209
9356.0 0.3823391434392739
9358.0 0.39282882826691695
9360.0 0.39377019194846496
9362.0 0.3893670106933958
9364.0 0.3806000133078101
9366.0 0.36201626619222355
9368.0 0.39217280462876786
9370.0 0.4139117878765929
9372.0 0.3877066043693025
9374.0 0.3748639849633652
9376.0 0.3890615691432839
9378.0 0.3764273059582025
9380.0 0.3833199799759024
9382.0 0.3945423395978175
9384.0 0.3855132921726023
9386.0 0.3855132921726023
9388.0 0.3855132921726023
9390.0 0.3855132921726023
9392.0 0.3855132921726023
9394.0 0.3855132921726023
9396.0 0.3855132921726023
9398.0 0.3855132921726023
9400.0 0.3855132921726023
9402.0 0.3855132921726023
9404.0 0.3855132921726023
9406.0 0.3855132921726023
9408.0 0.3855132921726023
9410.0 0.3855132921726023
9412.0 0.3855132921726023
9414.0 0.3855132921726023
9416.0 0.3855132921726023
9418.0 0.3855132921726023
9420.0 0.3855132921726023
9422.0 0.3855132921726023
9424.0 0.3855132921726023
9426.0 0.3855132921726023
9428.0 0.3855132921726023
9430.0 0.3855132921726023
9432.0 0.3855132921726023
9434.0 0.3855132921726023
9436.0 0.3855132921726023
9438.0 0.3855132921726023
9440.0 0.3855132921726023
9442.0 0.3855132921726023
9444.0 0.3855132921726023
9446.0 0.3855132921726023
9448.0 0.3855132921726023
9450.0 0.3855132921726023
9452.0 0.3855132921726023
9454.0 0.3855132921726023
9456.0 0.3855132921726023
9458.0 0.3855132921726023
9460.0 0.3855132921726023
9462.0 0.3855132921726023
9464.0 0.3855132921726023
9466.0 0.3855132921726023
9468.0 0.3855132921726023
9470.0 0.3855132921726023
9472.0 0.3855132921726023
9474.0 0.3855132921726023
9476.0 0.3855132921726023
9478.0 0.3855132921726023
9480.0 0.3855132921726023
9482.0 0.3855132921726023
9484.0 0.3855132921726023
9486.0 0.3855132921726023
9488.0 0.3855132921726023
9490.0 0.3855132921726023
9492.0 0.3855132921726023
9494.0 0.3855132921726023
9496.0 0.3855132921726023
9498.0 0.3855132921726023
9500.0 0.3855132921726023
9502.0 0.3855132921726023
9504.0 0.3855132921726023
9506.0 0.3855132921726023
9508.0 0.3855132921726023
9510.0 0.3855132921726023
9512.0 0.3855132921726023
9514.0 0.3855132921726023
9516.0 0.3855132921726023
9518.0 0.3855132921726023
9520.0 0.3855132921726023
9522.0 0.3855132921726023
9524.0 0.3855132921726023
9526.0 0.3855132921726023
9528.0 0.3855132921726023
9530.0 0.3855132921726023
9532.0 0.3855132921726023
9534.0 0.3855132921726023
9536.0 0.3855132921726023
9538.0 0.3855132921726023
9540.0 0.3855132921726023
9542.0 0.3855132921726023
9544.0 0.3855132921726023
9546.0 0.3855132921726023
9548.0 0.3855132921726023
9550.0 0.3855132921726023
9552.0 0.3855132921726023
9554.0 0.3855132921726023
9556.0 0.3855132921726023
9558.0 0.3855132921726023
9560.0 0.3855132921726023
9562.0 0.3855132921726023
9564.0 0.3855132921726023
9566.0 0.3855132921726023
9568.0 0.3855132921726023
9570.0 0.3855132921726023
9572.0 0.3855132921726023
9574.0 0.3855132921726023
9576.0 0.3855132921726023
9578.0 0.3855132921726023
9580.0 0.3855132921726023
9582.0 0.3855132921726023
9584.0 0.3855132921726023
9586.0 0.3855132921726023
9588.0 0.3855132921726023
9590.0 0.3855132921726023
9592.0 0.3855132921726023
9594.0 0.3855132921726023
9596.0 0.3855132921726023
9598.0 0.3855132921726023
9600.0 0.3855132921726023
9602.0 0.3855132921726023
9604.0 0.3855132921726023
9606.0 0.3855132921726023
9608.0 0.3855132921726023
9610.0 0.3855132921726023
9612.0 0.3855132921726023
9614.0 0.3855132921726023
9616.0 0.3855132921726023
9618.0 0.3855132921726023
9620.0 0.3855132921726023
9622.0 0.3855132921726023
9624.0 0.3855132921726023
9626.0 0.3855132921726023
9628.0 0.3855132921726023
9630.0 0.3855132921726023
9632.0 0.3855132921726023
9634.0 0.3855132921726023
9636.0 0.3855132921726023
9638.0 0.3855132921726023
9640.0 0.3855132921726023
9642.0 0.3855132921726023
9644.0 0.3855132921726023
9646.0 0.3855132921726023
9648.0 0.3855132921726023
9650.0 0.3855132921726023
9652.0 0.3855132921726023
9654.0 0.3855132921726023
9656.0 0.3855132921726023
9658.0 0.3855132921726023
9660.0 0.3855132921726023
9662.0 0.3855132921726023
9664.0 0.3855132921726023
9666.0 0.3855132921726023
9668.0 0.3855132921726023
9670.0 0.3855132921726023
9672.0 0.3855132921726023
9674.0 0.3855132921726023
9676.0 0.3855132921726023
9678.0 0.3855132921726023
9680.0 0.3855132921726023
9682.0 0.3855132921726023
9684.0 0.3855132921726023
9686.0 0.3855132921726023
9688.0 0.3855132921726023
9690.0 0.3855132921726023
9692.0 0.3855132921726023
9694.0 0.3855132921726023
9696.0 0.3855132921726023
9698.0 0.3855132921726023
9700.0 0.3855132921726023
9702.0 0.3855132921726023
9704.0 0.3855132921726023
9706.0 0.3855132921726023
9708.0 0.3855132921726023
9710.0 0.3855132921726023
9712.0 0.3855132921726023
9714.0 0.3855132921726023
9716.0 0.3855132921726023
9718.0 0.3855132921726023
9720.0 0.3855132921726023
9722.0 0.3855132921726023
9724.0 0.3855132921726023
9726.0 0.3855132921726023
9728.0 0.3855132921726023
9730.0 0.3855132921726023
9732.0 0.3855132921726023
9734.0 0.3855132921726023
9736.0 0.3855132921726023
9738.0 0.3855132921726023
9740.0 0.3855132921726023
9742.0 0.3855132921726023
9744.0 0.3855132921726023
9746.0 0.3855132921726023
9748.0 0.3855132921726023
9750.0 0.3855132921726023
9752.0 0.3855132921726023
9754.0 0.3855132921726023
9756.0 0.3855132921726023
9758.0 0.3855132921726023
9760.0 0.3855132921726023
9762.0 0.3855132921726023
9764.0 0.3855132921726023
9766.0 0.3855132921726023
9768.0 0.3855132921726023
9770.0 0.3855132921726023
9772.0 0.3855132921726023
9774.0 0.3855132921726023
9776.0 0.3855132921726023
9778.0 0.3855132921726023
9780.0 0.3855132921726023
9782.0 0.3855132921726023
9784.0 0.3855132921726023
9786.0 0.3855132921726023
9788.0 0.3855132921726023
9790.0 0.3855132921726023
9792.0 0.3855132921726023
9794.0 0.3855132921726023
9796.0 0.3855132921726023
9798.0 0.3855132921726023
9800.0 0.3855132921726023
9802.0 0.3855132921726023
9804.0 0.3855132921726023
9806.0 0.3855132921726023
9808.0 0.3855132921726023
9810.0 0.3855132921726023
9812.0 0.3855132921726023
9814.0 0.3855132921726023
9816.0 0.3855132921726023
9818.0 0.3855132921726023
9820.0 0.3855132921726023
9822.0 0.3855132921726023
9824.0 0.3855132921726023
9826.0 0.3855132921726023
9828.0 0.3855132921726023
9830.0 0.3855132921726023
9832.0 0.3855132921726023
9834.0 0.3855132921726023
9836.0 0.3855132921726023
9838.0 0.3855132921726023
9840.0 0.3855132921726023
9842.0 0.3855132921726023
9844.0 0.3855132921726023
9846.0 0.3855132921726023
9848.0 0.3855132921726023
9850.0 0.3855132921726023
9852.0 0.3855132921726023
9854.0 0.3855132921726023
9856.0 0.3855132921726023
9858.0 0.3855132921726023
9860.0 0.3855132921726023
9862.0 0.3855132921726023
9864.0 0.3855132921726023
9866.0 0.3855132921726023
9868.0 0.3855132921726023
9870.0 0.3855132921726023
9872.0 0.3855132921726023
9874.0 0.3855132921726023
9876.0 0.3855132921726023
9878.0 0.3855132921726023
9880.0 0.3855132921726023
9882.0 0.3855132921726023
9884.0 0.3855132921726023
9886.0 0.3855132921726023
9888.0 0.3855132921726023
9890.0 0.3855132921726023
9892.0 0.3855132921726023
9894.0 0.3855132921726023
9896.0 0.3855132921726023
9898.0 0.3855132921726023
9900.0 0.3855132921726023
9902.0 0.3855132921726023
9904.0 0.3855132921726023
9906.0 0.3855132921726023
9908.0 0.3855132921726023
9910.0 0.3855132921726023
9912.0 0.3855132921726023
9914.0 0.3855132921726023
9916.0 0.3855132921726023
9918.0 0.3855132921726023
9920.0 0.3855132921726023
9922.0 0.3855132921726023
9924.0 0.3855132921726023
9926.0 0.3855132921726023
9928.0 0.3855132921726023
9930.0 0.3855132921726023
9932.0 0.3855132921726023
9934.0 0.3855132921726023
9936.0 0.3855132921726023
9938.0 0.3855132921726023
9940.0 0.3855132921726023
9942.0 0.3855132921726023
9944.0 0.3855132921726023
9946.0 0.3855132921726023
9948.0 0.3855132921726023
9950.0 0.3855132921726023
9952.0 0.3855132921726023
9954.0 0.3855132921726023
9956.0 0.3855132921726023
9958.0 0.3855132921726023
9960.0 0.3855132921726023
9962.0 0.3855132921726023
9964.0 0.3855132921726023
9966.0 0.3855132921726023
9968.0 0.3855132921726023
9970.0 0.3855132921726023
9972.0 0.3855132921726023
9974.0 0.3855132921726023
9976.0 0.3855132921726023
9978.0 0.3855132921726023
9980.0 0.3855132921726023
9982.0 0.3855132921726023
9984.0 0.3855132921726023
9986.0 0.3855132921726023
9988.0 0.3855132921726023
9990.0 0.3855132921726023
9992.0 0.3855132921726023
9994.0 0.3855132921726023
9996.0 0.3855132921726023
9998.0 0.3855132921726023
