# z obs_date
# 0 52280
3580.0 0.073526602278272
3582.0 0.07661237937123752
3584.0 0.08650241874693489
3586.0 0.09799142402204529
3588.0 0.09104519494329454
3590.0 0.17157379087689212
3592.0 0.22073642893730613
3594.0 0.16550201834979375
3596.0 0.07355435625717574
3598.0 0.058888278169920615
3600.0 -0.06275895626146698
3602.0 -0.056326332035789364
3604.0 0.13262314249896576
3606.0 0.1566037452775147
3608.0 0.2912233843584571
3610.0 0.3656882609963362
3612.0 0.2812244073869211
3614.0 0.14783516873511754
3616.0 0.13973543776382305
3618.0 0.07109768391753853
3620.0 0.07595051890441357
3622.0 0.055182632909432636
3624.0 0.05176595860418561
3626.0 0.18914770949578924
3628.0 0.2426346249906225
3630.0 0.23382982846050923
3632.0 0.1965327494163086
3634.0 0.16064098384085693
3636.0 0.07426639224306587
3638.0 0.07897172575513418
3640.0 0.14523193731296852
3642.0 0.14421325685767417
3644.0 0.13152792124102114
3646.0 0.12148291264646294
3648.0 0.12004650777301476
3650.0 0.12650217255067006
3652.0 0.11556392568003916
3654.0 0.0975688384128768
3656.0 0.0953606129701609
3658.0 0.09802379762750722
3660.0 0.08706776805567654
3662.0 0.1728182251158464
3664.0 0.18913910898615466
3666.0 0.15879019150763568
3668.0 0.15321990110872155
3670.0 0.1142746356093802
3672.0 0.04606604700830501
3674.0 0.06139668855034176
3676.0 0.07052988995377041
3678.0 0.07496231755253131
3680.0 0.1153833717633583
3682.0 0.13361666778557318
3684.0 0.15648689789862835
3686.0 0.14447622670268462
3688.0 0.1534081586334277
3690.0 0.14979468775598417
3692.0 0.13907475217763168
3694.0 0.19795008715580706
3696.0 0.19714522914802982
3698.0 0.10559827003480879
3700.0 0.09562612130696631
3702.0 0.11700196170257751
3704.0 0.12722486096499452
3706.0 0.11322742903899538
3708.0 0.12378726842676252
3710.0 0.15459718514703802
3712.0 0.17637454303859673
3714.0 0.16746768201754247
3716.0 0.1296323719928882
3718.0 0.126847284847756
3720.0 0.13187293681517379
3722.0 0.15288838299690716
3724.0 0.16933006262314917
3726.0 0.19722627849733543
3728.0 0.17056060954875238
3730.0 0.13622137375502708
3732.0 0.1339385476621395
3734.0 0.12191295658772622
3736.0 0.12993621880557163
3738.0 0.18285308944093842
3740.0 0.18673155544096096
3742.0 0.18468473634570848
3744.0 0.18543205658397746
3746.0 0.18027509614007747
3748.0 0.18324599098872152
3750.0 0.1752032993948265
3752.0 0.20656297661879483
3754.0 0.20893849163341907
3756.0 0.18624395345190045
3758.0 0.16047109953339997
3760.0 0.16836264413558288
3762.0 0.17878751793544362
3764.0 0.1608788874366206
3766.0 0.15181481608111977
3768.0 0.1677653300570392
3770.0 0.1837331996218997
3772.0 0.1614906622561003
3774.0 0.16334962824197125
3776.0 0.15876107847138124
3778.0 0.14868944474943727
3780.0 0.14694556880824602
3782.0 0.15907136170990807
3784.0 0.16397232038620327
3786.0 0.1487982277375331
3788.0 0.16140603483615792
3790.0 0.16724091019843226
3792.0 0.1532685906641011
3794.0 0.16979905510507198
3796.0 0.16396636563855935
3798.0 0.15012371242089226
3800.0 0.15902229806186158
3802.0 0.17262933640793166
3804.0 0.18587138296246053
3806.0 0.16547153911757137
3808.0 0.16514517898417305
3810.0 0.1635084431444797
3812.0 0.17326683348709265
3814.0 0.177357987247584
3816.0 0.17861175453503209
3818.0 0.16254823408832236
3820.0 0.16061739591785565
3822.0 0.15552730739537574
3824.0 0.16428096802831316
3826.0 0.16001759241579075
3828.0 0.16086454865574568
3830.0 0.1555870982153533
3832.0 0.1674784381910699
3834.0 0.16797956631021974
3836.0 0.16591839603745867
3838.0 0.14910300451922642
3840.0 0.13856455783583888
3842.0 0.14740165839380964
3844.0 0.13223202107503482
3846.0 0.11412830309894485
3848.0 0.12310386460729372
3850.0 0.10467575327798193
3852.0 0.08894369162540323
3854.0 0.05406029669565002
3856.0 0.05949297887420628
3858.0 0.07254136888811659
3860.0 0.05893516239857004
3862.0 0.07211753011413989
3864.0 0.0852542754106147
3866.0 0.08539863638782563
3868.0 0.08282625327432097
3870.0 0.08578371117595673
3872.0 0.08678605678784397
3874.0 0.08850571718539908
3876.0 0.08492396084526144
3878.0 0.07700569707553934
3880.0 0.08166869692976986
3882.0 0.07757927758033925
3884.0 0.08749020639533374
3886.0 0.08446561112226603
3888.0 0.07869393243571919
3890.0 0.07938646348650641
3892.0 0.07744371183220668
3894.0 0.07441334149012759
3896.0 0.07322971821190626
3898.0 0.08587774969368993
3900.0 0.09785546890944138
3902.0 0.08931916269768285
3904.0 0.09901137660957857
3906.0 0.11198206495726354
3908.0 0.099669766705254
3910.0 0.1048921360340187
3912.0 0.1201880929475393
3914.0 0.14144684164026622
3916.0 0.14970494415933294
3918.0 0.15785157060073451
3920.0 0.15174856942660933
3922.0 0.15121331041877895
3924.0 0.15730474674903047
3926.0 0.18333965142385197
3928.0 0.18529551516169224
3930.0 0.18560791606874974
3932.0 0.2025622780683775
3934.0 0.20068413945518168
3936.0 0.21537264425144062
3938.0 0.22692628678133714
3940.0 0.23560284933531322
3942.0 0.25340616122456655
3944.0 0.26929642292041545
3946.0 0.2889436209899118
3948.0 0.290994929403302
3950.0 0.3068554918192085
3952.0 0.3059486986904692
3954.0 0.3002771951344945
3956.0 0.30378835366493206
3958.0 0.30703806747246815
3960.0 0.3032134589192878
3962.0 0.30395982715877823
3964.0 0.28865863581510964
3966.0 0.27573689641468413
3968.0 0.28337216394178466
3970.0 0.2952612591917259
3972.0 0.29720894332716524
3974.0 0.2953877580209485
3976.0 0.2968995062292213
3978.0 0.29334098017534377
3980.0 0.30730312194209264
3982.0 0.30493978118490983
3984.0 0.3030389217864314
3986.0 0.2976411630211291
3988.0 0.29784217538203756
3990.0 0.29545142504005767
3992.0 0.291181230206831
3994.0 0.2882118366130443
3996.0 0.28317725921295156
3998.0 0.2942855582067887
4000.0 0.3062695055232455
4002.0 0.2903969517468746
4004.0 0.28271848097836094
4006.0 0.2701005224771502
4008.0 0.26908455954753463
4010.0 0.2699702041398354
4012.0 0.26494258200253334
4014.0 0.2689686487641021
4016.0 0.27873920928714874
4018.0 0.2778933949846585
4020.0 0.2521077072810082
4022.0 0.2453008331399698
4024.0 0.24676613758397178
4026.0 0.2526983683536248
4028.0 0.24346573191682105
4030.0 0.2273123996833388
4032.0 0.22523665737837678
4034.0 0.21894637183018273
4036.0 0.2039372034839551
4038.0 0.20297489704221555
4040.0 0.21027833209327773
4042.0 0.21987074941527726
4044.0 0.22896239804838148
4046.0 0.24004329241221406
4048.0 0.25897579499160117
4050.0 0.26186924607544865
4052.0 0.26564788050948723
4054.0 0.2826052822359113
4056.0 0.31079745178244256
4058.0 0.32643631324106015
4060.0 0.3348565836924763
4062.0 0.34077462486436105
4064.0 0.3458374092125474
4066.0 0.3555778456558482
4068.0 0.37513745040243274
4070.0 0.38381758074396416
4072.0 0.3870950933748965
4074.0 0.3947218711238067
4076.0 0.4021659558157632
4078.0 0.406479475493436
4080.0 0.38825798798963673
4082.0 0.378839888489753
4084.0 0.3801591099679197
4086.0 0.3800229502572951
4088.0 0.37285318055853206
4090.0 0.36843896553535815
4092.0 0.36320755413250183
4094.0 0.37010082994512794
4096.0 0.3712463724066463
4098.0 0.3560687031177184
4100.0 0.3366573608250789
4102.0 0.33461893246048574
4104.0 0.3345209734560672
4106.0 0.32985061702926977
4108.0 0.32317974577923747
4110.0 0.3123976221700265
4112.0 0.30843498556329274
4114.0 0.30778409097665627
4116.0 0.3063929129298262
4118.0 0.3114991101684767
4120.0 0.30628250960011216
4122.0 0.3010028288814312
4124.0 0.2875204952255115
4126.0 0.2781883418312284
4128.0 0.2828599589997086
4130.0 0.27357967575948194
4132.0 0.27289743054300236
4134.0 0.26784046769676734
4136.0 0.26863265351534676
4138.0 0.2762551222944655
4140.0 0.26620909198975007
4142.0 0.2561794932730193
4144.0 0.27096781448114315
4146.0 0.2807563272326894
4148.0 0.2854524307018656
4150.0 0.29234322503087196
4152.0 0.30017491880755104
4154.0 0.3002866918058676
4156.0 0.2904556252009537
4158.0 0.2995834622028317
4160.0 0.30790009503027355
4162.0 0.3036461231496849
4164.0 0.28866250752795297
4166.0 0.2814095446506756
4168.0 0.2578172983436843
4170.0 0.23655242539562374
4172.0 0.2329498157809518
4174.0 0.22752105320157082
4176.0 0.21892792602856875
4178.0 0.21627846625635663
4180.0 0.2143780972156947
4182.0 0.2156309332265994
4184.0 0.21364639936169208
4186.0 0.2170770058961827
4188.0 0.22644075761483357
4190.0 0.22702434972344723
4192.0 0.2239099718373061
4194.0 0.21903063552676713
4196.0 0.22079602289775746
4198.0 0.21820361399735239
4200.0 0.2169618593398036
4202.0 0.22110027038947003
4204.0 0.22718531119755977
4206.0 0.23587425939284645
4208.0 0.2362370513605527
4210.0 0.23295118381633545
4212.0 0.2363023924288963
4214.0 0.24842483121555486
4216.0 0.2578581035290884
4218.0 0.2579977884285629
4220.0 0.2680503087826289
4222.0 0.2617222303006111
4224.0 0.25879717692160215
4226.0 0.2712718609472532
4228.0 0.26614973531612784
4230.0 0.27090554615003937
4232.0 0.2692851103340672
4234.0 0.27257278745160507
4236.0 0.2658070680932623
4238.0 0.25532714280106084
4240.0 0.2536400431842104
4242.0 0.2450414656565769
4244.0 0.2253802669391292
4246.0 0.2110933797332681
4248.0 0.19725066268344657
4250.0 0.18897493147270666
4252.0 0.18208439026553538
4254.0 0.17724871441482895
4256.0 0.17207872809446562
4258.0 0.16943344361242055
4260.0 0.17012674954470922
4262.0 0.17239618961120073
4264.0 0.1720822489099896
4266.0 0.17440886747257345
4268.0 0.16556636568133926
4270.0 0.15795849186149294
4272.0 0.1544929840450494
4274.0 0.1687315822177526
4276.0 0.17383048178931926
4278.0 0.17385568108687247
4280.0 0.17482406557360677
4282.0 0.18112299286225225
4284.0 0.17897321317755288
4286.0 0.19162275016152128
4288.0 0.19954549331530727
4290.0 0.19519777088361198
4292.0 0.20401519049188813
4294.0 0.21275606915070142
4296.0 0.21926865531489328
4298.0 0.23319338246010654
4300.0 0.24081620105745397
4302.0 0.24776703324000712
4304.0 0.2553285716952249
4306.0 0.253233125455785
4308.0 0.25090921069560557
4310.0 0.25895252653031786
4312.0 0.2667430736066409
4314.0 0.2711927337179011
4316.0 0.2869570042263192
4318.0 0.29197430951032566
4320.0 0.28758935441803307
4322.0 0.2888236588221212
4324.0 0.28202331475524023
4326.0 0.2794221098459722
4328.0 0.27277583516871096
4330.0 0.2695402193868565
4332.0 0.2634504060680506
4334.0 0.2609114685501452
4336.0 0.25003881959083746
4338.0 0.2536328494823315
4340.0 0.24654163748649505
4342.0 0.23806192623910905
4344.0 0.2397882633130743
4346.0 0.2340339972708424
4348.0 0.2300923967609088
4350.0 0.23148580905633528
4352.0 0.23219891539838075
4354.0 0.22494961802792
4356.0 0.22796702722132134
4358.0 0.23795762367708964
4360.0 0.24195761717903438
4362.0 0.24168048875494305
4364.0 0.24552508911547313
4366.0 0.24727601005944966
4368.0 0.2527523282767148
4370.0 0.2539311396318224
4372.0 0.261096976908489
4374.0 0.26679733484836154
4376.0 0.27230933688161035
4378.0 0.27113725014431844
4380.0 0.2708780790900842
4382.0 0.2756465816698031
4384.0 0.27695471956560097
4386.0 0.27984062602882376
4388.0 0.2981494160050567
4390.0 0.29462986410340436
4392.0 0.2860877825591005
4394.0 0.2957021518289569
4396.0 0.28750798133734956
4398.0 0.2793170707273791
4400.0 0.28035231903750396
4402.0 0.27450708065940393
4404.0 0.26986129937019776
4406.0 0.26770246816956295
4408.0 0.26974688404476116
4410.0 0.2714793202749161
4412.0 0.26650564128077253
4414.0 0.26345650752548344
4416.0 0.2632857518041198
4418.0 0.26711646959109814
4420.0 0.26111513069674697
4422.0 0.2564485050202095
4424.0 0.2611228401009493
4426.0 0.2614573745997406
4428.0 0.2622927888711035
4430.0 0.2664840617225602
4432.0 0.27838793058466976
4434.0 0.28277214659525707
4436.0 0.2879841744423957
4438.0 0.2987097086454852
4440.0 0.3004531427325861
4442.0 0.2995867331352657
4444.0 0.3081175011923844
4446.0 0.3046768986330902
4448.0 0.3065180058634748
4450.0 0.31349559676061556
4452.0 0.31730810422941325
4454.0 0.3139026740482975
4456.0 0.3066052235106267
4458.0 0.3017293233088256
4460.0 0.294739180727302
4462.0 0.2854806539711451
4464.0 0.2731060612850229
4466.0 0.26471047864992203
4468.0 0.25964296442146556
4470.0 0.25942960859595543
4472.0 0.2629320175490551
4474.0 0.2625925768374454
4476.0 0.2702585365194471
4478.0 0.26586031065487165
4480.0 0.25286223578776795
4482.0 0.2511725000139026
4484.0 0.2481645577972829
4486.0 0.2420885877540652
4488.0 0.2335727651314806
4490.0 0.2319705744732266
4492.0 0.22746751844819482
4494.0 0.2201467463603143
4496.0 0.2213829778368358
4498.0 0.21886549814841522
4500.0 0.21526254590258218
4502.0 0.20730361062232036
4504.0 0.2024439734205086
4506.0 0.20305611680041166
4508.0 0.197131872600826
4510.0 0.19913777123169382
4512.0 0.20704426122996025
4514.0 0.21250322436324348
4516.0 0.21100639022287934
4518.0 0.21663522880973612
4520.0 0.21781624499119906
4522.0 0.2220659372762312
4524.0 0.22646131629782237
4526.0 0.23036189212864702
4528.0 0.2343243204571961
4530.0 0.24599459378922797
4532.0 0.25574560870952107
4534.0 0.268120657881855
4536.0 0.27356026899451996
4538.0 0.27730428316708455
4540.0 0.2775435885976784
4542.0 0.2878161472304936
4544.0 0.3020353658915721
4546.0 0.31177558286296303
4548.0 0.329443010862859
4550.0 0.3408479444232981
4552.0 0.3468756076053492
4554.0 0.36601662384429234
4556.0 0.38553753640791777
4558.0 0.39941046322597107
4560.0 0.41169573784886165
4562.0 0.42867203328575026
4564.0 0.44206242722478706
4566.0 0.46583392820715636
4568.0 0.4803751900422847
4570.0 0.4907181512199827
4572.0 0.5025658041746545
4574.0 0.5141729576197327
4576.0 0.5232027524896005
4578.0 0.5365076252327149
4580.0 0.5452548171387405
4582.0 0.5498984742173203
4584.0 0.5433899072393837
4586.0 0.5290442356195086
4588.0 0.5221063848126339
4590.0 0.5118746428026969
4592.0 0.502338522531846
4594.0 0.49217152027022015
4596.0 0.4743608097669307
4598.0 0.4687809016925104
4600.0 0.4630537324764149
4602.0 0.45360995657760145
4604.0 0.4549792535439588
4606.0 0.45501696476845865
4608.0 0.4644353554923593
4610.0 0.4740136713820954
4612.0 0.48566411133520015
4614.0 0.4981772636452243
4616.0 0.5029419222144643
4618.0 0.5062056964266981
4620.0 0.5158486313265872
4622.0 0.5198838997982993
4624.0 0.5225828758912433
4626.0 0.5224460240553264
4628.0 0.5207740909668258
4630.0 0.520432538586415
4632.0 0.5149778870768031
4634.0 0.5093339071020553
4636.0 0.5002298521851363
4638.0 0.4902589434066487
4640.0 0.49178034722822805
4642.0 0.489927762685413
4644.0 0.49475357660753894
4646.0 0.4999750945877796
4648.0 0.5058890958217344
4650.0 0.5230810594089406
4652.0 0.533832338508478
4654.0 0.5397524026133547
4656.0 0.5561221157360294
4658.0 0.563079887183982
4660.0 0.5683882627278589
4662.0 0.5760407139840064
4664.0 0.582785800026893
4666.0 0.5896272020981508
4668.0 0.5886636677624055
4670.0 0.5835727393956375
4672.0 0.5742570251385688
4674.0 0.5701753474677927
4676.0 0.5619024555423875
4678.0 0.5537258647552751
4680.0 0.543222520829876
4682.0 0.530715141984988
4684.0 0.5246382755842766
4686.0 0.5201089882581933
4688.0 0.5191071386309645
4690.0 0.5174510937646565
4692.0 0.5192225730737529
4694.0 0.5178118379868967
4696.0 0.5148046612814442
4698.0 0.5147636223261941
4700.0 0.5139521320655498
4702.0 0.5145350589286478
4704.0 0.5179239334573094
4706.0 0.5195316518871383
4708.0 0.5142080972038092
4710.0 0.5027233520802769
4712.0 0.5004842380425052
4714.0 0.4975712292563287
4716.0 0.49712603624208124
4718.0 0.48826901135542305
4720.0 0.48645801714814124
4722.0 0.4836186158416216
4724.0 0.4871811551325007
4726.0 0.4836783733463609
4728.0 0.47823333252391936
4730.0 0.4633161303254397
4732.0 0.4552354200807648
4734.0 0.44804908933079884
4736.0 0.43443690429774756
4738.0 0.43372503522584915
4740.0 0.43467190343078593
4742.0 0.4270390627380957
4744.0 0.4160927670098786
4746.0 0.4153554960063239
4748.0 0.4195663552580969
4750.0 0.41382476670765095
4752.0 0.413052237981171
4754.0 0.40783670533027355
4756.0 0.40247899230700596
4758.0 0.40118424644826056
4760.0 0.4000535293853248
4762.0 0.39314814809864657
4764.0 0.3888386208578706
4766.0 0.3762189339907927
4768.0 0.36638102061335587
4770.0 0.35809615759852814
4772.0 0.3464471395872844
4774.0 0.33980316933849997
4776.0 0.33463462242216524
4778.0 0.330945008805954
4780.0 0.3326508599609793
4782.0 0.3359840297780025
4784.0 0.3402747136764541
4786.0 0.34521127053768197
4788.0 0.35280757990013856
4790.0 0.3644574069172312
4792.0 0.3747676683919131
4794.0 0.38399090852731915
4796.0 0.39501404606905727
4798.0 0.4025999239681741
4800.0 0.40673536346596295
4802.0 0.4184549650373966
4804.0 0.42063455596391003
4806.0 0.4282584461641666
4808.0 0.43945117107583737
4810.0 0.4450686531234781
4812.0 0.4541693785149793
4814.0 0.45711616802208427
4816.0 0.45972558784707884
4818.0 0.45900574641847597
4820.0 0.4666796310697795
4822.0 0.4672163384353648
4824.0 0.4629576994706059
4826.0 0.4625081708869064
4828.0 0.46296456484142257
4830.0 0.4617449813190848
4832.0 0.46117982648078093
4834.0 0.4589764838717544
4836.0 0.459744336165213
4838.0 0.4565012189619005
4840.0 0.45700764779019976
4842.0 0.45197944978896853
4844.0 0.4513845487154576
4846.0 0.4481806064531396
4848.0 0.4458203631131324
4850.0 0.44490220077650733
4852.0 0.44599525279746094
4854.0 0.4495310742995543
4856.0 0.4454258677297903
4858.0 0.44345163214379896
4860.0 0.4408058958140477
4862.0 0.4401039536145261
4864.0 0.4369728498832891
4866.0 0.43349222005915816
4868.0 0.43535299737576494
4870.0 0.43506934617415544
4872.0 0.43075845728691986
4874.0 0.4348981328316358
4876.0 0.4340797917253447
4878.0 0.4297133507117445
4880.0 0.4297594503557696
4882.0 0.42054277153544867
4884.0 0.4104747051689804
4886.0 0.40700593748150987
4888.0 0.3986857109845198
4890.0 0.4050278992583541
4892.0 0.4123349310636948
4894.0 0.41942324990505847
4896.0 0.42119734973399997
4898.0 0.4307494323390392
4900.0 0.44993985976173834
4902.0 0.46302641211122036
4904.0 0.4852029573719005
4906.0 0.5082041126014945
4908.0 0.5338805048716915
4910.0 0.547250583260618
4912.0 0.566895053631388
4914.0 0.5974990399337995
4916.0 0.6131115939877047
4918.0 0.6343385526465313
4920.0 0.6570051737421544
4922.0 0.653036435737926
4924.0 0.6487861918805681
4926.0 0.6454532376165331
4928.0 0.6363881457757722
4930.0 0.6274904099909989
4932.0 0.6149252978803084
4934.0 0.606108422879659
4936.0 0.6019140615880937
4938.0 0.5962645703080333
4940.0 0.5854958890987502
4942.0 0.5781939759473963
4944.0 0.5685202386619478
4946.0 0.5581341678839058
4948.0 0.5560305292503438
4950.0 0.5458870869613498
4952.0 0.5379694444374197
4954.0 0.5284475404402825
4956.0 0.518489444431727
4958.0 0.5154317405561194
4960.0 0.5065350060093844
4962.0 0.4890161793170319
4964.0 0.4867583409488647
4966.0 0.4816833923616233
4968.0 0.47165453143174196
4970.0 0.4639152388997597
4972.0 0.4535894441056853
4974.0 0.4402785405513092
4976.0 0.4351101853886473
4978.0 0.42928627333506353
4980.0 0.4205422624264137
4982.0 0.42364610819266435
4984.0 0.42969498740838885
4986.0 0.43668660752236377
4988.0 0.43825723454359794
4990.0 0.4482770039145619
4992.0 0.4567676621093621
4994.0 0.4638837550474553
4996.0 0.47125089906200485
4998.0 0.48082970882675874
5000.0 0.4876272791735878
5002.0 0.4948067398807312
5004.0 0.500915074985261
5006.0 0.5092919098459188
5008.0 0.520020993870907
5010.0 0.5240053106288322
5012.0 0.5300682807395507
5014.0 0.5406762693466575
5016.0 0.5481569560634169
5018.0 0.5538489922312665
5020.0 0.5647304018333069
5022.0 0.5729986110581302
5024.0 0.5786058935725049
5026.0 0.585156054813332
5028.0 0.5910254653030145
5030.0 0.6016539312037397
5032.0 0.6053295280463817
5034.0 0.6107264713072806
5036.0 0.6166630221965643
5038.0 0.6227105954518779
5040.0 0.625885140494998
5042.0 0.6171536553119964
5044.0 0.6011963514323827
5046.0 0.5918864305424087
5048.0 0.5744860379460937
5050.0 0.5564764794494552
5052.0 0.5474413410818711
5054.0 0.5403296264389014
5056.0 0.5303023710212428
5058.0 0.5215349642061677
5060.0 0.518139734409356
5062.0 0.5168378746705382
5064.0 0.5177990491408121
5066.0 0.5170150156774493
5068.0 0.5186438867433599
5070.0 0.5145590521859812
5072.0 0.5119334198500846
5074.0 0.5189240590529968
5076.0 0.5170730479158908
5078.0 0.507821061568831
5080.0 0.5042418020907711
5082.0 0.5021304227588529
5084.0 0.4911916534954075
5086.0 0.4795631885229705
5088.0 0.4670663736385491
5090.0 0.4546531076532547
5092.0 0.44061375913196726
5094.0 0.4329241656079789
5096.0 0.42310313089335383
5098.0 0.41632346834020856
5100.0 0.40422930735158524
5102.0 0.39143949287841057
5104.0 0.3844617846171809
5106.0 0.3830860308389798
5108.0 0.3793845777654539
5110.0 0.37060278564822413
5112.0 0.3681265923447502
5114.0 0.3617182488658869
5116.0 0.36182589198289583
5118.0 0.35480015586941843
5120.0 0.34408973117279645
5122.0 0.33675563616345733
5124.0 0.33313696005650467
5126.0 0.3236565322712055
5128.0 0.3178096268370145
5130.0 0.3150789061775502
5132.0 0.3146247271636718
5134.0 0.3159738554440037
5136.0 0.32091332098520203
5138.0 0.3304314170742293
5140.0 0.33481645475338445
5142.0 0.34068593339544995
5144.0 0.3512344911562071
5146.0 0.3610665915221961
5148.0 0.36700276457774456
5150.0 0.3800916358901309
5152.0 0.38171238268001023
5154.0 0.39703494959842706
5156.0 0.4115024135224162
5158.0 0.4132415461787446
5160.0 0.4251047071605246
5162.0 0.44264197298625074
5164.0 0.4459847036959905
5166.0 0.4557857954247589
5168.0 0.47005611652578017
5170.0 0.47430071638355487
5172.0 0.4835075088439553
5174.0 0.4875346799865553
5176.0 0.4864101811599316
5178.0 0.4907134247888186
5180.0 0.48929783235256913
5182.0 0.4908636918485942
5184.0 0.48911352660113555
5186.0 0.4888544520189054
5188.0 0.49058750655347416
5190.0 0.4824049809559887
5192.0 0.4758944805547019
5194.0 0.47359257055699033
5196.0 0.47428967395597127
5198.0 0.4703164407282055
5200.0 0.4666758145324684
5202.0 0.46649760915442534
5204.0 0.4692615059443861
5206.0 0.4698507527998642
5208.0 0.47895867852915425
5210.0 0.4833909991176161
5212.0 0.48610723036099285
5214.0 0.49088325651907383
5216.0 0.4906131109677211
5218.0 0.49396330445752473
5220.0 0.4997815615167519
5222.0 0.49682991837929186
5224.0 0.491764945727136
5226.0 0.48565375318410964
5228.0 0.48412829917109956
5230.0 0.47635201716127945
5232.0 0.4686224233872883
5234.0 0.4670057096019668
5236.0 0.460792287344506
5238.0 0.4566423950962452
5240.0 0.45895476993018725
5242.0 0.45569885181169384
5244.0 0.45987109049975045
5246.0 0.46783829092718576
5248.0 0.47040280219285474
5250.0 0.47369867899005774
5252.0 0.47725614666086486
5254.0 0.484854328578109
5256.0 0.4926975266920697
5258.0 0.49929986541037674
5260.0 0.504543764962258
5262.0 0.5134114948743321
5264.0 0.5176992252110743
5266.0 0.5210508747842759
5268.0 0.5249492143311569
5270.0 0.5273239788615768
5272.0 0.5248518239336571
5274.0 0.5158358235163752
5276.0 0.5032074208791574
5278.0 0.49229168232434223
5280.0 0.48490377789861155
5282.0 0.47345266468262776
5284.0 0.46214966955683984
5286.0 0.4616041386556943
5288.0 0.46430746486728935
5290.0 0.46826413741916917
5292.0 0.47110293486311744
5294.0 0.4736831753510536
5296.0 0.47799871901335456
5298.0 0.48720246885973756
5300.0 0.493350446007096
5302.0 0.5061486634542568
5304.0 0.5150834708759421
5306.0 0.5287333535289432
5308.0 0.5365266558944403
5310.0 0.5476078560180846
5312.0 0.5577987660482309
5314.0 0.5684148158612168
5316.0 0.5743213019937792
5318.0 0.5873609687707989
5320.0 0.5920432031046458
5322.0 0.5969485587341096
5324.0 0.6005950087308007
5326.0 0.6002188913842491
5328.0 0.6053104886053297
5330.0 0.6019882261982005
5332.0 0.59159493059964
5334.0 0.5896301995873877
5336.0 0.5902361534100659
5338.0 0.584291796816316
5340.0 0.5781071407371183
5342.0 0.5765578109168921
5344.0 0.5749530713969166
5346.0 0.5721365237663525
5348.0 0.5740891925872382
5350.0 0.5811540634496363
5352.0 0.5842493943823859
5354.0 0.5908009953238279
5356.0 0.5927849050389961
5358.0 0.5991618701380003
5360.0 0.607001496465782
5362.0 0.6063300241761976
5364.0 0.6072258721281478
5366.0 0.6053449267584595
5368.0 0.6005020749403602
5370.0 0.5979080056564973
5372.0 0.5958836451429376
5374.0 0.5948169258281223
5376.0 0.591806003058089
5378.0 0.5905109190078027
5380.0 0.5871633764776972
5382.0 0.5799171063971955
5384.0 0.5738603914817185
5386.0 0.5695301762517485
5388.0 0.5667635705021403
5390.0 0.5604925924205165
5392.0 0.5594394239052514
5394.0 0.560813730336211
5396.0 0.571154578963783
5398.0 0.5751304205325797
5400.0 0.5795640193989965
5402.0 0.5828643503225506
5404.0 0.5914116778803953
5406.0 0.6019996227380933
5408.0 0.6135758772688626
5410.0 0.622986362169206
5412.0 0.6321984719386441
5414.0 0.6417631187559244
5416.0 0.6509298057747862
5418.0 0.6600980497154831
5420.0 0.6663152049618568
5422.0 0.6676159138761475
5424.0 0.6733943462649625
5426.0 0.6795223511879024
5428.0 0.6786174805065022
5430.0 0.6757863618723687
5432.0 0.6743163056240479
5434.0 0.6720264544501909
5436.0 0.672244208518571
5438.0 0.6715619220421952
5440.0 0.6680953096593613
5442.0 0.6555989254425744
5444.0 0.6373286080164389
5446.0 0.6255453520708706
5448.0 0.6244829304040339
5450.0 0.6188715159089543
5452.0 0.6139372435771591
5454.0 0.6051924577673111
5456.0 0.6009987334182968
5458.0 0.5974644861543986
5460.0 0.5906735023730225
5462.0 0.587550613401337
5464.0 0.5876479924661957
5466.0 0.5806018175429901
5468.0 0.5705656386670291
5470.0 0.5662278335396123
5472.0 0.5569029714279449
5474.0 0.5534946730180832
5476.0 0.552325081148966
5478.0 0.5460259349944829
5480.0 0.542018807820303
5482.0 0.5374783382201702
5484.0 0.5317481425058097
5486.0 0.5230441317563406
5488.0 0.5128219013743606
5490.0 0.5073842623994923
5492.0 0.508050746917958
5494.0 0.5046170033474123
5496.0 0.5016119863776433
5498.0 0.5027406197314168
5500.0 0.5034239565985491
5502.0 0.5102306580092947
5504.0 0.5211441340050953
5506.0 0.5336286105929354
5508.0 0.5533386190053226
5510.0 0.5635264279381859
5512.0 0.5852983900724051
5514.0 0.6000217786553694
5516.0 0.6144227588681527
5518.0 0.633030512641718
5520.0 0.6515693856183883
5522.0 0.671938314840882
5524.0 0.6936204099931622
5526.0 0.7001617815693475
5528.0 0.7099379311304626
5530.0 0.7162378014635705
5532.0 0.7149218705568781
5534.0 0.7155141244969341
5536.0 0.7137064565293821
5538.0 0.7074354901364506
5540.0 0.7030647747810979
5542.0 0.6929099004302547
5544.0 0.6882371419237112
5546.0 0.6859029036977965
5548.0 0.6760847046047332
5550.0 0.6720878759929786
5552.0 0.6652058589395046
5554.0 0.6596141587405541
5556.0 0.6547300804048176
5558.0 0.6475831904358031
5560.0 0.6268104813268228
5562.0 0.6187483817497755
5564.0 0.6217590357308739
5566.0 0.6164773627638139
5568.0 0.6142465629364994
5570.0 0.6134096235700927
5572.0 0.6114638470914623
5574.0 0.6155150026058801
5576.0 0.6193769708306596
5578.0 0.6145389990977544
5580.0 0.6093399846272822
5582.0 0.6077170102399335
5584.0 0.6034041261535584
5586.0 0.6042149688244653
5588.0 0.600314710999291
5590.0 0.5937944091678398
5592.0 0.5887986328566004
5594.0 0.5817934411287837
5596.0 0.5715863976220938
5598.0 0.5673728637477373
5600.0 0.5593351893324211
5602.0 0.5479792985330958
5604.0 0.5407770874953566
5606.0 0.5262718505458721
5608.0 0.5060367601146344
5610.0 0.49470773470882995
5612.0 0.48932909022104604
5614.0 0.47919288233614243
5616.0 0.4713526293624635
5618.0 0.46436523559859205
5620.0 0.4511324301911598
5622.0 0.44168670992838027
5624.0 0.43480940526678824
5626.0 0.4359789004576647
5628.0 0.43664259432531216
5630.0 0.4313433581561921
5632.0 0.4378986018025277
5634.0 0.44731606687400566
5636.0 0.4605786385243179
5638.0 0.47108219249099526
5640.0 0.47874781405492745
5642.0 0.4923180688056191
5644.0 0.5104008863253704
5646.0 0.5275688162051229
5648.0 0.5388840796726584
5650.0 0.549656989362346
5652.0 0.5577470379062355
5654.0 0.5705877596045762
5656.0 0.5874114014499949
5658.0 0.5981223662668746
5660.0 0.6107371667306393
5662.0 0.6226981137341635
5664.0 0.6381272860992558
5666.0 0.6496009670002495
5668.0 0.6479677417250576
5670.0 0.6479749822703691
5672.0 0.6509420388629613
5674.0 0.6476571690415903
5676.0 0.648202859087717
5678.0 0.6417217865791031
5680.0 0.6488230767353654
5682.0 0.649325193230176
5684.0 0.6500329901283437
5686.0 0.6433762080539359
5688.0 0.6364452062721023
5690.0 0.6315477524934776
5692.0 0.6223496858809697
5694.0 0.6181746073897829
5696.0 0.6151711877617292
5698.0 0.613578276003504
5700.0 0.6090143115624532
5702.0 0.6067106374048623
5704.0 0.605440959312013
5706.0 0.5938290868491416
5708.0 0.5886411016255174
5710.0 0.5930649313216568
5712.0 0.5948568320708469
5714.0 0.5929414497672792
5716.0 0.5892930329062565
5718.0 0.5929564752449954
5720.0 0.5918561903969634
5722.0 0.5930918542343399
5724.0 0.5942963073595525
5726.0 0.5960787502319148
5728.0 0.5938275217292938
5730.0 0.5896022794338431
5732.0 0.5901078483759038
5734.0 0.5932476419789287
5736.0 0.5943724040654859
5738.0 0.59353114079566
5740.0 0.5881105132299856
5742.0 0.5894222770497634
5744.0 0.5913375299738675
5746.0 0.5936568405860816
5748.0 0.5875885496390629
5750.0 0.583989240842231
5752.0 0.5832850693731846
5754.0 0.5800650674524666
5756.0 0.5831940454361888
5758.0 0.592815199628329
5760.0 0.5951713909753246
5762.0 0.5897349023494071
5764.0 0.5808173307175486
5766.0 0.5739652099246771
5768.0 0.5741107937907586
5770.0 0.5714084325976362
5772.0 0.565928163917024
5774.0 0.564758066697005
5776.0 0.559786142439468
5778.0 0.555319491723373
5780.0 0.5534000136541098
5782.0 0.5465012082324028
5784.0 0.5546108192244887
5786.0 0.5587031862227357
5788.0 0.5516329793672817
5790.0 0.5425272682080662
5792.0 0.5358443529169205
5794.0 0.528406532512197
5796.0 0.5215099440261015
5798.0 0.5156278222840945
5800.0 0.5008200397731511
5802.0 0.4922817051860537
5804.0 0.48463513009377884
5806.0 0.4743036660978225
5808.0 0.4586110991545869
5810.0 0.4556114630135585
5812.0 0.45002977767314006
5814.0 0.4466658629418906
5816.0 0.4443391186807863
5818.0 0.4352745657589447
5820.0 0.4242428630298035
5822.0 0.4215678043215558
5824.0 0.41818393000381804
5826.0 0.41182046000970673
5828.0 0.40702212193752
5830.0 0.4024368736245435
5832.0 0.3995485875576458
5834.0 0.3964929481723844
5836.0 0.3870395381787163
5838.0 0.37515338334021997
5840.0 0.37427314433430203
5842.0 0.37223025647017827
5844.0 0.3621555148152988
5846.0 0.35895868188389607
5848.0 0.3559860617513682
5850.0 0.3603166845092795
5852.0 0.369727866981607
5854.0 0.384380871889663
5856.0 0.3920811323101599
5858.0 0.40152212733211506
5860.0 0.4151061191036295
5862.0 0.42728794814660415
5864.0 0.4370115781114326
5866.0 0.44828666487563024
5868.0 0.4581063152427145
5870.0 0.46279203681400366
5872.0 0.4699877753347984
5874.0 0.4806378684224101
5876.0 0.49579399809602165
5878.0 0.5080835318132624
5880.0 0.5177675686418699
5882.0 0.5293619003581898
5884.0 0.5340987863021178
5886.0 0.5454836202357497
5888.0 0.5612321015459845
5890.0 0.5664922227454978
5892.0 0.5748841864246975
5894.0 0.5877413750141363
5896.0 0.5961448991357947
5898.0 0.6087105440926122
5900.0 0.6229785458833126
5902.0 0.6360382928190985
5904.0 0.6403270688459962
5906.0 0.6517719144605549
5908.0 0.6650411318577245
5910.0 0.6644789971513492
5912.0 0.6753317142077094
5914.0 0.6854323861295938
5916.0 0.683936651417419
5918.0 0.6918973308570332
5920.0 0.6835283638903633
5922.0 0.6851519842902886
5924.0 0.6871991631314959
5926.0 0.6776598029798879
5928.0 0.6693257843342193
5930.0 0.6648118371020613
5932.0 0.6589052003482965
5934.0 0.653426652208385
5936.0 0.6449530656884536
5938.0 0.6490352613555848
5940.0 0.6434095403383893
5942.0 0.6323156562511439
5944.0 0.6239964318184659
5946.0 0.6228281883621631
5948.0 0.6211804068702813
5950.0 0.6193161841233991
5952.0 0.6179289196439303
5954.0 0.6110735353618676
5956.0 0.6116224450781141
5958.0 0.609296835381806
5960.0 0.6001642749341974
5962.0 0.6104934137630561
5964.0 0.6114614147726843
5966.0 0.6050305510145353
5968.0 0.6046930528680619
5970.0 0.601685961727807
5972.0 0.6044629784539657
5974.0 0.6008885933563394
5976.0 0.6031523836770303
5978.0 0.6109806163271793
5980.0 0.6206150850788862
5982.0 0.6250878006899527
5984.0 0.623438191838226
5986.0 0.6276207458151187
5988.0 0.6279285789186423
5990.0 0.6278220128154213
5992.0 0.6226525230767761
5994.0 0.6230020739893102
5996.0 0.6227399655695606
5998.0 0.6214873771383842
6000.0 0.621499062433728
6002.0 0.612926122342789
6004.0 0.6108807258851289
6006.0 0.6077862374823785
6008.0 0.6056174195640897
6010.0 0.603873715631872
6012.0 0.5992862948822189
6014.0 0.6035925197351807
6016.0 0.6063276658814377
6018.0 0.6017804521109297
6020.0 0.5937455170074516
6022.0 0.5974906337719926
6024.0 0.6006264522442634
6026.0 0.6016561894896953
6028.0 0.5985687360252496
6030.0 0.6037880153901588
6032.0 0.6065228069981825
6034.0 0.6067068499748307
6036.0 0.6023893446773783
6038.0 0.5944552657998673
6040.0 0.5929753966196037
6042.0 0.5947622927818476
6044.0 0.5904795074588718
6046.0 0.5896150987035741
6048.0 0.5904145218810242
6050.0 0.5909907253690676
6052.0 0.5897877192966475
6054.0 0.5871999459217484
6056.0 0.5846539415227655
6058.0 0.5853972227813903
6060.0 0.5803735116213993
6062.0 0.5780756184609717
6064.0 0.5847822064783464
6066.0 0.5897070443759775
6068.0 0.5852046717723205
6070.0 0.5821429333423592
6072.0 0.5747303579398498
6074.0 0.5651126115631724
6076.0 0.5517507042408406
6078.0 0.5338601603469483
6080.0 0.5192339755461417
6082.0 0.503566728346828
6084.0 0.48109929589824935
6086.0 0.4658942883346415
6088.0 0.44725000836946904
6090.0 0.4223828289849691
6092.0 0.40365934592664954
6094.0 0.39022868726418086
6096.0 0.3843323388786696
6098.0 0.3833388173792807
6100.0 0.38821544464956337
6102.0 0.38731848253188766
6104.0 0.38870756474347345
6106.0 0.3941985662349778
6108.0 0.4048383346898749
6110.0 0.4148273524689334
6112.0 0.42881273912745177
6114.0 0.450193072666753
6116.0 0.4631693591514217
6118.0 0.477892619406727
6120.0 0.5070279062710048
6122.0 0.5215227654912931
6124.0 0.5440183078152085
6126.0 0.5684211228890313
6128.0 0.5880139279454878
6130.0 0.5974729146898428
6132.0 0.6228882053563065
6134.0 0.6318229405187191
6136.0 0.6474162484338776
6138.0 0.6630476870992031
6140.0 0.6717549845996483
6142.0 0.6879796245372217
6144.0 0.693362098579583
6146.0 0.6932864572823091
6148.0 0.68972665689762
6150.0 0.6826861078889764
6152.0 0.6799695283998036
6154.0 0.6787805872677013
6156.0 0.6745234273672233
6158.0 0.6651381028709209
6160.0 0.6571850265407403
6162.0 0.6538556849663946
6164.0 0.6464480382457753
6166.0 0.6391543868084855
6168.0 0.6369870463734122
6170.0 0.6334594165004477
6172.0 0.6286155785935696
6174.0 0.6174907783687072
6176.0 0.6114945842211154
6178.0 0.6038334262412764
6180.0 0.5972159778380016
6182.0 0.5878803644230877
6184.0 0.5781275756019149
6186.0 0.5641133763036676
6188.0 0.5611356414065102
6190.0 0.5523068276107126
6192.0 0.5432946376342018
6194.0 0.5406606831222049
6196.0 0.5326644158065292
6198.0 0.520949356244818
6200.0 0.5173380049112549
6202.0 0.5042763725315375
6204.0 0.5011401038524321
6206.0 0.4973391771803779
6208.0 0.4947975627377665
6210.0 0.49634029123424234
6212.0 0.49388114231228514
6214.0 0.4972173982920316
6216.0 0.505794432513636
6218.0 0.5132065926477583
6220.0 0.5189599382842722
6222.0 0.5324504914387902
6224.0 0.5423982688809075
6226.0 0.5551574323639233
6228.0 0.5672037349871228
6230.0 0.5756570659427388
6232.0 0.5877642928456739
6234.0 0.6022718537409573
6236.0 0.6096084632690631
6238.0 0.6220461526577314
6240.0 0.6274613093086231
6242.0 0.6318178024080436
6244.0 0.6320594786849294
6246.0 0.6301444886739516
6248.0 0.6278175017444574
6250.0 0.6270432032740141
6252.0 0.6238855175519498
6254.0 0.6168172124341704
6256.0 0.6091098285012272
6258.0 0.5986669561989295
6260.0 0.5965565482343625
6262.0 0.5946155278133533
6264.0 0.5962869816785945
6266.0 0.5928744505956067
6268.0 0.5882859093991731
6270.0 0.5812956829709842
6272.0 0.5779432562119711
6274.0 0.5763203576656872
6276.0 0.5727711963024653
6278.0 0.571247462153804
6280.0 0.5659048093015956
6282.0 0.5632529059899452
6284.0 0.5563004680492939
6286.0 0.5615183977538148
6288.0 0.5672094860235726
6290.0 0.5642080440172929
6292.0 0.5645776566083734
6294.0 0.5679708297747865
6296.0 0.5729500725311724
6298.0 0.5759654287618827
6300.0 0.5747623582496401
6302.0 0.5718912142926916
6304.0 0.5670990620578839
6306.0 0.566865121963475
6308.0 0.5716676235371322
6310.0 0.5688376209609131
6312.0 0.563520914324779
6314.0 0.5594836937598597
6316.0 0.559244322240757
6318.0 0.5524005801822054
6320.0 0.5518965665280153
6322.0 0.5522789524513266
6324.0 0.5578450289126896
6326.0 0.5575025692823269
6328.0 0.5547691905621619
6330.0 0.5442981698978028
6332.0 0.5380735055438391
6334.0 0.5394443046500557
6336.0 0.5385960746365457
6338.0 0.5346075896235081
6340.0 0.5381771634139244
6342.0 0.5348781374282425
6344.0 0.5310426577220398
6346.0 0.5287842354553199
6348.0 0.5283613421453262
6350.0 0.5277279180098066
6352.0 0.5266682903639155
6354.0 0.526277513993564
6356.0 0.5201169055094927
6358.0 0.5093527177821852
6360.0 0.5038694046087858
6362.0 0.5030572132781134
6364.0 0.49890479028509216
6366.0 0.4936190125973899
6368.0 0.4854428920335023
6370.0 0.4782446686198744
6372.0 0.4655926203858918
6374.0 0.4492475444625341
6376.0 0.43878692164841715
6378.0 0.428332230267805
6380.0 0.423956905166062
6382.0 0.42120130427847885
6384.0 0.41253852199626845
6386.0 0.40563979296485514
6388.0 0.3987789534848745
6390.0 0.3947389615706461
6392.0 0.3908189723333982
6394.0 0.38559742307993694
6396.0 0.38005610212304847
6398.0 0.3782133938275263
6400.0 0.3712415014762279
6402.0 0.36663952781123865
6404.0 0.36217361356455763
6406.0 0.3539426757903966
6408.0 0.3527173436599598
6410.0 0.35089214360216536
6412.0 0.346124798024196
6414.0 0.34174660559254905
6416.0 0.3383582901938019
6418.0 0.33217890003469264
6420.0 0.3249978316170146
6422.0 0.32075664200285364
6424.0 0.3168063765300761
6426.0 0.3170942472026067
6428.0 0.3149992244540466
6430.0 0.3106766134590109
6432.0 0.30215300777331283
6434.0 0.29732592611264336
6436.0 0.2915207696355694
6438.0 0.2858718081824065
6440.0 0.2875863240306291
6442.0 0.2837211519843179
6444.0 0.2802052175882521
6446.0 0.27680004153413185
6448.0 0.26436447860107315
6450.0 0.2630585159599247
6452.0 0.2621096828931225
6454.0 0.25947009785877917
6456.0 0.2573306688780605
6458.0 0.253868713073758
6460.0 0.2589589145178317
6462.0 0.26762031041624174
6464.0 0.2785339895924795
6466.0 0.286054445355484
6468.0 0.2939508874580813
6470.0 0.3051909526963457
6472.0 0.3249524852171058
6474.0 0.3405112412699705
6476.0 0.3513929855948973
6478.0 0.37615845911497486
6480.0 0.38859110334982133
6482.0 0.4039953663606483
6484.0 0.4327529491532983
6486.0 0.4576653416789981
6488.0 0.4828988797628755
6490.0 0.5117630642560457
6492.0 0.5290028813109219
6494.0 0.5522468514009233
6496.0 0.5811049868255056
6498.0 0.6062385402319392
6500.0 0.6275414485515247
6502.0 0.6588952708005094
6504.0 0.6840754852847223
6506.0 0.7018975601333977
6508.0 0.7229462600702026
6510.0 0.7374601391456957
6512.0 0.7538102698669972
6514.0 0.7641988245523161
6516.0 0.7816884948834361
6518.0 0.7986649283672058
6520.0 0.8128223357944869
6522.0 0.8168990973109029
6524.0 0.8303815865839131
6526.0 0.855951661863386
6528.0 0.8730985536909798
6530.0 0.9000720020009463
6532.0 0.9345159318471434
6534.0 0.9488029373478721
6536.0 0.9527826893526684
6538.0 0.9583000449942142
6540.0 0.9632657784933532
6542.0 0.9658296108727471
6544.0 0.9705889883140308
6546.0 0.9722422939048785
6548.0 0.9749921660754017
6550.0 0.977439700860823
6552.0 0.9789305361941417
6554.0 0.9826110000553192
6556.0 0.9880475455477986
6558.0 0.9895961756967665
6560.0 0.9922292901018219
6562.0 0.9932759071288514
6564.0 0.9930971539799068
6566.0 0.9875269744283732
6568.0 0.9847168011140505
6570.0 0.9887561705978821
6572.0 0.9884422870297327
6574.0 0.9885770432943084
6576.0 0.9933269281196047
6578.0 0.9932025980561976
6580.0 0.9941056056709078
6582.0 0.9975854152920101
6584.0 1.0
6586.0 0.9951301033535916
6588.0 0.992457027567228
6590.0 0.992439810812815
6592.0 0.9939054052159535
6594.0 0.9931721163550163
6596.0 0.9857304031590037
6598.0 0.9799694408158561
6600.0 0.9684196220074146
6602.0 0.950767610481832
6604.0 0.9412490754845004
6606.0 0.9262346826437418
6608.0 0.9099528348256333
6610.0 0.898742815989024
6612.0 0.8847025096834391
6614.0 0.8680611441900412
6616.0 0.8566298975043768
6618.0 0.8399895116284716
6620.0 0.8288966483158975
6622.0 0.8206001978878713
6624.0 0.8080907040299354
6626.0 0.7979796022051557
6628.0 0.7872199538508744
6630.0 0.7718643355218678
6632.0 0.7556357425115416
6634.0 0.7468337252084911
6636.0 0.7385043823179874
6638.0 0.7318647297806293
6640.0 0.7227857559594276
6642.0 0.7117532455532531
6644.0 0.7053476063792963
6646.0 0.6921492099869717
6648.0 0.689468846555755
6650.0 0.6858188274470624
6652.0 0.6780639997391094
6654.0 0.6708014672736167
6656.0 0.6642814487488856
6658.0 0.6597288089872685
6660.0 0.6549126043788087
6662.0 0.6541070356520057
6664.0 0.6503141419328002
6666.0 0.6471666508208478
6668.0 0.648280971069221
6670.0 0.6494861156801337
6672.0 0.6456695136040058
6674.0 0.6408714623989296
6676.0 0.6419908243394676
6678.0 0.6329637149008736
6680.0 0.626046120434222
6682.0 0.6199582152669448
6684.0 0.6195554138266722
6686.0 0.6157691051619306
6688.0 0.6115107352754622
6690.0 0.602182739542445
6692.0 0.6000679636900426
6694.0 0.5964563439398851
6696.0 0.5933593398707435
6698.0 0.5933316392491194
6700.0 0.5925276016411549
6702.0 0.5916638816215407
6704.0 0.591936328526865
6706.0 0.5865539410558823
6708.0 0.5833427020078064
6710.0 0.5841288799873726
6712.0 0.5835125376802875
6714.0 0.5853220304080342
6716.0 0.5854616446179207
6718.0 0.5808940500497972
6720.0 0.5805735899813641
6722.0 0.5772387973306857
6724.0 0.5772341964541239
6726.0 0.5678114354435098
6728.0 0.5627051177293185
6730.0 0.5641717335374603
6732.0 0.5594982502151166
6734.0 0.5538019528184661
6736.0 0.555081432366693
6738.0 0.5544424554443056
6740.0 0.552944793333294
6742.0 0.5506562600089504
6744.0 0.552849316677527
6746.0 0.5514935989493257
6748.0 0.5498252779220753
6750.0 0.5519788128014508
6752.0 0.5494725723351828
6754.0 0.5485119304638246
6756.0 0.5477236458686614
6758.0 0.5488850913988694
6760.0 0.5469338959957816
6762.0 0.544271713954045
6764.0 0.5436958063590692
6766.0 0.5397769389706302
6768.0 0.5399878017200483
6770.0 0.5390030523911027
6772.0 0.5405283147288692
6774.0 0.5406704061134612
6776.0 0.5416658297603942
6778.0 0.5417150536433988
6780.0 0.5386551988507631
6782.0 0.5370973757965012
6784.0 0.5340472959048219
6786.0 0.5356094407899565
6788.0 0.5349204932011354
6790.0 0.5340738179521192
6792.0 0.5375673560697556
6794.0 0.5397460274385423
6796.0 0.5346597429698086
6798.0 0.5360068235482812
6800.0 0.5366875059353592
6802.0 0.5286126377684331
6804.0 0.5327224845497721
6806.0 0.531996290404604
6808.0 0.532986186887411
6810.0 0.5352753431387195
6812.0 0.5334344808025631
6814.0 0.5310776954059928
6816.0 0.5347565089257497
6818.0 0.5371927789949084
6820.0 0.5324837817736865
6822.0 0.5317803715353753
6824.0 0.5379115679141981
6826.0 0.5404550398243452
6828.0 0.5366509096909658
6830.0 0.5321755357076884
6832.0 0.5312538555481362
6834.0 0.5332134862240979
6836.0 0.5268099171019758
6838.0 0.5173415392761754
6840.0 0.5144540825710747
6842.0 0.5103215701715625
6844.0 0.5054756915144125
6846.0 0.5043501599385779
6848.0 0.5053737332620939
6850.0 0.5030406357106462
6852.0 0.5046353919287739
6854.0 0.5104126819253917
6856.0 0.5140230614493798
6858.0 0.5140225135796829
6860.0 0.5114590915752597
6862.0 0.5092894193198814
6864.0 0.5120211404703485
6866.0 0.5112615817751127
6868.0 0.5076272526253433
6870.0 0.5077592544476
6872.0 0.5099786422649082
6874.0 0.509303012448811
6876.0 0.5107414309637992
6878.0 0.5109456949873294
6880.0 0.5118585902191863
6882.0 0.5139505021108676
6884.0 0.5131557825131063
6886.0 0.5162079904584197
6888.0 0.516652157184342
6890.0 0.5159356619236947
6892.0 0.5152762035604203
6894.0 0.5140440308202558
6896.0 0.5129235176828901
6898.0 0.5128636638643985
6900.0 0.5090288258666218
6902.0 0.5079189057276857
6904.0 0.5103783215034121
6906.0 0.5098911081240902
6908.0 0.5132697961048408
6910.0 0.5142674451189562
6912.0 0.5160577178897173
6914.0 0.5146237177868969
6916.0 0.5126894886949548
6918.0 0.5145041922266901
6920.0 0.5161265826336998
6922.0 0.5175779032664186
6924.0 0.5189053131797542
6926.0 0.5225769409997422
6928.0 0.5188003498291837
6930.0 0.5153767143021336
6932.0 0.5121549330113907
6934.0 0.5147919983181009
6936.0 0.5122083997027732
6938.0 0.5112953825214054
6940.0 0.5124431644628317
6942.0 0.5111326419824566
6944.0 0.5085396002999316
6946.0 0.5089734950706946
6948.0 0.5049711131123997
6950.0 0.49885918659081985
6952.0 0.495344175109378
6954.0 0.4985430821005307
6956.0 0.5018341821212264
6958.0 0.5005280281820736
6960.0 0.4968533498259081
6962.0 0.4965531714446132
6964.0 0.49349115646588665
6966.0 0.4938825034686042
6968.0 0.49453127694246335
6970.0 0.492977169353244
6972.0 0.4972036825088182
6974.0 0.5029079679623736
6976.0 0.5012829764404364
6978.0 0.4973937925815449
6980.0 0.5036285666394819
6982.0 0.5066570639775482
6984.0 0.5121784169295761
6986.0 0.5160322055368379
6988.0 0.5134433544226003
6990.0 0.5207672965125631
6992.0 0.5218299948974036
6994.0 0.523395742158885
6996.0 0.5287389904280934
6998.0 0.5329430338005118
7000.0 0.5340253012263975
7002.0 0.535731483874139
7004.0 0.5364453762704289
7006.0 0.5345970289833657
7008.0 0.529380823482328
7010.0 0.5316922387351106
7012.0 0.5272142878850383
7014.0 0.5217003708129503
7016.0 0.5248643777511093
7018.0 0.524332280280216
7020.0 0.5226883102865872
7022.0 0.5191721610958245
7024.0 0.5179283871762472
7026.0 0.5091058505437199
7028.0 0.5033632504452517
7030.0 0.5022501426900878
7032.0 0.5022326327878656
7034.0 0.5044915787083056
7036.0 0.507136135892623
7038.0 0.5028313491647709
7040.0 0.5035045145838477
7042.0 0.5094185091442434
7044.0 0.509410817920189
7046.0 0.5073836888959418
7048.0 0.5023387872039706
7050.0 0.5064573679240555
7052.0 0.5098588802038281
7054.0 0.5072334079271353
7056.0 0.5064196021518985
7058.0 0.5084900959924694
7060.0 0.5073571749666174
7062.0 0.5070931236219861
7064.0 0.5056073757900973
7066.0 0.5064588203614032
7068.0 0.5083229980631725
7070.0 0.5107163567661169
7072.0 0.5108500472691107
7074.0 0.5103022075085261
7076.0 0.5100067961322973
7078.0 0.5075061473099316
7080.0 0.5090665980810611
7082.0 0.5074925249089361
7084.0 0.507401213923065
7086.0 0.5061051783834692
7088.0 0.4976754872624258
7090.0 0.4914470689540219
7092.0 0.4950940505685184
7094.0 0.49487876790857915
7096.0 0.4858847797494922
7098.0 0.4860740186322113
7100.0 0.4860333079557804
7102.0 0.48538506725871383
7104.0 0.49124762152711954
7106.0 0.4931673334570562
7108.0 0.49519604125249167
7110.0 0.5000457723788125
7112.0 0.5030309403821647
7114.0 0.500576662288197
7116.0 0.5001532708129932
7118.0 0.4987187397549877
7120.0 0.4987309274964649
7122.0 0.49319373736257877
7124.0 0.49569076771332815
7126.0 0.4968348567922257
7128.0 0.49507824404746964
7130.0 0.49194537260661797
7132.0 0.49584691780669693
7134.0 0.4971488776080823
7136.0 0.4941007346110008
7138.0 0.4905923132517333
7140.0 0.4918244986175788
7142.0 0.4925214897326291
7144.0 0.49272193199486125
7146.0 0.4938353174501225
7148.0 0.49236844859134904
7150.0 0.4930626618272587
7152.0 0.49148155659025317
7154.0 0.48923912481156795
7156.0 0.485955717444032
7158.0 0.4807074391605133
7160.0 0.4802213873770011
7162.0 0.484669793378719
7164.0 0.48073952056899494
7166.0 0.4745551271762387
7168.0 0.4747344627633018
7170.0 0.4718493831579112
7172.0 0.4680374247093429
7174.0 0.4716542222908568
7176.0 0.47310757999344166
7178.0 0.47386269471224496
7180.0 0.47685383812033094
7182.0 0.4775368037048322
7184.0 0.4803250907706533
7186.0 0.48023018156686387
7188.0 0.48145485278667444
7190.0 0.4888555413513463
7192.0 0.49263945170473505
7194.0 0.4927478109963632
7196.0 0.4960952494325281
7198.0 0.4997294410116239
7200.0 0.5062701478629308
7202.0 0.5089985955695983
7204.0 0.5099102037639126
7206.0 0.5132321271921314
7208.0 0.5228439220527673
7210.0 0.5301736434670057
7212.0 0.5367639385169819
7214.0 0.5367622767254873
7216.0 0.5325276366929594
7218.0 0.542933397586576
7220.0 0.5401682231718095
7222.0 0.5254557439547275
7224.0 0.5172101368325416
7226.0 0.524250303001655
7228.0 0.5228175793634116
7230.0 0.5200616387639613
7232.0 0.5120837531849938
7234.0 0.5048494679488311
7236.0 0.49555446882346055
7238.0 0.4967391552471222
7240.0 0.4989700877305953
7242.0 0.49555252808165345
7244.0 0.4922190285305724
7246.0 0.4933238410272884
7248.0 0.4993248260983534
7250.0 0.5047369132725872
7252.0 0.5019050698316959
7254.0 0.4966858979061466
7256.0 0.49056941611263716
7258.0 0.49101981769818526
7260.0 0.4906187525175324
7262.0 0.48439497483962274
7264.0 0.4868361177092992
7266.0 0.49210899421827464
7268.0 0.4950224148916523
7270.0 0.49538666432061834
7272.0 0.49451589205935587
7274.0 0.4941739040283083
7276.0 0.49260135707450897
7278.0 0.49646631554659415
7280.0 0.5022911530939863
7282.0 0.5073123875588441
7284.0 0.51193006501643
7286.0 0.5205481464927101
7288.0 0.5342094090927858
7290.0 0.5430023070961945
7292.0 0.5465917981447709
7294.0 0.5490828065207162
7296.0 0.5534057786006119
7298.0 0.5601673920426995
7300.0 0.5583789950010632
7302.0 0.5610967642280235
7304.0 0.5594167872698094
7306.0 0.5542311902024428
7308.0 0.553807688087375
7310.0 0.558905075953519
7312.0 0.5583752459639651
7314.0 0.5483560971240408
7316.0 0.5393893389435648
7318.0 0.5403193604228304
7320.0 0.5415242377357645
7322.0 0.5445705920149138
7324.0 0.5406895935619906
7326.0 0.5388798699980071
7328.0 0.5422387829661127
7330.0 0.5364694246690173
7332.0 0.5344709112279262
7334.0 0.5303037761582126
7336.0 0.5253696732592831
7338.0 0.522074336397403
7340.0 0.5229149736527551
7342.0 0.5204445366869114
7344.0 0.5193622747527155
7346.0 0.5178560314689253
7348.0 0.5234209293165214
7350.0 0.5222194100249661
7352.0 0.5171052246643373
7354.0 0.5105041976407209
7356.0 0.507294339841474
7358.0 0.506231036933954
7360.0 0.5010078538314512
7362.0 0.49945582254981946
7364.0 0.49759860197260536
7366.0 0.494613673446318
7368.0 0.4904352079873408
7370.0 0.48733731138379194
7372.0 0.4859938585051966
7374.0 0.4864830641965849
7376.0 0.48616046599374063
7378.0 0.48451873516475935
7380.0 0.48585306517079085
7382.0 0.4856917619736223
7384.0 0.48269316671835455
7386.0 0.48070462835760397
7388.0 0.4798962113310925
7390.0 0.48071504723056435
7392.0 0.47843719118528344
7394.0 0.47541883122305645
7396.0 0.4712071364420503
7398.0 0.4694091252692275
7400.0 0.4698812640488022
7402.0 0.46974300951956827
7404.0 0.46906264562370037
7406.0 0.4700826412651042
7408.0 0.4692986753743641
7410.0 0.46867929461581426
7412.0 0.4669947305227252
7414.0 0.46351614694577215
7416.0 0.46459348116398014
7418.0 0.4675592233067863
7420.0 0.4683195253689555
7422.0 0.4689380910483385
7424.0 0.4698042804282328
7426.0 0.47009851210794634
7428.0 0.4731115039663695
7430.0 0.4754052877135862
7432.0 0.47931214952949297
7434.0 0.4835854951407471
7436.0 0.48586625547573276
7438.0 0.4877839728593681
7440.0 0.49114121891618034
7442.0 0.49399672182122806
7444.0 0.4969067312169848
7446.0 0.5015764020819886
7448.0 0.5119742776499477
7450.0 0.51292730723533
7452.0 0.5178172026198179
7454.0 0.5193587121429574
7456.0 0.5193515890386947
7458.0 0.520359023438423
7460.0 0.5213936994343361
7462.0 0.5223137168085645
7464.0 0.5230913755467586
7466.0 0.522077204579459
7468.0 0.5180545322374179
7470.0 0.5163011956971735
7472.0 0.5117368791907417
7474.0 0.5131071978609246
7476.0 0.5092691883115035
7478.0 0.50230266176718
7480.0 0.49708140363650505
7482.0 0.4943451078054634
7484.0 0.4914266229785843
7486.0 0.48799071337485955
7488.0 0.4844566210226081
7490.0 0.4819928668477643
7492.0 0.47966794767365295
7494.0 0.4767932338700343
7496.0 0.47401992128009607
7498.0 0.47153778816108033
7500.0 0.46863193196007596
7502.0 0.46589890393633454
7504.0 0.4633737158835528
7506.0 0.4605156787684081
7508.0 0.4577511553753734
7510.0 0.4552501947785253
7512.0 0.4523702430990361
7514.0 0.44962730790889877
7516.0 0.44711108081994055
7518.0 0.44421894185224914
7520.0 0.44150417096411865
7522.0 0.43894912826200483
7524.0 0.43610066802069947
7526.0 0.43334958778678434
7528.0 0.43083331782194767
7530.0 0.4279463759309111
7532.0 0.42523469485284693
7534.0 0.422685536657581
7536.0 0.41980478833006435
7538.0 0.41709956935744963
7540.0 0.4145343471211859
7542.0 0.4116862877576867
7544.0 0.4089248846407733
7546.0 0.4064388292415273
7548.0 0.4035227931074738
7550.0 0.4008074681227655
7552.0 0.3982953182939315
7554.0 0.3953887089213133
7556.0 0.3926708635868852
7558.0 0.39014337932223697
7560.0 0.38727209193794004
7562.0 0.3844879776104392
7564.0 0.3820495001969457
7566.0 0.3803518065631755
7568.0 0.37841549529053137
7570.0 0.3752317411472811
7572.0 0.3721975692584781
7574.0 0.36947068876562433
7576.0 0.36681837867826494
7578.0 0.357134725617566
7580.0 0.35832693284513933
7582.0 0.36382874395921005
7584.0 0.37100443515544124
7586.0 0.37777155442558874
7588.0 0.38475463873405014
7590.0 0.3945138660025034
7592.0 0.39841076167967976
7594.0 0.40227919811228113
7596.0 0.4045889339241595
7598.0 0.4018768060399306
7600.0 0.3949130841657631
7602.0 0.3903689939992555
7604.0 0.38965486021942936
7606.0 0.38881349150073385
7608.0 0.3865631919599523
7610.0 0.3863160934776911
7612.0 0.38981586437641474
7614.0 0.3963524347337597
7616.0 0.3981555752635143
7618.0 0.4043544568473674
7620.0 0.40690426301773813
7622.0 0.4109862933797512
7624.0 0.40974886355033796
7626.0 0.41364317203091655
7628.0 0.4192802243333623
7630.0 0.41787425926419897
7632.0 0.4189268776709991
7634.0 0.42219029495579874
7636.0 0.43003325990005603
7638.0 0.43239202825841033
7640.0 0.4341250185763883
7642.0 0.43436952064518347
7644.0 0.43346590813350305
7646.0 0.4376415465710755
7648.0 0.43627605744672915
7650.0 0.4386894872352305
7652.0 0.4409490883276603
7654.0 0.4455733609047653
7656.0 0.443527841260137
7658.0 0.44193930814539373
7660.0 0.4366095846605618
7662.0 0.4352694513176717
7664.0 0.43680185585653064
7666.0 0.43453497627482135
7668.0 0.4337802112791186
7670.0 0.43417661534442303
7672.0 0.4354928414467489
7674.0 0.4376670255302611
7676.0 0.4411265789879365
7678.0 0.4460049997631361
7680.0 0.44734951857869715
7682.0 0.44989818051778857
7684.0 0.451460286041838
7686.0 0.45267932908427394
7688.0 0.45299211537638473
7690.0 0.45648857312281016
7692.0 0.45738444974361997
7694.0 0.4585230670815393
7696.0 0.4614748277070991
7698.0 0.465200692573054
7700.0 0.47033171006963537
7702.0 0.47623100307500205
7704.0 0.4833449285408765
7706.0 0.48646357608083246
7708.0 0.48658744309210994
7710.0 0.4861289303846651
7712.0 0.48742213787751143
7714.0 0.48602460867189756
7716.0 0.48567107407187393
7718.0 0.48134937356920376
7720.0 0.4716621237373154
7722.0 0.4640512113279894
7724.0 0.4543691127567654
7726.0 0.4417749134848372
7728.0 0.434482996063388
7730.0 0.4231384101141693
7732.0 0.4168904509619032
7734.0 0.4122757860441125
7736.0 0.405834529815038
7738.0 0.40197147192318217
7740.0 0.39773437646164944
7742.0 0.39542603182794145
7744.0 0.39435066102744093
7746.0 0.3939208512148599
7748.0 0.39956970213117976
7750.0 0.4021922816532936
7752.0 0.4041797258024242
7754.0 0.4059978913414628
7756.0 0.40763124777014004
7758.0 0.4101935431463514
7760.0 0.41305764602845346
7762.0 0.41500762219062837
7764.0 0.4170185200752117
7766.0 0.41946679939243087
7768.0 0.42158794197184835
7770.0 0.4234427200674165
7772.0 0.4260741312111737
7774.0 0.42793875056854774
7776.0 0.4300484473210331
7778.0 0.4324969407931551
7780.0 0.4344234209703053
7782.0 0.43659681081684093
7784.0 0.4388893292793617
7786.0 0.44101398494128
7788.0 0.4429983601080219
7790.0 0.44551043791451717
7792.0 0.4473706725255153
7794.0 0.4496129787143186
7796.0 0.45192735099819265
7798.0 0.45333469928704856
7800.0 0.4550867194947285
7802.0 0.45735906991050096
7804.0 0.45919854341704236
7806.0 0.4612791620670166
7808.0 0.4631423235362973
7810.0 0.46176628322677804
7812.0 0.45523152591884275
7814.0 0.4524403855502052
7816.0 0.4495718322157936
7818.0 0.44981103759126023
7820.0 0.4493611504692921
7822.0 0.44870332883404174
7824.0 0.4467867642139905
7826.0 0.4439518219351131
7828.0 0.44156357152164527
7830.0 0.43740597865634656
7832.0 0.437681804103552
7834.0 0.43957124016171156
7836.0 0.4377596119197807
7838.0 0.43430614256327504
7840.0 0.43440010880328966
7842.0 0.43765793446216533
7844.0 0.44189383387854986
7846.0 0.44226036965592214
7848.0 0.4404751266129391
7850.0 0.4410066700289482
7852.0 0.4400831797001832
7854.0 0.44177382095756684
7856.0 0.4399274141028392
7858.0 0.43784030480784153
7860.0 0.43811107250954673
7862.0 0.43822536940852364
7864.0 0.437709225127806
7866.0 0.437548809994252
7868.0 0.4380409856570934
7870.0 0.43800552510904484
7872.0 0.4343327745531184
7874.0 0.4378097413103331
7876.0 0.43779357452114487
7878.0 0.43944134236290394
7880.0 0.43947423465116325
7882.0 0.44065775600713913
7884.0 0.44468415571517506
7886.0 0.44431063052163616
7888.0 0.4418217220464685
7890.0 0.44068659230700136
7892.0 0.4436067220678723
7894.0 0.44703002194533864
7896.0 0.4465234411012394
7898.0 0.44560952904448664
7900.0 0.4446485415789026
7902.0 0.44272575925672303
7904.0 0.4425646528829445
7906.0 0.44185079801686744
7908.0 0.4422307131020824
7910.0 0.4410764063403716
7912.0 0.43934645579002546
7914.0 0.4391110078010456
7916.0 0.4373902694756549
7918.0 0.43689209504661186
7920.0 0.4359861861065429
7922.0 0.43496127114389843
7924.0 0.4348711928734491
7926.0 0.4312831365733954
7928.0 0.42951116088713237
7930.0 0.42742985456084254
7932.0 0.423294383345611
7934.0 0.4236758018983805
7936.0 0.4273686503188922
7938.0 0.42748260852978254
7940.0 0.4291490225584003
7942.0 0.4283522555424634
7944.0 0.42989051365428144
7946.0 0.4312823511195736
7948.0 0.4356235374884447
7950.0 0.43491602396784695
7952.0 0.4356755069451611
7954.0 0.4349918822024698
7956.0 0.43782036726406687
7958.0 0.4417392552378674
7960.0 0.44392412559609346
7962.0 0.4452264138358838
7964.0 0.4457459327591921
7966.0 0.43765724823090973
7968.0 0.4323699393522346
7970.0 0.4261905658109556
7972.0 0.4230972167949681
7974.0 0.4227737727827595
7976.0 0.42276646000393997
7978.0 0.42616025780622796
7980.0 0.4257001732767383
7982.0 0.4235785432710131
7984.0 0.42426691001562944
7986.0 0.4238827714958493
7988.0 0.4234100248478956
7990.0 0.4181493909161588
7992.0 0.41959148905953136
7994.0 0.42230777099140504
7996.0 0.42412814399568355
7998.0 0.4280239537026289
8000.0 0.42755888727507146
8002.0 0.4298899651498822
8004.0 0.42780742735055094
8006.0 0.428065282989232
8008.0 0.4322749226483206
8010.0 0.4356027883068933
8012.0 0.4398014786115822
8014.0 0.4344677381666482
8016.0 0.43450785032535183
8018.0 0.4322462907766355
8020.0 0.42928808175809446
8022.0 0.4257451421698237
8024.0 0.4236493074609095
8026.0 0.4229683043227596
8028.0 0.4246179809996316
8030.0 0.4245259912530235
8032.0 0.42408802407175633
8034.0 0.4215364659088849
8036.0 0.41860323415344675
8038.0 0.4209607525422336
8040.0 0.42155690164744075
8042.0 0.4196983406043592
8044.0 0.4209791407499364
8046.0 0.42562397357783177
8048.0 0.4238941820289993
8050.0 0.4212139287047512
8052.0 0.4192250657413527
8054.0 0.4210115271613862
8056.0 0.42396053390524563
8058.0 0.42433493255599647
8060.0 0.42470735032015683
8062.0 0.4253956567013592
8064.0 0.42702039283452553
8066.0 0.4236193531885273
8068.0 0.42266691982827753
8070.0 0.42106503186565253
8072.0 0.4223904787910118
8074.0 0.41918945343293734
8076.0 0.41908828702872586
8078.0 0.4224759249722616
8080.0 0.41903383908698355
8082.0 0.412852335118781
8084.0 0.4145538172574809
8086.0 0.4156825887861265
8088.0 0.41163711416565113
8090.0 0.4109462934455562
8092.0 0.41022933845601744
8094.0 0.41189490513645777
8096.0 0.4126094387411452
8098.0 0.4100349545971446
8100.0 0.40710151616182294
8102.0 0.40420798514756495
8104.0 0.40150119330767986
8106.0 0.40181710413646626
8108.0 0.4016680303250866
8110.0 0.4058938105729247
8112.0 0.4053473307140608
8114.0 0.4073028229234452
8116.0 0.4073219335248268
8118.0 0.4051492973125293
8120.0 0.4059769390307667
8122.0 0.40667077474570174
8124.0 0.4036840033155555
8126.0 0.40272467930109246
8128.0 0.40246395762231896
8130.0 0.3994157201681095
8132.0 0.3944735900412032
8134.0 0.39338004981692204
8136.0 0.3995984763312333
8138.0 0.39875154315399614
8140.0 0.3963986212777887
8142.0 0.393528144715907
8144.0 0.393709133538834
8146.0 0.39123183426254887
8148.0 0.38939210485050635
8150.0 0.38809902944289315
8152.0 0.3879394973729146
8154.0 0.3849947946805965
8156.0 0.37946358543672454
8158.0 0.3765686593834724
8160.0 0.37618443865170303
8162.0 0.3745590076950945
8164.0 0.37405129549964267
8166.0 0.37301397609352743
8168.0 0.3719437009599027
8170.0 0.3723279061991989
8172.0 0.3741241439039893
8174.0 0.37642524641772307
8176.0 0.3803272367079135
8178.0 0.38361777039333356
8180.0 0.3854614252268892
8182.0 0.3871628588800919
8184.0 0.3900261452506073
8186.0 0.391442935785257
8188.0 0.394887695075515
8190.0 0.39871273633713356
8192.0 0.3998339521888344
8194.0 0.3982954045767036
8196.0 0.39516926654093104
8198.0 0.39028347097982674
8200.0 0.3861114656953276
8202.0 0.38534694772472117
8204.0 0.38959088387331936
8206.0 0.3927264198216956
8208.0 0.3945583419529089
8210.0 0.393565523208133
8212.0 0.39065770991614235
8214.0 0.3905936655535074
8216.0 0.3901614978326541
8218.0 0.3929582286398038
8220.0 0.391536510426815
8222.0 0.3939512698795943
8224.0 0.39323338143264
8226.0 0.3926471752313351
8228.0 0.39253281680505736
8230.0 0.3947366983039022
8232.0 0.3955397125326727
8234.0 0.39638862613091536
8236.0 0.3997532035881504
8238.0 0.4034524947469536
8240.0 0.4060344416514308
8242.0 0.4095086344911623
8244.0 0.4078807764011931
8246.0 0.40752268200286146
8248.0 0.40639880833966313
8250.0 0.4071649600682033
8252.0 0.4033280094789869
8254.0 0.4014437167338887
8256.0 0.39538561652060505
8258.0 0.3892624882890135
8260.0 0.3876722093948076
8262.0 0.3891037545756146
8264.0 0.3871988562602086
8266.0 0.38864927459854837
8268.0 0.3855378111052802
8270.0 0.38345762255100685
8272.0 0.38117702358256944
8274.0 0.3811722900880772
8276.0 0.38957758087032723
8278.0 0.39089948316882955
8280.0 0.3904099596977467
8282.0 0.3872387456527073
8284.0 0.38536652322667136
8286.0 0.38553179492778333
8288.0 0.3849641430867691
8290.0 0.38822761876542733
8292.0 0.39012993655684913
8294.0 0.38799892405484104
8296.0 0.3847788668549103
8298.0 0.38107357728384567
8300.0 0.3779107842174194
8302.0 0.37841863416942767
8304.0 0.37414979399111625
8306.0 0.37524515492422833
8308.0 0.369013562947324
8310.0 0.3615714096170967
8312.0 0.3609377916686965
8314.0 0.36126762718483246
8316.0 0.36722108108439516
8318.0 0.37556565776786044
8320.0 0.38448451003145784
8322.0 0.3872936458467871
8324.0 0.38736296530905445
8326.0 0.38538279165467815
8328.0 0.3865484678144694
8330.0 0.3882884181227244
8332.0 0.38305015267828496
8334.0 0.38390316988579526
8336.0 0.37349976899014387
8338.0 0.36668014484573846
8340.0 0.35920388401408926
8342.0 0.3538186713392869
8344.0 0.3506369621974856
8346.0 0.34620730905682634
8348.0 0.33822424994710043
8350.0 0.33103608250247357
8352.0 0.32601627061927885
8354.0 0.3191956066876973
8356.0 0.31053220870053316
8358.0 0.30142966349128025
8360.0 0.28997171494729373
8362.0 0.2832846589967165
8364.0 0.27903383490108635
8366.0 0.2644656082867513
8368.0 0.2563150694545907
8370.0 0.24663865308616206
8372.0 0.23501393697535325
8374.0 0.22266350445718475
8376.0 0.2112845803934412
8378.0 0.19994579186485772
8380.0 0.1870872596505465
8382.0 0.17591711644007754
8384.0 0.1647438832621636
8386.0 0.15614166160731027
8388.0 0.15119498146731253
8390.0 0.14040173554267155
8392.0 0.12694452776951243
8394.0 0.11915453970285318
8396.0 0.11178576458401658
8398.0 0.10899113217483995
8400.0 0.10600423790428426
8402.0 0.10028486064848731
8404.0 0.09283822268086042
8406.0 0.0885206404049403
8408.0 0.09146603181791656
8410.0 0.0910114599545113
8412.0 0.09268306984218289
8414.0 0.09266607861605095
8416.0 0.09757024207499408
8418.0 0.10232714427752043
8420.0 0.10691494485810792
8422.0 0.10992465696565598
8424.0 0.1108592823664877
8426.0 0.11613372629361177
8428.0 0.11859847605087251
8430.0 0.11823368228993411
8432.0 0.11959216893804193
8434.0 0.12222539388779918
8436.0 0.12855142513157697
8438.0 0.13371572980964755
8440.0 0.1333987185166327
8442.0 0.14126533301941085
8444.0 0.1439724013458959
8446.0 0.1471877496979378
8448.0 0.15659937459425669
8450.0 0.16292693439597442
8452.0 0.17397661084970603
8454.0 0.180448612845159
8456.0 0.18765366114530488
8458.0 0.19993794790188005
8460.0 0.2098094502917247
8462.0 0.21310217237169352
8464.0 0.21792974897937112
8466.0 0.22681628287886982
8468.0 0.23636449767346035
8470.0 0.2520347969963361
8472.0 0.26269964194759154
8474.0 0.27176339800966326
8476.0 0.2825478402100059
8478.0 0.29302304818398267
8480.0 0.3001950663858551
8482.0 0.3117380312534296
8484.0 0.3264390428870494
8486.0 0.33668174688543184
8488.0 0.3461280488340386
8490.0 0.35293559208046454
8492.0 0.3645530259997139
8494.0 0.37359243539043635
8496.0 0.38534986848088054
8498.0 0.3915667892480468
8500.0 0.4018925346592093
8502.0 0.410582212764321
8504.0 0.4189153757235069
8506.0 0.43009865732457836
8508.0 0.44214089395619266
8510.0 0.4514559686797199
8512.0 0.4602550464248523
8514.0 0.4647262439534276
8516.0 0.4696550477454358
8518.0 0.4679271296838668
8520.0 0.47229507075776
8522.0 0.4748981287584547
8524.0 0.4692102686760468
8526.0 0.46251846035372784
8528.0 0.4541699002662287
8530.0 0.4425238737267227
8532.0 0.4334650327039784
8534.0 0.4257114131282342
8536.0 0.4084633818327545
8538.0 0.39763601308603264
8540.0 0.389380478585025
8542.0 0.37544884204077417
8544.0 0.3608974260070318
8546.0 0.34572126717840457
8548.0 0.3283548424232671
8550.0 0.3177972718642795
8552.0 0.30932536374139297
8554.0 0.3003965120116043
8556.0 0.29305321959126523
8558.0 0.28253254324010973
8560.0 0.2774620124098272
8562.0 0.2712049242303524
8564.0 0.26658970375552143
8566.0 0.26548105940049743
8568.0 0.26201985870065664
8570.0 0.26146833245777806
8572.0 0.2655244166021166
8574.0 0.2685731318497139
8576.0 0.2744943256934312
8578.0 0.2765817284976854
8580.0 0.2809603880175701
8582.0 0.28949930893448095
8584.0 0.29952179682457963
8586.0 0.30490153739549686
8588.0 0.30733103094082315
8590.0 0.31542667767634724
8592.0 0.3209242345631376
8594.0 0.33466338793650163
8596.0 0.3410827527202154
8598.0 0.3445851123251878
8600.0 0.3513259704284688
8602.0 0.35961439230110415
8604.0 0.3683247188498946
8606.0 0.37799087031672
8608.0 0.39093217563829114
8610.0 0.3984788995247568
8612.0 0.41335964844669637
8614.0 0.4223070853420391
8616.0 0.4354316501077809
8618.0 0.45555282484092763
8620.0 0.46719963802461134
8622.0 0.4796630568923846
8624.0 0.49974463685207615
8626.0 0.5206350616672193
8628.0 0.5339170619462097
8630.0 0.5472887021986255
8632.0 0.5637685115167237
8634.0 0.5898413745161961
8636.0 0.600853882554382
8638.0 0.6100785717344531
8640.0 0.6185664873788697
8642.0 0.6346434043218986
8644.0 0.6451703680700809
8646.0 0.6534410521482844
8648.0 0.6713493653537539
8650.0 0.6807865771418846
8652.0 0.6847308044501581
8654.0 0.6917265076246498
8656.0 0.6976612574907461
8658.0 0.7004555447731431
8660.0 0.7004344551574867
8662.0 0.7001436352635588
8664.0 0.7020656139626504
8666.0 0.7062524002152036
8668.0 0.6991826533883682
8670.0 0.6897717483377026
8672.0 0.684790961452539
8674.0 0.6847512198494061
8676.0 0.6796019413255981
8678.0 0.6769940303224601
8680.0 0.6748043305633427
8682.0 0.6659816643270455
8684.0 0.6590213503120748
8686.0 0.6530791338825682
8688.0 0.6483118832573532
8690.0 0.6459087137825662
8692.0 0.6386339091645521
8694.0 0.6336790639016279
8696.0 0.6266460243582002
8698.0 0.6205084089959505
8700.0 0.6184238638693057
8702.0 0.612282959551713
8704.0 0.6101431916526381
8706.0 0.6014091132390144
8708.0 0.588460811127485
8710.0 0.5812559682859176
8712.0 0.5810328925874534
8714.0 0.5722458407567498
8716.0 0.5633519521731509
8718.0 0.5547560172569673
8720.0 0.5479850437497237
8722.0 0.5436047935297215
8724.0 0.5307440588791668
8726.0 0.5240944138499686
8728.0 0.5183047961901981
8730.0 0.51440819916438
8732.0 0.5142519692796627
8734.0 0.5091829289257263
8736.0 0.5033177548124121
8738.0 0.4940626198757648
8740.0 0.48778520130755926
8742.0 0.4839592341840415
8744.0 0.48356844647958225
8746.0 0.48095809912708465
8748.0 0.4730002004475993
8750.0 0.46439100416472695
8752.0 0.4592000152401278
8754.0 0.46219887303573887
8756.0 0.4621458350104731
8758.0 0.4576478564050863
8760.0 0.44374362682436547
8762.0 0.4396883986476142
8764.0 0.4311213999213148
8766.0 0.43025733936479416
8768.0 0.4295274235050607
8770.0 0.42591317692980574
8772.0 0.41875335910918604
8774.0 0.40899382966219294
8776.0 0.4033643689661984
8778.0 0.3988832094191371
8780.0 0.39495196358621837
8782.0 0.39124313183449366
8784.0 0.3854186876618929
8786.0 0.3861974510066504
8788.0 0.3888747793099831
8790.0 0.39358913945058244
8792.0 0.40224356742851347
8794.0 0.41461519172883776
8796.0 0.4103905659772856
8798.0 0.405263782948511
8800.0 0.3929373760892957
8802.0 0.3877782794660413
8804.0 0.3897873975668039
8806.0 0.3954653220785879
8808.0 0.3968857016782484
8810.0 0.400739170234194
8812.0 0.39456716711856865
8814.0 0.3899003583642437
8816.0 0.3882521427734852
8818.0 0.38942199945569117
8820.0 0.38536682008614986
8822.0 0.38077341488728145
8824.0 0.3765894559584972
8826.0 0.3735829245725299
8828.0 0.37476106827583705
8830.0 0.37355029031243486
8832.0 0.375406951168926
8834.0 0.37827733550622317
8836.0 0.3791466499258394
8838.0 0.37630597607559163
8840.0 0.36933420617567736
8842.0 0.36134080531754925
8844.0 0.3606638287996776
8846.0 0.3637660835747467
8848.0 0.37150715798911577
8850.0 0.37330752380784826
8852.0 0.37581294995549375
8854.0 0.3696872256676013
8856.0 0.36304240284987477
8858.0 0.3488815786693022
8860.0 0.35262421785682563
8862.0 0.35589540322143914
8864.0 0.3592810074172475
8866.0 0.35321035193813216
8868.0 0.3482166871279709
8870.0 0.3398793678833998
8872.0 0.33404907623230373
8874.0 0.33177350137103384
8876.0 0.33168415198582524
8878.0 0.327339059680675
8880.0 0.3255690246225602
8882.0 0.32065380585684106
8884.0 0.32377712677506615
8886.0 0.32715428632935833
8888.0 0.3299451363313337
8890.0 0.32476712204200126
8892.0 0.3197352628599069
8894.0 0.3163043205645554
8896.0 0.3235019225359505
8898.0 0.32956666041084004
8900.0 0.33577228919378654
8902.0 0.3420406689381285
8904.0 0.34215519244169823
8906.0 0.3464413961247284
8908.0 0.3548665667598957
8910.0 0.3599797915987887
8912.0 0.3681976668813809
8914.0 0.37377003530529174
8916.0 0.3748864446088753
8918.0 0.3719676519327774
8920.0 0.3720876432745617
8922.0 0.3711996023900281
8924.0 0.36817268679997667
8926.0 0.36014792377368876
8928.0 0.3577503353470603
8930.0 0.3531275358396147
8932.0 0.3567841179016623
8934.0 0.36112322319938345
8936.0 0.35498512242245006
8938.0 0.3551914393044217
8940.0 0.35580354899940236
8942.0 0.3535945331238581
8944.0 0.3479891164910878
8946.0 0.34592714192584056
8948.0 0.34112143416162416
8950.0 0.3386037438657515
8952.0 0.34066577653688346
8954.0 0.341209058861572
8956.0 0.3425967570978728
8958.0 0.3367399730569034
8960.0 0.34402822554618695
8962.0 0.3526563434137398
8964.0 0.3618822642533685
8966.0 0.3671802248202185
8968.0 0.3709007498999578
8970.0 0.37063843175968386
8972.0 0.3730381613067831
8974.0 0.37418384734635246
8976.0 0.3720680494121603
8978.0 0.37193151438469596
8980.0 0.3700832707369716
8982.0 0.3680409381268766
8984.0 0.36571805001731383
8986.0 0.3603038103604611
8988.0 0.35342566553603394
8990.0 0.3560410736510434
8992.0 0.35414195583140745
8994.0 0.35324596104606526
8996.0 0.35096596306601546
8998.0 0.34773539367764766
9000.0 0.33871308407474887
9002.0 0.3407333159303053
9004.0 0.336036353952993
9006.0 0.3354099171142224
9008.0 0.32926235085901745
9010.0 0.31857697758527687
9012.0 0.30978556278625474
9014.0 0.30854419241435177
9016.0 0.3056316036318521
9018.0 0.2962074308255478
9020.0 0.29519584699141704
9022.0 0.29668991690193564
9024.0 0.29639332035938193
9026.0 0.2976892001861257
9028.0 0.2946465898307374
9030.0 0.28719878119710474
9032.0 0.28123152574469135
9034.0 0.2737329063896042
9036.0 0.2703239797920679
9038.0 0.26810976055059194
9040.0 0.2681747356740403
9042.0 0.26694915632169486
9044.0 0.2673424818007856
9046.0 0.26599923166567263
9048.0 0.26475568976636077
9050.0 0.2657461982560768
9052.0 0.2688256612249206
9054.0 0.2722702796048781
9056.0 0.27278285792987905
9058.0 0.2763445038563514
9060.0 0.2738047087075924
9062.0 0.27285956307945425
9064.0 0.27179300089133634
9066.0 0.2745126934035676
9068.0 0.28089035341201923
9070.0 0.28553261854901324
9072.0 0.28596134326234823
9074.0 0.2847249577126744
9076.0 0.284594165093976
9078.0 0.2891072812023287
9080.0 0.29169921390255227
9082.0 0.2919888773017926
9084.0 0.29417288818014253
9086.0 0.29491556658622514
9088.0 0.2989167571846138
9090.0 0.30318306664601735
9092.0 0.3069591373093089
9094.0 0.3095615168733349
9096.0 0.3138202850980886
9098.0 0.31551869951010025
9100.0 0.3152556401631703
9102.0 0.3159697162460943
9104.0 0.31732405146889686
9106.0 0.32113051107820795
9108.0 0.32091195024342684
9110.0 0.3213228199634525
9112.0 0.32008710694222875
9114.0 0.319120262649585
9116.0 0.3166704840307783
9118.0 0.3086181876825904
9120.0 0.31057898804131107
9122.0 0.30966760426532675
9124.0 0.3060422458103624
9126.0 0.3033541184739206
9128.0 0.3010243700267372
9130.0 0.302101738764209
9132.0 0.2992605606643936
9134.0 0.2957919399198601
9136.0 0.29215228046206104
9138.0 0.29086502227266625
9140.0 0.29074927093371017
9142.0 0.2933702693099406
9144.0 0.2876959390460265
9146.0 0.2849461824089916
9148.0 0.28197829269978414
9150.0 0.28180104823481694
9152.0 0.2825285097402114
9154.0 0.28059424707740666
9156.0 0.2807465449935209
9158.0 0.2793666723577651
9160.0 0.2764378447746547
9162.0 0.2758332308589189
9164.0 0.27204462190608475
9166.0 0.27144020984577416
9168.0 0.27144690365342655
9170.0 0.26819211284659417
9172.0 0.26811062570193295
9174.0 0.266682232104144
9176.0 0.2664148342268695
9178.0 0.26475655918601665
9180.0 0.2593140273576192
9182.0 0.25756541781208353
9184.0 0.25981851476803663
9186.0 0.2608315021503928
9188.0 0.2616828367680679
9190.0 0.26297233558724264
9192.0 0.26556588282416976
9194.0 0.2718252088969894
9196.0 0.27598186666925095
9198.0 0.2779330122203848
9200.0 0.28143039342098997
9202.0 0.28174108344022075
9204.0 0.2724185004390849
9206.0 0.2740108076178029
9208.0 0.2781141884781734
9210.0 0.28147105308603076
9212.0 0.2824006356701418
9214.0 0.2839670588718849
9216.0 0.286933414772386
9218.0 0.287895548007277
9220.0 0.29085527064986716
9222.0 0.2932345125205222
9224.0 0.2952332737125682
9226.0 0.2970900538078266
9228.0 0.2949913345654758
9230.0 0.29512869138037834
9232.0 0.29936129633149916
9234.0 0.29958611588040746
9236.0 0.2978761144518273
9238.0 0.2949844771222519
9240.0 0.29274019513413463
9242.0 0.2930953692455573
9244.0 0.29239835488280297
9246.0 0.2912730532647761
9248.0 0.2887628507923993
9250.0 0.2844904943866937
9252.0 0.2860786911825802
9254.0 0.2889600951286029
9256.0 0.291631362977611
9258.0 0.29074272322075845
9260.0 0.28844682068102867
9262.0 0.28558330435664775
9264.0 0.28836741800479065
9266.0 0.2893153819330319
9268.0 0.291642880548724
9270.0 0.29162533998389084
9272.0 0.293060185591848
9274.0 0.2926480576396661
9276.0 0.28753770461565736
9278.0 0.28154930282964963
9280.0 0.2829539976646104
9282.0 0.2870945426041785
9284.0 0.28294820101712276
9286.0 0.28140804120742413
9288.0 0.2840869203307986
9290.0 0.28554792639628823
9292.0 0.2828496681427902
9294.0 0.2806694116488676
9296.0 0.2802245328926647
9298.0 0.27262830898168916
9300.0 0.2749697418689325
9302.0 0.2768999389712159
9304.0 0.27093439063317776
9306.0 0.2703226168781555
9308.0 0.27055587054297087
9310.0 0.27227285622938957
9312.0 0.2686624984114321
9314.0 0.26951539711948375
9316.0 0.2721203726904988
9318.0 0.2730689594428095
9320.0 0.2732679294756769
9322.0 0.26775769808858335
9324.0 0.2683706702785526
9326.0 0.27328690807101935
9328.0 0.2650238560757757
9330.0 0.26700504746078396
9332.0 0.26913767021521773
9334.0 0.271890816589238
9336.0 0.2729830624644785
9338.0 0.2723819763205338
9340.0 0.26786338777756
9342.0 0.2663853410146195
9344.0 0.26408310242548244
9346.0 0.26199223557538137
9348.0 0.2601280092993382
9350.0 0.262538425214001
9352.0 0.265568769164015
9354.0 0.2662069613718659
9356.0 0.26427200022903635
9358.0 0.2636721511382947
9360.0 0.26428712758999384
9362.0 0.2650447654879868
9364.0 0.2657644244287648
9366.0 0.26756250361870715
9368.0 0.2680089661994694
9370.0 0.2674482318284884
9372.0 0.26536643816073935
9374.0 0.26440766455312803
9376.0 0.26438951287359763
9378.0 0.2623389066928936
9380.0 0.26120956655263294
9382.0 0.26329888820012004
9384.0 0.2650415427554468
9386.0 0.2661648671523422
9388.0 0.26868830350034806
9390.0 0.2701626300257581
9392.0 0.2725550820583866
9394.0 0.2711880237605562
9396.0 0.2698045427546468
9398.0 0.27232942227023577
9400.0 0.2761383627234888
9402.0 0.28044130020160735
9404.0 0.2844511135824209
9406.0 0.2849348776970798
9408.0 0.2843425612480296
9410.0 0.2796710773914364
9412.0 0.2741621335404486
9414.0 0.27063853153378914
9416.0 0.27045628951913164
9418.0 0.2712735010837426
9420.0 0.2738715768276388
9422.0 0.2762825195096897
9424.0 0.27638930346316765
9426.0 0.27506306992153406
9428.0 0.27259435965771417
9430.0 0.2705207858163454
9432.0 0.27027411432566917
9434.0 0.2693448298996205
9436.0 0.2698861487039389
9438.0 0.2706871347260788
9440.0 0.2717036701324673
9442.0 0.2713720909517046
9444.0 0.27123032470013686
9446.0 0.27060104829257564
9448.0 0.26785447192046463
9450.0 0.2677595997378501
9452.0 0.27080094820331074
9454.0 0.2709921720336032
9456.0 0.273836951047706
9458.0 0.27612358202691006
9460.0 0.27536505038068726
9462.0 0.27330216008203884
9464.0 0.2686240833639311
9466.0 0.2676412426943747
9468.0 0.2657877926955521
9470.0 0.26616317866862993
9472.0 0.26955744804283494
9474.0 0.2732990523367092
9476.0 0.27288388293668964
9478.0 0.27216509155951685
9480.0 0.26995279708500775
9482.0 0.26963844744584176
9484.0 0.26653669051847706
9486.0 0.2632132472248736
9488.0 0.26453956180199556
9490.0 0.26435889455403133
9492.0 0.2638382530088463
9494.0 0.26563039290986323
9496.0 0.2655729921330515
9498.0 0.2646214622611857
9500.0 0.2649320176828699
9502.0 0.2666045255482108
9504.0 0.2678107981418705
9506.0 0.26705280925455777
9508.0 0.266176080183262
9510.0 0.2658729679974473
9512.0 0.26891124674235717
9514.0 0.27051406045758836
9516.0 0.2692891353829823
9518.0 0.2697950958516173
9520.0 0.2685763110254156
9522.0 0.26683118457806065
9524.0 0.2678368152272918
9526.0 0.2685196702007725
9528.0 0.2680467999818618
9530.0 0.2679897694518955
9532.0 0.2685055454462709
9534.0 0.26851208668479615
9536.0 0.2682764100236162
9538.0 0.26751177549192473
9540.0 0.2677271371943552
9542.0 0.268617763676373
9544.0 0.2692025830356654
9546.0 0.2703349873416058
9548.0 0.2703949171013547
9550.0 0.2693494912576526
9552.0 0.2690565051451213
9554.0 0.26798724365734883
9556.0 0.26713124999458854
9558.0 0.266337959229593
9560.0 0.2644667202425954
9562.0 0.26389257677622313
9564.0 0.26530379123217557
9566.0 0.26501009317712027
9568.0 0.2621635538773993
9570.0 0.2617845722468502
9572.0 0.26004684508214315
9574.0 0.25959112990664995
9576.0 0.25997522242767246
9578.0 0.26044364846452056
9580.0 0.2600542945833315
9582.0 0.2590218997212484
9584.0 0.2591722688911066
9586.0 0.2570653494712748
9588.0 0.25740150290143926
9590.0 0.2583213121302703
9592.0 0.2577483166760653
9594.0 0.2582326070100627
9596.0 0.2590591232714898
9598.0 0.25982917739391775
9600.0 0.26003628431756287
9602.0 0.2602594025014094
9604.0 0.2590330289056125
9606.0 0.2590965964670307
9608.0 0.2598659084955978
9610.0 0.2604193336562972
9612.0 0.26041979172059876
9614.0 0.2603985074831188
9616.0 0.26056528325161776
9618.0 0.26021112416879794
9620.0 0.26021310362674605
9622.0 0.26021736463361994
9624.0 0.26030126796305125
9626.0 0.2603154778383053
9628.0 0.26013681579008796
9630.0 0.25954688806601894
9632.0 0.25839384037342106
9634.0 0.2583289643332089
9636.0 0.2588615818252424
9638.0 0.2592001392595623
9640.0 0.260652801603221
9642.0 0.26106386499902107
9644.0 0.2631679081638617
9646.0 0.26396487781165456
9648.0 0.264934410370793
9650.0 0.26600275255233674
9652.0 0.26584012294288745
9654.0 0.2660556073807709
9656.0 0.26615758406158735
9658.0 0.26606651622066513
9660.0 0.2661060871341464
9662.0 0.2647677822094866
9664.0 0.2641144253848913
9666.0 0.26453065439475815
9668.0 0.265093425710456
9670.0 0.26506268795365207
9672.0 0.2649199985482599
9674.0 0.26454261819572894
9676.0 0.26372015550913336
9678.0 0.2638424790259837
9680.0 0.26186283218354195
9682.0 0.2614455392002953
9684.0 0.26107801354627896
9686.0 0.2611105898431937
9688.0 0.2609304678271554
9690.0 0.2609752809637191
9692.0 0.2610760003977449
9694.0 0.2615599943810589
9696.0 0.2614839298666443
9698.0 0.2612226994156286
9700.0 0.261210139465109
9702.0 0.2610862362264512
9704.0 0.26124832731457015
9706.0 0.2610254069668248
9708.0 0.2596157378919877
9710.0 0.2591964961312311
9712.0 0.2591605025877954
9714.0 0.2589680481779359
9716.0 0.2585437021678781
9718.0 0.25877214202137944
9720.0 0.2579284898750141
9722.0 0.25755108931154314
9724.0 0.25780777997723
9726.0 0.2584537774825971
9728.0 0.25904629694746745
9730.0 0.2600264990877237
9732.0 0.2603544267892302
9734.0 0.2613647818096203
9736.0 0.26157388100284407
9738.0 0.2614422839839076
9740.0 0.261491649869464
9742.0 0.26005158407723455
9744.0 0.2593866341033291
9746.0 0.25920891428073467
9748.0 0.2591609375062142
9750.0 0.2594875219741249
9752.0 0.26023172010539325
9754.0 0.26006131841897395
9756.0 0.259479626548562
9758.0 0.2593500168785505
9760.0 0.2587412056362011
9762.0 0.25798833413792127
9764.0 0.2576425814379285
9766.0 0.256855438906029
9768.0 0.25630167485886496
9770.0 0.255744937805719
9772.0 0.25606311921329783
9774.0 0.25601606997895876
9776.0 0.2560785465335071
9778.0 0.25684879080916945
9780.0 0.2567052411799437
9782.0 0.2563149920504098
9784.0 0.25568224101555576
9786.0 0.25540258248967407
9788.0 0.254553976639817
9790.0 0.2540991789439282
9792.0 0.25335418565155493
9794.0 0.2534194837658972
9796.0 0.25345644745581597
9798.0 0.25379588382087287
9800.0 0.2541994469193524
9802.0 0.25429826913471126
9804.0 0.2545706066222071
9806.0 0.25485705378496976
9808.0 0.25499132175865274
9810.0 0.25591717112768414
9812.0 0.2562626989359899
9814.0 0.2562708729384359
9816.0 0.25643657107811413
9818.0 0.25629516918482026
9820.0 0.25565280524086753
9822.0 0.2556145183900543
9824.0 0.2558898469427444
9826.0 0.25591150088984077
9828.0 0.25585105394618135
9830.0 0.25603490031284243
9832.0 0.2557196326932908
9834.0 0.254664650040806
9836.0 0.25503618087134994
9838.0 0.2542809590019269
9840.0 0.2538405391102151
9842.0 0.25432748878382466
9844.0 0.25437805644358863
9846.0 0.2541802652797986
9848.0 0.2541887930120094
9850.0 0.25330132627871627
9852.0 0.2528178888850783
9854.0 0.25229440423019595
9856.0 0.2528416228850513
9858.0 0.2528483216554469
9860.0 0.2527057856601271
9862.0 0.253342645363761
9864.0 0.2544587389769798
9866.0 0.2547869050914512
9868.0 0.2553463219570451
9870.0 0.25530827038490955
9872.0 0.25562388142215037
9874.0 0.2557489601025101
9876.0 0.25481006258472233
9878.0 0.25353039234687197
9880.0 0.2533148720756039
9882.0 0.25335711261874405
9884.0 0.25347262355982825
9886.0 0.25418600879994013
9888.0 0.25508091437341984
9890.0 0.25537000771166846
9892.0 0.2554179292807105
9894.0 0.2557227860762258
9896.0 0.25527595757411375
9898.0 0.2548879642449287
9900.0 0.2545059522705218
9902.0 0.2540863323803248
9904.0 0.2536034354600969
9906.0 0.25408994151491315
9908.0 0.2544420658385313
9910.0 0.2539600127997571
9912.0 0.25518576133707166
9914.0 0.25569735799619153
9916.0 0.25545475632749615
9918.0 0.25522291603653324
9920.0 0.25479022053463407
9922.0 0.2538978951454338
9924.0 0.2534410253297813
9926.0 0.25269090850608894
9928.0 0.2520015735589404
9930.0 0.25135999784416857
9932.0 0.25226722839822363
9934.0 0.2523577761553745
9936.0 0.25255600641957593
9938.0 0.25251078726758425
9940.0 0.2519667030893387
9942.0 0.25137658376567196
9944.0 0.2509786836311359
9946.0 0.2514905279991251
9948.0 0.25168813314385435
9950.0 0.2514372268913696
9952.0 0.25224430361121236
9954.0 0.25205490456806673
9956.0 0.25152797023030615
9958.0 0.2514489978895533
9960.0 0.2514622438318866
9962.0 0.2508795698151025
9964.0 0.2509339412152981
9966.0 0.25099469847815203
9968.0 0.250852943733293
9970.0 0.25082255384240226
9972.0 0.2501727508393647
9974.0 0.24957897120540212
9976.0 0.24909270745042567
9978.0 0.24848927979967467
9980.0 0.24831200161405553
9982.0 0.24823000052988403
9984.0 0.2490083319747498
9986.0 0.24962459146969235
9988.0 0.24961974900251252
9990.0 0.24990671858840238
9992.0 0.24979387363593544
9994.0 0.2498106032486991
9996.0 0.25018209862016133
9998.0 0.25031673008480537
