# z obs_date
# 0 52280
3580.0 0.45902781360709954
3582.0 0.46306961466959184
3584.0 0.4533754980696593
3586.0 0.46779167698514856
3588.0 0.4596421900636898
3590.0 0.46429008778367054
3592.0 0.4706588810054396
3594.0 0.46714067979817936
3596.0 0.46747102050271466
3598.0 0.46439701498306785
3600.0 0.46901475909723545
3602.0 0.4612665701092829
3604.0 0.47125543629460714
3606.0 0.48504559727693447
3608.0 0.4780848844429845
3610.0 0.45086711368215426
3612.0 0.461512980060709
3614.0 0.467476391570317
3616.0 0.4666998311245216
3618.0 0.4666106268535579
3620.0 0.45617489339852624
3622.0 0.46292782802936405
3624.0 0.4655629763190882
3626.0 0.4693173275274219
3628.0 0.46895779480175753
3630.0 0.46773096693059923
3632.0 0.46406062846571633
3634.0 0.4621732420451286
3636.0 0.46160535642983397
3638.0 0.46330328227918643
3640.0 0.47646043653601466
3642.0 0.48221685003006237
3644.0 0.4717737652041902
3646.0 0.47319077746834515
3648.0 0.4736814682647226
3650.0 0.46297143212356257
3652.0 0.47038268367881764
3654.0 0.48248851243144397
3656.0 0.47310424257013767
3658.0 0.4608594783454279
3660.0 0.4590977159112603
3662.0 0.46858551823587763
3664.0 0.47632947575514767
3666.0 0.46456649820690576
3668.0 0.46089173769292924
3670.0 0.45982474928811135
3672.0 0.46113624781689705
3674.0 0.46571867424383656
3676.0 0.4644737467877139
3678.0 0.46257546395619037
3680.0 0.456997829222464
3682.0 0.45870313652502
3684.0 0.45786802887220934
3686.0 0.46309220959318087
3688.0 0.46773736991158876
3690.0 0.46659962209404127
3692.0 0.4900111420873861
3694.0 0.49417917345151813
3696.0 0.46245050048271086
3698.0 0.43469106060960594
3700.0 0.4618871840419642
3702.0 0.5132351383318255
3704.0 0.4826885172731808
3706.0 0.4539219884202456
3708.0 0.4623476554956768
3710.0 0.45060112667530094
3712.0 0.4552281581535746
3714.0 0.47781871336017484
3716.0 0.4593433261065957
3718.0 0.4575456785888326
3720.0 0.4597801165216782
3722.0 0.44991702280516166
3724.0 0.4525668454627144
3726.0 0.45891125329483884
3728.0 0.45427318303035924
3730.0 0.45165666878410754
3732.0 0.4524587709150474
3734.0 0.4651194508670714
3736.0 0.4734046412497755
3738.0 0.4683791789589959
3740.0 0.46894965912785763
3742.0 0.4812325639079734
3744.0 0.478466379779697
3746.0 0.4557663524707054
3748.0 0.44446880036739594
3750.0 0.4613808235596476
3752.0 0.4455946588871917
3754.0 0.4400377490677252
3756.0 0.4592500289920892
3758.0 0.4558873563725642
3760.0 0.4701523405643577
3762.0 0.4713382664751504
3764.0 0.46475720735138576
3766.0 0.4566425204345682
3768.0 0.4469081864761052
3770.0 0.45439419040985696
3772.0 0.4507114180067395
3774.0 0.4701420465814886
3776.0 0.49056697007983907
3778.0 0.4682516877311263
3780.0 0.4694532108338787
3782.0 0.4923569418791493
3784.0 0.4758313240033318
3786.0 0.4512128346309773
3788.0 0.451818099679213
3790.0 0.4521776140526701
3792.0 0.43365209685863865
3794.0 0.4424811442463445
3796.0 0.45932111654573865
3798.0 0.4648663065328788
3800.0 0.46117295050237034
3802.0 0.4483534726401756
3804.0 0.44517482573616096
3806.0 0.43746085448432365
3808.0 0.4502339155891071
3810.0 0.4451945938257982
3812.0 0.4329033328299391
3814.0 0.4316497376191263
3816.0 0.45034047969340985
3818.0 0.4557460539923305
3820.0 0.4704943002856337
3822.0 0.47921674269819936
3824.0 0.45365021429515867
3826.0 0.45454370556820367
3828.0 0.469573723127049
3830.0 0.4636574608491961
3832.0 0.4664618043662975
3834.0 0.4679867398009881
3836.0 0.4575690889180654
3838.0 0.44259932526384205
3840.0 0.463842213149804
3842.0 0.48845964337596987
3844.0 0.47890277547084253
3846.0 0.45991187005529627
3848.0 0.4516106935298206
3850.0 0.4648048559055719
3852.0 0.47318667771523226
3854.0 0.4522847785863993
3856.0 0.4466102279835425
3858.0 0.4620860477041669
3860.0 0.4723216381932545
3862.0 0.465260346167208
3864.0 0.476386158012027
3866.0 0.49249333267367695
3868.0 0.5000120412109876
3870.0 0.4926237605787245
3872.0 0.4833456852768704
3874.0 0.49271050348241563
3876.0 0.49494973091244815
3878.0 0.49536964349361756
3880.0 0.5030346196889292
3882.0 0.49603366778699
3884.0 0.5034839075320031
3886.0 0.5101678424493264
3888.0 0.5090699375188791
3890.0 0.5087236388651828
3892.0 0.5125929281150635
3894.0 0.5349816149244563
3896.0 0.5265672314255289
3898.0 0.5194280878301736
3900.0 0.5283666591230679
3902.0 0.5323880646943415
3904.0 0.5273764887892394
3906.0 0.5374432543874809
3908.0 0.5395812954212126
3910.0 0.5252239525156378
3912.0 0.534949462797574
3914.0 0.5506317009341951
3916.0 0.5408905612916338
3918.0 0.53206468412751
3920.0 0.5483935702484131
3922.0 0.5493186308448577
3924.0 0.5471863456037581
3926.0 0.5567508069462125
3928.0 0.5537038547498662
3930.0 0.5419193654958417
3932.0 0.5276980375758233
3934.0 0.5329305124752416
3936.0 0.5421458832162643
3938.0 0.5364653388302808
3940.0 0.5341470049390542
3942.0 0.541406735855447
3944.0 0.5446113630207985
3946.0 0.532767157251412
3948.0 0.5480326689461753
3950.0 0.5461012453817823
3952.0 0.5476321838924924
3954.0 0.5449184993291792
3956.0 0.5288798363606363
3958.0 0.5242700927674535
3960.0 0.5255082355194011
3962.0 0.5465148429594473
3964.0 0.5325848781293707
3966.0 0.5066282141718724
3968.0 0.49862173022478334
3970.0 0.5182934897374879
3972.0 0.5144752429975056
3974.0 0.5135693819188921
3976.0 0.5195142404356619
3978.0 0.521669139017572
3980.0 0.5256020491288116
3982.0 0.5146295441203731
3984.0 0.5245735925519153
3986.0 0.505724612686963
3988.0 0.5147750352837266
3990.0 0.533114283878271
3992.0 0.5237742090444403
3994.0 0.5226021022822296
3996.0 0.5359795861813869
3998.0 0.5315349889965809
4000.0 0.5507179538728836
4002.0 0.5538263901518832
4004.0 0.5363150817450385
4006.0 0.534947531520468
4008.0 0.5454221977730527
4010.0 0.5449468720988818
4012.0 0.5601399464605662
4014.0 0.5504351176735115
4016.0 0.5546098356314714
4018.0 0.5630117337099281
4020.0 0.5770817430352914
4022.0 0.579713071977232
4024.0 0.5588345344999398
4026.0 0.5720403656587199
4028.0 0.5730114472675553
4030.0 0.5767578790262282
4032.0 0.5620119110612682
4034.0 0.5849838184856564
4036.0 0.5909624321892282
4038.0 0.585089676994759
4040.0 0.582860916281321
4042.0 0.5971343041278706
4044.0 0.5882080716652978
4046.0 0.5662994374118321
4048.0 0.5782605696070668
4050.0 0.5715688438549812
4052.0 0.5536989500175387
4054.0 0.5739675521988354
4056.0 0.5713653508254684
4058.0 0.5556774826870806
4060.0 0.5818004069318043
4062.0 0.5890295506742799
4064.0 0.5774973509074006
4066.0 0.573782718905223
4068.0 0.553687571919121
4070.0 0.5594233000773674
4072.0 0.5643106195867892
4074.0 0.5726089044741797
4076.0 0.5709527028837705
4078.0 0.5631518396601557
4080.0 0.5578824426970224
4082.0 0.5682827288639757
4084.0 0.5562706889825844
4086.0 0.5711680543712014
4088.0 0.5664462565972477
4090.0 0.5488349825307657
4092.0 0.5521903772979062
4094.0 0.5356242809092537
4096.0 0.5562471088632949
4098.0 0.5567648146888572
4100.0 0.5169433965567676
4102.0 0.5347647048612975
4104.0 0.5319954664615312
4106.0 0.510421991268623
4108.0 0.5195758038306135
4110.0 0.5309711647926454
4112.0 0.5204758736647496
4114.0 0.5180426180992544
4116.0 0.5276469832408067
4118.0 0.5281563540989497
4120.0 0.5025708095053985
4122.0 0.5262322190896412
4124.0 0.5234611368508081
4126.0 0.49836555533326576
4128.0 0.488744366144752
4130.0 0.5226186553117577
4132.0 0.5245512226414318
4134.0 0.5183099693673003
4136.0 0.5188085709355711
4138.0 0.5200398709678158
4140.0 0.5301308042665772
4142.0 0.5218703517441033
4144.0 0.5223779754836037
4146.0 0.5134201242295905
4148.0 0.5028288750328478
4150.0 0.5149390447682279
4152.0 0.5103329232902521
4154.0 0.5050990830641154
4156.0 0.5070887246147449
4158.0 0.500136981658571
4160.0 0.5003032545206412
4162.0 0.493806226937747
4164.0 0.5000083730322744
4166.0 0.5095331174590886
4168.0 0.5034693811104187
4170.0 0.49422657363963435
4172.0 0.4974332592090097
4174.0 0.4775433405871025
4176.0 0.479273168444277
4178.0 0.45922081791391556
4180.0 0.47414007847210154
4182.0 0.47828812235368773
4184.0 0.47489715870448146
4186.0 0.47827668542185525
4188.0 0.46452159012209987
4190.0 0.4754968355710358
4192.0 0.46415557605641883
4194.0 0.4578350588015091
4196.0 0.45806936841723483
4198.0 0.4598068812961552
4200.0 0.46081556060251255
4202.0 0.45453989013464097
4204.0 0.4697093582324112
4206.0 0.47150627005353923
4208.0 0.4549642881992075
4210.0 0.46220118272172767
4212.0 0.4782585538485567
4214.0 0.46180172270166747
4216.0 0.461433718879949
4218.0 0.4714129140416929
4220.0 0.4798440988591851
4222.0 0.48440314735874734
4224.0 0.4766372671904335
4226.0 0.47290449867542755
4228.0 0.4649920667284147
4230.0 0.47589859626660497
4232.0 0.48747526920192974
4234.0 0.5057326827863439
4236.0 0.49634107698959035
4238.0 0.5091585056861473
4240.0 0.5296235526140617
4242.0 0.5121701589061569
4244.0 0.5101149431814916
4246.0 0.5148765120297876
4248.0 0.5336245915147458
4250.0 0.5170768571637078
4252.0 0.5324460180337413
4254.0 0.5119383422366671
4256.0 0.5294119501006702
4258.0 0.5297226548432143
4260.0 0.5375007057230203
4262.0 0.5287458416277
4264.0 0.5128198381913747
4266.0 0.5268612031187021
4268.0 0.5406270662367
4270.0 0.5317829304288911
4272.0 0.5307768436410352
4274.0 0.5292810452644716
4276.0 0.5233401320558476
4278.0 0.5341444405998383
4280.0 0.531930923799843
4282.0 0.5264541613988509
4284.0 0.5339666634896851
4286.0 0.5309828838119834
4288.0 0.5429990134243686
4290.0 0.5480166721435209
4292.0 0.5437687375189327
4294.0 0.5433842758045743
4296.0 0.5518285704057588
4298.0 0.5385091445854655
4300.0 0.5474767959996422
4302.0 0.5556628373344642
4304.0 0.5658380158765642
4306.0 0.5468390221545687
4308.0 0.5572405522941815
4310.0 0.5597388570045102
4312.0 0.5626650703865763
4314.0 0.5541277132638494
4316.0 0.5573378187390543
4318.0 0.5615419449371619
4320.0 0.550405897098054
4322.0 0.5563825230554282
4324.0 0.5497719187318852
4326.0 0.5507111731409123
4328.0 0.5575368952369446
4330.0 0.5532865073290619
4332.0 0.549986858950434
4334.0 0.5343424174778479
4336.0 0.5443295821414109
4338.0 0.5414703249059257
4340.0 0.5491601503680806
4342.0 0.5396155555193941
4344.0 0.5340846623335411
4346.0 0.5593124876829979
4348.0 0.5671449014379941
4350.0 0.5444099174136412
4352.0 0.5433170076275757
4354.0 0.5472114505551968
4356.0 0.5451726587794434
4358.0 0.5455549515764635
4360.0 0.5462878327286284
4362.0 0.5601276223729422
4364.0 0.5463272546416256
4366.0 0.5291599013642638
4368.0 0.5387676748599954
4370.0 0.5408189658930826
4372.0 0.5441021467797651
4374.0 0.5252051847929979
4376.0 0.5283270648840178
4378.0 0.5395672762438867
4380.0 0.533130834127827
4382.0 0.5217123347452705
4384.0 0.5284707623215887
4386.0 0.515131582006493
4388.0 0.5122743307055915
4390.0 0.5243641358132403
4392.0 0.5222110469959175
4394.0 0.5268564121718451
4396.0 0.5267836938389724
4398.0 0.5210333004541764
4400.0 0.5202154103121225
4402.0 0.5173495060111841
4404.0 0.5145420031287083
4406.0 0.5170011176596871
4408.0 0.5121815360663529
4410.0 0.5160387579748951
4412.0 0.5173273261307674
4414.0 0.5071373127491792
4416.0 0.5022642567931164
4418.0 0.50645384088228
4420.0 0.51516676325453
4422.0 0.5170281976496106
4424.0 0.507506459220591
4426.0 0.5113067610461588
4428.0 0.5066952836626815
4430.0 0.5113006232754964
4432.0 0.517819662351732
4434.0 0.5097398359807497
4436.0 0.5084315386752657
4438.0 0.5163627588274261
4440.0 0.5132581215120652
4442.0 0.5206479788572536
4444.0 0.5321777074352995
4446.0 0.5263349470489447
4448.0 0.5347154794007727
4450.0 0.5445045583758557
4452.0 0.5399373838427353
4454.0 0.5350654167199339
4456.0 0.5454020048717598
4458.0 0.5428923135558604
4460.0 0.5460019371594332
4462.0 0.5442488567560214
4464.0 0.5516971077242718
4466.0 0.5530373753229044
4468.0 0.5483573606910243
4470.0 0.5525455939122701
4472.0 0.5640032860440662
4474.0 0.571014296721593
4476.0 0.5758345200012928
4478.0 0.574469724903378
4480.0 0.5852835735392883
4482.0 0.5875737699128137
4484.0 0.5891173625475998
4486.0 0.5937282800343717
4488.0 0.5968056598295983
4490.0 0.5942796320695278
4492.0 0.5968427512827766
4494.0 0.5914022444942458
4496.0 0.5950742334934289
4498.0 0.6031923351642292
4500.0 0.606926821123199
4502.0 0.6109582424736577
4504.0 0.6176791177031707
4506.0 0.610578807039178
4508.0 0.6183843929032009
4510.0 0.6227799461057076
4512.0 0.6327502605331133
4514.0 0.6319068742339242
4516.0 0.6261541560249764
4518.0 0.6272158359505801
4520.0 0.6431209959957688
4522.0 0.6476279916557683
4524.0 0.6582464003692211
4526.0 0.6578205558050402
4528.0 0.6542856326654655
4530.0 0.6657772627246602
4532.0 0.6738549217222788
4534.0 0.6742577761440216
4536.0 0.6720490138227546
4538.0 0.6848725166264555
4540.0 0.6869156937702173
4542.0 0.6875026779457841
4544.0 0.7002742977453372
4546.0 0.6955987648063067
4548.0 0.6980819228346488
4550.0 0.7057180551801913
4552.0 0.7128679219952064
4554.0 0.7136191693739045
4556.0 0.7114456467161332
4558.0 0.7204883700288285
4560.0 0.7281712735167593
4562.0 0.7303519435946462
4564.0 0.7416194608392569
4566.0 0.7405566330291777
4568.0 0.7405652729582445
4570.0 0.7425483422075893
4572.0 0.7428233302026593
4574.0 0.7440163057981617
4576.0 0.7398161376955932
4578.0 0.7478910330948297
4580.0 0.7568214514382581
4582.0 0.7445649974966411
4584.0 0.7418847492084341
4586.0 0.7443572451676708
4588.0 0.7534092979211204
4590.0 0.7592047912114191
4592.0 0.7576065305518952
4594.0 0.7522767070415671
4596.0 0.7498039338290141
4598.0 0.7507231638716606
4600.0 0.7512135931619728
4602.0 0.7545437395737368
4604.0 0.7465943440017534
4606.0 0.7414127442512769
4608.0 0.7475407669516508
4610.0 0.7543935286347163
4612.0 0.7491032282223978
4614.0 0.7397254643374227
4616.0 0.7313466738664943
4618.0 0.7403585544845825
4620.0 0.7482140715668003
4622.0 0.7396768214142613
4624.0 0.732543066376536
4626.0 0.7354300854889825
4628.0 0.7309257488106686
4630.0 0.7285424543937248
4632.0 0.7229755264771105
4634.0 0.7219056855320128
4636.0 0.7079224011770582
4638.0 0.7010645150967927
4640.0 0.696093753010362
4642.0 0.6930496328657779
4644.0 0.6860695226043604
4646.0 0.6943150524454664
4648.0 0.6881767232215126
4650.0 0.6834239833728587
4652.0 0.6685421512265771
4654.0 0.6598711516472805
4656.0 0.6472051091722952
4658.0 0.648246986072797
4660.0 0.6441642207666918
4662.0 0.6398065157206041
4664.0 0.6267683794330831
4666.0 0.617898947994415
4668.0 0.6177909009673774
4670.0 0.6139113995720332
4672.0 0.6012622238452219
4674.0 0.601238430658887
4676.0 0.593842394639211
4678.0 0.5891757794568381
4680.0 0.5838279843576463
4682.0 0.5738860376628835
4684.0 0.5707760908482761
4686.0 0.5695773876963323
4688.0 0.5638850835063969
4690.0 0.5561793415626402
4692.0 0.5414107891132559
4694.0 0.5392017731396929
4696.0 0.5362650717323457
4698.0 0.5284577677519887
4700.0 0.5254488623468301
4702.0 0.5157786567418241
4704.0 0.5017377145582377
4706.0 0.5089420227485055
4708.0 0.5004327525210719
4710.0 0.4977515621862051
4712.0 0.5116173401486585
4714.0 0.5162529303192003
4716.0 0.5062750064134676
4718.0 0.5034731400043879
4720.0 0.5071173766914014
4722.0 0.5017174951163028
4724.0 0.49988934798016965
4726.0 0.49998481293260433
4728.0 0.5043435949442446
4730.0 0.4979213355822342
4732.0 0.49048443618556287
4734.0 0.5006082626016988
4736.0 0.5165686852390279
4738.0 0.5240420233417307
4740.0 0.5353762229529513
4742.0 0.5450371263992595
4744.0 0.5552703050861161
4746.0 0.5732411617917229
4748.0 0.5795491682671672
4750.0 0.5755567178870308
4752.0 0.5894463507424063
4754.0 0.5935234438465813
4756.0 0.6059911339775931
4758.0 0.602425284929045
4760.0 0.607877195743233
4762.0 0.6135956562807284
4764.0 0.6239170874471563
4766.0 0.6301007224192006
4768.0 0.6230105456651768
4770.0 0.6239716432668417
4772.0 0.6320265689115508
4774.0 0.6336620038333076
4776.0 0.6420082446271209
4778.0 0.6470194445291105
4780.0 0.6362875791015375
4782.0 0.6372876763067473
4784.0 0.6374841881923365
4786.0 0.6409156201406249
4788.0 0.6349548506558672
4790.0 0.6337150902343179
4792.0 0.6276552101194417
4794.0 0.636887264495858
4796.0 0.6368795127681524
4798.0 0.6323577028676531
4800.0 0.6369378488286273
4802.0 0.6404685930183399
4804.0 0.6467174243152171
4806.0 0.6510358982279119
4808.0 0.6491079537381419
4810.0 0.6454862476674996
4812.0 0.6476636700279134
4814.0 0.6544391286159082
4816.0 0.651030649511931
4818.0 0.6661827233738229
4820.0 0.6705036940080309
4822.0 0.671479920851239
4824.0 0.6693282416921634
4826.0 0.6625394453888285
4828.0 0.6613578537639585
4830.0 0.658151314526557
4832.0 0.6574314262309965
4834.0 0.657634837644183
4836.0 0.6579671378943852
4838.0 0.6580906643828676
4840.0 0.6582605696392446
4842.0 0.6584091296443485
4844.0 0.6586874218150912
4846.0 0.6588373692678242
4848.0 0.6591140350113537
4850.0 0.6592653973179194
4852.0 0.6595406482076149
4854.0 0.6596934253683473
4856.0 0.6599672614041027
4858.0 0.6601214534183351
4860.0 0.6603942433031903
4862.0 0.6605908274622541
4864.0 0.6607810756178742
4866.0 0.661313044801954
4868.0 0.6615379767031433
4870.0 0.6616963081542933
4872.0 0.6636703741575677
4874.0 0.6625128552218988
4876.0 0.6659628936194787
4878.0 0.6631407094692697
4880.0 0.6703094335082075
4882.0 0.6668507776340394
4884.0 0.6553122072618901
4886.0 0.6615222549004207
4888.0 0.6506162770251026
4890.0 0.6463956415860173
4892.0 0.6512381017993419
4894.0 0.6416490741866595
4896.0 0.6501850054161625
4898.0 0.6493274878792832
4900.0 0.6456585557533325
4902.0 0.649783080527866
4904.0 0.6519856642984208
4906.0 0.6588432136057456
4908.0 0.6650390174515858
4910.0 0.6601719159024421
4912.0 0.6546686608555822
4914.0 0.653354100844242
4916.0 0.660042813294596
4918.0 0.6540355565636129
4920.0 0.6574514783249987
4922.0 0.6500393473598238
4924.0 0.6525402698054875
4926.0 0.6552385589753231
4928.0 0.6634041078025994
4930.0 0.6660713457011741
4932.0 0.6667179559312506
4934.0 0.6676108327206915
4936.0 0.668633794710634
4938.0 0.6694620579648989
4940.0 0.6702752389430481
4942.0 0.6713499489549367
4944.0 0.6720943176573546
4946.0 0.6731429206276762
4948.0 0.6738947896545888
4950.0 0.6749358923004181
4952.0 0.6756952616518221
4954.0 0.6767288498806081
4956.0 0.6774957026013815
4958.0 0.6785218045982225
4960.0 0.6792961745986155
4962.0 0.680271689149721
4964.0 0.6811589395275618
4966.0 0.6822790891276092
4968.0 0.6832090907824742
4970.0 0.6840324164084706
4972.0 0.6926060582869409
4974.0 0.6819044372393674
4976.0 0.676698282348868
4978.0 0.6826479694273464
4980.0 0.6738871994914252
4982.0 0.6717681612654663
4984.0 0.6894341946870894
4986.0 0.6843841060929782
4988.0 0.6774215623740336
4990.0 0.6735425271346661
4992.0 0.6708670469043355
4994.0 0.6684696979945269
4996.0 0.6658405072864833
4998.0 0.6635103451762627
5000.0 0.6608907125195006
5002.0 0.658417621720098
5004.0 0.6558578060631082
5006.0 0.6533772149392135
5008.0 0.650824899606718
5010.0 0.6483369238390635
5012.0 0.6457921786816894
5014.0 0.6432965869088065
5016.0 0.6407592722252969
5018.0 0.6382561801279187
5020.0 0.63573608363596
5022.0 0.6332597770293604
5024.0 0.6308578463065849
5026.0 0.6281374479061715
5028.0 0.6254906451245047
5030.0 0.6229774694662749
5032.0 0.6128723334584341
5034.0 0.6079221106232254
5036.0 0.6121769785099893
5038.0 0.5966982815695028
5040.0 0.5904971689724704
5042.0 0.5936571375319072
5044.0 0.5884349750376537
5046.0 0.586166940676074
5048.0 0.5858511136756969
5050.0 0.5866375486955044
5052.0 0.5905653754991655
5054.0 0.5910981579741089
5056.0 0.5811984405241143
5058.0 0.5858276384609951
5060.0 0.5868477999332112
5062.0 0.5900015511039564
5064.0 0.5818200009515812
5066.0 0.5911244613315664
5068.0 0.5890471030951049
5070.0 0.5803827714704937
5072.0 0.5795614866265024
5074.0 0.5654886288570214
5076.0 0.567592268229619
5078.0 0.5821793587711319
5080.0 0.5689864224451625
5082.0 0.5717187664059883
5084.0 0.5700031713222441
5086.0 0.5792984869645582
5088.0 0.5757522622835926
5090.0 0.5761744521188432
5092.0 0.5788825825036273
5094.0 0.5811904483097843
5096.0 0.5833743663486063
5098.0 0.5894097669041063
5100.0 0.5823247248850522
5102.0 0.5767472372044461
5104.0 0.5769411434156184
5106.0 0.5985788916123401
5108.0 0.6067108248971769
5110.0 0.6061274343871539
5112.0 0.6022837270450104
5114.0 0.6042377296412555
5116.0 0.6054360448307773
5118.0 0.5976215367025182
5120.0 0.6064622872652066
5122.0 0.6123627322327977
5124.0 0.6129035395516953
5126.0 0.6067067580429519
5128.0 0.6148982228780477
5130.0 0.6169686150005591
5132.0 0.6117634383868277
5134.0 0.6236512096875032
5136.0 0.627778481325105
5138.0 0.6278179426184494
5140.0 0.6310736644379793
5142.0 0.6340925178099367
5144.0 0.6338020392341586
5146.0 0.6324070603578273
5148.0 0.6375828151606243
5150.0 0.642353062243139
5152.0 0.6474498749097445
5154.0 0.6498191442431396
5156.0 0.6468789071638694
5158.0 0.6516933524756797
5160.0 0.6497288707498133
5162.0 0.6518907433818104
5164.0 0.6511292168162237
5166.0 0.6525459091365053
5168.0 0.6516797399278949
5170.0 0.6527591131237226
5172.0 0.6463827488210725
5174.0 0.6452603904186417
5176.0 0.645257997988578
5178.0 0.6455469538653492
5180.0 0.6425409944214115
5182.0 0.643180097376727
5184.0 0.6566928448815874
5186.0 0.6521438354678515
5188.0 0.6440144287326405
5190.0 0.6447157230118398
5192.0 0.6495571015625958
5194.0 0.658249507945901
5196.0 0.6536738096398814
5198.0 0.6514880540206907
5200.0 0.6513885076931557
5202.0 0.6564677945723653
5204.0 0.6533224231032828
5206.0 0.6470475355396679
5208.0 0.6546915920345312
5210.0 0.650290169941904
5212.0 0.6579975003295041
5214.0 0.6630158941528201
5216.0 0.6626728163662906
5218.0 0.65758794543189
5220.0 0.6666059752425751
5222.0 0.6653793915244591
5224.0 0.6692684082898707
5226.0 0.6691176386281423
5228.0 0.6658046107571055
5230.0 0.6685016319687626
5232.0 0.6773493021209415
5234.0 0.6782712799096974
5236.0 0.6743504881610836
5238.0 0.6761119526233453
5240.0 0.6721323491533701
5242.0 0.6710089548982835
5244.0 0.6803776944673523
5246.0 0.6769016243531005
5248.0 0.682760017202695
5250.0 0.68422562679442
5252.0 0.6851336631593888
5254.0 0.6924142569149553
5256.0 0.6974244030896508
5258.0 0.6975853098251096
5260.0 0.6988621885958992
5262.0 0.6990900040243107
5264.0 0.6931549760848431
5266.0 0.7014469498052598
5268.0 0.7033163724456873
5270.0 0.7062118066059468
5272.0 0.7060516292978625
5274.0 0.7064499888357095
5276.0 0.7033146729621442
5278.0 0.7054948464931847
5280.0 0.7119404116535323
5282.0 0.719069823340359
5284.0 0.7163888951727722
5286.0 0.7174851122062609
5288.0 0.7215331323504957
5290.0 0.7248255186708477
5292.0 0.7264430266307761
5294.0 0.728236695148866
5296.0 0.7211119589846298
5298.0 0.7256189351672319
5300.0 0.7323050830838986
5302.0 0.7289399227518996
5304.0 0.7336907707782138
5306.0 0.7393702827361972
5308.0 0.7385933457715999
5310.0 0.7490453523492376
5312.0 0.7450620717512791
5314.0 0.7414057456313489
5316.0 0.7444427038485985
5318.0 0.7490270110509574
5320.0 0.7539280766932067
5322.0 0.7526213867679737
5324.0 0.7557435203127478
5326.0 0.7612352776920227
5328.0 0.7621182873328128
5330.0 0.7587218294453502
5332.0 0.7590494303777862
5334.0 0.7561813557343571
5336.0 0.7554713733551833
5338.0 0.7565811162065217
5340.0 0.7553854567247344
5342.0 0.7570652158618233
5344.0 0.758998364601841
5346.0 0.7525732334997823
5348.0 0.7492213305370004
5350.0 0.7578338563848802
5352.0 0.757489178226047
5354.0 0.7520073715299134
5356.0 0.7547058976711862
5358.0 0.7520210364759486
5360.0 0.749074271217041
5362.0 0.7487962910257899
5364.0 0.7505791647634806
5366.0 0.7507629386584692
5368.0 0.749520936616032
5370.0 0.7505757807402421
5372.0 0.7495018364465805
5374.0 0.7481946791618918
5376.0 0.7525542213945473
5378.0 0.7498465215418266
5380.0 0.7512004430803884
5382.0 0.7493391922403454
5384.0 0.7507796097508375
5386.0 0.7482461720343103
5388.0 0.7466627316172173
5390.0 0.7486807865019137
5392.0 0.7479950532590657
5394.0 0.7424541509543638
5396.0 0.7413638595553298
5398.0 0.746208963593398
5400.0 0.7504888516477028
5402.0 0.7494630790681543
5404.0 0.7480348025479777
5406.0 0.748978942672945
5408.0 0.7514495519322226
5410.0 0.7527319100891078
5412.0 0.7523573257335934
5414.0 0.7508928739553895
5416.0 0.7492974234575082
5418.0 0.7473784987943347
5420.0 0.747874827070331
5422.0 0.7485623247516741
5424.0 0.7450684433480163
5426.0 0.7420228067495509
5428.0 0.74308949190724
5430.0 0.7463849738600976
5432.0 0.7512631840526761
5434.0 0.7551701653467894
5436.0 0.7552085364915807
5438.0 0.7538229264245241
5440.0 0.7509605093207773
5442.0 0.7458493036577976
5444.0 0.7497740274809502
5446.0 0.75700642014992
5448.0 0.7625059995616601
5450.0 0.7606588687875221
5452.0 0.7622751493569575
5454.0 0.7686652904860897
5456.0 0.7615098702362865
5458.0 0.7598588102535249
5460.0 0.7620724824332354
5462.0 0.7615892950942634
5464.0 0.7648173488583638
5466.0 0.7663537264111598
5468.0 0.7688703148888741
5470.0 0.7695118279916846
5472.0 0.7636770957145694
5474.0 0.7559534527378751
5476.0 0.7593229513398773
5478.0 0.7659230426179003
5480.0 0.7657621469582909
5482.0 0.7651046029387255
5484.0 0.7628435603463701
5486.0 0.7581714102656456
5488.0 0.7590829054676933
5490.0 0.7538380708529219
5492.0 0.7532682342147654
5494.0 0.7574004759611804
5496.0 0.7593933320419692
5498.0 0.7528467506518701
5500.0 0.7492428089425074
5502.0 0.7489913770117327
5504.0 0.7564095550843319
5506.0 0.7614947261766386
5508.0 0.7623916711714429
5510.0 0.763048392424439
5512.0 0.7658343168112269
5514.0 0.7662574633922172
5516.0 0.763783349550571
5518.0 0.760566559131525
5520.0 0.7587330002946967
5522.0 0.7565598698266611
5524.0 0.7562905714599972
5526.0 0.7564180530313429
5528.0 0.7544878369171425
5530.0 0.7500274059763778
5532.0 0.7456046576992803
5534.0 0.7426692599860223
5536.0 0.741875730602059
5538.0 0.7426005645959134
5540.0 0.7441371526370661
5542.0 0.7459516682418126
5544.0 0.7482091594728475
5546.0 0.7485842423554462
5548.0 0.7486041563461345
5550.0 0.747507900459957
5552.0 0.7466637819219286
5554.0 0.7442792061426573
5556.0 0.7407332220460626
5558.0 0.7374106413691597
5560.0 0.7368188243061161
5562.0 0.7379608083297543
5564.0 0.7399837890773215
5566.0 0.7393847731977943
5568.0 0.7389511371874314
5570.0 0.7376651536072613
5572.0 0.7357816114473211
5574.0 0.7308352061409612
5576.0 0.7274779254729655
5578.0 0.7228721499882215
5580.0 0.7186237624247529
5582.0 0.7134166828480631
5584.0 0.7109571266296879
5586.0 0.7072568205257918
5588.0 0.7066510396941397
5590.0 0.7038133545216699
5592.0 0.7008777720950243
5594.0 0.6930244593783443
5596.0 0.6889142898353204
5598.0 0.68341364767289
5600.0 0.6812881903198715
5602.0 0.678120009901017
5604.0 0.6765529731133131
5606.0 0.6712943537170997
5608.0 0.6677112183956974
5610.0 0.6553132544343864
5612.0 0.6534283978761342
5614.0 0.6487621327545158
5616.0 0.6467812974972827
5618.0 0.6464170072746135
5620.0 0.6466167506221597
5622.0 0.6445987555353734
5624.0 0.6406934645100377
5626.0 0.6371897141296224
5628.0 0.6338319014279227
5630.0 0.6263865584266401
5632.0 0.6220711954752295
5634.0 0.6178974122259322
5636.0 0.6171170325847853
5638.0 0.6151901098743752
5640.0 0.613100218435767
5642.0 0.6100352236147389
5644.0 0.6085284013838549
5646.0 0.6062308764525414
5648.0 0.6013504053586218
5650.0 0.597097562862287
5652.0 0.5942153059372866
5654.0 0.5925380879541081
5656.0 0.5909333045306523
5658.0 0.5911300003024549
5660.0 0.5896202540175977
5662.0 0.5874165258216559
5664.0 0.5840551985296808
5666.0 0.580121775365107
5668.0 0.575551975477022
5670.0 0.5712008278799906
5672.0 0.5667457402354331
5674.0 0.560668668971175
5676.0 0.5528809997578531
5678.0 0.5478949862129209
5680.0 0.5461262832852002
5682.0 0.54407337173195
5684.0 0.5402357574065483
5686.0 0.5353612050314984
5688.0 0.5312420166028622
5690.0 0.5265995915884155
5692.0 0.5227162886819833
5694.0 0.5191195840724241
5696.0 0.5159354022326055
5698.0 0.5122836913910787
5700.0 0.5086721387905955
5702.0 0.5045320486086996
5704.0 0.5003397814654237
5706.0 0.4962670474453702
5708.0 0.49181971107582384
5710.0 0.48853149118196465
5712.0 0.4875914669129269
5714.0 0.4862809755374241
5716.0 0.4827198091291587
5718.0 0.4798887022781279
5720.0 0.47688584023518293
5722.0 0.47497940361268753
5724.0 0.4738446990171224
5726.0 0.47521274693105725
5728.0 0.47563867338272137
5730.0 0.47622567590808434
5732.0 0.47505936466072884
5734.0 0.4740224935494601
5736.0 0.4732978801782139
5738.0 0.4742848916215536
5740.0 0.4777069302484496
5742.0 0.48122633611926374
5744.0 0.48331887938819196
5746.0 0.4873289337441706
5748.0 0.4928175519550407
5750.0 0.4986471180135503
5752.0 0.5023806909920387
5754.0 0.5063128360258687
5756.0 0.5107016629993224
5758.0 0.5181722734963551
5760.0 0.5246123666462498
5762.0 0.5311655695107526
5764.0 0.535728207838193
5766.0 0.5405726818054839
5768.0 0.5442683052417089
5770.0 0.5493448565528166
5772.0 0.5542930492496467
5774.0 0.5604369927180884
5776.0 0.5684077262246267
5778.0 0.5755952239715281
5780.0 0.5796618397634342
5782.0 0.5833993571700021
5784.0 0.5873389854671233
5786.0 0.5930859041955344
5788.0 0.6003736819582308
5790.0 0.6104637463156459
5792.0 0.6170568978260053
5794.0 0.6210057262861132
5796.0 0.6245844414918779
5798.0 0.6293771746529285
5800.0 0.634839063561866
5802.0 0.643419279286426
5804.0 0.6538770294979162
5806.0 0.6626259358015624
5808.0 0.6692251904458864
5810.0 0.6740547849058586
5812.0 0.6761925103019759
5814.0 0.6793135592005046
5816.0 0.6864644021951368
5818.0 0.6958392827699703
5820.0 0.7044048265075935
5822.0 0.7135566123686234
5824.0 0.7199718750759154
5826.0 0.7236027115312282
5828.0 0.7300754897057582
5830.0 0.7393329397575131
5832.0 0.7493006999816312
5834.0 0.7593689791561168
5836.0 0.7691136332875671
5838.0 0.776971191295387
5840.0 0.7848259654146595
5842.0 0.7907702595648914
5844.0 0.7945049050404089
5846.0 0.7994887770059005
5848.0 0.8061137673139678
5850.0 0.8137299628201847
5852.0 0.8189563864723212
5854.0 0.823719861470411
5856.0 0.8288719142980702
5858.0 0.8363394129383787
5860.0 0.8420561517332252
5862.0 0.8438909082923706
5864.0 0.8431660398070449
5866.0 0.8439996511276683
5868.0 0.84585441600751
5870.0 0.8462992195767555
5872.0 0.8465715913929557
5874.0 0.8471865942931404
5876.0 0.8476887469982218
5878.0 0.8482646915779869
5880.0 0.8486662814257266
5882.0 0.8491016190633104
5884.0 0.8494992376145818
5886.0 0.849938587421911
5888.0 0.850332372979235
5890.0 0.8507756249318758
5892.0 0.8511655083433719
5894.0 0.8516126624420094
5896.0 0.8519986437078504
5898.0 0.8524506052197499
5900.0 0.8529674665046142
5902.0 0.8536972913238915
5904.0 0.85385005582107
5906.0 0.8544719646470007
5908.0 0.8548258599418981
5910.0 0.85705952172486
5912.0 0.8593310976309199
5914.0 0.8605676575874249
5916.0 0.8585435451473317
5918.0 0.8547906450610869
5920.0 0.8498316381646719
5922.0 0.8423781404503022
5924.0 0.8360010919349571
5926.0 0.8320644117175628
5928.0 0.829555893061075
5930.0 0.8269982735130439
5932.0 0.8245822983343186
5934.0 0.8231676536804062
5936.0 0.823533391813021
5938.0 0.8213188217039366
5940.0 0.8177410428880368
5942.0 0.815445362526473
5944.0 0.8124168961354498
5946.0 0.8084055201563388
5948.0 0.803738332997307
5950.0 0.7992202014985395
5952.0 0.7936593544667043
5954.0 0.7864508352282643
5956.0 0.7813469933232728
5958.0 0.7783866392764963
5960.0 0.7747346509241761
5962.0 0.7713679348875832
5964.0 0.7687753919864729
5966.0 0.7661555224889369
5968.0 0.7630334064102512
5970.0 0.7602041504159572
5972.0 0.7573978296575602
5974.0 0.7542542287373641
5976.0 0.7490908668212746
5978.0 0.7440301153525837
5980.0 0.7400210783105706
5982.0 0.7370255773587927
5984.0 0.7324775062621829
5986.0 0.7270900867475149
5988.0 0.7218065523675101
5990.0 0.7171992547591499
5992.0 0.7137266858967569
5994.0 0.7126629310419077
5996.0 0.7126038774248028
5998.0 0.7117293528902005
6000.0 0.709525857540237
6002.0 0.7063015002106995
6004.0 0.7028725314274085
6006.0 0.7005540545937463
6008.0 0.6981408692838801
6010.0 0.6967311822236087
6012.0 0.6943800175353374
6014.0 0.6921359474408356
6016.0 0.6896707367281963
6018.0 0.6881865636043829
6020.0 0.6853253513561326
6022.0 0.6822466425364296
6024.0 0.67878785124554
6026.0 0.6736555599646795
6028.0 0.6672149607278455
6030.0 0.6645498739029655
6032.0 0.6631851326583921
6034.0 0.6612880609222662
6036.0 0.6579657174551186
6038.0 0.6559151514545236
6040.0 0.656221885681831
6042.0 0.6575248744741218
6044.0 0.65633985708276
6046.0 0.6544614853635455
6048.0 0.6531543903868127
6050.0 0.6523541734643776
6052.0 0.6507713453232882
6054.0 0.649495129492344
6056.0 0.6474499928295663
6058.0 0.6458633149538049
6060.0 0.6442417742182441
6062.0 0.6446122156244924
6064.0 0.6454364645104931
6066.0 0.6449641398363086
6068.0 0.6428298178815767
6070.0 0.6420985677031859
6072.0 0.6409780708928682
6074.0 0.6403940500223477
6076.0 0.6388762395727816
6078.0 0.636685231028634
6080.0 0.6336450239659266
6082.0 0.6305657968809626
6084.0 0.6276685348768467
6086.0 0.6256081434005805
6088.0 0.6237549152643754
6090.0 0.623046073797363
6092.0 0.6221317389131765
6094.0 0.6210641818212339
6096.0 0.6188524229697214
6098.0 0.6163228151382062
6100.0 0.6132285931126746
6102.0 0.6110790179224412
6104.0 0.6105052040424656
6106.0 0.6105305542465438
6108.0 0.6113112894249194
6110.0 0.6120907223143546
6112.0 0.6125359830094154
6114.0 0.6122429864669937
6116.0 0.6126977356491619
6118.0 0.6139473404368402
6120.0 0.6148310889701692
6122.0 0.614203013292846
6124.0 0.6144836429340494
6126.0 0.6154155539077723
6128.0 0.6169211503088654
6130.0 0.6160275653728168
6132.0 0.6145994441929082
6134.0 0.6143058811739337
6136.0 0.6159972848744465
6138.0 0.6176209532796663
6140.0 0.6178178886196279
6142.0 0.6176245483326046
6144.0 0.616776001901367
6146.0 0.6161642324538507
6148.0 0.6177776786907179
6150.0 0.6210237551131912
6152.0 0.6214092215209012
6154.0 0.6187861609407516
6156.0 0.6139622903130175
6158.0 0.6125620619196978
6160.0 0.6108788569753314
6162.0 0.609109623337159
6164.0 0.6061551081768802
6166.0 0.6057730953728483
6168.0 0.6053624926029783
6170.0 0.6062530603090636
6172.0 0.6054580970140448
6174.0 0.6062188907472329
6176.0 0.6053344035000442
6178.0 0.6059855026755857
6180.0 0.6039792187673103
6182.0 0.6024009019891038
6184.0 0.6014108470480056
6186.0 0.6030471218631638
6188.0 0.6036100900719373
6190.0 0.6045887724086129
6192.0 0.6030206470032111
6194.0 0.6030704391166333
6196.0 0.6002033816931424
6198.0 0.5995772073499896
6200.0 0.5985745882563134
6202.0 0.5991556713371216
6204.0 0.5978915667318313
6206.0 0.5977456074352252
6208.0 0.5971327794215086
6210.0 0.5976481005888206
6212.0 0.5960126245479268
6214.0 0.5949304241566279
6216.0 0.5948292761437515
6218.0 0.5966848390024108
6220.0 0.5994616621836601
6222.0 0.6028786701637305
6224.0 0.6051233791927209
6226.0 0.6067301174871396
6228.0 0.6077848519893119
6230.0 0.6096228688591121
6232.0 0.610592362479704
6234.0 0.6103390828885062
6236.0 0.6088566581211506
6238.0 0.6083662373854128
6240.0 0.6101300012102814
6242.0 0.612581312521975
6244.0 0.6107961124958625
6246.0 0.6081774299053728
6248.0 0.6068777238077581
6250.0 0.6078364717325925
6252.0 0.608194750611434
6254.0 0.6097000049184972
6256.0 0.6119290539015368
6258.0 0.6145637301463542
6260.0 0.6173315125258212
6262.0 0.6211921106751069
6264.0 0.6228754025791071
6266.0 0.6256382670449379
6268.0 0.6278708368509424
6270.0 0.629280974588157
6272.0 0.6275711507220562
6274.0 0.6262134013482836
6276.0 0.6240123705313368
6278.0 0.6238872730023183
6280.0 0.6226201811881322
6282.0 0.6235582944243218
6284.0 0.6242701386338679
6286.0 0.6258524854782859
6288.0 0.6249462846274475
6290.0 0.6212937512439155
6292.0 0.6138910808956368
6294.0 0.6107744223740497
6296.0 0.6065923157721245
6298.0 0.6040349692309741
6300.0 0.599707454930253
6302.0 0.5965146069905617
6304.0 0.5911752967217205
6306.0 0.5864671770554211
6308.0 0.5832827213191596
6310.0 0.5807435627344361
6312.0 0.575505421834831
6314.0 0.5701755179084647
6316.0 0.5629698420454854
6318.0 0.5574892866869846
6320.0 0.5528738074440392
6322.0 0.5513513903168386
6324.0 0.5504455560911207
6326.0 0.5482922712384796
6328.0 0.5466129883445712
6330.0 0.5440997762058895
6332.0 0.5420062058198184
6334.0 0.5380881807595554
6336.0 0.5338664121538095
6338.0 0.5287012304813941
6340.0 0.5262605305830648
6342.0 0.5234924727288773
6344.0 0.5220109344788143
6346.0 0.5191879577707028
6348.0 0.520058254234382
6350.0 0.5191154762201815
6352.0 0.5194889285831984
6354.0 0.5159123907105156
6356.0 0.5156935091276278
6358.0 0.5155964000649969
6360.0 0.5205864691796552
6362.0 0.5214296186279508
6364.0 0.5272520212287257
6366.0 0.5316154312916707
6368.0 0.5437100312219809
6370.0 0.5494554908465463
6372.0 0.5551644164219702
6374.0 0.5571382465206811
6376.0 0.567555035920736
6378.0 0.5726143302564811
6380.0 0.5794561645067844
6382.0 0.5833112424109087
6384.0 0.5938182829584994
6386.0 0.6014066047030168
6388.0 0.6123640214468328
6390.0 0.618732029698329
6392.0 0.6284385383895706
6394.0 0.6336633224453336
6396.0 0.6435601657163629
6398.0 0.6504907840395633
6400.0 0.6611454254894557
6402.0 0.6681512387401839
6404.0 0.6786736619552506
6406.0 0.6855428832568756
6408.0 0.6959875649492798
6410.0 0.7029454329080325
6412.0 0.7133662460066766
6414.0 0.7203479825591891
6416.0 0.7307449270640725
6418.0 0.7377505322103421
6420.0 0.7481233373854468
6422.0 0.7551526206060363
6424.0 0.765501827923401
6426.0 0.7725865201703451
6428.0 0.7829856979274713
6430.0 0.7900084024704535
6432.0 0.8002603857756077
6434.0 0.8073981089451185
6436.0 0.8159323900447918
6438.0 0.8210774041385617
6440.0 0.8297378497669526
6442.0 0.834801461983099
6444.0 0.8424043290561641
6446.0 0.8465397642219342
6448.0 0.8531059465194023
6450.0 0.8551343625749608
6452.0 0.8610485217346234
6454.0 0.8655244723860464
6456.0 0.8729687809373136
6458.0 0.8765455681409385
6460.0 0.882356877775245
6462.0 0.8875048994614465
6464.0 0.8950145697627898
6466.0 0.8992036570009966
6468.0 0.9040397988927934
6470.0 0.9066249692521435
6472.0 0.9100264668934724
6474.0 0.9144942660021678
6476.0 0.9199454259204921
6478.0 0.9255596956355869
6480.0 0.9349567092077286
6482.0 0.9378765770890924
6484.0 0.9420047196858221
6486.0 0.9495647120971612
6488.0 0.9613197073396959
6490.0 0.9662141305943341
6492.0 0.9728216978978855
6494.0 0.9764840997716407
6496.0 0.9799762760065908
6498.0 0.9826515317026384
6500.0 0.9861267317685862
6502.0 0.9901003217398181
6504.0 0.9953064643902007
6506.0 0.9983892832649637
6508.0 1.0
6510.0 0.9982043686068833
6512.0 0.9973904617940529
6514.0 0.993084336057641
6516.0 0.9886931155853413
6518.0 0.9847927855396778
6520.0 0.9804088979175839
6522.0 0.9756048890709607
6524.0 0.9702834616991526
6526.0 0.9674275124327443
6528.0 0.9663952332808695
6530.0 0.9640541858916618
6532.0 0.9588336078055709
6534.0 0.9550987164503268
6536.0 0.9521197622072913
6538.0 0.9498060716634485
6540.0 0.9475709254969664
6542.0 0.9450678823184908
6544.0 0.9432348560021923
6546.0 0.9420872005235555
6548.0 0.9403161665266073
6550.0 0.939087724259053
6552.0 0.938012859894427
6554.0 0.9369169294355156
6556.0 0.935409010290563
6558.0 0.9341867772690533
6560.0 0.9326828213758274
6562.0 0.9314566251016497
6564.0 0.929956632462052
6566.0 0.9287264729351875
6568.0 0.9272300723724234
6570.0 0.9259953245407898
6572.0 0.9245032584025331
6574.0 0.9232651723703159
6576.0 0.9217757273593553
6578.0 0.9203656269807997
6580.0 0.9186834550734851
6582.0 0.9171962731436507
6584.0 0.9160597414005838
6586.0 0.9174000901334924
6588.0 0.9178039686945301
6590.0 0.9172792530910823
6592.0 0.9163406960843177
6594.0 0.9163063100882359
6596.0 0.9161153233933547
6598.0 0.9170494128899984
6600.0 0.9183791037155509
6602.0 0.9198304143610007
6604.0 0.9211235968966999
6606.0 0.9218167800118564
6608.0 0.9233589194243004
6610.0 0.9267585736351217
6612.0 0.9273728378133602
6614.0 0.9263551266791539
6616.0 0.9254442735781205
6618.0 0.925616329660719
6620.0 0.9255834853018738
6622.0 0.9256437554522291
6624.0 0.9253444959999398
6626.0 0.9244530418345605
6628.0 0.9221129364822985
6630.0 0.9203977329604544
6632.0 0.9179303534807656
6634.0 0.9170891679538961
6636.0 0.9167054791383693
6638.0 0.9174588359575901
6640.0 0.9180348274661373
6642.0 0.918817755327887
6644.0 0.9195898438128208
6646.0 0.9201260430535251
6648.0 0.9210367788788143
6650.0 0.9239579499156223
6652.0 0.9261314603789559
6654.0 0.925856073929626
6656.0 0.923753983142902
6658.0 0.9223550784649025
6660.0 0.921329831405439
6662.0 0.9186012585635437
6664.0 0.9125179943062747
6666.0 0.9074019353279922
6668.0 0.9023848824680799
6670.0 0.8978410670271153
6672.0 0.8932446442130672
6674.0 0.8884809075713535
6676.0 0.8839642498178069
6678.0 0.880775099897585
6680.0 0.8770049545816512
6682.0 0.871727190526675
6684.0 0.867708053918652
6686.0 0.8668509086343084
6688.0 0.86686480210539
6690.0 0.8645043570117664
6692.0 0.8599610612365933
6694.0 0.857299008459611
6696.0 0.8555311543962698
6698.0 0.852563149916635
6700.0 0.8493611258490971
6702.0 0.8454493924728467
6704.0 0.839173064625044
6706.0 0.8314971551526549
6708.0 0.8251611738457179
6710.0 0.818547665814546
6712.0 0.8136787233322537
6714.0 0.8095529605145599
6716.0 0.804780232658599
6718.0 0.7993658515648047
6720.0 0.7941818064997079
6722.0 0.7887154067939441
6724.0 0.7825933772900106
6726.0 0.7777323011041313
6728.0 0.7734414989835444
6730.0 0.768696438218668
6732.0 0.7634296280030868
6734.0 0.7585873157107842
6736.0 0.7555751308466302
6738.0 0.7530398830895767
6740.0 0.7493499793513441
6742.0 0.7455517590715435
6744.0 0.7412439311417846
6746.0 0.7355180892459054
6748.0 0.7318073697803251
6750.0 0.7298687687841201
6752.0 0.7280238257012258
6754.0 0.7241187050059976
6756.0 0.7195230685459222
6758.0 0.7150054134893494
6760.0 0.7108439143339803
6762.0 0.7065029226441997
6764.0 0.7023733925230725
6766.0 0.6980483522960349
6768.0 0.6940168297033484
6770.0 0.6896455762189663
6772.0 0.6856157533627385
6774.0 0.6812320021619297
6776.0 0.6772133031527459
6778.0 0.6728224176357454
6780.0 0.6688135346440397
6782.0 0.6644128331057958
6784.0 0.6604137661292288
6786.0 0.6560032485796106
6788.0 0.6520200584875826
6790.0 0.6477484819328488
6792.0 0.6438452501363896
6794.0 0.6393938619725806
6796.0 0.6354852542269358
6798.0 0.6311223578741022
6800.0 0.6268476122290638
6802.0 0.6232488730166765
6804.0 0.6214805894714299
6806.0 0.6204250725504141
6808.0 0.6177591895694575
6810.0 0.6144019389205216
6812.0 0.6115519664304169
6814.0 0.6069786954583547
6816.0 0.6024474600134735
6818.0 0.5978105375267609
6820.0 0.5943896391879943
6822.0 0.5919063638351226
6824.0 0.5902512240185195
6826.0 0.587832680542836
6828.0 0.5854816329535285
6830.0 0.5818758186116616
6832.0 0.5787462812737066
6834.0 0.5757931348215454
6836.0 0.5732055514635104
6838.0 0.5712347832554391
6840.0 0.5701582247691909
6842.0 0.5710216460609171
6844.0 0.5714829745483196
6846.0 0.5703216155407402
6848.0 0.5690712790997653
6850.0 0.5650131172711093
6852.0 0.5603793140216595
6854.0 0.55290120742142
6856.0 0.5444377305083344
6858.0 0.5410539034556067
6860.0 0.5407434577596583
6862.0 0.5436899268241044
6864.0 0.54618913603954
6866.0 0.5477610368806758
6868.0 0.5471115673838559
6870.0 0.5431475252416382
6872.0 0.5397807431613634
6874.0 0.5358363314286823
6876.0 0.5333939256618688
6878.0 0.5325398597673341
6880.0 0.5318056742837463
6882.0 0.5297187275180878
6884.0 0.5271473877297911
6886.0 0.5258155994591193
6888.0 0.5249818582386018
6890.0 0.5230500081275693
6892.0 0.5213649276228478
6894.0 0.5193389943535673
6896.0 0.5173305015202161
6898.0 0.5170746550184012
6900.0 0.5170554349678452
6902.0 0.5168612413133685
6904.0 0.5170620234352746
6906.0 0.5173590415217793
6908.0 0.5178447959146781
6910.0 0.5186995717982021
6912.0 0.5196641445036319
6914.0 0.5220758669879167
6916.0 0.5243924289886432
6918.0 0.5249230129302166
6920.0 0.5247463238329801
6922.0 0.5238709437941688
6924.0 0.5233886958981953
6926.0 0.5240119282445507
6928.0 0.5267009103783089
6930.0 0.5299930053815145
6932.0 0.532379066712452
6934.0 0.5339207904117083
6936.0 0.5351638515662835
6938.0 0.5364690807478157
6940.0 0.5390964705429713
6942.0 0.5415599109743965
6944.0 0.5444221038574454
6946.0 0.5464136527554866
6948.0 0.5485001854015512
6950.0 0.5500721044293964
6952.0 0.5526250722147074
6954.0 0.555693438484915
6956.0 0.5596485984257731
6958.0 0.5649205727068461
6960.0 0.5700007428150303
6962.0 0.5749497771263011
6964.0 0.5789219515168046
6966.0 0.582012396072708
6968.0 0.585521496679169
6970.0 0.5874992120988324
6972.0 0.5906236812781496
6974.0 0.5940338714175221
6976.0 0.5988537909432896
6978.0 0.604459949055621
6980.0 0.6106194284343988
6982.0 0.6166356463158401
6984.0 0.6223893543650217
6986.0 0.6246239469943116
6988.0 0.6247814961952217
6990.0 0.6243941102424118
6992.0 0.6246011049998159
6994.0 0.6252948948773771
6996.0 0.6287996583281358
6998.0 0.6327158087234865
7000.0 0.637120531656515
7002.0 0.6407368205285275
7004.0 0.644451417707475
7006.0 0.6466562448907828
7008.0 0.6497518837795871
7010.0 0.6518586343802196
7012.0 0.6534039265355395
7014.0 0.653067892519124
7016.0 0.6538528188678205
7018.0 0.6555053815355499
7020.0 0.6576819176869028
7022.0 0.6600521303395306
7024.0 0.6636336678525885
7026.0 0.6669943081828624
7028.0 0.6708793860686888
7030.0 0.6737722298930138
7032.0 0.6754260550240894
7034.0 0.6753683653620455
7036.0 0.6745757638247004
7038.0 0.6721689152018829
7040.0 0.6698427925456542
7042.0 0.667583608914768
7044.0 0.6657748848841634
7046.0 0.665406754468233
7048.0 0.6652930289501445
7050.0 0.6635990060555549
7052.0 0.6635006744048592
7054.0 0.6639432897196083
7056.0 0.6656247625968349
7058.0 0.6669186642296431
7060.0 0.6691824616090787
7062.0 0.6700415964567751
7064.0 0.670257752151991
7066.0 0.669119438839972
7068.0 0.6674501482740741
7070.0 0.6665131617257523
7072.0 0.6664584393277363
7074.0 0.6683165448189298
7076.0 0.6696567254251806
7078.0 0.6688986881632836
7080.0 0.6686180639866711
7082.0 0.6696749673543577
7084.0 0.6700664531432711
7086.0 0.6678704124569369
7088.0 0.6652010889694334
7090.0 0.6609314133492609
7092.0 0.6567809846910416
7094.0 0.6527552931410415
7096.0 0.6494424432678402
7098.0 0.6477921467076224
7100.0 0.6462329318148079
7102.0 0.644247820900301
7104.0 0.642195515608979
7106.0 0.6396001754948314
7108.0 0.6373186498232207
7110.0 0.633231864972826
7112.0 0.6298030692109241
7114.0 0.625149773285607
7116.0 0.6223651604651516
7118.0 0.6187745426708039
7120.0 0.6168111781828061
7122.0 0.6154540718028925
7124.0 0.6136360153734002
7126.0 0.6115251006583624
7128.0 0.6083013718753916
7130.0 0.6048209909633346
7132.0 0.6020305944408507
7134.0 0.5988623146910605
7136.0 0.5978494166992909
7138.0 0.5975319552003179
7140.0 0.5980914765963473
7142.0 0.6005231381807812
7144.0 0.6021606606495206
7146.0 0.6036863963325501
7148.0 0.6037453530292398
7150.0 0.6031949106033441
7152.0 0.6011655864315584
7154.0 0.5975813099193354
7156.0 0.5931937284661758
7158.0 0.5908768621928616
7160.0 0.5920189330400707
7162.0 0.5937950932463836
7164.0 0.5938179760021776
7166.0 0.5929203655220597
7168.0 0.59246768099638
7170.0 0.5930312996582353
7172.0 0.5926974431158282
7174.0 0.5931902890226834
7176.0 0.5922076954451019
7178.0 0.5922779270758565
7180.0 0.5927483081122736
7182.0 0.5917366001181822
7184.0 0.5920035349593771
7186.0 0.5911542714048981
7188.0 0.5899264307520812
7190.0 0.5887574140508613
7192.0 0.5903389396208951
7194.0 0.5932512548833189
7196.0 0.5964300220692421
7198.0 0.6005579440805554
7200.0 0.6024040946289541
7202.0 0.6034332264956885
7204.0 0.6042126411307852
7206.0 0.6044808401266484
7208.0 0.6043993728367374
7210.0 0.6073747308847682
7212.0 0.6084530863261102
7214.0 0.6080709329376688
7216.0 0.6067706172317132
7218.0 0.6047857671708043
7220.0 0.6059194820890584
7222.0 0.6073514472849396
7224.0 0.6070237799182779
7226.0 0.6068649862505768
7228.0 0.6094514161421395
7230.0 0.6124487404918975
7232.0 0.6158586864684108
7234.0 0.618011621807778
7236.0 0.6216842495999616
7238.0 0.6254799358297689
7240.0 0.6292152092549722
7242.0 0.6306805890436037
7244.0 0.6345484644023396
7246.0 0.6440068571044232
7248.0 0.654369363951224
7250.0 0.66433294737225
7252.0 0.6709855425079815
7254.0 0.673357018062245
7256.0 0.6718607377714029
7258.0 0.6703954437560395
7260.0 0.6763896665656985
7262.0 0.6847061144277768
7264.0 0.6935574298568552
7266.0 0.702421013062794
7268.0 0.7078490862147288
7270.0 0.7104397766128898
7272.0 0.7130579432773515
7274.0 0.7178678925267867
7276.0 0.720780272786972
7278.0 0.7205566679389244
7280.0 0.7199270066589191
7282.0 0.7198495727900743
7284.0 0.7208197405582524
7286.0 0.7198820901341918
7288.0 0.721337291792048
7290.0 0.7226343845656792
7292.0 0.7244920148159215
7294.0 0.7261386339924569
7296.0 0.7281143837055946
7298.0 0.7288565362137519
7300.0 0.7272130289610367
7302.0 0.7232240992530784
7304.0 0.7210021895559501
7306.0 0.7215236788580578
7308.0 0.721381370802904
7310.0 0.7196151396042191
7312.0 0.7178407091782285
7314.0 0.7131651357469334
7316.0 0.7084854791909668
7318.0 0.7031510962441179
7320.0 0.6969588821099943
7322.0 0.6927424522117139
7324.0 0.6897431220476256
7326.0 0.6860963245660694
7328.0 0.6821745181480391
7330.0 0.6788825220191179
7332.0 0.6739346221905647
7334.0 0.6684936011541225
7336.0 0.6640679055939884
7338.0 0.6607782823175069
7340.0 0.6578184171527514
7342.0 0.6540213855288667
7344.0 0.6509798298497144
7346.0 0.6455506485415115
7348.0 0.639518282754101
7350.0 0.6344302302955919
7352.0 0.6306601159672283
7354.0 0.6284880728893552
7356.0 0.626485762833477
7358.0 0.62464800822668
7360.0 0.6209825760444446
7362.0 0.6158367806761853
7364.0 0.6120318379728678
7366.0 0.6081717051174256
7368.0 0.6045004380401785
7370.0 0.6005981766488464
7372.0 0.5979371120515247
7374.0 0.5951987034639425
7376.0 0.5916919519220714
7378.0 0.587712940681712
7380.0 0.5835537357459074
7382.0 0.5804969823713934
7384.0 0.575433768215936
7386.0 0.5718359671072896
7388.0 0.5693273691517559
7390.0 0.5659369541782497
7392.0 0.5615741154961276
7394.0 0.5563240516784103
7396.0 0.5524708525077464
7398.0 0.5491783917691313
7400.0 0.5470337572415164
7402.0 0.5458825242026044
7404.0 0.5442504826027199
7406.0 0.5413096481404038
7408.0 0.5394106865021543
7410.0 0.5390680873039604
7412.0 0.538594929791882
7414.0 0.5377175303065955
7416.0 0.5351981253031919
7418.0 0.5329116732158663
7420.0 0.5298296592926207
7422.0 0.5271810350799365
7424.0 0.5257062486596382
7426.0 0.5241401771443902
7428.0 0.5221084593283993
7430.0 0.5189711428295358
7432.0 0.5169216118131933
7434.0 0.5156473464785126
7436.0 0.5138925861509259
7438.0 0.5124714652658683
7440.0 0.5115490634909104
7442.0 0.5105130609642783
7444.0 0.50916400194161
7446.0 0.508239763227539
7448.0 0.5070706958836998
7450.0 0.505899108861146
7452.0 0.5054312152748304
7454.0 0.5041467673272167
7456.0 0.5019757052806246
7458.0 0.4992146718827319
7460.0 0.4972069797282556
7462.0 0.4942078261802361
7464.0 0.49126276167126626
7466.0 0.48738299878587354
7468.0 0.48603057565152663
7470.0 0.48737765998799576
7472.0 0.48704919804006686
7474.0 0.4860847576630668
7476.0 0.48504521100894693
7478.0 0.4845905796965464
7480.0 0.48436168580270117
7482.0 0.4833547989363798
7484.0 0.48134016825530634
7486.0 0.47989354418085417
7488.0 0.47952902565333516
7490.0 0.4782169152580746
7492.0 0.4770682161669647
7494.0 0.4758194854799086
7496.0 0.47473524785087107
7498.0 0.4735555528615818
7500.0 0.47236598705765126
7502.0 0.471171328566132
7504.0 0.4700306430402232
7506.0 0.4688429758862014
7508.0 0.4676995011740693
7510.0 0.46651462320497517
7512.0 0.465368359311528
7514.0 0.46418591935209713
7516.0 0.46303584537766107
7518.0 0.4618565457692717
7520.0 0.4607047035082857
7522.0 0.4595038992683165
7524.0 0.45840605484646374
7526.0 0.4572622587420165
7528.0 0.45611219193363195
7530.0 0.45496505227335177
7532.0 0.45377485017981634
7534.0 0.4525902980556552
7536.0 0.4514619113202577
7538.0 0.4503185145654478
7540.0 0.4491752949776487
7542.0 0.4480359748565907
7544.0 0.44689064187307903
7546.0 0.4457541109368391
7548.0 0.44460598876955815
7550.0 0.44347224701708765
7552.0 0.44232086510674273
7554.0 0.44118971311738897
7556.0 0.4400527552331029
7558.0 0.4389568683916947
7560.0 0.4378760330828567
7562.0 0.4368606816892125
7564.0 0.435642827475993
7566.0 0.4345595989897348
7568.0 0.43439784450302704
7570.0 0.4346546563800244
7572.0 0.4349130845946426
7574.0 0.43474800350943493
7576.0 0.4330212742586016
7578.0 0.43120696114590623
7580.0 0.43001006300011
7582.0 0.43019665390517475
7584.0 0.42796690095719386
7586.0 0.4263948981521114
7588.0 0.4266380715255303
7590.0 0.42644721294548615
7592.0 0.4250963738622319
7594.0 0.4256170405576855
7596.0 0.429210881664648
7598.0 0.4332934407067324
7600.0 0.43758976471327093
7602.0 0.4389776657370304
7604.0 0.4366887043497842
7606.0 0.434573517826917
7608.0 0.43185328714409443
7610.0 0.42983488466948544
7612.0 0.428711930044253
7614.0 0.42906728657780285
7616.0 0.429336554749493
7618.0 0.4293257272837831
7620.0 0.43001241718346916
7622.0 0.42955763018113297
7624.0 0.42839049770089
7626.0 0.4277978972199602
7628.0 0.4287683779898216
7630.0 0.430253139594067
7632.0 0.43103825674318474
7634.0 0.4324958226559349
7636.0 0.4343125489579537
7638.0 0.43481951504795413
7640.0 0.43407928398187867
7642.0 0.4347984240760529
7644.0 0.4362913051377762
7646.0 0.43800016945383624
7648.0 0.4386603433338837
7650.0 0.4371833763164483
7652.0 0.4346879698897756
7654.0 0.4329556830473816
7656.0 0.43262642915298244
7658.0 0.43239652393762434
7660.0 0.43540674549212993
7662.0 0.43849339365089013
7664.0 0.4394627991552169
7666.0 0.43945775553772726
7668.0 0.4385803756388842
7670.0 0.4375850097356759
7672.0 0.4364736352721589
7674.0 0.43689094160121855
7676.0 0.4378321133324975
7678.0 0.43799463904475067
7680.0 0.4372726047166844
7682.0 0.4380372867750823
7684.0 0.43960437252726486
7686.0 0.44175888611405123
7688.0 0.44527156393123724
7690.0 0.44949626215549465
7692.0 0.4542643789077106
7694.0 0.45817230596722824
7696.0 0.46149302462519837
7698.0 0.46293247664128734
7700.0 0.46535991114108355
7702.0 0.4689317710380537
7704.0 0.4712008355497435
7706.0 0.47030612912476755
7708.0 0.46674684838076447
7710.0 0.46751582653256346
7712.0 0.46881796197678177
7714.0 0.46950465086471005
7716.0 0.470185147797909
7718.0 0.4701752719897787
7720.0 0.4697648406536381
7722.0 0.4692090937860194
7724.0 0.4695900259498589
7726.0 0.4701569337023522
7728.0 0.4733866780955014
7730.0 0.4768639661807735
7732.0 0.4813896074882918
7734.0 0.48434630500382986
7736.0 0.48634495512196163
7738.0 0.48782848232430565
7740.0 0.489345956335183
7742.0 0.4914036080425884
7744.0 0.49262532728291725
7746.0 0.49411367419891655
7748.0 0.49523328620041845
7750.0 0.4958608080547886
7752.0 0.49703568254723735
7754.0 0.49868004366013197
7756.0 0.500102884055408
7758.0 0.5009036981097073
7760.0 0.4999410139644777
7762.0 0.49923745265375363
7764.0 0.49831000434699796
7766.0 0.497606685458422
7768.0 0.4966072698677675
7770.0 0.4957907834609662
7772.0 0.4947670053582954
7774.0 0.49395166881420355
7776.0 0.4929250739452596
7778.0 0.49211215674005726
7780.0 0.4910848094357874
7782.0 0.4902736768317897
7784.0 0.4892445449247419
7786.0 0.4884351969211385
7788.0 0.487409352828926
7790.0 0.48664492662254427
7792.0 0.4855185350587175
7794.0 0.4848758920606937
7796.0 0.48381657950688434
7798.0 0.4835828686670594
7800.0 0.4838653317846145
7802.0 0.4834179663900988
7804.0 0.48262338210589184
7806.0 0.481129661215802
7808.0 0.4788141623781659
7810.0 0.47823808631486986
7812.0 0.4782107084075663
7814.0 0.476997953479103
7816.0 0.47410691776544067
7818.0 0.47204102356029226
7820.0 0.470966989180564
7822.0 0.47060474513696393
7824.0 0.4711558582134054
7826.0 0.4720217451927478
7828.0 0.4731397752462462
7830.0 0.47266703825785295
7832.0 0.4729955123133525
7834.0 0.4722705978513357
7836.0 0.4713026779154453
7838.0 0.46909134285954485
7840.0 0.46544863121722596
7842.0 0.46513857681529125
7844.0 0.46298349715031395
7846.0 0.46206843800760533
7848.0 0.4592502555239238
7850.0 0.4565333758180774
7852.0 0.4546940284756575
7854.0 0.4541151912907197
7856.0 0.4541733692717956
7858.0 0.45200470776957086
7860.0 0.45067504162624755
7862.0 0.44714569906761903
7864.0 0.44539075292326535
7866.0 0.44598390879969396
7868.0 0.4473475274119972
7870.0 0.44744607728832436
7872.0 0.445302958473606
7874.0 0.44493695426590596
7876.0 0.443524844490724
7878.0 0.4429889598227146
7880.0 0.4412169306154532
7882.0 0.4407401901701892
7884.0 0.4417341834681351
7886.0 0.44299624394655535
7888.0 0.44681909558905847
7890.0 0.4477342202482836
7892.0 0.44717782936881273
7894.0 0.4437395853642515
7896.0 0.44079887567500686
7898.0 0.4397515107234939
7900.0 0.4391343640493987
7902.0 0.4388808154659496
7904.0 0.4376796129513377
7906.0 0.4379932842440778
7908.0 0.43549366577798737
7910.0 0.4348001303643627
7912.0 0.4326110195389901
7914.0 0.4331309415711488
7916.0 0.43309412817270543
7918.0 0.43422832977910475
7920.0 0.4357592907829955
7922.0 0.43711229853848815
7924.0 0.43701669206799354
7926.0 0.43629909263444033
7928.0 0.4362479998258904
7930.0 0.4371055306527905
7932.0 0.4373215753905573
7934.0 0.4350997344625669
7936.0 0.43195990806206513
7938.0 0.43008147938909436
7940.0 0.42706668915183804
7942.0 0.4254899747839941
7944.0 0.4227567333579434
7946.0 0.42254527102972617
7948.0 0.4215306426183064
7950.0 0.42129905022235165
7952.0 0.42043723819738915
7954.0 0.4202145035803491
7956.0 0.4200007529871782
7958.0 0.419882871119694
7960.0 0.4197295413017194
7962.0 0.42035769039986093
7964.0 0.421300983432213
7966.0 0.42102075672357253
7968.0 0.4205306534788894
7970.0 0.41941612895284774
7972.0 0.41745530052690316
7974.0 0.41673387587425126
7976.0 0.4137824860646855
7978.0 0.4136332227861462
7980.0 0.4127753671056766
7982.0 0.41180755539783787
7984.0 0.40888219838383466
7986.0 0.40779887372781953
7988.0 0.4073809672841945
7990.0 0.40755601566579586
7992.0 0.40779964270225244
7994.0 0.40756460354989116
7996.0 0.4086905620058479
7998.0 0.4092555199093962
8000.0 0.4099961513786886
8002.0 0.4103029330467001
8004.0 0.4094191215594393
8006.0 0.40745059546311563
8008.0 0.4049810244358938
8010.0 0.4036379711967064
8012.0 0.4021254538690109
8014.0 0.4013852128093466
8016.0 0.3972374808972068
8018.0 0.395416703285385
8020.0 0.39369887081131333
8022.0 0.393416551226496
8024.0 0.3933329114610735
8026.0 0.3931352894507733
8028.0 0.39332996265004366
8030.0 0.39258351496720345
8032.0 0.3927571228140639
8034.0 0.39369749133058546
8036.0 0.39539190961349924
8038.0 0.3953155282873385
8040.0 0.39628010244242334
8042.0 0.39723226560905167
8044.0 0.39891313697544317
8046.0 0.3991252734031117
8048.0 0.39516378593873375
8050.0 0.3927406950325084
8052.0 0.389698227584506
8054.0 0.3887844965547431
8056.0 0.38899379037722315
8058.0 0.3914571308570677
8060.0 0.39147167686172635
8062.0 0.3901498028573308
8064.0 0.38843073685477375
8066.0 0.386716722776895
8068.0 0.38567799180093926
8070.0 0.3857524622796124
8072.0 0.38756035047175236
8074.0 0.3871417548557985
8076.0 0.38719814664746444
8078.0 0.3867495246785464
8080.0 0.38605053483694324
8082.0 0.38553180519370844
8084.0 0.3834881335326081
8086.0 0.38359851786722604
8088.0 0.3825848704104665
8090.0 0.38299817504364686
8092.0 0.3821428722039091
8094.0 0.38106041493192994
8096.0 0.3806097972691336
8098.0 0.3810280673151105
8100.0 0.38189444467171463
8102.0 0.3835031579387399
8104.0 0.38495896933872537
8106.0 0.3842909493047429
8108.0 0.382983839780526
8110.0 0.38193622375208625
8112.0 0.38160995386024266
8114.0 0.38125538640481815
8116.0 0.38052946966506584
8118.0 0.3800231821332903
8120.0 0.3799270293148368
8122.0 0.38026247593994894
8124.0 0.3792877631469414
8126.0 0.37984701956739114
8128.0 0.3796810927782298
8130.0 0.378799991747468
8132.0 0.37657943727247367
8134.0 0.37561236071024234
8136.0 0.37573960414507895
8138.0 0.37689150486283135
8140.0 0.37836709285867953
8142.0 0.37952941537459806
8144.0 0.379613065632285
8146.0 0.3793391932684809
8148.0 0.3806785730548377
8150.0 0.3822486670129836
8152.0 0.38384726911760975
8154.0 0.3841275240186517
8156.0 0.38451312321792624
8158.0 0.38809270483321606
8160.0 0.3881719661441191
8162.0 0.3846083351660477
8164.0 0.38215864536741123
8166.0 0.38216211449474496
8168.0 0.38199282264781675
8170.0 0.3828677099875905
8172.0 0.38259894179412
8174.0 0.38138047200561626
8176.0 0.37976213732960235
8178.0 0.3791440143586967
8180.0 0.3772701237082747
8182.0 0.3755385534075745
8184.0 0.3744978130924044
8186.0 0.373411488811758
8188.0 0.3722538952250493
8190.0 0.37176886708319035
8192.0 0.3702090804551736
8194.0 0.36827908032843043
8196.0 0.3659099030122194
8198.0 0.36479438820408133
8200.0 0.3641512820365003
8202.0 0.3649236624987001
8204.0 0.36446093115703826
8206.0 0.36412518406098
8208.0 0.3606602541940084
8210.0 0.35837191067127955
8212.0 0.3550037350941641
8214.0 0.35343538742856256
8216.0 0.35051022548880284
8218.0 0.3472274719349085
8220.0 0.344992840946931
8222.0 0.34422925535470256
8224.0 0.34216999209245774
8226.0 0.34006841934254417
8228.0 0.33870196201525243
8230.0 0.3370535850351775
8232.0 0.33351264634440914
8234.0 0.3312158415271846
8236.0 0.3280295461718156
8238.0 0.3258566177536719
8240.0 0.32260685071827966
8242.0 0.32090519597554396
8244.0 0.31939144869441755
8246.0 0.318261408213004
8248.0 0.3171193148364797
8250.0 0.3159890177622836
8252.0 0.31459030104974794
8254.0 0.31349840283554936
8256.0 0.31158407166160446
8258.0 0.30936254301052096
8260.0 0.30696892495476796
8262.0 0.30489082626221403
8264.0 0.30185035404866467
8266.0 0.2979840419263718
8268.0 0.2946360310115207
8270.0 0.29354806934045824
8272.0 0.2932103228021492
8274.0 0.29404130403656886
8276.0 0.29355033901992744
8278.0 0.2909069878435838
8280.0 0.28726746865903374
8282.0 0.28429679119052437
8284.0 0.28273330515065914
8286.0 0.2832141595233684
8288.0 0.28469857463756126
8290.0 0.2854172906806668
8292.0 0.2845593966519057
8294.0 0.2818451588486207
8296.0 0.2799653799070077
8298.0 0.28011851776084595
8300.0 0.28183560454755835
8302.0 0.2838501096188653
8304.0 0.2853564527586148
8306.0 0.28507438018660936
8308.0 0.28328603688119197
8310.0 0.2822510194494731
8312.0 0.282352635955851
8314.0 0.2827617772481774
8316.0 0.2833473065729404
8318.0 0.2841827050163159
8320.0 0.2840622287511869
8322.0 0.28303719535008
8324.0 0.2818975038486279
8326.0 0.27961297318597317
8328.0 0.27854195633293555
8330.0 0.2797492833231553
8332.0 0.2820617764684549
8334.0 0.2827663372156949
8336.0 0.2831731175191962
8338.0 0.28391376998723517
8340.0 0.28510557875142295
8342.0 0.2881131083703186
8344.0 0.29150934048437316
8346.0 0.2940367313758412
8348.0 0.29694948257474096
8350.0 0.3006273517562943
8352.0 0.3032968276155982
8354.0 0.3058416699414594
8356.0 0.3094088894936373
8358.0 0.3128923360285422
8360.0 0.31487744136364615
8362.0 0.3167783752973907
8364.0 0.3193768934858265
8366.0 0.32099238670073194
8368.0 0.32196405097124614
8370.0 0.323523966806251
8372.0 0.3244013605555829
8374.0 0.32674499041100813
8376.0 0.33136337276644084
8378.0 0.3364094716780079
8380.0 0.33919610316933085
8382.0 0.33975219950589214
8384.0 0.34029386539795325
8386.0 0.34195545605354993
8388.0 0.34477691239726527
8390.0 0.3469386217046165
8392.0 0.34813172750615795
8394.0 0.34926777200472364
8396.0 0.3496557563515131
8398.0 0.34895528352026084
8400.0 0.34789054333092456
8402.0 0.3489709578978182
8404.0 0.3502832904789268
8406.0 0.3483573723563297
8408.0 0.34481753756413164
8410.0 0.342120719763365
8412.0 0.3402197715889827
8414.0 0.3391571582496398
8416.0 0.3389472750329334
8418.0 0.33903604475855553
8420.0 0.3385620357747475
8422.0 0.33975036113877444
8424.0 0.34168751303005085
8426.0 0.3428742018778982
8428.0 0.3429157646025227
8430.0 0.34393011130862905
8432.0 0.34511274485452587
8434.0 0.347095901686629
8436.0 0.35041572438629387
8438.0 0.3551234119855211
8440.0 0.35898457393533834
8442.0 0.3603701132102837
8444.0 0.3591551807672897
8446.0 0.357634531587931
8448.0 0.35585263877561835
8450.0 0.3536571919628778
8452.0 0.35400896764077644
8454.0 0.35584701933176194
8456.0 0.3589442289952997
8458.0 0.3641488220565276
8460.0 0.36887260583398157
8462.0 0.37179794201897953
8464.0 0.3729115502794041
8466.0 0.3754148930294785
8468.0 0.3781637299131766
8470.0 0.38338086660399884
8472.0 0.3887558179932005
8474.0 0.3945985901547004
8476.0 0.3991811000837168
8478.0 0.40404855856836025
8480.0 0.40928007956591295
8482.0 0.4138389766872818
8484.0 0.41661349782829593
8486.0 0.41866126854901714
8488.0 0.4214164533201469
8490.0 0.42382103440380187
8492.0 0.4277637245703991
8494.0 0.43448817636717063
8496.0 0.4414654329650748
8498.0 0.4473335097738627
8500.0 0.45189922095120316
8502.0 0.4552789802943158
8504.0 0.4580495008641897
8506.0 0.4617690658644802
8508.0 0.46533354100846386
8510.0 0.4693317713886904
8512.0 0.4728923280888392
8514.0 0.47754653446307893
8516.0 0.4827442489716214
8518.0 0.4886979087091183
8520.0 0.49250989203558215
8522.0 0.4962524327007989
8524.0 0.5009131617797566
8526.0 0.5055978353205741
8528.0 0.5092068959056953
8530.0 0.5100155062057288
8532.0 0.5099024935212645
8534.0 0.5123317514166829
8536.0 0.5171275975304546
8538.0 0.5215234612023474
8540.0 0.5241963967060013
8542.0 0.5280332883687103
8544.0 0.5311288170806487
8546.0 0.5344975446582837
8548.0 0.5374488017894765
8550.0 0.5406288551166907
8552.0 0.5446994167574377
8554.0 0.550000071213585
8556.0 0.5545949976242309
8558.0 0.5592907178760314
8560.0 0.5644648802234946
8562.0 0.5698717134686615
8564.0 0.5753034829265867
8566.0 0.5805060689198366
8568.0 0.5861728994064952
8570.0 0.5900595856766654
8572.0 0.592632040207761
8574.0 0.5953591961700682
8576.0 0.5974092784901285
8578.0 0.5992039663487293
8580.0 0.6024728763953661
8582.0 0.6081497631751334
8584.0 0.6124752282099735
8586.0 0.6168155893610652
8588.0 0.6204795246960514
8590.0 0.6250613045990141
8592.0 0.6281942672370362
8594.0 0.629807877349331
8596.0 0.6307905526871732
8598.0 0.6336025078850193
8600.0 0.6370034162411
8602.0 0.6413576582444135
8604.0 0.6470180042744407
8606.0 0.652261267726437
8608.0 0.6571864752261765
8610.0 0.6610982127010789
8612.0 0.6636479521106535
8614.0 0.6660026848832138
8616.0 0.6710687437442997
8618.0 0.6798896051484146
8620.0 0.6883472225823027
8622.0 0.6972903917188166
8624.0 0.7028386000107654
8626.0 0.7055401185811542
8628.0 0.7065402710754389
8630.0 0.7104456889569238
8632.0 0.7149648389635639
8634.0 0.7195460402035853
8636.0 0.7255470387414302
8638.0 0.7307175970302666
8640.0 0.7343283054329762
8642.0 0.7361933499076452
8644.0 0.7367033353709037
8646.0 0.7351323076578912
8648.0 0.7333201195545471
8650.0 0.7304694653506276
8652.0 0.7276048640354889
8654.0 0.7248757021164354
8656.0 0.7233006696936065
8658.0 0.7242577532379019
8660.0 0.724687718576087
8662.0 0.7235220760001915
8664.0 0.7214584575787344
8666.0 0.7206253493022703
8668.0 0.7183601782070571
8670.0 0.7163561156077304
8672.0 0.7149569666811143
8674.0 0.7105255818455034
8676.0 0.7095566634126647
8678.0 0.7057536688862147
8680.0 0.7047787241111628
8682.0 0.7056976124466882
8684.0 0.7027299664501866
8686.0 0.6995571219152943
8688.0 0.69482878599303
8690.0 0.6913359174698459
8692.0 0.6892105279900141
8694.0 0.6876576895341782
8696.0 0.6868026025132371
8698.0 0.6866538666616262
8700.0 0.6860049925642048
8702.0 0.6870256438974053
8704.0 0.6880038933688135
8706.0 0.688969073444502
8708.0 0.6887310338829097
8710.0 0.6874990733060931
8712.0 0.6857239501992479
8714.0 0.6815785233318871
8716.0 0.6783974602384197
8718.0 0.6744166498003004
8720.0 0.671650018959861
8722.0 0.6664038185127866
8724.0 0.6625073270448258
8726.0 0.6578406432896393
8728.0 0.6545659633104842
8730.0 0.6511545535824164
8732.0 0.6480584715247882
8734.0 0.6448594070480335
8736.0 0.6382677803088458
8738.0 0.6313171581624186
8740.0 0.6254589696835879
8742.0 0.6208423268869939
8744.0 0.6160416576650378
8746.0 0.6126474477913256
8748.0 0.6086954744863594
8750.0 0.6027563249769631
8752.0 0.5984007563542241
8754.0 0.5934672633905278
8756.0 0.5896953538764899
8758.0 0.585789222633013
8760.0 0.583474594847597
8762.0 0.5795759776984786
8764.0 0.5750035304890682
8766.0 0.5695444402865507
8768.0 0.5649108593893719
8770.0 0.5598323699354177
8772.0 0.5565759730225027
8774.0 0.5527564789561535
8776.0 0.5467140300377593
8778.0 0.543835055599132
8780.0 0.5420095407023129
8782.0 0.5419205014064309
8784.0 0.5404253709184792
8786.0 0.5411124580794751
8788.0 0.5408247368089603
8790.0 0.5387068750222451
8792.0 0.5365437674852082
8794.0 0.5306066393791498
8796.0 0.5261440644616814
8798.0 0.5201003811207566
8800.0 0.5168199589634714
8802.0 0.5119937058010019
8804.0 0.5080905607513435
8806.0 0.5020839666916991
8808.0 0.49488850232435455
8810.0 0.4892604631494321
8812.0 0.4839891812532498
8814.0 0.4804037548975329
8816.0 0.47873809977550996
8818.0 0.4790955611738062
8820.0 0.4780566725552699
8822.0 0.4760736167641589
8824.0 0.4745196102114614
8826.0 0.47330101735729935
8828.0 0.47188169634494065
8830.0 0.4690403075291642
8832.0 0.4661841888299563
8834.0 0.4617236231856707
8836.0 0.4586218245410896
8838.0 0.4542709318301781
8840.0 0.4513759430048565
8842.0 0.4485739649857263
8844.0 0.4451952287294828
8846.0 0.4415425384195854
8848.0 0.4394779147384766
8850.0 0.43768154601351295
8852.0 0.4355501041551978
8854.0 0.4333999468540671
8856.0 0.4332971940481315
8858.0 0.43287281587839643
8860.0 0.4348113496779016
8862.0 0.4350896166969182
8864.0 0.43268631186577233
8866.0 0.4293558670582692
8868.0 0.42510219174079944
8870.0 0.4210180104885464
8872.0 0.41828947987804815
8874.0 0.41509875767310345
8876.0 0.4141711936055551
8878.0 0.41270769369963833
8880.0 0.41166969540218734
8882.0 0.40851953846172817
8884.0 0.40592597181373474
8886.0 0.404762885957585
8888.0 0.4051267005747458
8890.0 0.4070587159476503
8892.0 0.4081223653566773
8894.0 0.4066889836651951
8896.0 0.40258559612941736
8898.0 0.40076826528095827
8900.0 0.39864649573608973
8902.0 0.39753993377849345
8904.0 0.3967046277967688
8906.0 0.39474848031036297
8908.0 0.3939871099500721
8910.0 0.391168090978334
8912.0 0.3890448886398285
8914.0 0.3870314982687247
8916.0 0.3870146133239017
8918.0 0.3843301866242793
8920.0 0.3822778486920476
8922.0 0.3812275344606998
8924.0 0.38239771321888344
8926.0 0.38299328022821066
8928.0 0.3839230225903761
8930.0 0.38538348694179053
8932.0 0.3868955990363966
8934.0 0.38666147861259037
8936.0 0.3820820240581866
8938.0 0.3793716484543375
8940.0 0.3771593234918138
8942.0 0.375593817102702
8944.0 0.3731321030897587
8946.0 0.3700412944562326
8948.0 0.36888241180584286
8950.0 0.36551628561493255
8952.0 0.3651295934759186
8954.0 0.3640416160161179
8956.0 0.36386999942036463
8958.0 0.3630165421541782
8960.0 0.3645326871425351
8962.0 0.3665507723615956
8964.0 0.3691814356887765
8966.0 0.3699423670384506
8968.0 0.36704159471259534
8970.0 0.3647535083555927
8972.0 0.3632219875414065
8974.0 0.36412267256048264
8976.0 0.3652638634130045
8978.0 0.36627894927779425
8980.0 0.36648822123333175
8982.0 0.3639546343183033
8984.0 0.36080564581574465
8986.0 0.35731118372226606
8988.0 0.3555424120742105
8990.0 0.3548349303790439
8992.0 0.35600834871103443
8994.0 0.35576908655086315
8996.0 0.3550138651443542
8998.0 0.3516097294676615
9000.0 0.3476168232780253
9002.0 0.3427714564538896
9004.0 0.3399542403803581
9006.0 0.3374924125694386
9008.0 0.336834513240768
9010.0 0.33571400236046606
9012.0 0.33513285785921987
9014.0 0.33635520610568354
9016.0 0.3372854483010621
9018.0 0.33745686300513417
9020.0 0.3368587453230534
9022.0 0.334497061679048
9024.0 0.33017080387535463
9026.0 0.32445687556532427
9028.0 0.32031104897548723
9030.0 0.31703082961651335
9032.0 0.3165471919134343
9034.0 0.31727791977415754
9036.0 0.32030042007925874
9038.0 0.32448394323907365
9040.0 0.32744748784104244
9042.0 0.3305194300344206
9044.0 0.3309635640269607
9046.0 0.3314536657732119
9048.0 0.33291393210254755
9050.0 0.33485090294561726
9052.0 0.3344263163673137
9054.0 0.332392327208925
9056.0 0.3310064764066428
9058.0 0.3297957712020694
9060.0 0.32971671630127225
9062.0 0.3299695174018835
9064.0 0.3304034618833072
9066.0 0.3303752609125645
9068.0 0.33178962382957716
9070.0 0.3329963189852544
9072.0 0.33358909681623455
9074.0 0.33345467517821203
9076.0 0.33280507764079736
9078.0 0.3325196123980658
9080.0 0.33098523955895875
9082.0 0.3284232347085698
9084.0 0.3272437890975494
9086.0 0.32838094677278884
9088.0 0.32876316983748016
9090.0 0.3285155468088202
9092.0 0.3279313494161991
9094.0 0.32827970836399206
9096.0 0.3303978368018778
9098.0 0.3318906142092687
9100.0 0.33164347305529257
9102.0 0.3315902246712943
9104.0 0.33208085523740366
9106.0 0.33241960271424775
9108.0 0.3323572938029588
9110.0 0.331215535060977
9112.0 0.33004259561356875
9114.0 0.3280724001266262
9116.0 0.32690767258124387
9118.0 0.32633084440860627
9120.0 0.3262691510459297
9122.0 0.327471222997101
9124.0 0.32866401575541165
9126.0 0.3286394048278876
9128.0 0.3283399639963937
9130.0 0.32711747700967597
9132.0 0.32444695682780483
9134.0 0.3228510286129174
9136.0 0.32227249972986893
9138.0 0.3228811806121247
9140.0 0.3227939192679807
9142.0 0.321185744135873
9144.0 0.3199801218831073
9146.0 0.31758408714236447
9148.0 0.3174535941971209
9150.0 0.3211698214140938
9152.0 0.3253314980353394
9154.0 0.3273336551731039
9156.0 0.32645763126492355
9158.0 0.3255436572797833
9160.0 0.3247563367205697
9162.0 0.32617000417230496
9164.0 0.3288756120302813
9166.0 0.33091368985823905
9168.0 0.33291190376217045
9170.0 0.333667709476923
9172.0 0.33351779096729856
9174.0 0.3350320756714332
9176.0 0.3377559883227426
9178.0 0.33987801852579624
9180.0 0.34300188830918227
9182.0 0.3455824684291736
9184.0 0.3461073811237587
9186.0 0.3471361754955533
9188.0 0.3485934119376532
9190.0 0.35120079325492154
9192.0 0.35350132744890017
9194.0 0.3550664630862571
9196.0 0.3575464987825011
9198.0 0.35814850677087257
9200.0 0.3570973116520566
9202.0 0.3555917597558813
9204.0 0.35528221852225156
9206.0 0.35365255224009284
9208.0 0.35182163207164513
9210.0 0.35019296893565843
9212.0 0.34913297327854176
9214.0 0.34905070733176324
9216.0 0.3481636537814996
9218.0 0.3473643997906446
9220.0 0.34429624657717045
9222.0 0.3407930743764985
9224.0 0.33807336348749234
9226.0 0.3380774469477543
9228.0 0.34034931782939687
9230.0 0.3421943140597888
9232.0 0.34371644827048314
9234.0 0.3443781165193403
9236.0 0.34432869477594213
9238.0 0.3437199780366349
9240.0 0.344714773900048
9242.0 0.3454753835259362
9244.0 0.34591972148693073
9246.0 0.34590016010559493
9248.0 0.346236753259158
9250.0 0.3475864438524538
9252.0 0.3494050339435651
9254.0 0.3496841688718149
9256.0 0.3499449292046704
9258.0 0.3505173874584197
9260.0 0.3501152334076373
9262.0 0.34909098751761897
9264.0 0.3465971238766623
9266.0 0.34466908949452585
9268.0 0.34282403712234377
9270.0 0.34279827965091997
9272.0 0.3436386461368779
9274.0 0.3451046100469769
9276.0 0.3449956730407878
9278.0 0.3434121477325221
9280.0 0.34397112121820306
9282.0 0.34531156147937053
9284.0 0.3457606274728794
9286.0 0.34441813483778644
9288.0 0.341543044672498
9290.0 0.33949106319114
9292.0 0.3389203138252249
9294.0 0.34267350054306417
9296.0 0.35205034695561543
9298.0 0.3597288946082482
9300.0 0.36336125653746637
9302.0 0.36323206109389977
9304.0 0.3641029799339494
9306.0 0.3617281881111312
9308.0 0.3608232969973096
9310.0 0.36443356028095136
9312.0 0.36854915219546325
9314.0 0.37096757924407536
9316.0 0.36927826639891154
9318.0 0.36151951600631566
9320.0 0.34614968407749314
9322.0 0.34057064544285187
9324.0 0.3423386463367709
9326.0 0.34223873369960417
9328.0 0.3402196946975822
9330.0 0.33771774435052504
9332.0 0.33443336692361664
9334.0 0.33029285508441314
9336.0 0.3332660588059052
9338.0 0.338308821078739
9340.0 0.35001528567015394
9342.0 0.3628264428634607
9344.0 0.3656121457575848
9346.0 0.35943940377305333
9348.0 0.3523494511833113
9350.0 0.3514095908869641
9352.0 0.3504314887546747
9354.0 0.3490096914093075
9356.0 0.34913358499136626
9358.0 0.34534920475450337
9360.0 0.3431482632642782
9362.0 0.34277241643397227
9364.0 0.34145659631630737
9366.0 0.33808610838853553
9368.0 0.33494384878601186
9370.0 0.33614344719308653
9372.0 0.33895679289917746
9374.0 0.3406091993731701
9376.0 0.34646701808472125
9378.0 0.35311537556815165
9380.0 0.3587161366017609
9382.0 0.36171697249038764
9384.0 0.3641920448413998
9386.0 0.3642987674129169
9388.0 0.3610782745556814
9390.0 0.3579006341782115
9392.0 0.35300757945435257
9394.0 0.3489876394920921
9396.0 0.34809532367860985
9398.0 0.3489615962661517
9400.0 0.35034385095749915
9402.0 0.3506017507941891
9404.0 0.3482355117844291
9406.0 0.3496978982762389
9408.0 0.3506230560520332
9410.0 0.3524266252758682
9412.0 0.35212043687370204
9414.0 0.3493629935147594
9416.0 0.34847920058569426
9418.0 0.34976770986836836
9420.0 0.3543505957794718
9422.0 0.3565698650217439
9424.0 0.3543694379802817
9426.0 0.35222146908588686
9428.0 0.3524525913873695
9430.0 0.3571386033437405
9432.0 0.36118659288941823
9434.0 0.3611813075593962
9436.0 0.3560087841181584
9438.0 0.3453388568466997
9440.0 0.33963628123125406
9442.0 0.33994927324145296
9444.0 0.34306065619987364
9446.0 0.3454628074151515
9448.0 0.34274504889878693
9450.0 0.33675071402159584
9452.0 0.3317390965076177
9454.0 0.3286079612555631
9456.0 0.3248051561260044
9458.0 0.3230237905752231
9460.0 0.3234993004437843
9462.0 0.32784684687894644
9464.0 0.33277263490031256
9466.0 0.33320693291559667
9468.0 0.3314550158410543
9470.0 0.330529272493279
9472.0 0.3409711954084124
9474.0 0.3496817002507837
9476.0 0.3563509724968575
9478.0 0.3545208121374706
9480.0 0.347152688589869
9482.0 0.33671880225180933
9484.0 0.3219651185518876
9486.0 0.31869174481047013
9488.0 0.3212864056448492
9490.0 0.324376601692397
9492.0 0.32829252000887066
9494.0 0.3273914754304148
9496.0 0.32170859347410385
9498.0 0.3163851726754602
9500.0 0.3170173714527037
9502.0 0.32154648373350825
9504.0 0.3194026488412257
9506.0 0.3230850653521783
9508.0 0.3241848707445112
9510.0 0.32478277220962487
9512.0 0.32282146194562733
9514.0 0.31894878831863993
9516.0 0.3170831199601533
9518.0 0.31705934063820246
9520.0 0.3202160684871888
9522.0 0.3181354767666761
9524.0 0.3133710458580828
9526.0 0.3078597861449179
9528.0 0.30110731145116854
9530.0 0.29665578495325445
9532.0 0.29287993813462065
9534.0 0.29455038585547205
9536.0 0.29360450619891226
9538.0 0.29289967026798513
9540.0 0.2926322964181934
9542.0 0.2912147773301414
9544.0 0.29012981851333997
9546.0 0.29182673702202544
9548.0 0.2909320589564611
9550.0 0.2895668921291473
9552.0 0.28826555035064116
9554.0 0.2895510444396796
9556.0 0.2912672998262789
9558.0 0.291006413114918
9560.0 0.2910592577124505
9562.0 0.29059630801973224
9564.0 0.2891575923211273
9566.0 0.28868111645475475
9568.0 0.2886904537909156
9570.0 0.29009024742413836
9572.0 0.2894788135328652
9574.0 0.28771262379744944
9576.0 0.2849457603627824
9578.0 0.28462311499643406
9580.0 0.28362364331221374
9582.0 0.28271244256547845
9584.0 0.2838684321310579
9586.0 0.28508334380484673
9588.0 0.28781053961973385
9590.0 0.28701199984459086
9592.0 0.28350002380694406
9594.0 0.2801055068510808
9596.0 0.28070356580947764
9598.0 0.28295186222586416
9600.0 0.2857632776091026
9602.0 0.28913643226216124
9604.0 0.28619125456352107
9606.0 0.2818103563363849
9608.0 0.2760462361756029
9610.0 0.2762674456710508
9612.0 0.27825701636835765
9614.0 0.2824971810935301
9616.0 0.28387369244095795
9618.0 0.2845970610872247
9620.0 0.2849544723529183
9622.0 0.2842992317169648
9624.0 0.2812535897471571
9626.0 0.28085441367915676
9628.0 0.28392994525215576
9630.0 0.2873404210346009
9632.0 0.29186381816789203
9634.0 0.2926133714272697
9636.0 0.2900551423747141
9638.0 0.2808145036993042
9640.0 0.2761560530600293
9642.0 0.2768338736352194
9644.0 0.2802057992093267
9646.0 0.2820501171942002
9648.0 0.27882760351168334
9650.0 0.27780510309457357
9652.0 0.27483526451727375
9654.0 0.275367807375912
9656.0 0.2735149615534165
9658.0 0.27075116841274277
9660.0 0.26889820163756906
9662.0 0.26854494229316933
9664.0 0.26929087547523767
9666.0 0.2715243682086398
9668.0 0.2749080523331319
9670.0 0.27859832274246643
9672.0 0.27535192353260346
9674.0 0.26889762445747606
9676.0 0.26467324948198057
9678.0 0.2624567980019284
9680.0 0.26510209117297107
9682.0 0.27189635225106934
9684.0 0.279869486255128
9686.0 0.28398397655862595
9688.0 0.28711169014442467
9690.0 0.28671461252090913
9692.0 0.28454027075190114
9694.0 0.2819768163320358
9696.0 0.2803926399861706
9698.0 0.27815900164718066
9700.0 0.27748046680779415
9702.0 0.2782325779514084
9704.0 0.2758751228291593
9706.0 0.27272247281892986
9708.0 0.26910886628921526
9710.0 0.26606343135572963
9712.0 0.262744318996113
9714.0 0.2630513001901361
9716.0 0.26141202491905585
9718.0 0.2600357088992275
9720.0 0.25736602218191507
9722.0 0.258031334290998
9724.0 0.26012556981290896
9726.0 0.26012197970466194
9728.0 0.26211408417084553
9730.0 0.2650909052528622
9732.0 0.2692060236136881
9734.0 0.27092851498810866
9736.0 0.2751044015076944
9738.0 0.2787031541069688
9740.0 0.2776666917077805
9742.0 0.2734706623955067
9744.0 0.26962883960194906
9746.0 0.2671869212748
9748.0 0.2668702189878762
9750.0 0.269938731247415
9752.0 0.273040441052473
9754.0 0.27637317774728254
9756.0 0.27970836243092323
9758.0 0.2782641440219076
9760.0 0.27047864839004404
9762.0 0.26383813890053237
9764.0 0.2634007040525948
9766.0 0.2680168585601632
9768.0 0.2678491904554691
9770.0 0.26534297837684384
9772.0 0.2630975276545218
9774.0 0.26385923706122494
9776.0 0.26507056433875176
9778.0 0.26268427871891487
9780.0 0.25793976667749674
9782.0 0.256909665933552
9784.0 0.2598513560131044
9786.0 0.26187083353062995
9788.0 0.2607529504791699
9790.0 0.2582999785390465
9792.0 0.2560822498176306
9794.0 0.25346375303939456
9796.0 0.25607232573621
9798.0 0.2592606276731789
9800.0 0.2598218603306831
9802.0 0.2576059065273284
9804.0 0.2591116969278233
9806.0 0.264617656799245
9808.0 0.26889049167005824
9810.0 0.27120925124466244
9812.0 0.26980491472390505
9814.0 0.26550607378779323
9816.0 0.2633425173089804
9818.0 0.2663353512779458
9820.0 0.2723723227415116
9822.0 0.2719484466113995
9824.0 0.2632371561832887
9826.0 0.2547364513346076
9828.0 0.24893270665682046
9830.0 0.2505888555827895
9832.0 0.2570425861792509
9834.0 0.26315414630344347
9836.0 0.2650657199652165
9838.0 0.26851494233986367
9840.0 0.26888179177766786
9842.0 0.26439190358023895
9844.0 0.26001615329099265
9846.0 0.25904962900359424
9848.0 0.26082416002642955
9850.0 0.2626639032757228
9852.0 0.2647877459105201
9854.0 0.26708571725801583
9856.0 0.2697840301506729
9858.0 0.2691856050419863
9860.0 0.2645497993490513
9862.0 0.2594687521765381
9864.0 0.2568987339318214
9866.0 0.25548391659638564
9868.0 0.2565663790303326
9870.0 0.2599286235503087
9872.0 0.26267907889155284
9874.0 0.26446634938181424
9876.0 0.26367144226159656
9878.0 0.25986598733708144
9880.0 0.25619631806729365
9882.0 0.25935728843646577
9884.0 0.2665289996180748
9886.0 0.26670883191398137
9888.0 0.26177231998515305
9890.0 0.25711062326903866
9892.0 0.25325212014750914
9894.0 0.2501931098026127
9896.0 0.2501995337292254
9898.0 0.25442754349430513
9900.0 0.2584041756108196
9902.0 0.26235597322946363
9904.0 0.26552928900737605
9906.0 0.26726647631417966
9908.0 0.2641064579201002
9910.0 0.2601559743479609
9912.0 0.2605633824836071
9914.0 0.25957732931299804
9916.0 0.2506329974805099
9918.0 0.2485706605941912
9920.0 0.2529071460444363
9922.0 0.25468846996181
9924.0 0.25804686689006434
9926.0 0.2620945554894444
9928.0 0.2616794554119929
9930.0 0.2571756260144971
9932.0 0.26087302229703163
9934.0 0.26524193003961544
9936.0 0.2654835952081266
9938.0 0.26558411076154326
9940.0 0.2637952635257282
9942.0 0.2609698401279782
9944.0 0.2598643067261384
9946.0 0.26301049608902743
9948.0 0.2642979331712842
9950.0 0.2618256944148298
9952.0 0.259493476695985
9954.0 0.25860103775655363
9956.0 0.2616606053733958
9958.0 0.2684752137820972
9960.0 0.27556125078684857
9962.0 0.2732125484403932
9964.0 0.26463636828316206
9966.0 0.25963332346459317
9968.0 0.26054032849166137
9970.0 0.26574768693628587
9972.0 0.2657670185163469
9974.0 0.2590612227130092
9976.0 0.2563034900002624
9978.0 0.25812459447958114
9980.0 0.25645714164364475
9982.0 0.2616654759684811
9984.0 0.2751719877684465
9986.0 0.2788768880411454
9988.0 0.27026876635383523
9990.0 0.26066430343743857
9992.0 0.25619302796160454
9994.0 0.25510161149740324
9996.0 0.2560060954581507
9998.0 0.2629113660037543
