# z obs_date
# 0 52280
3580.0 0.6292021385907466
3582.0 0.6060692906938715
3584.0 0.5949720290419137
3586.0 0.6482078792334335
3588.0 0.6128365011819135
3590.0 0.5723380463012856
3592.0 0.6175088480992129
3594.0 0.6082718662408289
3596.0 0.5759769007707557
3598.0 0.6001719097441139
3600.0 0.6404847262075982
3602.0 0.6252151200888296
3604.0 0.6032819830776233
3606.0 0.6269545379371103
3608.0 0.6554988019555433
3610.0 0.6508166072872065
3612.0 0.6374755255055943
3614.0 0.6625467747227309
3616.0 0.667151506727928
3618.0 0.6331070759375561
3620.0 0.6518710060253916
3622.0 0.6901281839411734
3624.0 0.6785658292481982
3626.0 0.6405694905375949
3628.0 0.6280128988833719
3630.0 0.6563775968316855
3632.0 0.6422696235897836
3634.0 0.6462193750058957
3636.0 0.6364439608377681
3638.0 0.6709197758627146
3640.0 0.656630408476145
3642.0 0.6331084538285656
3644.0 0.6243319454647805
3646.0 0.6537028123227736
3648.0 0.647923962414569
3650.0 0.6107989138128471
3652.0 0.5927867928383357
3654.0 0.5967350769290259
3656.0 0.5910774685922386
3658.0 0.5797911446559284
3660.0 0.557282080712807
3662.0 0.5729408100174569
3664.0 0.6070681602276883
3666.0 0.6029156984068601
3668.0 0.5633585770895431
3670.0 0.568261923334779
3672.0 0.5846348297558177
3674.0 0.5912728336851284
3676.0 0.5727144263821328
3678.0 0.5878980458373286
3680.0 0.5656525010235031
3682.0 0.5739628431152508
3684.0 0.578018004893355
3686.0 0.5757665912441866
3688.0 0.5948915291960326
3690.0 0.5769619377424204
3692.0 0.5673688081886233
3694.0 0.5710068079665613
3696.0 0.5627800300801851
3698.0 0.5661249906691055
3700.0 0.5991186261288726
3702.0 0.5793025095525821
3704.0 0.5908191770879938
3706.0 0.575332020297998
3708.0 0.588406040936835
3710.0 0.6062759812521618
3712.0 0.6121023433013494
3714.0 0.6111680367762325
3716.0 0.6096639903035136
3718.0 0.6184786256724293
3720.0 0.6390664875550315
3722.0 0.6262888331546481
3724.0 0.6224479514402773
3726.0 0.5909523077040235
3728.0 0.5950103069620986
3730.0 0.615218118400825
3732.0 0.6230238571459348
3734.0 0.4764718978060115
3736.0 0.6292541737975
3738.0 0.6409858566669678
3740.0 0.620963342990766
3742.0 0.6643232710849396
3744.0 0.7196977303313292
3746.0 0.6219331521442742
3748.0 0.6343740283664229
3750.0 0.6575832805886292
3752.0 0.6649899206720994
3754.0 0.6579312287881672
3756.0 0.5585727489485691
3758.0 0.5988649927533108
3760.0 0.6388984264489227
3762.0 0.709244839837498
3764.0 0.7069112063295172
3766.0 0.6893493243305175
3768.0 0.6723359149376509
3770.0 0.6937635174248129
3772.0 0.6082785751827089
3774.0 0.6575735952906135
3776.0 0.6324289621580776
3778.0 0.5232050474567884
3780.0 0.5584798183198844
3782.0 0.6364546373573735
3784.0 0.6678103959702877
3786.0 0.63498804290333
3788.0 0.6542516659241296
3790.0 0.672457439678717
3792.0 0.6516558035214244
3794.0 0.6634512386307996
3796.0 0.6635463996060321
3798.0 0.6661846257393411
3800.0 0.6458301271764816
3802.0 0.6596711132120184
3804.0 0.6562843741207238
3806.0 0.6266514166576308
3808.0 0.6360983903534396
3810.0 0.6348282270642115
3812.0 0.595762864834245
3814.0 0.5884248116434043
3816.0 0.5715564192498016
3818.0 0.5626743600788725
3820.0 0.5484905814740307
3822.0 0.5453303166412999
3824.0 0.5633415834836253
3826.0 0.6165907924270791
3828.0 0.552798086066416
3830.0 0.5345751174930763
3832.0 0.5321472453535628
3834.0 0.5345126233943098
3836.0 0.5628702614480547
3838.0 0.6312739175605638
3840.0 0.5332562049075682
3842.0 0.5357974161349641
3844.0 0.5358485767167173
3846.0 0.5270867719933794
3848.0 0.5374843643325323
3850.0 0.5641142922616853
3852.0 0.5866907818630054
3854.0 0.5813709297694758
3856.0 0.5550917585142168
3858.0 0.5278433836161919
3860.0 0.5423178616393749
3862.0 0.5416522211999077
3864.0 0.5716647075095674
3866.0 0.5940534758250022
3868.0 0.5501852825024188
3870.0 0.4902312143698229
3872.0 0.5271238899564844
3874.0 0.5523186504436952
3876.0 0.5714999922845386
3878.0 0.5664282095444289
3880.0 0.5505965822759482
3882.0 0.582332225457166
3884.0 0.5781658977052044
3886.0 0.5932006770569329
3888.0 0.591561661580655
3890.0 0.5859679317108812
3892.0 0.5888347578875159
3894.0 0.6096433351335533
3896.0 0.5884814399048578
3898.0 0.5878462638741466
3900.0 0.5983768711035251
3902.0 0.6043063669491856
3904.0 0.5858770676547582
3906.0 0.6165273374854148
3908.0 0.5837000268417328
3910.0 0.6014494870400376
3912.0 0.6049834724995038
3914.0 0.5952260338478416
3916.0 0.5969696792410507
3918.0 0.6478132278431205
3920.0 0.6295874032781847
3922.0 0.6252464324859641
3924.0 0.6258121836297842
3926.0 0.6314089168302344
3928.0 0.6590192941954869
3930.0 0.637058456605721
3932.0 0.6456804213010413
3934.0 0.6654895876006954
3936.0 0.6735801350388128
3938.0 0.6566700955204346
3940.0 0.6609086102873478
3942.0 0.6702514040755857
3944.0 0.6673584188281447
3946.0 0.6879695233050866
3948.0 0.6800835192533229
3950.0 0.6706474183651387
3952.0 0.7075103566814238
3954.0 0.7121807312631072
3956.0 0.691873471035184
3958.0 0.6814269147958512
3960.0 0.698178999520034
3962.0 0.6689841400972949
3964.0 0.6846875503412821
3966.0 0.6785285545102892
3968.0 0.6939726048274781
3970.0 0.7163874819613864
3972.0 0.7261654544115903
3974.0 0.6830148640709603
3976.0 0.6899165005234342
3978.0 0.6799185970786465
3980.0 0.6749391778988981
3982.0 0.6862373487954951
3984.0 0.7023244367621061
3986.0 0.7132967374571105
3988.0 0.708200326150018
3990.0 0.7304322545876394
3992.0 0.7266327447925226
3994.0 0.7543103030703838
3996.0 0.7662955364691192
3998.0 0.7289760554439232
4000.0 0.705686515986483
4002.0 0.7210890581876176
4004.0 0.7292347122834006
4006.0 0.741656581790869
4008.0 0.7529983448546103
4010.0 0.6928036718700522
4012.0 0.7012992760961948
4014.0 0.7133210341508021
4016.0 0.7336573696815472
4018.0 0.7451455049152048
4020.0 0.7441485766681861
4022.0 0.7084722939301454
4024.0 0.7047956539685575
4026.0 0.7420156974753996
4028.0 0.7654909366017728
4030.0 0.7451942978579453
4032.0 0.7297941589031949
4034.0 0.7427517723791648
4036.0 0.717202767681893
4038.0 0.7041992373584927
4040.0 0.6858690598329529
4042.0 0.6931185558361365
4044.0 0.6873704243199052
4046.0 0.6821789292591173
4048.0 0.6767283319169217
4050.0 0.6977084993993842
4052.0 0.6859630053879913
4054.0 0.6549396150819056
4056.0 0.6915528881906091
4058.0 0.6848665000847226
4060.0 0.6608026381961724
4062.0 0.6475126746854225
4064.0 0.6436191474339982
4066.0 0.6796203460240893
4068.0 0.6637389981591224
4070.0 0.6724288276097405
4072.0 0.7022306369683374
4074.0 0.6938549642842794
4076.0 0.663531908179014
4078.0 0.6656800631754067
4080.0 0.6316012407152725
4082.0 0.6487499337467338
4084.0 0.6643222207096803
4086.0 0.6584370978993633
4088.0 0.6409615313251923
4090.0 0.6700876734911949
4092.0 0.6781705325383519
4094.0 0.6780905387157243
4096.0 0.6835455574034798
4098.0 0.7178681823847004
4100.0 0.6896049795267961
4102.0 0.6904181896124311
4104.0 0.7190904060286291
4106.0 0.7296088921104158
4108.0 0.7246842368544395
4110.0 0.7138025764271582
4112.0 0.7047706172509166
4114.0 0.6835711848840771
4116.0 0.6869326834223426
4118.0 0.717032779360995
4120.0 0.7255506888343359
4122.0 0.7289665116408827
4124.0 0.712327928922939
4126.0 0.6933287096635137
4128.0 0.7079836027308811
4130.0 0.6960519073744567
4132.0 0.6707522325051674
4134.0 0.6467557912048078
4136.0 0.6537200968402477
4138.0 0.6929695778218927
4140.0 0.6981792149447795
4142.0 0.6768140902124701
4144.0 0.6735342885607645
4146.0 0.6821504285147262
4148.0 0.6848250572478835
4150.0 0.6531015381472158
4152.0 0.6513858664592533
4154.0 0.6679193682726771
4156.0 0.6690342196545201
4158.0 0.6820574780910202
4160.0 0.6627590597223653
4162.0 0.6764075165794945
4164.0 0.65760497552738
4166.0 0.6567354823330319
4168.0 0.6795046231628454
4170.0 0.6650192345989782
4172.0 0.6587978703315158
4174.0 0.6432195331797291
4176.0 0.6515396061408092
4178.0 0.669645475052209
4180.0 0.6654565506136445
4182.0 0.6756524348517771
4184.0 0.6787803800439809
4186.0 0.6686780255930437
4188.0 0.6610209329053544
4190.0 0.6599668505510551
4192.0 0.6475609342817734
4194.0 0.6583054318426581
4196.0 0.6740249897836349
4198.0 0.6752576258582258
4200.0 0.6693303687728482
4202.0 0.6574985170673188
4204.0 0.6285544514587453
4206.0 0.6471350517809862
4208.0 0.6729805997219583
4210.0 0.6640004348361399
4212.0 0.6473211042152885
4214.0 0.6542165969678861
4216.0 0.6478351379701727
4218.0 0.6513054731947385
4220.0 0.6569886534091804
4222.0 0.6551592129716566
4224.0 0.6475205422656235
4226.0 0.6513679667922279
4228.0 0.6673649146459865
4230.0 0.6730075600946968
4232.0 0.6703587861582903
4234.0 0.6625774241012465
4236.0 0.6731648557366664
4238.0 0.6804929245835273
4240.0 0.6638613129720785
4242.0 0.64170251886282
4244.0 0.6481749328498936
4246.0 0.6324215990235237
4248.0 0.6489242503861913
4250.0 0.6387785036647518
4252.0 0.6446413467852978
4254.0 0.6298523754863035
4256.0 0.6124640085910295
4258.0 0.6008411231354451
4260.0 0.6065575036411904
4262.0 0.5868613760181338
4264.0 0.6057473143077546
4266.0 0.6129954130250758
4268.0 0.6006958260574708
4270.0 0.5955816833496352
4272.0 0.6250402317431325
4274.0 0.6129618174398453
4276.0 0.618707489272324
4278.0 0.6030563071931447
4280.0 0.5846200128887084
4282.0 0.5893419855530369
4284.0 0.5634488521129142
4286.0 0.5586850767065205
4288.0 0.5570983835294665
4290.0 0.570812679511116
4292.0 0.5658192280988876
4294.0 0.587545279107315
4296.0 0.6060123449070225
4298.0 0.5782110295913133
4300.0 0.5667472288462218
4302.0 0.5824489543312142
4304.0 0.5883781097161954
4306.0 0.551387740289072
4308.0 0.5375361069782579
4310.0 0.5413058852222383
4312.0 0.5599758190442774
4314.0 0.5568562540208211
4316.0 0.5616040776658993
4318.0 0.557449597769627
4320.0 0.563557922377609
4322.0 0.5842207200191166
4324.0 0.583785487489939
4326.0 0.5737810737871052
4328.0 0.5712246429478298
4330.0 0.5929355577319966
4332.0 0.6180236737625843
4334.0 0.6120106804046712
4336.0 0.5829534961562328
4338.0 0.591003735552526
4340.0 0.612346307180441
4342.0 0.6232378937583316
4344.0 0.6097711530405533
4346.0 0.6383059267182007
4348.0 0.6464456757505681
4350.0 0.6332290581387864
4352.0 0.6511952044219802
4354.0 0.6451964453378894
4356.0 0.6591868532850781
4358.0 0.6861809699864533
4360.0 0.6742784494298117
4362.0 0.6689164687422394
4364.0 0.6551442797604882
4366.0 0.6570163024527098
4368.0 0.6580919018977126
4370.0 0.653967736772125
4372.0 0.6422624052407698
4374.0 0.6495655180171458
4376.0 0.6682698939708306
4378.0 0.6553582029049778
4380.0 0.6648376142122921
4382.0 0.6795175133369213
4384.0 0.6811191573620615
4386.0 0.6673484928446923
4388.0 0.6668931205745309
4390.0 0.6603200150997038
4392.0 0.6324637003539265
4394.0 0.6626299278425081
4396.0 0.6720731569117883
4398.0 0.6670300546374853
4400.0 0.6606280681269907
4402.0 0.6519893128773142
4404.0 0.6492006478044748
4406.0 0.6511400136722575
4408.0 0.6421311312555747
4410.0 0.6394580257212849
4412.0 0.6410254139526764
4414.0 0.6453895722797763
4416.0 0.6210914561309444
4418.0 0.6205143533079328
4420.0 0.6346700996772903
4422.0 0.6377897008784379
4424.0 0.627098690296305
4426.0 0.5967974156754458
4428.0 0.607972286894274
4430.0 0.6198222724202943
4432.0 0.5991313215288053
4434.0 0.586712158010627
4436.0 0.581017896126694
4438.0 0.5969737890835127
4440.0 0.5966742487110294
4442.0 0.5887983133232776
4444.0 0.58411027829665
4446.0 0.5629282344866581
4448.0 0.566230583682567
4450.0 0.5623268232460896
4452.0 0.5732012573734987
4454.0 0.567923327808823
4456.0 0.5631655384581441
4458.0 0.5600164750811817
4460.0 0.5479103299468892
4462.0 0.5529695833928727
4464.0 0.5519164800155572
4466.0 0.551017945531797
4468.0 0.5373132556136475
4470.0 0.5567777784201463
4472.0 0.5649007951944196
4474.0 0.549082268413879
4476.0 0.5488711426178822
4478.0 0.5557689962441055
4480.0 0.5641106451153239
4482.0 0.5706328778936507
4484.0 0.568694719823404
4486.0 0.5650646062518632
4488.0 0.5582770993644849
4490.0 0.57501043322851
4492.0 0.5767619358310668
4494.0 0.5497030816747569
4496.0 0.5458578237304011
4498.0 0.5677870405388332
4500.0 0.5851312331961437
4502.0 0.6030118792573832
4504.0 0.5856297373314221
4506.0 0.5745102424203226
4508.0 0.5787229200386939
4510.0 0.595100243172575
4512.0 0.5938743598325952
4514.0 0.6112738972034304
4516.0 0.6214602119850516
4518.0 0.6199367301851363
4520.0 0.6220745824726012
4522.0 0.6304124164780225
4524.0 0.626972248418977
4526.0 0.6148730139983517
4528.0 0.6128757735367251
4530.0 0.5887840119817563
4532.0 0.601072084960475
4534.0 0.6214768756802416
4536.0 0.6203686851592872
4538.0 0.6129431379324789
4540.0 0.6160020611277403
4542.0 0.6357927892062647
4544.0 0.6267489057211129
4546.0 0.6265256907699434
4548.0 0.6274983765441409
4550.0 0.6349835108054465
4552.0 0.6326192419578444
4554.0 0.6223881409024229
4556.0 0.6335612499425618
4558.0 0.6502751587619776
4560.0 0.6444156801301396
4562.0 0.6595066758925292
4564.0 0.6677806242127374
4566.0 0.6594266275354036
4568.0 0.6686469550403488
4570.0 0.6731434765018113
4572.0 0.6762560815540399
4574.0 0.677033381418394
4576.0 0.6727270573183027
4578.0 0.6852278907460432
4580.0 0.7189593634566772
4582.0 0.7104201869419634
4584.0 0.7167611384700882
4586.0 0.7324726185065268
4588.0 0.7328950991354354
4590.0 0.7566725933673722
4592.0 0.7786680609496142
4594.0 0.7889549877254906
4596.0 0.7942735542163663
4598.0 0.8145131403146315
4600.0 0.8272064195286255
4602.0 0.8423991839721633
4604.0 0.8652394823765934
4606.0 0.8797767844424981
4608.0 0.8778958765337751
4610.0 0.8855513681755054
4612.0 0.898685981155574
4614.0 0.9200126598694149
4616.0 0.9179502393478536
4618.0 0.9123596942837034
4620.0 0.9163924987209946
4622.0 0.9143624134992396
4624.0 0.9313999172844554
4626.0 0.9463951537549611
4628.0 0.9005126973072305
4630.0 0.9184608614629953
4632.0 0.9227353790514845
4634.0 0.928186575150768
4636.0 0.9338875389790483
4638.0 0.9057321416418238
4640.0 0.8998427077633439
4642.0 0.9143772666021308
4644.0 0.9279424942118379
4646.0 0.9332894318852022
4648.0 0.9396574182411429
4650.0 0.9389654121912315
4652.0 0.9216810312435981
4654.0 0.9267328250729504
4656.0 0.9426213548013551
4658.0 0.9481619922796144
4660.0 0.940994991855671
4662.0 0.9608690774513649
4664.0 0.9676093362519116
4666.0 0.9655379677387285
4668.0 0.9613814030312136
4670.0 0.9588138331629144
4672.0 0.9696675625471048
4674.0 0.9779015720581368
4676.0 0.9833925643805849
4678.0 0.9656937495246736
4680.0 0.9730707910111832
4682.0 1.0
4684.0 0.9987905469530038
4686.0 0.9987653477524542
4688.0 0.9988164067908611
4690.0 0.9888256913766308
4692.0 0.9678965425379618
4694.0 0.9501019371523409
4696.0 0.9491234118907746
4698.0 0.9287701838778407
4700.0 0.9125236781412797
4702.0 0.9074918375160087
4704.0 0.9050517080831034
4706.0 0.8920162815916474
4708.0 0.8655239020677454
4710.0 0.8682081695634112
4712.0 0.855260867524853
4714.0 0.8555215415650198
4716.0 0.8467458242106725
4718.0 0.8287980291326399
4720.0 0.8229448880879793
4722.0 0.7901915131882529
4724.0 0.7992607470666315
4726.0 0.8093423180692773
4728.0 0.7798051738379663
4730.0 0.76635069239681
4732.0 0.750272988004668
4734.0 0.733098054872059
4736.0 0.7154803900399714
4738.0 0.7133515703837607
4740.0 0.7283433068901182
4742.0 0.7179648618554569
4744.0 0.7005281315218592
4746.0 0.6900027017613577
4748.0 0.6830378083500502
4750.0 0.664058580168888
4752.0 0.6483593965957822
4754.0 0.6523293626534842
4756.0 0.6535766336230939
4758.0 0.6411679267453525
4760.0 0.6351037281152933
4762.0 0.6416132637555962
4764.0 0.6457974640837083
4766.0 0.6524153523578833
4768.0 0.6257052327618576
4770.0 0.6346699305793728
4772.0 0.6462873528048383
4774.0 0.6398363650397624
4776.0 0.6304583448048441
4778.0 0.6221570083383225
4780.0 0.6194733516017279
4782.0 0.6243038956166176
4784.0 0.6306292917632318
4786.0 0.6415476036369434
4788.0 0.6212881782276607
4790.0 0.6067698926640465
4792.0 0.6156933516943518
4794.0 0.6317093982931274
4796.0 0.6187455227210522
4798.0 0.6042004958866004
4800.0 0.6156272714798905
4802.0 0.615976848973149
4804.0 0.6030403086950312
4806.0 0.6100304314902644
4808.0 0.6135506138633908
4810.0 0.5968090586444748
4812.0 0.5980405666605356
4814.0 0.5924399414913294
4816.0 0.5933023453471388
4818.0 0.5974169324184145
4820.0 0.5932018861189257
4822.0 0.5903957188834156
4824.0 0.5806174018027239
4826.0 0.5979933622898131
4828.0 0.6076379174209083
4830.0 0.5970884840541323
4832.0 0.608374016577958
4834.0 0.6308007908374508
4836.0 0.6296636133974486
4838.0 0.6363080841766618
4840.0 0.6420024678741748
4842.0 0.6582439255311024
4844.0 0.6657615337897941
4846.0 0.6680907846430646
4848.0 0.6663692003752477
4850.0 0.6661441734635675
4852.0 0.6893892558069427
4854.0 0.7037272209204394
4856.0 0.6939123245458824
4858.0 0.6982735006784385
4860.0 0.6931767878867756
4862.0 0.7018237877930136
4864.0 0.7168841562861336
4866.0 0.7190256689960554
4868.0 0.7030587520888365
4870.0 0.7074974758723582
4872.0 0.7169750694637714
4874.0 0.7266010523144374
4876.0 0.7156648639712369
4878.0 0.7138621203847563
4880.0 0.7096826155206853
4882.0 0.701732703251442
4884.0 0.7216277123037728
4886.0 0.7298467789612271
4888.0 0.711701486719214
4890.0 0.6854172221388974
4892.0 0.6641841378409628
4894.0 0.6598478815383375
4896.0 0.6601069461276994
4898.0 0.6607809267577054
4900.0 0.6616778104942618
4902.0 0.6662742808714945
4904.0 0.6541731459731688
4906.0 0.649385295565191
4908.0 0.6441335147666923
4910.0 0.6318086288905169
4912.0 0.6391640459703869
4914.0 0.6385565742784426
4916.0 0.6482135033859238
4918.0 0.6433896632618882
4920.0 0.6347288274527566
4922.0 0.628156315447482
4924.0 0.6334944790079623
4926.0 0.6287301766135935
4928.0 0.6357922668357379
4930.0 0.6610694540997073
4932.0 0.6509123745448372
4934.0 0.6455811565611396
4936.0 0.658418364948273
4938.0 0.6733949548822081
4940.0 0.6840320720029182
4942.0 0.6936489916137047
4944.0 0.6987057200481072
4946.0 0.7035168654001632
4948.0 0.6809499301514275
4950.0 0.6821330734083982
4952.0 0.6906556081046376
4954.0 0.6951407058824802
4956.0 0.6972284293126232
4958.0 0.7029365705136678
4960.0 0.7034800922203426
4962.0 0.7070246562840263
4964.0 0.715397003680512
4966.0 0.7269753759418032
4968.0 0.7202870695394501
4970.0 0.7306582372279268
4972.0 0.7407612567605566
4974.0 0.7543943368527427
4976.0 0.7580511010355478
4978.0 0.7532787160238454
4980.0 0.7626472875654253
4982.0 0.7546646102503829
4984.0 0.7429854300284
4986.0 0.7621064940036721
4988.0 0.7756324443224801
4990.0 0.7743754758470218
4992.0 0.7784768414424723
4994.0 0.7572549700324595
4996.0 0.7582662634803427
4998.0 0.7632941625527269
5000.0 0.7529448611693151
5002.0 0.7360452022497498
5004.0 0.7378724107079553
5006.0 0.7332555255239533
5008.0 0.7221203383479683
5010.0 0.7182630962795444
5012.0 0.7153757378009693
5014.0 0.7208014245289097
5016.0 0.7021883446657744
5018.0 0.687575053529121
5020.0 0.6920980937969322
5022.0 0.696767549504096
5024.0 0.684525911571484
5026.0 0.6727400669418041
5028.0 0.6616407642487684
5030.0 0.6506360788428799
5032.0 0.6446717603960797
5034.0 0.6438315464737236
5036.0 0.6286319592984042
5038.0 0.6091925397001454
5040.0 0.5915457516510481
5042.0 0.5811605247530924
5044.0 0.5738730271278125
5046.0 0.5624669170030793
5048.0 0.559537867968301
5050.0 0.5548518369944234
5052.0 0.5435235626796397
5054.0 0.5287210324063493
5056.0 0.5182883639972984
5058.0 0.5301538089390827
5060.0 0.5315395468016056
5062.0 0.517955211627863
5064.0 0.5172954465117044
5066.0 0.5100908351820225
5068.0 0.5079355325140477
5070.0 0.5157698677227036
5072.0 0.5219781291251048
5074.0 0.5054483768641092
5076.0 0.49822698534649773
5078.0 0.4961110012233174
5080.0 0.5062880892127851
5082.0 0.4955244205988082
5084.0 0.48715371005064034
5086.0 0.4996133638230055
5088.0 0.513800246417738
5090.0 0.5187708386425236
5092.0 0.5178477225138847
5094.0 0.5181113147814026
5096.0 0.49320553433696424
5098.0 0.49410456544416326
5100.0 0.5107115896583038
5102.0 0.5096343721827438
5104.0 0.5243946124328985
5106.0 0.5309609039444149
5108.0 0.5267689865148164
5110.0 0.5264996638367512
5112.0 0.5261605446956471
5114.0 0.533720343459906
5116.0 0.521114026010753
5118.0 0.5142025524681305
5120.0 0.5233292288154923
5122.0 0.5329999832265786
5124.0 0.5419496059374658
5126.0 0.5413800908720309
5128.0 0.5393452262448675
5130.0 0.5525378012422206
5132.0 0.552982651237197
5134.0 0.5476562866479052
5136.0 0.5537208551328299
5138.0 0.5603299569009034
5140.0 0.5481703623632926
5142.0 0.5401887299055014
5144.0 0.5595730616078265
5146.0 0.5798871993010645
5148.0 0.5735077870921893
5150.0 0.5686942665148922
5152.0 0.5572857032321671
5154.0 0.5420025966531722
5156.0 0.5302294775387
5158.0 0.5243420218081455
5160.0 0.5258745668297812
5162.0 0.5152331080787673
5164.0 0.5193529009277467
5166.0 0.5340076828346749
5168.0 0.5402781977673108
5170.0 0.5298691885034166
5172.0 0.5379972387890586
5174.0 0.5544989802766124
5176.0 0.5523903615908227
5178.0 0.5262028248089767
5180.0 0.5150454514328543
5182.0 0.5120900412560723
5184.0 0.5206488384540255
5186.0 0.5362639888226465
5188.0 0.5384865121837534
5190.0 0.535745745806199
5192.0 0.5338408669505025
5194.0 0.5194093865091949
5196.0 0.5120376665336296
5198.0 0.5215294221782095
5200.0 0.5204866079354908
5202.0 0.5130441006738125
5204.0 0.5158997115010505
5206.0 0.5070313795449859
5208.0 0.5122489816399551
5210.0 0.5038701140669041
5212.0 0.51620560349211
5214.0 0.5267648490810847
5216.0 0.5384116734927487
5218.0 0.5525292391851072
5220.0 0.5463713151779153
5222.0 0.5360292756739087
5224.0 0.5343927842038345
5226.0 0.5339784855069453
5228.0 0.5469301694001205
5230.0 0.5624675921314155
5232.0 0.5516725575150152
5234.0 0.5513662400110834
5236.0 0.5356754247117864
5238.0 0.5343903561993196
5240.0 0.5372478504201037
5242.0 0.542465116423111
5244.0 0.5443888001786648
5246.0 0.5479102126527576
5248.0 0.5595969326393085
5250.0 0.558835948000292
5252.0 0.5734983160942048
5254.0 0.5862443048437233
5256.0 0.5902364662790998
5258.0 0.5965195551393035
5260.0 0.6014527705748338
5262.0 0.6073657688688422
5264.0 0.6248297549636722
5266.0 0.6288697381079134
5268.0 0.6298982357507837
5270.0 0.6114511700742872
5272.0 0.6187473409998031
5274.0 0.6241691843067841
5276.0 0.6207558632673621
5278.0 0.6280784628432636
5280.0 0.625938062624572
5282.0 0.6442294685218029
5284.0 0.6658621683362834
5286.0 0.652012987983956
5288.0 0.6499271438990463
5290.0 0.6519741751181948
5292.0 0.6591542599693891
5294.0 0.6587800351691641
5296.0 0.6553075426611338
5298.0 0.6585189454811397
5300.0 0.658383771084309
5302.0 0.6661831002953423
5304.0 0.6595917015479553
5306.0 0.6421101419156869
5308.0 0.6420789546826391
5310.0 0.6434742147911253
5312.0 0.6572980939909412
5314.0 0.6581523689625872
5316.0 0.6597339865070038
5318.0 0.6668440019562298
5320.0 0.665420201662677
5322.0 0.6807342724555249
5324.0 0.6801192266249352
5326.0 0.6688227269488699
5328.0 0.6750050185049026
5330.0 0.6879250295054723
5332.0 0.6866533832257009
5334.0 0.6882013198046838
5336.0 0.6978920401139144
5338.0 0.7107602572519441
5340.0 0.7125574645299028
5342.0 0.7032423277618974
5344.0 0.7055155737074121
5346.0 0.7147298061127036
5348.0 0.7218631893397705
5350.0 0.695737595194006
5352.0 0.6914494855802216
5354.0 0.6928409163992182
5356.0 0.7003615922678145
5358.0 0.708715560659617
5360.0 0.7060204450056999
5362.0 0.7034080393655797
5364.0 0.7099920575040415
5366.0 0.7299436248015081
5368.0 0.7166755666831777
5370.0 0.7131282790030365
5372.0 0.7190751734499388
5374.0 0.7289330104210197
5376.0 0.7193372759235979
5378.0 0.7024002699920859
5380.0 0.707086286429136
5382.0 0.7203992459358257
5384.0 0.740548810942235
5386.0 0.7486439187481514
5388.0 0.7560300821923739
5390.0 0.7490804854069995
5392.0 0.7380780521297936
5394.0 0.7215117453475507
5396.0 0.7113593022458656
5398.0 0.705176848239347
5400.0 0.7012981674304969
5402.0 0.705644573310579
5404.0 0.6858215589198616
5406.0 0.678880485044158
5408.0 0.6973667511753266
5410.0 0.7024398555768704
5412.0 0.6941580226821835
5414.0 0.678713411363895
5416.0 0.6588342475611831
5418.0 0.6552312213279402
5420.0 0.6505749688470658
5422.0 0.6515331890545013
5424.0 0.6614913186482655
5426.0 0.6622092927931104
5428.0 0.6563415084416405
5430.0 0.6489822737841027
5432.0 0.6432197047195704
5434.0 0.6567578991974419
5436.0 0.6598052861886325
5438.0 0.6530624038241624
5440.0 0.6564994493338937
5442.0 0.6673040735227252
5444.0 0.6723642555329779
5446.0 0.6742677199265836
5448.0 0.6698329045527963
5450.0 0.6747006445240935
5452.0 0.684465260552039
5454.0 0.6887045625400712
5456.0 0.6969556688070737
5458.0 0.7096891994172141
5460.0 0.7155153365330915
5462.0 0.732999640707215
5464.0 0.7386219082843007
5466.0 0.7307547011217221
5468.0 0.730561156335283
5470.0 0.7419401073268137
5472.0 0.7595161000511786
5474.0 0.7732840821294388
5476.0 0.7786639426156368
5478.0 0.7817758002614656
5480.0 0.8040386657771115
5482.0 0.8155674715455731
5484.0 0.8234599298865197
5486.0 0.8271120041088824
5488.0 0.8365638490169981
5490.0 0.8389895453032057
5492.0 0.8481745219219541
5494.0 0.8652868436231416
5496.0 0.8836177729961437
5498.0 0.9119476870327999
5500.0 0.9145901431897141
5502.0 0.9015099708107933
5504.0 0.9060729982548311
5506.0 0.9245272878125621
5508.0 0.9357998969084724
5510.0 0.9340654088534216
5512.0 0.9549850465469053
5514.0 0.9475409373663607
5516.0 0.940504068212689
5518.0 0.9515162931110526
5520.0 0.9662509134684435
5522.0 0.9693387388430537
5524.0 0.949046492496165
5526.0 0.9471393769462205
5528.0 0.9569465642910308
5530.0 0.9676930005877057
5532.0 0.9656448244964746
5534.0 0.964170900904713
5536.0 0.9582648760631213
5538.0 0.9607696034085864
5540.0 0.9563724577803305
5542.0 0.9624126679684593
5544.0 0.9577070306161133
5546.0 0.9460904069070106
5548.0 0.9409979305534248
5550.0 0.9335827777669029
5552.0 0.9235354547702377
5554.0 0.9113066842860373
5556.0 0.8993613672788806
5558.0 0.9050479293931678
5560.0 0.9038491055344716
5562.0 0.8891921099720683
5564.0 0.8868405843949603
5566.0 0.8831500840221519
5568.0 0.8766911605659803
5570.0 0.8861793411441153
5572.0 0.8780320148719166
5574.0 0.8665796344497048
5576.0 0.8517435210277639
5578.0 0.8422974896147913
5580.0 0.850769550642969
5582.0 0.8527671827979214
5584.0 0.855178334197157
5586.0 0.8502103076567192
5588.0 0.836594458836665
5590.0 0.8314182811980816
5592.0 0.8292743712123039
5594.0 0.8257714239604713
5596.0 0.8279105848883266
5598.0 0.8261626647139703
5600.0 0.8073434832401045
5602.0 0.8043528332582157
5604.0 0.7971261343823767
5606.0 0.8092455833943174
5608.0 0.8230715760629178
5610.0 0.8227789448105316
5612.0 0.8189745376984859
5614.0 0.8195797410687969
5616.0 0.8097309608595199
5618.0 0.8003535567376686
5620.0 0.7903952959778234
5622.0 0.791666548114257
5624.0 0.7918503845619009
5626.0 0.7824126143081839
5628.0 0.7969861832253867
5630.0 0.8168279836225041
5632.0 0.8328769317037554
5634.0 0.8416773715611224
5636.0 0.8365466129690546
5638.0 0.8338362089514259
5640.0 0.8193862922264966
5642.0 0.8029803814970363
5644.0 0.8088325556217341
5646.0 0.8170834520562805
5648.0 0.8168325950725381
5650.0 0.8264473926328016
5652.0 0.8183214986108743
5654.0 0.8160837365016113
5656.0 0.8104924892306181
5658.0 0.8024240328833453
5660.0 0.7998988275233186
5662.0 0.7883529871536169
5664.0 0.7958990479368184
5666.0 0.7920988749830148
5668.0 0.7970204943911113
5670.0 0.8014896792374051
5672.0 0.7949380012305398
5674.0 0.7845853290198448
5676.0 0.77505008593498
5678.0 0.7658437999441321
5680.0 0.7557081707796245
5682.0 0.7624065699833741
5684.0 0.7605521406217156
5686.0 0.7529510906349195
5688.0 0.7522565498181304
5690.0 0.7602641946143834
5692.0 0.7594031337735947
5694.0 0.7460754091930034
5696.0 0.731853487797822
5698.0 0.7084836562761829
5700.0 0.7052692760917263
5702.0 0.7027894407860363
5704.0 0.7021071500269397
5706.0 0.7179030758657241
5708.0 0.718776929868576
5710.0 0.7063306118084577
5712.0 0.6967928369395684
5714.0 0.696974031997366
5716.0 0.6823583783906197
5718.0 0.6846472950979966
5720.0 0.6757523118109168
5722.0 0.6741833501398066
5724.0 0.6803835043107184
5726.0 0.6775626708021255
5728.0 0.6659998227180546
5730.0 0.6527047589710036
5732.0 0.6397854070091036
5734.0 0.6180110817378556
5736.0 0.6087106795707637
5738.0 0.6023750524382485
5740.0 0.6072551511086366
5742.0 0.5982305568694009
5744.0 0.5934916194306165
5746.0 0.5871532355256595
5748.0 0.5753716352576361
5750.0 0.5778062977317538
5752.0 0.5518114063841104
5754.0 0.5439495870118528
5756.0 0.5410042137627955
5758.0 0.5403591996832328
5760.0 0.5353968074054536
5762.0 0.5288797596648797
5764.0 0.5473497980932709
5766.0 0.5556737202974246
5768.0 0.5528972979792475
5770.0 0.5512775255220701
5772.0 0.5620162216235944
5774.0 0.567119095866691
5776.0 0.5702048669012433
5778.0 0.5826086899049976
5780.0 0.5817748086283028
5782.0 0.5810547881331123
5784.0 0.5967273377804334
5786.0 0.5975800057299031
5788.0 0.5930380479139463
5790.0 0.5902774133618731
5792.0 0.5959298781948031
5794.0 0.5981942525050099
5796.0 0.6037852666490575
5798.0 0.6065724549659387
5800.0 0.6188097351917771
5802.0 0.6367664773861859
5804.0 0.6301325132740467
5806.0 0.6310014813576468
5808.0 0.6376749584821867
5810.0 0.6230685849345664
5812.0 0.6123010320816576
5814.0 0.6196711400899477
5816.0 0.6409178234888501
5818.0 0.6540451602603379
5820.0 0.6663291541217622
5822.0 0.6690901958319079
5824.0 0.6540409906532529
5826.0 0.6510035039292559
5828.0 0.6702077196620192
5830.0 0.6841009234624483
5832.0 0.6672412267193178
5834.0 0.6540596988861065
5836.0 0.6705568956267195
5838.0 0.7006861595928996
5840.0 0.6903230007960428
5842.0 0.6744342768216445
5844.0 0.6868365677700671
5846.0 0.6965932384355771
5848.0 0.7002765291230593
5850.0 0.7007959779578053
5852.0 0.691616412493076
5854.0 0.6831300377903133
5856.0 0.6805541050784143
5858.0 0.6799791425356237
5860.0 0.6632261777950266
5862.0 0.6648639015305902
5864.0 0.6660359941903325
5866.0 0.6614328630155153
5868.0 0.6767979567674156
5870.0 0.6966386205660792
5872.0 0.6944637008259155
5874.0 0.6784896376952898
5876.0 0.6668134099058288
5878.0 0.6597633423112266
5880.0 0.6705618582773945
5882.0 0.6751781035852675
5884.0 0.6648425176283093
5886.0 0.6669593274204928
5888.0 0.6569982049087124
5890.0 0.6478062069495374
5892.0 0.6526848585071583
5894.0 0.6581900241657328
5896.0 0.667878877020519
5898.0 0.6625170165608039
5900.0 0.6712416636629893
5902.0 0.6627173169999936
5904.0 0.6679978686289849
5906.0 0.6646881540699466
5908.0 0.6619190406680779
5910.0 0.6594807169286877
5912.0 0.6588597931902684
5914.0 0.6719576286161059
5916.0 0.6800799140842932
5918.0 0.6852502975533097
5920.0 0.687098130139529
5922.0 0.6790080240150574
5924.0 0.6835849041411841
5926.0 0.6697037687840555
5928.0 0.662607128008755
5930.0 0.6804936763315235
5932.0 0.6746697565836308
5934.0 0.6706107004977692
5936.0 0.6710301168624743
5938.0 0.6645730166688802
5940.0 0.6615660042292858
5942.0 0.65889098372716
5944.0 0.6660793091584196
5946.0 0.6770075084998459
5948.0 0.6765232719470551
5950.0 0.6751581383618077
5952.0 0.6682973434746609
5954.0 0.6616660629324993
5956.0 0.664215847323733
5958.0 0.6597183584347336
5960.0 0.6603954006457784
5962.0 0.660869149810585
5964.0 0.6642872649029972
5966.0 0.674553567203155
5968.0 0.6601218799805635
5970.0 0.6625320070554999
5972.0 0.6618763298165123
5974.0 0.6725670935980785
5976.0 0.6799017714842198
5978.0 0.6620847353012832
5980.0 0.6483366248965069
5982.0 0.6471484312736416
5984.0 0.6431516668881673
5986.0 0.6275231160607052
5988.0 0.6091150544608297
5990.0 0.6064133960944924
5992.0 0.5984191440836458
5994.0 0.60410914724426
5996.0 0.5911662883820367
5998.0 0.5776587481072698
6000.0 0.5780945294427876
6002.0 0.5653844692759029
6004.0 0.5564013811258297
6006.0 0.5508301234394795
6008.0 0.5546561329091199
6010.0 0.547483035032051
6012.0 0.5372794107502807
6014.0 0.5378188043973976
6016.0 0.5285672387428478
6018.0 0.5121598578521922
6020.0 0.5111680205260624
6022.0 0.510234427335705
6024.0 0.5085290020969185
6026.0 0.5094930976171149
6028.0 0.5127566503387654
6030.0 0.5062175686368119
6032.0 0.502864292026771
6034.0 0.4949986010425179
6036.0 0.4919227461527422
6038.0 0.4925938465266509
6040.0 0.49130100640173985
6042.0 0.4849921121360304
6044.0 0.48355911542361246
6046.0 0.5004615529953897
6048.0 0.4999607538657216
6050.0 0.5037666938577577
6052.0 0.5031331620445484
6054.0 0.5110639070013588
6056.0 0.502353901843036
6058.0 0.5173913234149005
6060.0 0.5140251143392871
6062.0 0.5140296360575697
6064.0 0.505289565067895
6066.0 0.5103182859495062
6068.0 0.5198213516057357
6070.0 0.526245476089604
6072.0 0.527758932940296
6074.0 0.5301284091197381
6076.0 0.5311794447128293
6078.0 0.5260433909088921
6080.0 0.5185763336578599
6082.0 0.5118448973218259
6084.0 0.5233470944967192
6086.0 0.5336440532223913
6088.0 0.5268599164775661
6090.0 0.5146496796849342
6092.0 0.5161984152380972
6094.0 0.5173545292768218
6096.0 0.518853524320144
6098.0 0.5199576462326219
6100.0 0.5393533328909089
6102.0 0.567134496180402
6104.0 0.5298033022557842
6106.0 0.504836987940582
6108.0 0.502230345012509
6110.0 0.5005207132595697
6112.0 0.5043683001146984
6114.0 0.5115582654191495
6116.0 0.5103617486366677
6118.0 0.5229260645847793
6120.0 0.529178022571751
6122.0 0.522649432596722
6124.0 0.5147841965000447
6126.0 0.5150014033501139
6128.0 0.5219594036649796
6130.0 0.5344599830675346
6132.0 0.5261965172005045
6134.0 0.5100385732941559
6136.0 0.5232126840176438
6138.0 0.5174981850875295
6140.0 0.5121977261724253
6142.0 0.5172182022340248
6144.0 0.5214718850791922
6146.0 0.5213177949622649
6148.0 0.5145668575318878
6150.0 0.515461764424346
6152.0 0.5263881246122054
6154.0 0.5497284018316282
6156.0 0.5485389807395853
6158.0 0.5366666946044252
6160.0 0.5389663216117287
6162.0 0.5405219362143399
6164.0 0.544705219493223
6166.0 0.5460310960433746
6168.0 0.549487720660745
6170.0 0.5417578724306519
6172.0 0.5443763510860238
6174.0 0.5431290825943511
6176.0 0.5478862592978148
6178.0 0.5546447115851239
6180.0 0.5697962522760398
6182.0 0.5795505131651572
6184.0 0.5691258521155265
6186.0 0.5648942825672599
6188.0 0.5747482465090942
6190.0 0.5729395921024384
6192.0 0.5884455848665858
6194.0 0.5901592984493523
6196.0 0.5832517165328555
6198.0 0.5842437096044708
6200.0 0.5918432375182352
6202.0 0.6007932611535299
6204.0 0.6018928763143827
6206.0 0.6038624082012307
6208.0 0.6039407676874929
6210.0 0.5926995299348644
6212.0 0.5959850805475548
6214.0 0.5904975077210953
6216.0 0.6069472912354464
6218.0 0.6247478786681971
6220.0 0.6288032565860713
6222.0 0.6403176980050581
6224.0 0.6420410255720168
6226.0 0.6358567783123285
6228.0 0.6319207430837737
6230.0 0.6412850498010082
6232.0 0.6375010750367883
6234.0 0.6258805041428825
6236.0 0.6136280277998521
6238.0 0.6100993680545173
6240.0 0.6240712502865269
6242.0 0.6185993314534286
6244.0 0.6112003086380474
6246.0 0.6074834775265688
6248.0 0.6224360334981162
6250.0 0.6082851824636731
6252.0 0.6051290684272539
6254.0 0.6051745288752606
6256.0 0.6099596711984586
6258.0 0.6001614936814437
6260.0 0.5897824471623473
6262.0 0.5896119446656026
6264.0 0.573302744016324
6266.0 0.5615790850921623
6268.0 0.5655485245482594
6270.0 0.5529144850003679
6272.0 0.5484605813011549
6274.0 0.5542874501634479
6276.0 0.5518800452251595
6278.0 0.5524356352670964
6280.0 0.5353917952414314
6282.0 0.5256765489552059
6284.0 0.506385204995272
6286.0 0.49216155572576964
6288.0 0.5037581976924761
6290.0 0.5114832500920775
6292.0 0.5056979433548734
6294.0 0.4927029355178154
6296.0 0.47626221510443867
6298.0 0.47777023463914586
6300.0 0.46777471367310275
6302.0 0.45635017287100593
6304.0 0.44800024864932103
6306.0 0.451425731532817
6308.0 0.44373551460826416
6310.0 0.45018854728005775
6312.0 0.45621155629267
6314.0 0.4474433780024548
6316.0 0.4357233068465755
6318.0 0.4467944395403134
6320.0 0.4410855926050103
6322.0 0.43191498976572595
6324.0 0.4299497002111992
6326.0 0.4355889803638339
6328.0 0.43626910585975504
6330.0 0.42708185632663637
6332.0 0.4355058129732031
6334.0 0.42359504163209993
6336.0 0.4160106431847656
6338.0 0.43536464473641856
6340.0 0.43423675742715023
6342.0 0.42460055878515185
6344.0 0.4240688633682775
6346.0 0.4204546599011616
6348.0 0.41448922716441633
6350.0 0.42323979626918357
6352.0 0.4166511216553975
6354.0 0.42420228165265167
6356.0 0.4259720653516983
6358.0 0.4306350498815262
6360.0 0.43226000529339054
6362.0 0.44817949718832695
6364.0 0.44536799498745705
6366.0 0.4440666047858082
6368.0 0.4448376649766952
6370.0 0.4626969924485925
6372.0 0.45019336597928683
6374.0 0.44617490528736864
6376.0 0.4528144970783899
6378.0 0.4530110079344556
6380.0 0.4493953818559731
6382.0 0.45177398398871815
6384.0 0.4626795400162134
6386.0 0.4687653894015693
6388.0 0.47111121256775135
6390.0 0.47864020543788977
6392.0 0.4875695225374005
6394.0 0.4919718306588683
6396.0 0.4929223345947575
6398.0 0.4995403610760475
6400.0 0.5070722465647104
6402.0 0.5111317874239908
6404.0 0.5133645626200751
6406.0 0.5241283425459755
6408.0 0.5322375258561104
6410.0 0.5264539375100987
6412.0 0.5368715042812274
6414.0 0.544242001342675
6416.0 0.549481486096439
6418.0 0.5594267803483574
6420.0 0.5719774558543379
6422.0 0.5720832951547912
6424.0 0.5829902271502695
6426.0 0.5888172232096318
6428.0 0.5878273681062042
6430.0 0.5928726297394274
6432.0 0.5961625534175233
6434.0 0.5912273455357664
6436.0 0.5986232187713201
6438.0 0.596174876940216
6440.0 0.5947651335231897
6442.0 0.5967553283295978
6444.0 0.6076679304513516
6446.0 0.6103978436122353
6448.0 0.6200155690557894
6450.0 0.630973061024174
6452.0 0.6374838841063768
6454.0 0.6459218660517256
6456.0 0.6614969489478985
6458.0 0.6563212844222484
6460.0 0.6528492250685165
6462.0 0.6544172340799173
6464.0 0.6650834190941056
6466.0 0.6733223908433843
6468.0 0.6825805226397698
6470.0 0.6896507767814909
6472.0 0.6918283881014257
6474.0 0.6997623099805013
6476.0 0.7010531492788304
6478.0 0.7099862575400913
6480.0 0.711435169983446
6482.0 0.710561371410147
6484.0 0.7096300710042174
6486.0 0.7188141461716179
6488.0 0.7245578944009794
6490.0 0.731900478857497
6492.0 0.748628706157895
6494.0 0.7483358727327137
6496.0 0.7462163674679442
6498.0 0.7531481517111729
6500.0 0.7520192800253234
6502.0 0.7610220624377695
6504.0 0.7701560108920934
6506.0 0.7763184663797393
6508.0 0.7770096247671557
6510.0 0.7712576070082765
6512.0 0.7775981424304295
6514.0 0.7719711236979342
6516.0 0.7686401375211669
6518.0 0.7834149169653801
6520.0 0.7729864996130322
6522.0 0.7643628243194953
6524.0 0.7458876346350276
6526.0 0.7383160416181512
6528.0 0.7327677536600232
6530.0 0.7413728886471435
6532.0 0.7392514301535431
6534.0 0.7274407832556914
6536.0 0.7258369681528083
6538.0 0.7277971176362711
6540.0 0.7358774452192196
6542.0 0.7391141909909623
6544.0 0.7229154362499304
6546.0 0.7288684765017035
6548.0 0.7378543822845495
6550.0 0.7260141938157273
6552.0 0.7153187375970841
6554.0 0.7180272325218474
6556.0 0.7141975959680232
6558.0 0.7098063641036195
6560.0 0.7085899452862785
6562.0 0.7091451757043964
6564.0 0.7251099006813955
6566.0 0.7221566125559077
6568.0 0.7209677777697261
6570.0 0.729097082606873
6572.0 0.7315772546108726
6574.0 0.7132565889411981
6576.0 0.7204096084632566
6578.0 0.7156305444562513
6580.0 0.7137638839391641
6582.0 0.7084823592460947
6584.0 0.7128862505283756
6586.0 0.709958530730755
6588.0 0.6980891752350437
6590.0 0.6949690900485954
6592.0 0.7045563195134195
6594.0 0.7090476908484379
6596.0 0.7062156694424517
6598.0 0.6789627348487426
6600.0 0.6717207491316811
6602.0 0.6794151587319093
6604.0 0.6800501011149264
6606.0 0.669379787848946
6608.0 0.6803300161540141
6610.0 0.6758592238955089
6612.0 0.6684126861165007
6614.0 0.666374135282231
6616.0 0.6700263977657526
6618.0 0.6704382764278762
6620.0 0.6629010676742674
6622.0 0.6571527700123146
6624.0 0.6521277190539816
6626.0 0.646557248388332
6628.0 0.6526059965615103
6630.0 0.653996023377928
6632.0 0.6539554252292757
6634.0 0.64734140013917
6636.0 0.6284146108971244
6638.0 0.6261952189754685
6640.0 0.6206981939535552
6642.0 0.625896785795325
6644.0 0.6362445103995912
6646.0 0.625387772491943
6648.0 0.6183726148709497
6650.0 0.6122829703746527
6652.0 0.6048034544081227
6654.0 0.5893118798925941
6656.0 0.6006640880683907
6658.0 0.5996991141766989
6660.0 0.5866598363833586
6662.0 0.600207032398952
6664.0 0.6063283140529732
6666.0 0.5972013686950083
6668.0 0.5812226974853266
6670.0 0.5872693046132789
6672.0 0.6012524511690504
6674.0 0.5913042857916008
6676.0 0.5834779639703559
6678.0 0.5879506212967077
6680.0 0.5951111456634173
6682.0 0.5830923106307765
6684.0 0.5856744579669148
6686.0 0.5890101819234493
6688.0 0.5991932936079174
6690.0 0.6013644017889571
6692.0 0.5672835179888264
6694.0 0.5510187030992552
6696.0 0.5528641402200545
6698.0 0.5455197991498276
6700.0 0.5445812101795711
6702.0 0.5480638965889012
6704.0 0.5519498323731884
6706.0 0.5359969187301334
6708.0 0.5246673232008101
6710.0 0.5098632318782659
6712.0 0.5208067027932491
6714.0 0.5162411984628706
6716.0 0.5038335740167361
6718.0 0.5107821721818425
6720.0 0.5080998164455367
6722.0 0.5008558394340312
6724.0 0.5055425856793385
6726.0 0.4977671960913689
6728.0 0.48350591145525335
6730.0 0.47418498375200335
6732.0 0.48589456767772005
6734.0 0.49809749081519267
6736.0 0.49437711183240507
6738.0 0.4766922676425541
6740.0 0.48020266892842534
6742.0 0.4982775512095974
6744.0 0.5101886119400378
6746.0 0.5070794868777453
6748.0 0.48549669962443087
6750.0 0.4848881778525592
6752.0 0.484041782436115
6754.0 0.48119891002283544
6756.0 0.49045513808165636
6758.0 0.47913524381007594
6760.0 0.47668204849795665
6762.0 0.477781341952198
6764.0 0.47387789278355064
6766.0 0.4786288583078978
6768.0 0.4937987131021981
6770.0 0.4869723657312873
6772.0 0.49912311411717714
6774.0 0.5111297268719118
6776.0 0.5081754773511198
6778.0 0.4898598073353661
6780.0 0.48162850824063735
6782.0 0.49904608555396934
6784.0 0.4970632576467023
6786.0 0.48838644061256464
6788.0 0.5096333221171389
6790.0 0.49895151917680847
6792.0 0.5126380836615941
6794.0 0.5134411257496079
6796.0 0.5179562851413921
6798.0 0.5112013763549659
6800.0 0.4924607228603269
6802.0 0.5059267538556587
6804.0 0.5143000114675826
6806.0 0.5082336072478714
6808.0 0.5081427434268123
6810.0 0.5196804178244899
6812.0 0.5151341891118191
6814.0 0.5107960946694241
6816.0 0.5051300561367013
6818.0 0.4970794403996542
6820.0 0.5117853048828679
6822.0 0.5175592692040694
6824.0 0.5236751872042669
6826.0 0.5172951347521237
6828.0 0.5219746424625569
6830.0 0.5246033272739272
6832.0 0.5117799630917207
6834.0 0.5071117395196258
6836.0 0.5038795602934583
6838.0 0.5070584968937906
6840.0 0.5073236994455556
6842.0 0.502124484205729
6844.0 0.50989629116806
6846.0 0.4938325380327077
6848.0 0.49340111622181826
6850.0 0.5069662669164215
6852.0 0.49373433694629243
6854.0 0.49142326967774563
6856.0 0.490715124723349
6858.0 0.4759210134983043
6860.0 0.4956252877397733
6862.0 0.4882570708720252
6864.0 0.490678954973177
6866.0 0.4913878987462274
6868.0 0.46703779204583196
6870.0 0.47620826788459414
6872.0 0.45966131859785087
6874.0 0.4537059215690845
6876.0 0.4565339712542108
6878.0 0.4594666722325608
6880.0 0.4811304732121598
6882.0 0.4813132212375623
6884.0 0.4782405987997885
6886.0 0.46330836968825234
6888.0 0.4618698669198657
6890.0 0.479377881346693
6892.0 0.4678414947905479
6894.0 0.45856650195242177
6896.0 0.45516623414556706
6898.0 0.46425581353547224
6900.0 0.4758814092685559
6902.0 0.4811176736534686
6904.0 0.4796317507478264
6906.0 0.4668031754637759
6908.0 0.4499481451411978
6910.0 0.45747994728093744
6912.0 0.46053596091754784
6914.0 0.4584605561074134
6916.0 0.47388748568297606
6918.0 0.46056233926222506
6920.0 0.4659302034778688
6922.0 0.46956021173802087
6924.0 0.4620748512781985
6926.0 0.4586761250553511
6928.0 0.45391482943907413
6930.0 0.4588982301333773
6932.0 0.45411041761195325
6934.0 0.46236948376323694
6936.0 0.46717462702871293
6938.0 0.4601165120410364
6940.0 0.4601539943189943
6942.0 0.4632678215153748
6944.0 0.4619807979078465
6946.0 0.4570093482140864
6948.0 0.45508157521396314
6950.0 0.4416814031628401
6952.0 0.4634490601767427
6954.0 0.4703719333141324
6956.0 0.4670225696820982
6958.0 0.4624103287801985
6960.0 0.4607018541659309
6962.0 0.4701153523289228
6964.0 0.4838988784495104
6966.0 0.4844712620603774
6968.0 0.4830260807983244
6970.0 0.4656499017142842
6972.0 0.47392699936427984
6974.0 0.475925495973859
6976.0 0.47896407894380494
6978.0 0.48550458327224866
6980.0 0.482146981346387
6982.0 0.49418958171654037
6984.0 0.4929651240915351
6986.0 0.48559584068335926
6988.0 0.48051866409349475
6990.0 0.48303047361590934
6992.0 0.4927659741582031
6994.0 0.498428244343607
6996.0 0.5073685589885881
6998.0 0.5107018711376727
7000.0 0.5061929619866288
7002.0 0.5034456677975204
7004.0 0.4926098505612547
7006.0 0.4986098919410257
7008.0 0.5045775229666897
7010.0 0.5056602016590556
7012.0 0.5015866166998231
7014.0 0.4972827969716089
7016.0 0.4861242188201697
7018.0 0.48496255785560843
7020.0 0.4846312153348612
7022.0 0.48696557498070603
7024.0 0.4917467405533347
7026.0 0.4877992887056374
7028.0 0.4766584626330686
7030.0 0.4666509052043219
7032.0 0.46044887287340264
7034.0 0.4574948554911929
7036.0 0.45238147777827326
7038.0 0.45059716444654757
7040.0 0.4564235262900505
7042.0 0.44039515703684057
7044.0 0.439456747239522
7046.0 0.43740790265963825
7048.0 0.4216483059192013
7050.0 0.415815299627039
7052.0 0.42119406413184884
7054.0 0.42671697559465877
7056.0 0.4194622733179843
7058.0 0.4074874469283818
7060.0 0.41384448448076483
7062.0 0.408667465393031
7064.0 0.4074221162114376
7066.0 0.4000167579907069
7068.0 0.3948318953808294
7070.0 0.40348385347559795
7072.0 0.40446847849002915
7074.0 0.3915808742426573
7076.0 0.3931336493601822
7078.0 0.3956823643750509
7080.0 0.3955485180467719
7082.0 0.3852533569700817
7084.0 0.3722759411395455
7086.0 0.37382941109412227
7088.0 0.3890595355316903
7090.0 0.39520099817541493
7092.0 0.3848436500736765
7094.0 0.3683744645959076
7096.0 0.37750267073376953
7098.0 0.38094614401683263
7100.0 0.37677067358561056
7102.0 0.38196309272725915
7104.0 0.37306798952507003
7106.0 0.3538097251306889
7108.0 0.3631190978137608
7110.0 0.37222457071228304
7112.0 0.37154369132376186
7114.0 0.3751248000417858
7116.0 0.38387306950047073
7118.0 0.37928717739600126
7120.0 0.37714217137221623
7122.0 0.37070023714145056
7124.0 0.3702590531769878
7126.0 0.3661357053852148
7128.0 0.3644752029610009
7130.0 0.367150896396433
7132.0 0.367133124764381
7134.0 0.36452126966808107
7136.0 0.3650604400293105
7138.0 0.3808469388168548
7140.0 0.3888609109856971
7142.0 0.37612512471332626
7144.0 0.36872408336952156
7146.0 0.35920141178144693
7148.0 0.3593835547886148
7150.0 0.3619492485737627
7152.0 0.34563165029712173
7154.0 0.35983704196743954
7156.0 0.3676527320158447
7158.0 0.37137019443195224
7160.0 0.37938859859471324
7162.0 0.3670704381257277
7164.0 0.3748349624707751
7166.0 0.3816119639055332
7168.0 0.38874672363419155
7170.0 0.3786904723121907
7172.0 0.373881587825635
7174.0 0.3829045805533818
7176.0 0.38925843214378086
7178.0 0.3719888968297755
7180.0 0.36538903678187046
7182.0 0.37067953534402115
7184.0 0.3683024468699711
7186.0 0.36999757373134
7188.0 0.3879059112337481
7190.0 0.4002861203755939
7192.0 0.4097783314062199
7194.0 0.39406826947856505
7196.0 0.38461513620468557
7198.0 0.3933620434402832
7200.0 0.3884208448536065
7202.0 0.3911677711077532
7204.0 0.39096424891631576
7206.0 0.4035303399071485
7208.0 0.39696132547926766
7210.0 0.40359718237521086
7212.0 0.4007958126406993
7214.0 0.3912258361800869
7216.0 0.39388086863896293
7218.0 0.4024841445651765
7220.0 0.39657647218028047
7222.0 0.40210810715688744
7224.0 0.41026407108737234
7226.0 0.41199337783925827
7228.0 0.41348702597008646
7230.0 0.4123131725939494
7232.0 0.416451036698252
7234.0 0.4132296451012305
7236.0 0.41499880578982273
7238.0 0.41710649291503016
7240.0 0.4084806257999998
7242.0 0.42294761676385884
7244.0 0.43099335769915975
7246.0 0.44499894454320804
7248.0 0.4352234457226129
7250.0 0.4289242669756999
7252.0 0.43013317787469146
7254.0 0.4398740561177077
7256.0 0.4389764444386049
7258.0 0.4386551520596711
7260.0 0.441365241087905
7262.0 0.4477119983008817
7264.0 0.4539788918628655
7266.0 0.4501475891278931
7268.0 0.4513211685268526
7270.0 0.4541684648813222
7272.0 0.46763076365604794
7274.0 0.46958519896681894
7276.0 0.46142858935563474
7278.0 0.4474538504256218
7280.0 0.4501414711556172
7282.0 0.45522740647060606
7284.0 0.45430053585755636
7286.0 0.46639574144481943
7288.0 0.47339982816840387
7290.0 0.4593811319176151
7292.0 0.4631473917353506
7294.0 0.46838866699459036
7296.0 0.46746014979834427
7298.0 0.4703142842525117
7300.0 0.45859768629536307
7302.0 0.45011978145406145
7304.0 0.4664580029850301
7306.0 0.46723327579909263
7308.0 0.465862545093641
7310.0 0.46109060089274206
7312.0 0.4567574867519294
7314.0 0.45783579776297445
7316.0 0.454157902887681
7318.0 0.4520370216109263
7320.0 0.4500119431980665
7322.0 0.4491558404240314
7324.0 0.44734470225564277
7326.0 0.4463522606646131
7328.0 0.44617660030459283
7330.0 0.4451238125784292
7332.0 0.44155456570910057
7334.0 0.43885748439680783
7336.0 0.4361135602283985
7338.0 0.4316799629471774
7340.0 0.4304305066206327
7342.0 0.4324698259711731
7344.0 0.4346008053035174
7346.0 0.43431566819681006
7348.0 0.4312527094024808
7350.0 0.4284707059651386
7352.0 0.4272953936910182
7354.0 0.4281057777891159
7356.0 0.42813759670942686
7358.0 0.42785845482798945
7360.0 0.4262507015055746
7362.0 0.4233727469236669
7364.0 0.4210434961289421
7366.0 0.42553375720169284
7368.0 0.42941945652518804
7370.0 0.42796811778072674
7372.0 0.4244162819966642
7374.0 0.421742899430093
7376.0 0.42340997520859125
7378.0 0.42603397036813584
7380.0 0.42634508787528935
7382.0 0.4244021352552426
7384.0 0.42267979065878364
7386.0 0.42144314240941033
7388.0 0.42204709596078926
7390.0 0.4244533094361787
7392.0 0.42406253966382496
7394.0 0.42401780155189206
7396.0 0.42305964610294633
7398.0 0.42063949443205917
7400.0 0.4177599341664923
7402.0 0.4189408660288562
7404.0 0.42019095831124337
7406.0 0.4215542174194562
7408.0 0.4232806446198948
7410.0 0.42505622998520465
7412.0 0.42857686629546676
7414.0 0.4312175669660971
7416.0 0.4327294777987175
7418.0 0.4334797151261331
7420.0 0.43574559879534447
7422.0 0.441557268163969
7424.0 0.44550325978154354
7426.0 0.4464185161507795
7428.0 0.4472990830881895
7430.0 0.4491793531227887
7432.0 0.4539327131962617
7434.0 0.4547054487439181
7436.0 0.4545013592851144
7438.0 0.4552891140320262
7440.0 0.45491642982572666
7442.0 0.45808771181076463
7444.0 0.45965019875321556
7446.0 0.4592816751193525
7448.0 0.46153867247841945
7450.0 0.46558447451247476
7452.0 0.46967899174946726
7454.0 0.4711434934826226
7456.0 0.4709160165426012
7458.0 0.4692980209380295
7460.0 0.4696006947504467
7462.0 0.47138548638634514
7464.0 0.4730220604119909
7466.0 0.4756517332944193
7468.0 0.47778421833665424
7470.0 0.4799243177080061
7472.0 0.4814120263812458
7474.0 0.47969320412812977
7476.0 0.483058085657181
7478.0 0.4886706071503137
7480.0 0.49010320543161534
7482.0 0.486691610750718
7484.0 0.48851870594761615
7486.0 0.49091935345626947
7488.0 0.4961379776266864
7490.0 0.5038921733689817
7492.0 0.5084901180954381
7494.0 0.5118514459331662
7496.0 0.5117474660038843
7498.0 0.5101360304811728
7500.0 0.5087364408995669
7502.0 0.50767015333636
7504.0 0.5063741244548057
7506.0 0.5052352232796337
7508.0 0.5040666943461213
7510.0 0.5028110815041776
7512.0 0.5016765418817366
7514.0 0.5005396443769753
7516.0 0.4992915996634673
7518.0 0.4978934577663509
7520.0 0.49686883503398466
7522.0 0.4952033614975217
7524.0 0.49338012262464476
7526.0 0.4858798688092954
7528.0 0.4728428634079403
7530.0 0.47082085312888283
7532.0 0.46808649683512743
7534.0 0.4645845426368668
7536.0 0.4618242463400796
7538.0 0.4584307434343381
7540.0 0.45536331568709243
7542.0 0.452317112158412
7544.0 0.44935834714881384
7546.0 0.44622598145058806
7548.0 0.44312466713311355
7550.0 0.440091075750978
7552.0 0.4370913714813632
7554.0 0.43457115326986956
7556.0 0.43134736454689715
7558.0 0.4284230385009968
7560.0 0.4264079921920001
7562.0 0.42413869902031753
7564.0 0.42167953262831376
7566.0 0.4195983939201973
7568.0 0.4174520768995608
7570.0 0.4119103401827369
7572.0 0.4083175464720401
7574.0 0.4048951365628058
7576.0 0.4010443330675477
7578.0 0.3968115073872031
7580.0 0.3960390821489032
7582.0 0.39182679297306194
7584.0 0.38553791423605643
7586.0 0.3793198823571841
7588.0 0.37797427945346235
7590.0 0.3794765333345308
7592.0 0.3773435503215645
7594.0 0.37433601501370234
7596.0 0.37281728509377565
7598.0 0.3720310401440939
7600.0 0.3719656398014648
7602.0 0.3740537316014359
7604.0 0.37427954114305
7606.0 0.37020855067649866
7608.0 0.3705281525399862
7610.0 0.3735181948861338
7612.0 0.37592207102801234
7614.0 0.3744835853580105
7616.0 0.3703604273555675
7618.0 0.3722983413521353
7620.0 0.37619402979751704
7622.0 0.3787290211222156
7624.0 0.3791612906991567
7626.0 0.3776871581018539
7628.0 0.37570323827027047
7630.0 0.37481688653182405
7632.0 0.3776264635718108
7634.0 0.38341236309327476
7636.0 0.38659238962225134
7638.0 0.3883943500823792
7640.0 0.39069172244289463
7642.0 0.39159729989862146
7644.0 0.38873880448696896
7646.0 0.38703033815109783
7648.0 0.39676207307521155
7650.0 0.40544693434357515
7652.0 0.41224539849305303
7654.0 0.41104118973350134
7656.0 0.4022257867486788
7658.0 0.403396213212021
7660.0 0.4053381296060319
7662.0 0.41213569335720435
7664.0 0.4176063840361656
7666.0 0.4213302101505423
7668.0 0.41987064679139957
7670.0 0.4173512128115306
7672.0 0.41902930577550757
7674.0 0.4257663766441101
7676.0 0.42969206561981355
7678.0 0.42955815293742405
7680.0 0.4302958937635979
7682.0 0.4324530844791345
7684.0 0.43032488328089724
7686.0 0.428303404825881
7688.0 0.42951083009410584
7690.0 0.43343599555429807
7692.0 0.43933146155614117
7694.0 0.44126051669573485
7696.0 0.44287896591119325
7698.0 0.44534436452856296
7700.0 0.44668105317284973
7702.0 0.44848140911266526
7704.0 0.4557333099484868
7706.0 0.4602834425734868
7708.0 0.46083120385054893
7710.0 0.4635419507271981
7712.0 0.4644526073351259
7714.0 0.4618156746694815
7716.0 0.46406408704877955
7718.0 0.4634599441609789
7720.0 0.4636092413678935
7722.0 0.46430013257480635
7724.0 0.46296332473857704
7726.0 0.46047950796128195
7728.0 0.4618526900704614
7730.0 0.46630785833343263
7732.0 0.46709559016879193
7734.0 0.4651196755891425
7736.0 0.46514383169529006
7738.0 0.4656978438657149
7740.0 0.4664228599851925
7742.0 0.46673223829423777
7744.0 0.46730910900235295
7746.0 0.46742815909209884
7748.0 0.46804008516950657
7750.0 0.4721819244046843
7752.0 0.4771940127956997
7754.0 0.4808378202820066
7756.0 0.48541492272399656
7758.0 0.48318001692208723
7760.0 0.48158592124357313
7762.0 0.4818695596769401
7764.0 0.48065198098023953
7766.0 0.48026272031234624
7768.0 0.4798229100446699
7770.0 0.4792146040904534
7772.0 0.47851739270913296
7774.0 0.4778503236528842
7776.0 0.4772404555709379
7778.0 0.4766486280254869
7780.0 0.4760521702854265
7782.0 0.47543607664340365
7784.0 0.47480938863047484
7786.0 0.4741727782399618
7788.0 0.47352204440229334
7790.0 0.4730184621815044
7792.0 0.47269490959321764
7794.0 0.47254428693608685
7796.0 0.47201085488415856
7798.0 0.47082715722971735
7800.0 0.47116050829326245
7802.0 0.4732328427572736
7804.0 0.4757045715662263
7806.0 0.4739603830453858
7808.0 0.4741813627274383
7810.0 0.4767757373940546
7812.0 0.47908541897543433
7814.0 0.481765413070312
7816.0 0.4848158737759072
7818.0 0.481769557000767
7820.0 0.4815430670019859
7822.0 0.4768635800409367
7824.0 0.4706904886619716
7826.0 0.46714198146903124
7828.0 0.4686445950055382
7830.0 0.4723000629135258
7832.0 0.47310651443219703
7834.0 0.47028640562706786
7836.0 0.46611131670167266
7838.0 0.462904146321377
7840.0 0.4613762247445159
7842.0 0.4599363749394791
7844.0 0.46051794654962264
7846.0 0.4633111327442398
7848.0 0.4601873657267011
7850.0 0.4560062275823561
7852.0 0.4534296980800827
7854.0 0.45518999943419547
7856.0 0.4566164916522026
7858.0 0.46121053549374846
7860.0 0.46451879722985173
7862.0 0.4607098948447058
7864.0 0.45045731745584755
7866.0 0.44606710592396454
7868.0 0.44399492354624925
7870.0 0.44182828958098896
7872.0 0.4394248215424799
7874.0 0.4371199089370338
7876.0 0.4372990467290433
7878.0 0.4408922257941364
7880.0 0.44218565220306405
7882.0 0.4418255537922575
7884.0 0.4433308464726391
7886.0 0.44423631935827584
7888.0 0.44395046750346556
7890.0 0.43416645493938083
7892.0 0.42293788696712586
7894.0 0.42130380136271883
7896.0 0.4234207984910779
7898.0 0.426478424708578
7900.0 0.4249174135614601
7902.0 0.42077081837619024
7904.0 0.41822980293533263
7906.0 0.4162755940982037
7908.0 0.4125230647360504
7910.0 0.4140755713139293
7912.0 0.416451108088132
7914.0 0.4154346918359345
7916.0 0.41249795423115104
7918.0 0.4093395859969079
7920.0 0.407489950592386
7922.0 0.4058331196412011
7924.0 0.40218437623509007
7926.0 0.39888806819957595
7928.0 0.4012559519432044
7930.0 0.40986105055004096
7932.0 0.4117599009974158
7934.0 0.41075416824044314
7936.0 0.40851023669824815
7938.0 0.4067617549367792
7940.0 0.4058083451275888
7942.0 0.40316032593025464
7944.0 0.40017383494848563
7946.0 0.39962692522056026
7948.0 0.39857248050764343
7950.0 0.39158246054126655
7952.0 0.3870205371669692
7954.0 0.38406842233720856
7956.0 0.3860375068359314
7958.0 0.38905689835226986
7960.0 0.3906262316127605
7962.0 0.3901555950517918
7964.0 0.39135602221101623
7966.0 0.3921831148101952
7968.0 0.39175129037311
7970.0 0.390394969485959
7972.0 0.38962504089632943
7974.0 0.38802733480531937
7976.0 0.3884992814127211
7978.0 0.3906605242657608
7980.0 0.39265327957009494
7982.0 0.3927169915569939
7984.0 0.39199788348395076
7986.0 0.3921154540835183
7988.0 0.3901964500189139
7990.0 0.3866798803838439
7992.0 0.38773292970905016
7994.0 0.39132745435213134
7996.0 0.3950012073094085
7998.0 0.3973552353376622
8000.0 0.3980332925413046
8002.0 0.40042365192119994
8004.0 0.3989717542577387
8006.0 0.39844183433415487
8008.0 0.40016455427357966
8010.0 0.40437243158619046
8012.0 0.40427907434223087
8014.0 0.403528510347395
8016.0 0.40328585711454285
8018.0 0.4025553569276829
8020.0 0.40300756730970644
8022.0 0.4062010411598241
8024.0 0.40367423254388285
8026.0 0.3969223021780605
8028.0 0.3971192487270351
8030.0 0.398882309939517
8032.0 0.39997629477519286
8034.0 0.4010115033176673
8036.0 0.4007897186354826
8038.0 0.4018438204716419
8040.0 0.4020710279127937
8042.0 0.40198143439238115
8044.0 0.400641621501027
8046.0 0.40038259951156524
8048.0 0.40236698969217677
8050.0 0.403141055969273
8052.0 0.40574023698816336
8054.0 0.40528443361168204
8056.0 0.4043313018849071
8058.0 0.40342184148388766
8060.0 0.4022725103451088
8062.0 0.4014769492568722
8064.0 0.39856640803985766
8066.0 0.3971046509207789
8068.0 0.3990874926492815
8070.0 0.4009571589402724
8072.0 0.3993947234732805
8074.0 0.3982220426185798
8076.0 0.4000742399065729
8078.0 0.4039203811850419
8080.0 0.41106680464785694
8082.0 0.4219432340372995
8084.0 0.43493273740451965
8086.0 0.43601679322870135
8088.0 0.4192717885533289
8090.0 0.41022026088923585
8092.0 0.4124592355833817
8094.0 0.4177537284364735
8096.0 0.41459169273363794
8098.0 0.40631528101916664
8100.0 0.40209188738964
8102.0 0.39789143494275675
8104.0 0.39388289163195195
8106.0 0.3944802299203416
8108.0 0.3963305950669264
8110.0 0.3993202288867858
8112.0 0.4019639745017976
8114.0 0.4008529092611623
8116.0 0.3968136068854354
8118.0 0.393466276315828
8120.0 0.39192004310265294
8122.0 0.3880741959979761
8124.0 0.38472484794112966
8126.0 0.38381053919492875
8128.0 0.3847634940025512
8130.0 0.3873231012615295
8132.0 0.3903104149702389
8134.0 0.3923266864214917
8136.0 0.3911806148145072
8138.0 0.3882484217721706
8140.0 0.38928686753461944
8142.0 0.38728698891791435
8144.0 0.38374490518089527
8146.0 0.38432812850358533
8148.0 0.38375493735749305
8150.0 0.3801265380762879
8152.0 0.3765032440289728
8154.0 0.3756574070622969
8156.0 0.38104875615210027
8158.0 0.38167515898197046
8160.0 0.37712033236261994
8162.0 0.37433546888587454
8164.0 0.37776535420342533
8166.0 0.3802425875353998
8168.0 0.3823400248471608
8170.0 0.3840840441699782
8172.0 0.3853126056082826
8174.0 0.3822060821069051
8176.0 0.38397882353325963
8178.0 0.3841324060054916
8180.0 0.3840359942414181
8182.0 0.38437939150905814
8184.0 0.38220963593819224
8186.0 0.38188183049116314
8188.0 0.38449014360531064
8190.0 0.3908879103565315
8192.0 0.39426280742530945
8194.0 0.39401810755229416
8196.0 0.3929983330043381
8198.0 0.3922598076506501
8200.0 0.3924491611888505
8202.0 0.3935770027652927
8204.0 0.3924342365359477
8206.0 0.3889131789402184
8208.0 0.3864006881142822
8210.0 0.384203904513781
8212.0 0.3840143398951753
8214.0 0.38654209067480017
8216.0 0.388736771275587
8218.0 0.39015637050897156
8220.0 0.38956579141905645
8222.0 0.39040011596475177
8224.0 0.3896300539067102
8226.0 0.3895973594107943
8228.0 0.39113944387795135
8230.0 0.3920126726476756
8232.0 0.39340434276418734
8234.0 0.395563798780923
8236.0 0.39927030009983333
8238.0 0.398118330534069
8240.0 0.3973648614611788
8242.0 0.397810499744464
8244.0 0.39841976027437015
8246.0 0.3934607470207701
8248.0 0.39228227278195454
8250.0 0.39475268037821404
8252.0 0.3927306941669376
8254.0 0.3894037323646984
8256.0 0.39081836774267853
8258.0 0.39249131689649547
8260.0 0.3906301421652675
8262.0 0.38675739512246426
8264.0 0.3829106404641899
8266.0 0.3823710380529893
8268.0 0.3847457561329689
8270.0 0.38277021506527487
8272.0 0.37760140485197935
8274.0 0.37241238609901944
8276.0 0.3707799110650465
8278.0 0.37050895823797786
8280.0 0.37000043854331416
8282.0 0.3704851371562058
8284.0 0.3707913852340619
8286.0 0.36392368270446984
8288.0 0.356086826006242
8290.0 0.35405304556695916
8292.0 0.3529137780385371
8294.0 0.3504182780380978
8296.0 0.34321015016818124
8298.0 0.3430400668715508
8300.0 0.34580413475578115
8302.0 0.3446249479177688
8304.0 0.33811442306883593
8306.0 0.33194468604670013
8308.0 0.3259973758577398
8310.0 0.32333066207658423
8312.0 0.3189198276399221
8314.0 0.3131744455336457
8316.0 0.31025515989347036
8318.0 0.31042072663507264
8320.0 0.31010869895025067
8322.0 0.3182041201698469
8324.0 0.31930364377295095
8326.0 0.31253297071066805
8328.0 0.30635110158368994
8330.0 0.30323228719996226
8332.0 0.30123849662989743
8334.0 0.29920728451544104
8336.0 0.29890866082440776
8338.0 0.2975141261955587
8340.0 0.29676668222329067
8342.0 0.2964809304280144
8344.0 0.2965591639275312
8346.0 0.2950997953921932
8348.0 0.29395085113246155
8350.0 0.29492188850398704
8352.0 0.2923340317824544
8354.0 0.29109083118077334
8356.0 0.28679690240606787
8358.0 0.2873885532097012
8360.0 0.2939235299481916
8362.0 0.2983968643916012
8364.0 0.3002335399147841
8366.0 0.30112701742755255
8368.0 0.2999426586099911
8370.0 0.2979208261435681
8372.0 0.30015179926271984
8374.0 0.30314884129798675
8376.0 0.3027510550840672
8378.0 0.30113182542746075
8380.0 0.29928103919866295
8382.0 0.3014131441722317
8384.0 0.30359299374608206
8386.0 0.30132510994789574
8388.0 0.30056052385269916
8390.0 0.3011303167208607
8392.0 0.3048031458322471
8394.0 0.3118511367695666
8396.0 0.31322334126851936
8398.0 0.31332871908714155
8400.0 0.31348673406831973
8402.0 0.3133101983142733
8404.0 0.31316059051831957
8406.0 0.3118887779061643
8408.0 0.3132719799652065
8410.0 0.3153878447095601
8412.0 0.3191752958699582
8414.0 0.3236742154275221
8416.0 0.3286807808984838
8418.0 0.3264633333242281
8420.0 0.32138458818651294
8422.0 0.31605787619299375
8424.0 0.31726898601913195
8426.0 0.32263898317689027
8428.0 0.32485227502709596
8430.0 0.32828257590746324
8432.0 0.32995572765321696
8434.0 0.327981844579356
8436.0 0.3271286851682162
8438.0 0.3253761609706729
8440.0 0.3241519155985357
8442.0 0.32662767926987735
8444.0 0.3268846319755591
8446.0 0.32784635461268224
8448.0 0.334082272344549
8450.0 0.33774906600917504
8452.0 0.3387674426785943
8454.0 0.33748071638099286
8456.0 0.3372118544247677
8458.0 0.3384320725062529
8460.0 0.33844656762450676
8462.0 0.33816114213519044
8464.0 0.33873565620307616
8466.0 0.3372781043511064
8468.0 0.3360256271522124
8470.0 0.33492028037904115
8472.0 0.33340168309460766
8474.0 0.3342359882969104
8476.0 0.3380165336063152
8478.0 0.3424539657482473
8480.0 0.3435876344538789
8482.0 0.3424406138409152
8484.0 0.34173206351513924
8486.0 0.34376922633990686
8488.0 0.3489603736768629
8490.0 0.34771721647543
8492.0 0.34299516594740626
8494.0 0.34400080900564967
8496.0 0.34723703638188735
8498.0 0.350384609680089
8500.0 0.34829763561746246
8502.0 0.34527215792113275
8504.0 0.34145933123126293
8506.0 0.34113308929697744
8508.0 0.34340046933648216
8510.0 0.34547093850460187
8512.0 0.34833465554393644
8514.0 0.3519215199278096
8516.0 0.35276346479497095
8518.0 0.3516452528195331
8520.0 0.3475960165567079
8522.0 0.34562360115951374
8524.0 0.3509186796677095
8526.0 0.34994023116411027
8528.0 0.34910887694941434
8530.0 0.35579874729506517
8532.0 0.36219744900548156
8534.0 0.3651363647209886
8536.0 0.36515412392834473
8538.0 0.36300694793034616
8540.0 0.3649721209228629
8542.0 0.36671432748215343
8544.0 0.37001659850333135
8546.0 0.3723213093200626
8548.0 0.3761472455796775
8550.0 0.3766706142854299
8552.0 0.37314503713543384
8554.0 0.3683173024249331
8556.0 0.36597903458614
8558.0 0.3665170629037202
8560.0 0.3701797642728184
8562.0 0.37371450473335593
8564.0 0.37569217589325843
8566.0 0.37386247866130207
8568.0 0.379391233558043
8570.0 0.3899016870866264
8572.0 0.3929053069983703
8574.0 0.3930175185473279
8576.0 0.3954009018047264
8578.0 0.3973707088287354
8580.0 0.3977681351637504
8582.0 0.3978620244415339
8584.0 0.4016270409604217
8586.0 0.404930129612948
8588.0 0.40973199578459935
8590.0 0.4139209410291839
8592.0 0.4110781299897848
8594.0 0.40950824474927333
8596.0 0.410669393101112
8598.0 0.40308656367061446
8600.0 0.39745585307129816
8602.0 0.4023012435023065
8604.0 0.4045415883276264
8606.0 0.4044625795274184
8608.0 0.41063200838222885
8610.0 0.4199097066030923
8612.0 0.4318928340508645
8614.0 0.4390662425264857
8616.0 0.4414146757483923
8618.0 0.4454537038736809
8620.0 0.45305554129158676
8622.0 0.4562313127922975
8624.0 0.45775472772082465
8626.0 0.45964564901068405
8628.0 0.46301410104215396
8630.0 0.46816691383371045
8632.0 0.4739553321425131
8634.0 0.4770589519097423
8636.0 0.47641665854780574
8638.0 0.4731041956013341
8640.0 0.47571704488015054
8642.0 0.48502487899421215
8644.0 0.48840835965006135
8646.0 0.48517152068822267
8648.0 0.48262390385554094
8650.0 0.48545836947195753
8652.0 0.48933649705259885
8654.0 0.49418019462608614
8656.0 0.49859917507071105
8658.0 0.5009756533017793
8660.0 0.4963328081249581
8662.0 0.4874370842242889
8664.0 0.492740813835887
8666.0 0.4966079694147902
8668.0 0.4836390456965781
8670.0 0.4795360548652346
8672.0 0.48152129544393246
8674.0 0.4841088058806055
8676.0 0.4866235921815151
8678.0 0.4866960614667467
8680.0 0.4836905614654782
8682.0 0.4796347209794894
8684.0 0.48051676707110974
8686.0 0.4798599478717417
8688.0 0.47381520135124117
8690.0 0.47146389988629694
8692.0 0.4690563532627657
8694.0 0.46692490533065545
8696.0 0.4683702652824784
8698.0 0.46920974465095366
8700.0 0.47080401604577854
8702.0 0.4710841979519687
8704.0 0.47318222175283603
8706.0 0.4735793320425652
8708.0 0.473150429572968
8710.0 0.4721715605438668
8712.0 0.46646065088443545
8714.0 0.46175896792452553
8716.0 0.4579603537522543
8718.0 0.4606548902227241
8720.0 0.4698594781872304
8722.0 0.4712754341437508
8724.0 0.47286024304422297
8726.0 0.46824538901597446
8728.0 0.46142074939432054
8730.0 0.45428545574600476
8732.0 0.4503675073017593
8734.0 0.4536418488252646
8736.0 0.45438510197061094
8738.0 0.45376255996059484
8740.0 0.4515823334964037
8742.0 0.45065553095402733
8744.0 0.448235015025075
8746.0 0.442232244679284
8748.0 0.44151607790075476
8750.0 0.4441433863989746
8752.0 0.4406354561571277
8754.0 0.4376619737196917
8756.0 0.4342375523954894
8758.0 0.4346871851461368
8760.0 0.4374174606701152
8762.0 0.44236522402030354
8764.0 0.4495413758169363
8766.0 0.4494537151390606
8768.0 0.44487604663461916
8770.0 0.43162939865996547
8772.0 0.4296648322418116
8774.0 0.43246105411957847
8776.0 0.43145177069794055
8778.0 0.42948364118857923
8780.0 0.432899885153563
8782.0 0.4359776999328207
8784.0 0.43712050413282433
8786.0 0.43771191101075196
8788.0 0.43377288586836527
8790.0 0.4313094104534242
8792.0 0.42994004509243977
8794.0 0.4301301646058502
8796.0 0.4300937700994465
8798.0 0.4293951513444763
8800.0 0.42791855653751776
8802.0 0.427571622937215
8804.0 0.42907043676484957
8806.0 0.43414532737872946
8808.0 0.4330131849965712
8810.0 0.42993181612438774
8812.0 0.42555799578632336
8814.0 0.42036068183303843
8816.0 0.4160367496041541
8818.0 0.4120340928385296
8820.0 0.4069087396209883
8822.0 0.4050074599501101
8824.0 0.40444035984166515
8826.0 0.41136876234922215
8828.0 0.41293920754730357
8830.0 0.4056822310798009
8832.0 0.3989427957056459
8834.0 0.39440249493947566
8836.0 0.3933928408334673
8838.0 0.3958134450558682
8840.0 0.39841298514829965
8842.0 0.40261123168431734
8844.0 0.4031477830846717
8846.0 0.39931863556455455
8848.0 0.39054929983072073
8850.0 0.3857405792578041
8852.0 0.382521091743334
8854.0 0.3816983299284111
8856.0 0.3782337520789898
8858.0 0.37084973375700475
8860.0 0.3671205629298429
8862.0 0.36651504353408115
8864.0 0.3686685921528078
8866.0 0.37190142551943745
8868.0 0.37395914729684027
8870.0 0.3713633202430582
8872.0 0.3660622120735996
8874.0 0.3619637520309112
8876.0 0.3595156939116232
8878.0 0.35709893862499553
8880.0 0.3549948915114741
8882.0 0.35517739525554576
8884.0 0.3556366923606159
8886.0 0.35532605129206024
8888.0 0.3537580429405509
8890.0 0.3591139354745409
8892.0 0.3637060123160924
8894.0 0.3646277993265034
8896.0 0.363058208340399
8898.0 0.3610399913729973
8900.0 0.3563272479881622
8902.0 0.3528151965915793
8904.0 0.35198722148011397
8906.0 0.35292367330185975
8908.0 0.36113000269033324
8910.0 0.36335491029430717
8912.0 0.36217596448538875
8914.0 0.3642668407359502
8916.0 0.3644978251139953
8918.0 0.3647898059252047
8920.0 0.363149039570088
8922.0 0.36205877384042734
8924.0 0.35992692798037373
8926.0 0.35665027031552526
8928.0 0.3576281256193213
8930.0 0.36196472812647024
8932.0 0.36346668388426673
8934.0 0.3611349160152786
8936.0 0.35809743802959954
8938.0 0.36219600173121064
8940.0 0.3653779462748779
8942.0 0.36411116737298754
8944.0 0.3605531297009542
8946.0 0.3587913349257667
8948.0 0.35918663690107105
8950.0 0.35915923266505106
8952.0 0.36263822261493
8954.0 0.3664940523000699
8956.0 0.36954106913617923
8958.0 0.3694017170004672
8960.0 0.3648900797984633
8962.0 0.36216399192537124
8964.0 0.3590939298196463
8966.0 0.35557247959378163
8968.0 0.3571477815121073
8970.0 0.35651845185369857
8972.0 0.3560684526235461
8974.0 0.36166583512044986
8976.0 0.36404211922974133
8978.0 0.3616396388180207
8980.0 0.36200283247220494
8982.0 0.36463593480527473
8984.0 0.369100645859987
8986.0 0.37137222569118034
8988.0 0.36973870184156193
8990.0 0.3640843314280397
8992.0 0.3624309749224215
8994.0 0.3631582034327104
8996.0 0.36666933278884395
8998.0 0.36562341121701
9000.0 0.3608679720479823
9002.0 0.3559100592138773
9004.0 0.3525617274462589
9006.0 0.353881745122015
9008.0 0.35379128928031506
9010.0 0.35229310196647373
9012.0 0.3484415912319855
9014.0 0.34528119250718425
9016.0 0.3500477634287028
9018.0 0.3514299881188633
9020.0 0.3546934134223642
9022.0 0.35327607264310684
9024.0 0.3521603527399802
9026.0 0.3544061689249726
9028.0 0.3507089214179218
9030.0 0.34993651661822067
9032.0 0.34852014938063897
9034.0 0.34939068990278865
9036.0 0.35010348572760897
9038.0 0.3531377517966444
9040.0 0.34958896413821444
9042.0 0.34518049376583715
9044.0 0.3452264027226899
9046.0 0.3429735610773589
9048.0 0.3347603665949644
9050.0 0.3347524718721683
9052.0 0.3417044711934001
9054.0 0.34388613020195963
9056.0 0.3442008309970726
9058.0 0.344906267457924
9060.0 0.3452000636923869
9062.0 0.346290492955444
9064.0 0.3445595517465146
9066.0 0.34257966668437534
9068.0 0.3412723628214381
9070.0 0.34726675117893957
9072.0 0.35120666219182556
9074.0 0.3513044148263728
9076.0 0.3452443789745523
9078.0 0.3439663578897828
9080.0 0.3441828340105054
9082.0 0.3451191309838954
9084.0 0.34811720553048203
9086.0 0.3496384849478479
9088.0 0.3515482656381216
9090.0 0.35145292958252267
9092.0 0.34995700238015115
9094.0 0.3465455293362323
9096.0 0.3442904562655013
9098.0 0.3420277758833355
9100.0 0.3412381702922984
9102.0 0.34298577362953675
9104.0 0.34889718989562307
9106.0 0.3559810433304226
9108.0 0.3590886016905746
9110.0 0.35650148613884913
9112.0 0.3539496091961125
9114.0 0.3515906739226431
9116.0 0.3492367775559428
9118.0 0.348133399008092
9120.0 0.34639157995193565
9122.0 0.3472921256663181
9124.0 0.348615959710234
9126.0 0.34947209152307945
9128.0 0.3479571151161522
9130.0 0.3492733148383538
9132.0 0.3522504713276949
9134.0 0.3528155475856479
9136.0 0.3534307312690957
9138.0 0.351508099187757
9140.0 0.35172324071999467
9142.0 0.35368670692803367
9144.0 0.3542377934023832
9146.0 0.3529044864313516
9148.0 0.3501781175530256
9150.0 0.3478882702367945
9152.0 0.34806272817363115
9154.0 0.3509822108713692
9156.0 0.3530837279565156
9158.0 0.35408026504657225
9160.0 0.3542155729929192
9162.0 0.35142552579108144
9164.0 0.34680344815822084
9166.0 0.34433335375520857
9168.0 0.34280933937360536
9170.0 0.3436435957713402
9172.0 0.34897475164316943
9174.0 0.3550282685090027
9176.0 0.3573814140410471
9178.0 0.3574586316242289
9180.0 0.35453720329653093
9182.0 0.35059698595137184
9184.0 0.34904457968745334
9186.0 0.3507354865973123
9188.0 0.3556172707065767
9190.0 0.3641202027074097
9192.0 0.37632934624689374
9194.0 0.38012809973965833
9196.0 0.37391988462530124
9198.0 0.37205875104621194
9200.0 0.37332075649302265
9202.0 0.37531661780309256
9204.0 0.3696422427138869
9206.0 0.35943785433359776
9208.0 0.3520150363423411
9210.0 0.345263235601179
9212.0 0.3513232164263042
9214.0 0.3641482865888474
9216.0 0.3722426029309127
9218.0 0.3716024581332805
9220.0 0.36775118739600904
9222.0 0.36029384750584864
9224.0 0.3469768707861924
9226.0 0.3377036301230373
9228.0 0.3324773279863452
9230.0 0.3361441995131808
9232.0 0.3489084668720821
9234.0 0.3561222800663719
9236.0 0.358075451343973
9238.0 0.35295160185402163
9240.0 0.3472785098170909
9242.0 0.34314482987250494
9244.0 0.3531465757185013
9246.0 0.3679358110763633
9248.0 0.38106196299062334
9250.0 0.3942482953911674
9252.0 0.40196719510207723
9254.0 0.4002812312919582
9256.0 0.39516898947222723
9258.0 0.39048215295365846
9260.0 0.37784092869313524
9262.0 0.36942619601936544
9264.0 0.3621921046397487
9266.0 0.3596875198108723
9268.0 0.36234243044180475
9270.0 0.3650601207935856
9272.0 0.3647226756156664
9274.0 0.366444254291764
9276.0 0.3626495277355321
9278.0 0.3623022753689212
9280.0 0.3669251206381415
9282.0 0.37435486116781136
9284.0 0.3823326667014769
9286.0 0.38599029061866535
9288.0 0.38413281926821724
9290.0 0.3769128651001208
9292.0 0.3698412814083657
9294.0 0.3632475242326898
9296.0 0.35958050866920455
9298.0 0.36064815038379705
9300.0 0.36619723535695003
9302.0 0.37144717054824244
9304.0 0.3752478515075832
9306.0 0.3733990742733507
9308.0 0.363954432815668
9310.0 0.36159246573372467
9312.0 0.3638800461927077
9314.0 0.36833309099400474
9316.0 0.3745384767252611
9318.0 0.3786005136317727
9320.0 0.37368464424827336
9322.0 0.3669696745436799
9324.0 0.3639322316808292
9326.0 0.3584134836061808
9328.0 0.35929203004995786
9330.0 0.3653469544870415
9332.0 0.37209335265058346
9334.0 0.37427796118166723
9336.0 0.3672139676451961
9338.0 0.3638490209252467
9340.0 0.36105783795159613
9342.0 0.3654137409259941
9344.0 0.37739183414052935
9346.0 0.3873088197550536
9348.0 0.3829327691713433
9350.0 0.3798379046801628
9352.0 0.3779469612187122
9354.0 0.3740066816011797
9356.0 0.37342968000122007
9358.0 0.37007114571651906
9360.0 0.3642596776272434
9362.0 0.3620967250681983
9364.0 0.3595641735074666
9366.0 0.36205042272405086
9368.0 0.3593816476258928
9370.0 0.3606184077653377
9372.0 0.3668541963912568
9374.0 0.37045518792630916
9376.0 0.3680206668978767
9378.0 0.3645511264186061
9380.0 0.3600945494572057
9382.0 0.35746293231794946
9384.0 0.3530100814444941
9386.0 0.3515300273877709
9388.0 0.36044464458078446
9390.0 0.37508101851186354
9392.0 0.37844771733496535
9394.0 0.37913826315337
9396.0 0.38001750848770643
9398.0 0.37781250255881654
9400.0 0.37294102165932963
9402.0 0.3660910700725015
9404.0 0.3604967813017598
9406.0 0.3650811968952541
9408.0 0.3713092608523516
9410.0 0.3735406623874345
9412.0 0.3699356904765697
9414.0 0.36819142891514667
9416.0 0.3699020506292141
9418.0 0.3777679389373938
9420.0 0.3850506069003384
9422.0 0.3936835352522581
9424.0 0.3905287533247107
9426.0 0.38436128807451997
9428.0 0.378932314783585
9430.0 0.37331485570984624
9432.0 0.3659836645703443
9434.0 0.36312714035461713
9436.0 0.3621354968361416
9438.0 0.3649632219244343
9440.0 0.3694184362235968
9442.0 0.3738756988955681
9444.0 0.37411302781846606
9446.0 0.37080060560157085
9448.0 0.3650309922014771
9450.0 0.3603953461026952
9452.0 0.35715326834724287
9454.0 0.3596409931543363
9456.0 0.36258996390124887
9458.0 0.3592541215201834
9460.0 0.3605564826732096
9462.0 0.36479976071112763
9464.0 0.36759972145621134
9466.0 0.36888907288059963
9468.0 0.3712521824952737
9470.0 0.37432186295165837
9472.0 0.3748381373393743
9474.0 0.36974535359484023
9476.0 0.36557001318181226
9478.0 0.3664586858455216
9480.0 0.36742113977574253
9482.0 0.3648423278213061
9484.0 0.3615166945446201
9486.0 0.3593446767040136
9488.0 0.35802157449023775
9490.0 0.3594143138519064
9492.0 0.3606834557877318
9494.0 0.36054356361265566
9496.0 0.3592123762193684
9498.0 0.35659199758033333
9500.0 0.3568511170428024
9502.0 0.35776983398340856
9504.0 0.3582456001633075
9506.0 0.356001045321547
9508.0 0.3525083548015932
9510.0 0.3538827798671835
9512.0 0.354784868573047
9514.0 0.3542872956422332
9516.0 0.3522612525957779
9518.0 0.35300438450870664
9520.0 0.35754037857747983
9522.0 0.3622303421699697
9524.0 0.36669030834694677
9526.0 0.3633998787275829
9528.0 0.3583265733183265
9530.0 0.3595194844692836
9532.0 0.3595023578973179
9534.0 0.35749965721085175
9536.0 0.3616289941493702
9538.0 0.3625159052230497
9540.0 0.35874294759385805
9542.0 0.3593246685357106
9544.0 0.3619409448826109
9546.0 0.3590263019111834
9548.0 0.3586813852190357
9550.0 0.36508577616712795
9552.0 0.3731253116696432
9554.0 0.3784491205252025
9556.0 0.3746147233071693
9558.0 0.3683964648117948
9560.0 0.3592356426316046
9562.0 0.35209231574124394
9564.0 0.35324336909918014
9566.0 0.3590243057629524
9568.0 0.36445785285131105
9570.0 0.3693966425339522
9572.0 0.3725097581271175
9574.0 0.36836423568799515
9576.0 0.3586465853476368
9578.0 0.3541113894086102
9580.0 0.35186324151551807
9582.0 0.3545631905761075
9584.0 0.35721378657451835
9586.0 0.3558954806049454
9588.0 0.3536767738845899
9590.0 0.3537005733698743
9592.0 0.3464640204177308
9594.0 0.34500666285193665
9596.0 0.3501234924896001
9598.0 0.3531604563088866
9600.0 0.35425961863903266
9602.0 0.3535905273769857
9604.0 0.3558931582093027
9606.0 0.3600189453859969
9608.0 0.3612779122367197
9610.0 0.3558794306395487
9612.0 0.34570207190180646
9614.0 0.3401588363861553
9616.0 0.3375191316539157
9618.0 0.34546707441155766
9620.0 0.35322461362534313
9622.0 0.35607602139593775
9624.0 0.35656828161818177
9626.0 0.35818153719423557
9628.0 0.3551208946380222
9630.0 0.3532183419946839
9632.0 0.35418972611012767
9634.0 0.348854255762227
9636.0 0.3395177559322523
9638.0 0.3371091635632852
9640.0 0.33995926083480044
9642.0 0.3482286723244931
9644.0 0.35237835474016194
9646.0 0.358055971127989
9648.0 0.36022512776411464
9650.0 0.34997601247213334
9652.0 0.33674393797558994
9654.0 0.3304628121234869
9656.0 0.3302952563743869
9658.0 0.33821967308133644
9660.0 0.34718970050484377
9662.0 0.3444968182196941
9664.0 0.34446124203139006
9666.0 0.3428553013494956
9668.0 0.33973131022454855
9670.0 0.3345060087234819
9672.0 0.33458187801380634
9674.0 0.339668196322211
9676.0 0.3435833239290735
9678.0 0.34933921415927766
9680.0 0.34563092420696817
9682.0 0.33742619633647275
9684.0 0.33553462917199284
9686.0 0.33374609680655415
9688.0 0.32996689764026704
9690.0 0.3335292572930466
9692.0 0.338831297940381
9694.0 0.3428003145629845
9696.0 0.3386704480904476
9698.0 0.3319560573325594
9700.0 0.3326713516876867
9702.0 0.3346399571079275
9704.0 0.33667400000477976
9706.0 0.34023712750984836
9708.0 0.3386413147494432
9710.0 0.33104910207794425
9712.0 0.3318541537615936
9714.0 0.34088811112577067
9716.0 0.3426194643610844
9718.0 0.3424610831051021
9720.0 0.34583713309086606
9722.0 0.34098916889242037
9724.0 0.3343448541939393
9726.0 0.33601487730855256
9728.0 0.34023944292050895
9730.0 0.34362775361122844
9732.0 0.34961157216565486
9734.0 0.3531209768806549
9736.0 0.34992814952432083
9738.0 0.3469552059900296
9740.0 0.3463073482104267
9742.0 0.34804449049065933
9744.0 0.35321129994881595
9746.0 0.34734973278101366
9748.0 0.3427734481304201
9750.0 0.3414731544089369
9752.0 0.33783800050472235
9754.0 0.33255885369918897
9756.0 0.3314568258724321
9758.0 0.3292781526537509
9760.0 0.32426530810407833
9762.0 0.3313259323885294
9764.0 0.34081540590245185
9766.0 0.3458521293566613
9768.0 0.3489559702323737
9770.0 0.34662811763217916
9772.0 0.3372338483835318
9774.0 0.3325537212050195
9776.0 0.332266966605042
9778.0 0.3357236372904507
9780.0 0.34239733889433493
9782.0 0.350448154004718
9784.0 0.34776963332920635
9786.0 0.33171746843091593
9788.0 0.33193789555068287
9790.0 0.3415122826888035
9792.0 0.3430114337625934
9794.0 0.3515264026551244
9796.0 0.3638926168771208
9798.0 0.3627279799331314
9800.0 0.3528077856633491
9802.0 0.3411728436075983
9804.0 0.33807607143241486
9806.0 0.3426426569424115
9808.0 0.33874450970864106
9810.0 0.33517817314831455
9812.0 0.33439216423633045
9814.0 0.34780655953955036
9816.0 0.3658794960395769
9818.0 0.3649676108552288
9820.0 0.3675111119717871
9822.0 0.37231860909937353
9824.0 0.378982394700238
9826.0 0.3881323206918929
9828.0 0.3857363303850644
9830.0 0.37253601398550173
9832.0 0.3536843860037097
9834.0 0.3509963886251971
9836.0 0.3535675499898972
9838.0 0.3560759044810522
9840.0 0.36015393273908713
9842.0 0.35580079875017007
9844.0 0.35009716779648287
9846.0 0.3448351580646196
9848.0 0.3408493041090642
9850.0 0.339732244604819
9852.0 0.3448376679265922
9854.0 0.3624236722040039
9856.0 0.37198376390995763
9858.0 0.37279230497910787
9860.0 0.3729669657391576
9862.0 0.3736315491895067
9864.0 0.371324267039116
9866.0 0.36887577798719634
9868.0 0.36808071829590505
9870.0 0.3614655074146367
9872.0 0.3509972153926647
9874.0 0.34332294517841716
9876.0 0.3441253826096781
9878.0 0.350153355252016
9880.0 0.3568130663987757
9882.0 0.3643932153254291
9884.0 0.36963641966324035
9886.0 0.37455626358982025
9888.0 0.3751783011967079
9890.0 0.37654996037842525
9892.0 0.3708254821289132
9894.0 0.3536063261083196
9896.0 0.3460975450020076
9898.0 0.34955951742259755
9900.0 0.3474067741805001
9902.0 0.34496556464210504
9904.0 0.3554863117226736
9906.0 0.3643505163753621
9908.0 0.37178058547715936
9910.0 0.3712405373874322
9912.0 0.37457813042409505
9914.0 0.3828888978701256
9916.0 0.3811037888784022
9918.0 0.3786341483652986
9920.0 0.38401047478609046
9922.0 0.38493181020802286
9924.0 0.3790300874840137
9926.0 0.36766573411731074
9928.0 0.36127972666228936
9930.0 0.36408639540455856
9932.0 0.36840298818203715
9934.0 0.3704505280024026
9936.0 0.36346371276295514
9938.0 0.3671051958043655
9940.0 0.3842856055000444
9942.0 0.3997862609963753
9944.0 0.4141987295446367
9946.0 0.41061607617287793
9948.0 0.4003662866620977
9950.0 0.3960492759162368
9952.0 0.38720882825570974
9954.0 0.3784756833278675
9956.0 0.3766220530964552
9958.0 0.3827052335417957
9960.0 0.3862772091443222
9962.0 0.3678825585210413
9964.0 0.36262686479861367
9966.0 0.3717326934436538
9968.0 0.3887903178100212
9970.0 0.4163762514397004
9972.0 0.42152579313289096
9974.0 0.4126548616716602
9976.0 0.3959925195064855
9978.0 0.3874644711297122
9980.0 0.3807736891261061
9982.0 0.3738733040978191
9984.0 0.37762608018681604
9986.0 0.3863042488350381
9988.0 0.38585316289815597
9990.0 0.38325016030315656
9992.0 0.3784421553752597
9994.0 0.3768520167061677
9996.0 0.3779726353280054
9998.0 0.397802839819069
