# z obs_date
# 0 52280
3580.0 0.2943730281855454
3582.0 0.29425274039373134
3584.0 0.39398108842749835
3586.0 0.32280035963112724
3588.0 0.28029322098674025
3590.0 0.2724814836954761
3592.0 0.26627598761322563
3594.0 0.27624186397098377
3596.0 0.28932672075468835
3598.0 0.3021950544531871
3600.0 0.3238081597816302
3602.0 0.3197425121905217
3604.0 0.31064632855426405
3606.0 0.31641636157070663
3608.0 0.3387542688446928
3610.0 0.34319182716880064
3612.0 0.38404247658114116
3614.0 0.3830341221311078
3616.0 0.3391411669426893
3618.0 0.33804338637944625
3620.0 0.33237116628476343
3622.0 0.3321394474419053
3624.0 0.3588638264707296
3626.0 0.3627308761157927
3628.0 0.3604652436481568
3630.0 0.36023840475507396
3632.0 0.3406380512436275
3634.0 0.33008836299270394
3636.0 0.35329692773793925
3638.0 0.3689796402911244
3640.0 0.36077847688542636
3642.0 0.354010040671587
3644.0 0.35356250064357986
3646.0 0.35203241607658714
3648.0 0.3420352051103385
3650.0 0.32344846950683287
3652.0 0.32386554748565094
3654.0 0.32696360569299315
3656.0 0.3312030269405475
3658.0 0.3481497168669654
3660.0 0.34783869550061924
3662.0 0.341374578909735
3664.0 0.3418655740397421
3666.0 0.32511919513132953
3668.0 0.3248383110077219
3670.0 0.3528394161281357
3672.0 0.35592587907099416
3674.0 0.359530923823068
3676.0 0.3594507737673644
3678.0 0.3599979216256262
3680.0 0.36049867409696956
3682.0 0.3486955457574597
3684.0 0.34309447083928574
3686.0 0.3489869589466423
3688.0 0.35216656109133565
3690.0 0.36952911998309346
3692.0 0.3867287514206552
3694.0 0.37218517544029095
3696.0 0.3529005275122476
3698.0 0.3587691052572221
3700.0 0.37089183029740647
3702.0 0.3782592119679776
3704.0 0.40001206366034386
3706.0 0.4021118105887598
3708.0 0.4044402739374927
3710.0 0.40392843507722326
3712.0 0.4070985465236165
3714.0 0.40798851422004984
3716.0 0.40612859370824306
3718.0 0.4068948819071851
3720.0 0.39168798539985133
3722.0 0.39087848657975127
3724.0 0.4038422068667841
3726.0 0.4062114046200106
3728.0 0.39596119124322143
3730.0 0.3921116900508627
3732.0 0.38978577806725134
3734.0 0.38898293778038395
3736.0 0.3873447913816667
3738.0 0.3862628212511262
3740.0 0.3901627286411009
3742.0 0.39457567726877696
3744.0 0.38533412235801934
3746.0 0.3707316924684654
3748.0 0.37237728117079466
3750.0 0.37347780273999975
3752.0 0.3730298051551806
3754.0 0.37375057481945795
3756.0 0.3692026608237079
3758.0 0.3409125514320619
3760.0 0.34100918224873533
3762.0 0.34085171357310806
3764.0 0.33429463033721096
3766.0 0.3374906583738027
3768.0 0.34502201009140276
3770.0 0.34023985637757576
3772.0 0.3368597367769427
3774.0 0.34494901265059086
3776.0 0.3474075720992475
3778.0 0.33342955053267986
3780.0 0.3294009590691682
3782.0 0.3246431581292843
3784.0 0.31446999798484776
3786.0 0.3346749451414515
3788.0 0.3426083901109948
3790.0 0.33961776132769067
3792.0 0.3374504447971324
3794.0 0.3356317408329337
3796.0 0.33849868949487
3798.0 0.3345802242309187
3800.0 0.3253711871420418
3802.0 0.3318314076292694
3804.0 0.3466278780730644
3806.0 0.350753219767531
3808.0 0.3553056924318843
3810.0 0.36723612274965617
3812.0 0.3545579830655061
3814.0 0.35394578584321346
3816.0 0.37141200114376977
3818.0 0.36802550085753655
3820.0 0.3588179520483777
3822.0 0.3647855963356785
3824.0 0.3752732433832782
3826.0 0.38967784191309796
3828.0 0.40129539650355084
3830.0 0.40573850495797664
3832.0 0.42245289120300084
3834.0 0.43084154767351407
3836.0 0.4305495139208255
3838.0 0.43209722139928486
3840.0 0.4401125808975405
3842.0 0.4443580852887988
3844.0 0.4519573044495994
3846.0 0.4615609883914821
3848.0 0.4653551909457816
3850.0 0.4664047388276492
3852.0 0.47216456055489414
3854.0 0.48072999672292793
3856.0 0.4963036111864814
3858.0 0.4980988049723676
3860.0 0.4967253721940655
3862.0 0.4982392313074436
3864.0 0.4954013376313118
3866.0 0.5049766293465938
3868.0 0.5241125626647645
3870.0 0.5261611536791005
3872.0 0.517589709297629
3874.0 0.5282336311915022
3876.0 0.5292395958479205
3878.0 0.5466840539411043
3880.0 0.5571870918618737
3882.0 0.5602650969459045
3884.0 0.559912415406279
3886.0 0.5669746597780179
3888.0 0.5763996519113888
3890.0 0.590193407887737
3892.0 0.5961466382903808
3894.0 0.5995381394722322
3896.0 0.610424606060301
3898.0 0.6129708389802352
3900.0 0.6142757242037317
3902.0 0.617983096843485
3904.0 0.618734703832675
3906.0 0.6253155181544812
3908.0 0.6476673626891827
3910.0 0.6453027642590281
3912.0 0.6420668696422788
3914.0 0.6337952594557233
3916.0 0.6218502529508644
3918.0 0.6182133044713
3920.0 0.6212033669644779
3922.0 0.6225771640782537
3924.0 0.6311676487701019
3926.0 0.6271102127908952
3928.0 0.6218123056455149
3930.0 0.610868148617871
3932.0 0.6159324738011266
3934.0 0.6199256384585422
3936.0 0.6272405228329448
3938.0 0.6334611349985235
3940.0 0.633261754613128
3942.0 0.6317677612590132
3944.0 0.630034041415372
3946.0 0.6263792671310512
3948.0 0.62749220936782
3950.0 0.6366477897451038
3952.0 0.6354860931501869
3954.0 0.6401840433283211
3956.0 0.6423712955069034
3958.0 0.6489933530118469
3960.0 0.6512580979276569
3962.0 0.6649638784450218
3964.0 0.6628579819261238
3966.0 0.6595130069696212
3968.0 0.6555755204048778
3970.0 0.6563329829370071
3972.0 0.6597136758612697
3974.0 0.6709726421772085
3976.0 0.6656744067284276
3978.0 0.6821982866721726
3980.0 0.6943010773124562
3982.0 0.6872792767240276
3984.0 0.6829384892690072
3986.0 0.6830969446211785
3988.0 0.6772613454765007
3990.0 0.6903534048583063
3992.0 0.7128439722531226
3994.0 0.7249905682817546
3996.0 0.7389169921839368
3998.0 0.7341188171774347
4000.0 0.7409872517152218
4002.0 0.7435355283337418
4004.0 0.7519601965464063
4006.0 0.7538661841383455
4008.0 0.7572001653753618
4010.0 0.7506302972230439
4012.0 0.7488167718898252
4014.0 0.7507421787737284
4016.0 0.7637782173095391
4018.0 0.7646884228739009
4020.0 0.772442450580138
4022.0 0.7765791484000185
4024.0 0.7752804208258891
4026.0 0.7773348338962488
4028.0 0.7694749941550403
4030.0 0.7621288305462903
4032.0 0.7554527128253771
4034.0 0.7551598299594534
4036.0 0.765034633751042
4038.0 0.7726172004084678
4040.0 0.7696834699842794
4042.0 0.7680870004247037
4044.0 0.7702203015593114
4046.0 0.7518234600571289
4048.0 0.7529147131980439
4050.0 0.7534167879245661
4052.0 0.753504624396747
4054.0 0.753757968492004
4056.0 0.7454217167999273
4058.0 0.744318096351351
4060.0 0.7486086464879913
4062.0 0.7476203284821528
4064.0 0.7448523901118718
4066.0 0.7204421304141065
4068.0 0.7178298941627083
4070.0 0.722785094720748
4072.0 0.7297155377342428
4074.0 0.7320460964010178
4076.0 0.7337260124087387
4078.0 0.7317945706576746
4080.0 0.731825119071288
4082.0 0.7259609538253403
4084.0 0.7165373579452523
4086.0 0.7034900197929137
4088.0 0.688914275456256
4090.0 0.6939223471546714
4092.0 0.6945767175976341
4094.0 0.6969465312563544
4096.0 0.6942317976728305
4098.0 0.693204996363735
4100.0 0.6874740468870382
4102.0 0.686625584274421
4104.0 0.6831782399173734
4106.0 0.6865990814066183
4108.0 0.69205421251608
4110.0 0.6894799509922697
4112.0 0.6840801421335042
4114.0 0.6840923649922341
4116.0 0.679933785968874
4118.0 0.6741473707606086
4120.0 0.677086074398291
4122.0 0.6791190674553476
4124.0 0.6738464416880544
4126.0 0.6685986152431033
4128.0 0.6597822969823763
4130.0 0.6550105738411847
4132.0 0.6519542313317951
4134.0 0.6484394368633295
4136.0 0.6353179959958536
4138.0 0.626168532414886
4140.0 0.6211477900961242
4142.0 0.6129780079242431
4144.0 0.6124975614619539
4146.0 0.6130350466923306
4148.0 0.6123929482186066
4150.0 0.6079241236878965
4152.0 0.6043165996733252
4154.0 0.5804239606031223
4156.0 0.5760858162052181
4158.0 0.564229632126275
4160.0 0.5656054983549738
4162.0 0.5626210433973096
4164.0 0.5635074180761636
4166.0 0.5539530952040087
4168.0 0.5523652066946086
4170.0 0.5488610077516283
4172.0 0.5463490190990321
4174.0 0.54254430140296
4176.0 0.5408347159911013
4178.0 0.5337108084224536
4180.0 0.5273445004660224
4182.0 0.5187710640251798
4184.0 0.5077913190600989
4186.0 0.502803347651217
4188.0 0.4964607575371271
4190.0 0.4982083332069941
4192.0 0.5030431966099255
4194.0 0.5054489620314847
4196.0 0.5110305909265529
4198.0 0.5183954278797595
4200.0 0.5249994030149336
4202.0 0.5253323757233973
4204.0 0.5357941448616769
4206.0 0.5354541521288863
4208.0 0.5277633998483899
4210.0 0.5271882108977655
4212.0 0.5275463406791986
4214.0 0.5266583045917886
4216.0 0.5363230655024784
4218.0 0.5390430530686258
4220.0 0.547740988173677
4222.0 0.5544476009358285
4224.0 0.5573841695737336
4226.0 0.5598048086357095
4228.0 0.5668648476687747
4230.0 0.5716807407531312
4232.0 0.5824817544032295
4234.0 0.5906075049552314
4236.0 0.5911787504355819
4238.0 0.5931484318496367
4240.0 0.5973824550562625
4242.0 0.5986957162428165
4244.0 0.6019505166007529
4246.0 0.6114210426129986
4248.0 0.6132786275507001
4250.0 0.6252529868188443
4252.0 0.6277032072824764
4254.0 0.6281062273284578
4256.0 0.6240168735133572
4258.0 0.6243368648346749
4260.0 0.6264186166172832
4262.0 0.6323036916920128
4264.0 0.6362193900545796
4266.0 0.6474231545830965
4268.0 0.6478354856290987
4270.0 0.6552345437291988
4272.0 0.6614853157549601
4274.0 0.6745147774532151
4276.0 0.6832160665960546
4278.0 0.6856911717721466
4280.0 0.6915180115231967
4282.0 0.6914016131565749
4284.0 0.6923496627653233
4286.0 0.6837783746996532
4288.0 0.6681095485374747
4290.0 0.6621560877151184
4292.0 0.6440948140550204
4294.0 0.6419996981193317
4296.0 0.6433738775483269
4298.0 0.6459298533794423
4300.0 0.6525548460392062
4302.0 0.6516890873773474
4304.0 0.6613728484920558
4306.0 0.6619099825468838
4308.0 0.6590104129614065
4310.0 0.6583588313848091
4312.0 0.6711849473218341
4314.0 0.6755395325855608
4316.0 0.6853711626981225
4318.0 0.6869459200251941
4320.0 0.6804277940295068
4322.0 0.6770281517905548
4324.0 0.669734242818753
4326.0 0.6635057500227718
4328.0 0.6573236185443605
4330.0 0.6496364096767965
4332.0 0.6462530555568546
4334.0 0.6397722040254878
4336.0 0.6414450599905895
4338.0 0.6432459123761683
4340.0 0.6464057349451362
4342.0 0.643888586407851
4344.0 0.6417843989820396
4346.0 0.6384404764197601
4348.0 0.6380619507207922
4350.0 0.6279372428534635
4352.0 0.6294999166336154
4354.0 0.6326967770415818
4356.0 0.6323995220920212
4358.0 0.637755617951182
4360.0 0.6401676332283643
4362.0 0.6369921888079664
4364.0 0.6375454528282627
4366.0 0.6309122265810868
4368.0 0.6288676585931812
4370.0 0.6302411028542568
4372.0 0.6277264101037817
4374.0 0.627660219599368
4376.0 0.6286192211139326
4378.0 0.6331455171209575
4380.0 0.6407498094766586
4382.0 0.6470603270879711
4384.0 0.654218809959746
4386.0 0.6555528486865941
4388.0 0.6553065848231864
4390.0 0.6559400121804103
4392.0 0.6546714635400974
4394.0 0.6563819192521925
4396.0 0.6618881556312911
4398.0 0.6642786764772844
4400.0 0.6729420173305871
4402.0 0.6725186721072445
4404.0 0.6773417746996763
4406.0 0.6790363682862396
4408.0 0.6773591944653935
4410.0 0.6771283035761844
4412.0 0.6827022009694953
4414.0 0.6860070386278818
4416.0 0.6877289024951079
4418.0 0.6871517695146522
4420.0 0.6820593013791989
4422.0 0.6796626970596541
4424.0 0.6802862965351639
4426.0 0.6807869604899951
4428.0 0.6841608665325655
4430.0 0.6871787704253739
4432.0 0.6896643227268999
4434.0 0.6973001772804169
4436.0 0.6998342440053064
4438.0 0.7031487895939286
4440.0 0.7041514475355504
4442.0 0.7053735679783248
4444.0 0.7050373503389562
4446.0 0.7035746152350082
4448.0 0.7054760822476138
4450.0 0.7050695275355782
4452.0 0.7032424614347547
4454.0 0.7035822872217384
4456.0 0.7024695018213916
4458.0 0.7039155901606201
4460.0 0.7056952693337415
4462.0 0.7062809866729366
4464.0 0.7067087057993694
4466.0 0.7113506970025046
4468.0 0.7140193170596304
4470.0 0.7165016705812639
4472.0 0.7192943667012648
4474.0 0.7196103801270293
4476.0 0.7185030753482673
4478.0 0.7163608811912652
4480.0 0.7140725190529039
4482.0 0.7140783406917777
4484.0 0.7195955102097011
4486.0 0.7227366119538732
4488.0 0.7281079615661565
4490.0 0.7334067904645417
4492.0 0.7392054890038713
4494.0 0.7383501311238659
4496.0 0.7534923942225076
4498.0 0.752958952695147
4500.0 0.7648881090416717
4502.0 0.7653751657288521
4504.0 0.777327356485473
4506.0 0.7803871214909219
4508.0 0.7891512498985578
4510.0 0.79206253190229
4512.0 0.7911558646348951
4514.0 0.789400687347503
4516.0 0.7915487969560754
4518.0 0.7914625805389502
4520.0 0.7967284573657514
4522.0 0.8011891536182087
4524.0 0.8078674775536298
4526.0 0.8149827755615433
4528.0 0.8179741143471211
4530.0 0.8206056507259986
4532.0 0.8196554779434495
4534.0 0.8181559181266423
4536.0 0.821894851537611
4538.0 0.8267417592928656
4540.0 0.8286016550088923
4542.0 0.8308791786312653
4544.0 0.8294427879968982
4546.0 0.8280217329215702
4548.0 0.8289550162345686
4550.0 0.8373547437032718
4552.0 0.8387169998991277
4554.0 0.8474704735537775
4556.0 0.848292452196381
4558.0 0.8500966360449068
4560.0 0.8516079369810481
4562.0 0.8547646119192638
4564.0 0.8583553895148258
4566.0 0.854725860584901
4568.0 0.8514518994422187
4570.0 0.849050977589008
4572.0 0.8465991328965794
4574.0 0.8427377588479589
4576.0 0.838391704388511
4578.0 0.8367125517975434
4580.0 0.8341607811931563
4582.0 0.8291029644644367
4584.0 0.8245377461128153
4586.0 0.8209368051977548
4588.0 0.8177864752968458
4590.0 0.8166926833817817
4592.0 0.8171696402180335
4594.0 0.8167028823235398
4596.0 0.8067762268868596
4598.0 0.8059474606244774
4600.0 0.8006412529307262
4602.0 0.7998350654217923
4604.0 0.7864571667730069
4606.0 0.7839185987276864
4608.0 0.7828857919223261
4610.0 0.7835165273220637
4612.0 0.7793533666365795
4614.0 0.7757575667842757
4616.0 0.7693902039137966
4618.0 0.7642692852506031
4620.0 0.759425033491605
4622.0 0.7577363488512397
4624.0 0.7547246391600984
4626.0 0.7518722111764361
4628.0 0.7462782632057022
4630.0 0.739235068546556
4632.0 0.728175305521634
4634.0 0.7119227780446578
4636.0 0.7095060502326942
4638.0 0.6988131225366548
4640.0 0.6949147190348985
4642.0 0.685214716492352
4644.0 0.6799454610441845
4646.0 0.6534296139636647
4648.0 0.6503984747620498
4650.0 0.627558984861589
4652.0 0.6239386248919965
4654.0 0.6134467817438113
4656.0 0.6056012273939634
4658.0 0.5881691605426926
4660.0 0.5811158383198096
4662.0 0.5688407319187958
4664.0 0.5629751166936505
4666.0 0.5492092535274541
4668.0 0.540304129384782
4670.0 0.5314067705616551
4672.0 0.5184551743577535
4674.0 0.5153411981424157
4676.0 0.5131429014811388
4678.0 0.5128847771072833
4680.0 0.5094854888353642
4682.0 0.5069318320500105
4684.0 0.5009711869844292
4686.0 0.5012157902701665
4688.0 0.5003133979864891
4690.0 0.5013946187415379
4692.0 0.5037900519924087
4694.0 0.504035600843249
4696.0 0.5038515420290045
4698.0 0.504326125230931
4700.0 0.5167956119737722
4702.0 0.5224912261983449
4704.0 0.5412187678640609
4706.0 0.54434250143812
4708.0 0.5544871835720766
4710.0 0.5596905932609152
4712.0 0.5642796500856939
4714.0 0.5639356379294981
4716.0 0.5669361622469833
4718.0 0.571036098838718
4720.0 0.5737686253866372
4722.0 0.5767878934362386
4724.0 0.5858916740286247
4726.0 0.5977043132264677
4728.0 0.6056286581535425
4730.0 0.6223275484416136
4732.0 0.6275382187801509
4734.0 0.6423687624617063
4736.0 0.6482872194689462
4738.0 0.6594520648024181
4740.0 0.66207966422536
4742.0 0.6691030162835682
4744.0 0.6699409444210672
4746.0 0.675724842295652
4748.0 0.6794225171754754
4750.0 0.6858572346579006
4752.0 0.6923974671171838
4754.0 0.6953742549896088
4756.0 0.6963875531739243
4758.0 0.7067388366541895
4760.0 0.7112445291970655
4762.0 0.7168193352006033
4764.0 0.7240708639377593
4766.0 0.7221594650126425
4768.0 0.719154738743999
4770.0 0.7239182976933646
4772.0 0.7247622774926836
4774.0 0.7236159961120503
4776.0 0.7195508704549983
4778.0 0.7190971495732777
4780.0 0.7180583359654078
4782.0 0.7185769681432236
4784.0 0.7199996077270472
4786.0 0.7214838781330298
4788.0 0.7209354134846828
4790.0 0.7216907969375543
4792.0 0.7217339621891135
4794.0 0.7234430009139775
4796.0 0.7279317612502575
4798.0 0.726921238706456
4800.0 0.728176271853802
4802.0 0.728101556177771
4804.0 0.7274934990946119
4806.0 0.7274070070477023
4808.0 0.7287434838722296
4810.0 0.7319957924295223
4812.0 0.736677998943636
4814.0 0.7384679044010541
4816.0 0.7436774688866903
4818.0 0.7469631484404753
4820.0 0.7504304743837512
4822.0 0.7556644178523851
4824.0 0.760501038623585
4826.0 0.7684546639384405
4828.0 0.7743107023501316
4830.0 0.7863666752266391
4832.0 0.7882228429499862
4834.0 0.8048439175572916
4836.0 0.805800775032708
4838.0 0.8068427569154862
4840.0 0.8070998044447604
4842.0 0.7946140144712136
4844.0 0.7984361121388583
4846.0 0.7905692947385586
4848.0 0.7924626891373096
4850.0 0.7853076381489874
4852.0 0.7825075403127464
4854.0 0.7731617148198614
4856.0 0.7727403033600926
4858.0 0.7795832878476573
4860.0 0.7831707405683561
4862.0 0.7839079938078222
4864.0 0.7835966138788367
4866.0 0.7775498217120493
4868.0 0.7732318054957664
4870.0 0.7704920593885123
4872.0 0.7624142901563569
4874.0 0.7609974365833558
4876.0 0.7571550080851326
4878.0 0.7573393548049332
4880.0 0.7551574429908444
4882.0 0.7546879832780418
4884.0 0.7513844001973505
4886.0 0.7505300635698106
4888.0 0.7490498838852233
4890.0 0.747421463765576
4892.0 0.7485965126376376
4894.0 0.7505849203632442
4896.0 0.7487166232189791
4898.0 0.7478380564811964
4900.0 0.7446449776839776
4902.0 0.7454017538063812
4904.0 0.745420427726318
4906.0 0.744999201609429
4908.0 0.7500638955502501
4910.0 0.7532463079314333
4912.0 0.7525443064098216
4914.0 0.7523787062555405
4916.0 0.7527765584467448
4918.0 0.7505800147928112
4920.0 0.751936379742335
4922.0 0.7541540006407411
4924.0 0.7584000277544147
4926.0 0.764769028661487
4928.0 0.7660941944001901
4930.0 0.7788063187354672
4932.0 0.7809344545234026
4934.0 0.7877725996120888
4936.0 0.7872031364186209
4938.0 0.7891306357440985
4940.0 0.7913443738483019
4942.0 0.7959433521850415
4944.0 0.7962652534544609
4946.0 0.8014756236861972
4948.0 0.8065451565964008
4950.0 0.8170358088135016
4952.0 0.8204805841715274
4954.0 0.8261539428316381
4956.0 0.8290307432085952
4958.0 0.8360382025028446
4960.0 0.8404272205820211
4962.0 0.8446428765306
4964.0 0.8458093662772139
4966.0 0.8493648089351802
4968.0 0.8539149517902163
4970.0 0.8531795010671915
4972.0 0.8504218680369239
4974.0 0.8492965045330582
4976.0 0.8496105727838874
4978.0 0.8525510568033079
4980.0 0.8604805231644137
4982.0 0.8616927126048726
4984.0 0.8660719865002942
4986.0 0.8658921435129749
4988.0 0.8611435253385132
4990.0 0.8629559214046274
4992.0 0.8568309358871137
4994.0 0.8551052693242479
4996.0 0.8453893561087371
4998.0 0.8467283114280387
5000.0 0.8471100638238925
5002.0 0.8494834815728137
5004.0 0.8537747655753372
5006.0 0.8556348551317932
5008.0 0.8546066245417976
5010.0 0.8459257678208715
5012.0 0.8393743749035488
5014.0 0.8330203258674117
5016.0 0.8250925748526943
5018.0 0.8138967027009577
5020.0 0.8080143334037837
5022.0 0.804668833940194
5024.0 0.803700271922984
5026.0 0.7999849612481289
5028.0 0.7978961980128192
5030.0 0.7881639350085813
5032.0 0.7847389590017215
5034.0 0.778843824105683
5036.0 0.7792251118793782
5038.0 0.773455187783671
5040.0 0.7731827463590113
5042.0 0.7663240383102023
5044.0 0.7635729740014949
5046.0 0.7556900765219291
5048.0 0.7543401789494587
5050.0 0.7494355030796245
5052.0 0.7480106682223114
5054.0 0.7409671598786866
5056.0 0.7329724488519423
5058.0 0.7284731972329707
5060.0 0.7260134846285188
5062.0 0.7270659516512326
5064.0 0.7282249625136176
5066.0 0.7265527999274493
5068.0 0.7257174834351844
5070.0 0.7289387864020744
5072.0 0.7335450014479462
5074.0 0.7356489114840868
5076.0 0.7402612286811041
5078.0 0.7399835618720462
5080.0 0.7427792066731438
5082.0 0.7437816266766504
5084.0 0.7472104502225954
5086.0 0.7479986481213874
5088.0 0.7493549772589781
5090.0 0.7486310996055116
5092.0 0.7511306749194013
5094.0 0.752357011662142
5096.0 0.7578892669119397
5098.0 0.7603794294680642
5100.0 0.7706230279023235
5102.0 0.7760310129054983
5104.0 0.7764127871266003
5106.0 0.775376290078236
5108.0 0.7795641066541005
5110.0 0.7818807507466771
5112.0 0.7875936387125334
5114.0 0.7951046575997908
5116.0 0.7988995579944678
5118.0 0.8047520357800634
5120.0 0.8045498686902968
5122.0 0.8040057301026277
5124.0 0.805092064719373
5126.0 0.8042611391326303
5128.0 0.8055050935927051
5130.0 0.8034024916111892
5132.0 0.8026315121910348
5134.0 0.8100274916859929
5136.0 0.8133646332891848
5138.0 0.831661396416823
5140.0 0.8318208739851322
5142.0 0.8411546364738004
5144.0 0.842890508532686
5146.0 0.8382595707648846
5148.0 0.8352802961226827
5150.0 0.8267019300350481
5152.0 0.825115214295873
5154.0 0.8279083552607096
5156.0 0.8307422058698515
5158.0 0.8303573597440398
5160.0 0.8275538497294527
5162.0 0.821716669411503
5164.0 0.8182761507359916
5166.0 0.8177453066137068
5168.0 0.8160184200621217
5170.0 0.8147357688391546
5172.0 0.8164134918379842
5174.0 0.8186678930727201
5176.0 0.8202835556812883
5178.0 0.8205160586982623
5180.0 0.822260526240667
5182.0 0.823976669563595
5184.0 0.8284765660649883
5186.0 0.8307227873484686
5188.0 0.828191869552037
5190.0 0.8272829117773254
5192.0 0.8286332304277809
5194.0 0.8303241306509224
5196.0 0.8346987016665988
5198.0 0.8313237243960021
5200.0 0.8317120080611954
5202.0 0.8323534520897601
5204.0 0.82690060676769
5206.0 0.8219872619780857
5208.0 0.8180288167968792
5210.0 0.814914908687413
5212.0 0.8154498838915714
5214.0 0.8148799651532419
5216.0 0.8170646276404845
5218.0 0.818788949454535
5220.0 0.8215678582624518
5222.0 0.8286069091851335
5224.0 0.8293833259602851
5226.0 0.8264271813046014
5228.0 0.8249813900942281
5230.0 0.826028585754749
5232.0 0.8295598614762411
5234.0 0.838542936275368
5236.0 0.838025287805794
5238.0 0.849585162416268
5240.0 0.8498218676430775
5242.0 0.8501651750105675
5244.0 0.8494366913250111
5246.0 0.8434820632870836
5248.0 0.8422537272010051
5250.0 0.8391586363834349
5252.0 0.8362293385701747
5254.0 0.8344899912715606
5256.0 0.8322200767979391
5258.0 0.8343013602083722
5260.0 0.836967852470349
5262.0 0.8411272220959846
5264.0 0.8471308216870899
5266.0 0.8492445040841582
5268.0 0.8521418903450259
5270.0 0.8540740510941778
5272.0 0.8613019794994076
5274.0 0.859603412702103
5276.0 0.8575005885445055
5278.0 0.8580601927725642
5280.0 0.8547548136925016
5282.0 0.8541235836770874
5284.0 0.8570937282934522
5286.0 0.8567545203173574
5288.0 0.8642520422300023
5290.0 0.8684565194347562
5292.0 0.874655553442693
5294.0 0.8740976789407933
5296.0 0.8807762719998146
5298.0 0.8836123340745617
5300.0 0.8864274006297703
5302.0 0.8883820280991387
5304.0 0.8838534447149844
5306.0 0.8808113807593992
5308.0 0.8799313664096627
5310.0 0.8773926981170636
5312.0 0.8763883605448392
5314.0 0.878193826916797
5316.0 0.8772685300822441
5318.0 0.8771120369329791
5320.0 0.8754166655591339
5322.0 0.8703160314265886
5324.0 0.8720012381875731
5326.0 0.8715875024001919
5328.0 0.8701047540717938
5330.0 0.8660579638661702
5332.0 0.8664871236549639
5334.0 0.8731724788882551
5336.0 0.8752283650292829
5338.0 0.8854144137767658
5340.0 0.8850098589326231
5342.0 0.8802262939556662
5344.0 0.8789265278171171
5346.0 0.8763808858994462
5348.0 0.8745977072388014
5350.0 0.8772128112136972
5352.0 0.8771973779950805
5354.0 0.8804742560153875
5356.0 0.8842224028638833
5358.0 0.8844001849173784
5360.0 0.8824519269296824
5362.0 0.8806460136116209
5364.0 0.8797827314742506
5366.0 0.8819072132624493
5368.0 0.887777751484016
5370.0 0.8869141273562491
5372.0 0.8891875992478334
5374.0 0.8883560350866373
5376.0 0.8891589760292854
5378.0 0.8889725409609525
5380.0 0.8877878294612466
5382.0 0.8873788503559865
5384.0 0.8800651838894741
5386.0 0.879141117632099
5388.0 0.8760318219195622
5390.0 0.8750573112936024
5392.0 0.8723952914856028
5394.0 0.8719501852077247
5396.0 0.8700443486840149
5398.0 0.8729705419485284
5400.0 0.8771116230208128
5402.0 0.8784657680755986
5404.0 0.8806062792985656
5406.0 0.8802232093492065
5408.0 0.8755428226696578
5410.0 0.8682253023453621
5412.0 0.86803885326988
5414.0 0.8687196835430997
5416.0 0.8680766242197938
5418.0 0.8692224274887659
5420.0 0.8673851396178135
5422.0 0.8621721959066626
5424.0 0.8624196773781937
5426.0 0.8684904850034952
5428.0 0.8693318988148739
5430.0 0.8777073187374662
5432.0 0.878018783074887
5434.0 0.8772306663047299
5436.0 0.8767481678591682
5438.0 0.8757925092338029
5440.0 0.8753174479479308
5442.0 0.8797751131855472
5444.0 0.8804221983153522
5446.0 0.8865554523505762
5448.0 0.8917343779138199
5450.0 0.8936603696174095
5452.0 0.8939316731733092
5454.0 0.8953899858681755
5456.0 0.8954153108422244
5458.0 0.8966159168542399
5460.0 0.900333732194871
5462.0 0.9017088167445115
5464.0 0.9029879187792981
5466.0 0.904717336862309
5468.0 0.9128934847542987
5470.0 0.9147747895381292
5472.0 0.9172360725441219
5474.0 0.914549780487149
5476.0 0.9089247470085443
5478.0 0.9094808898182094
5480.0 0.9080128507875921
5482.0 0.9093231345761583
5484.0 0.9119476255214876
5486.0 0.912170453043545
5488.0 0.9126578904543693
5490.0 0.9145880166401836
5492.0 0.9069037543160592
5494.0 0.9035592815769193
5496.0 0.9032735189525486
5498.0 0.9025144255619966
5500.0 0.904086028093531
5502.0 0.9085047150665686
5504.0 0.9072562235794003
5506.0 0.9040762360167371
5508.0 0.9003055791939967
5510.0 0.8968880957056787
5512.0 0.8988971677087253
5514.0 0.8954827743832137
5516.0 0.8961387437930479
5518.0 0.9034592809672212
5520.0 0.9026675152526453
5522.0 0.8980392420911336
5524.0 0.8990834591264406
5526.0 0.8891298061886811
5528.0 0.8872589777172692
5530.0 0.888279423854638
5532.0 0.8888811097688867
5534.0 0.8884078556307193
5536.0 0.8869758529793583
5538.0 0.8881975331161075
5540.0 0.8868885257794482
5542.0 0.8885465089458995
5544.0 0.8892753788993332
5546.0 0.8901709697386555
5548.0 0.8896142630582493
5550.0 0.8852181218043489
5552.0 0.8806588326140252
5554.0 0.8707488277765832
5556.0 0.8589981690907665
5558.0 0.8555365887579666
5560.0 0.8588254932949277
5562.0 0.8599614260721314
5564.0 0.8619176465183082
5566.0 0.8609834698969016
5568.0 0.8575771015264031
5570.0 0.8568762549520521
5572.0 0.8561643590751776
5574.0 0.8549221100479636
5576.0 0.8541465629971623
5578.0 0.8533220244205612
5580.0 0.8473918508191928
5582.0 0.8440412013594535
5584.0 0.8440733050783001
5586.0 0.8452329250049494
5588.0 0.8486020024576036
5590.0 0.8495191893864925
5592.0 0.8523494374997056
5594.0 0.8528434459197276
5596.0 0.8519282018660741
5598.0 0.8494703520940818
5600.0 0.8488122804434022
5602.0 0.849257956717815
5604.0 0.8468186304661038
5606.0 0.8462743007132261
5608.0 0.8471906588975456
5610.0 0.849384586555598
5612.0 0.8492914991572403
5614.0 0.847257990751878
5616.0 0.8443064042579604
5618.0 0.8401338361880225
5620.0 0.8384101534033301
5622.0 0.8383167106857131
5624.0 0.8374295107911561
5626.0 0.8389092107057952
5628.0 0.8371716002937595
5630.0 0.8343797244036175
5632.0 0.8336698809454455
5634.0 0.8250165176573809
5636.0 0.8210819123959149
5638.0 0.8099962475155386
5640.0 0.8059319697331464
5642.0 0.8006857402280144
5644.0 0.7966293880004662
5646.0 0.7948551941681995
5648.0 0.7939599066605554
5650.0 0.789301785721096
5652.0 0.7844817177940193
5654.0 0.7821000955367112
5656.0 0.7781447281042421
5658.0 0.7754164193025194
5660.0 0.7700325725684248
5662.0 0.7673096844784084
5664.0 0.759681577756546
5666.0 0.7565935482144405
5668.0 0.7435314830632805
5670.0 0.7410354551298275
5672.0 0.7231814186640751
5674.0 0.7238078001649385
5676.0 0.7076295133898469
5678.0 0.708286731339278
5680.0 0.6913224110940956
5682.0 0.6867908130943079
5684.0 0.668721339681788
5686.0 0.6628300730119834
5688.0 0.6492632191409091
5690.0 0.6421169102863672
5692.0 0.6342139706497795
5694.0 0.6301864621329643
5696.0 0.6225169399357325
5698.0 0.6158134109847617
5700.0 0.6102457238794962
5702.0 0.6064197427798993
5704.0 0.6045237254201508
5706.0 0.6021831981134559
5708.0 0.5995420793017255
5710.0 0.5943375103436338
5712.0 0.5913024855146946
5714.0 0.5882009494841149
5716.0 0.5873650789870508
5718.0 0.5832183838937511
5720.0 0.584736181155711
5722.0 0.5838685319696986
5724.0 0.5828801716758387
5726.0 0.5815717564088211
5728.0 0.5824182809828188
5730.0 0.5876170608244725
5732.0 0.5874621283084777
5734.0 0.5916580323182221
5736.0 0.5935662185028545
5738.0 0.5993587281155266
5740.0 0.6047285582569392
5742.0 0.6134912747324701
5744.0 0.6200046530409986
5746.0 0.6324934357634941
5748.0 0.6406161831768318
5750.0 0.6480129388641599
5752.0 0.657358646991535
5754.0 0.6632278798076285
5756.0 0.6730929926246086
5758.0 0.6792407825600232
5760.0 0.6918339695108048
5762.0 0.6969054039671684
5764.0 0.7129980254148646
5766.0 0.7164579128446859
5768.0 0.7312015840070035
5770.0 0.7335377796733663
5772.0 0.75115212157594
5774.0 0.7536161002090218
5776.0 0.7677546013726444
5778.0 0.7692073970984884
5780.0 0.7845358548702129
5782.0 0.7922899126822135
5784.0 0.8121288887489312
5786.0 0.8205708049073205
5788.0 0.8331516965050582
5790.0 0.8399900577371169
5792.0 0.8477808971072868
5794.0 0.8545352946907079
5796.0 0.8648785889767858
5798.0 0.8777160870659151
5800.0 0.8856427800501772
5802.0 0.8962878860916382
5804.0 0.9044915022034881
5806.0 0.9136568158655914
5808.0 0.9164629193132079
5810.0 0.9262895563654387
5812.0 0.9295645155083786
5814.0 0.9384728309176738
5816.0 0.9391946557671166
5818.0 0.9451957412906539
5820.0 0.9471511342732952
5822.0 0.9569863485295418
5824.0 0.9578689894731279
5826.0 0.9670921889178695
5828.0 0.9684635810661555
5830.0 0.9723310648989765
5832.0 0.9741450609767965
5834.0 0.9810414254260095
5836.0 0.9837911686579194
5838.0 0.9878983975636912
5840.0 0.9901178392820214
5842.0 0.9921574891307722
5844.0 0.9945223712896667
5846.0 0.9974573341286174
5848.0 1.0
5850.0 0.99959788642937
5852.0 0.9971062430636255
5854.0 0.9946160858974223
5856.0 0.9913538070029381
5858.0 0.9889612523017515
5860.0 0.9849928467909383
5862.0 0.9825245423082745
5864.0 0.9778233826235732
5866.0 0.9767808740975752
5868.0 0.9739971108690557
5870.0 0.9738455862983455
5872.0 0.9696092682120722
5874.0 0.9688811467103384
5876.0 0.965240011675316
5878.0 0.9644020469818885
5880.0 0.9621807240166034
5882.0 0.9616097408165535
5884.0 0.9588485131528917
5886.0 0.9568132669302574
5888.0 0.9523982175430616
5890.0 0.9494428970674497
5892.0 0.9469927864825574
5894.0 0.9442636443603906
5896.0 0.9426398862319417
5898.0 0.942347815161172
5900.0 0.9411778786860022
5902.0 0.9379148717833677
5904.0 0.9361916198528013
5906.0 0.9330134285102749
5908.0 0.9316215922077663
5910.0 0.9285066066600478
5912.0 0.9271350717120989
5914.0 0.9237268349167761
5916.0 0.923458154921519
5918.0 0.9191012618322696
5920.0 0.9182830940546822
5922.0 0.915810738543507
5924.0 0.9179344647826679
5926.0 0.9142281423757227
5928.0 0.9110533908159415
5930.0 0.9077211015746355
5932.0 0.9069333105664883
5934.0 0.9061646194605899
5936.0 0.9041539318039167
5938.0 0.8958124992610758
5940.0 0.8884796981145494
5942.0 0.8859790331952492
5944.0 0.8833151703116685
5946.0 0.8797103779570643
5948.0 0.8787082635468567
5950.0 0.8783706149992531
5952.0 0.8752292094653994
5954.0 0.8717734275062806
5956.0 0.8659331534535395
5958.0 0.8629436142353965
5960.0 0.8526977316352536
5962.0 0.8513202934796374
5964.0 0.8422252317263101
5966.0 0.8411803128005765
5968.0 0.8352921807776451
5970.0 0.8332619153058073
5972.0 0.8300706074248876
5974.0 0.8304031897837655
5976.0 0.8250927840488507
5978.0 0.8231961180700889
5980.0 0.8207328523327313
5982.0 0.8195946096128526
5984.0 0.8171370333711068
5986.0 0.8122558245415947
5988.0 0.8041732226925825
5990.0 0.7988533371263646
5992.0 0.7932487333349001
5994.0 0.7883109546816137
5996.0 0.786408584307182
5998.0 0.7848922034140788
6000.0 0.782218695333227
6002.0 0.7777284991107742
6004.0 0.7756318987935935
6006.0 0.7726594728357593
6008.0 0.7705518791033426
6010.0 0.7744464209262348
6012.0 0.7743929313069586
6014.0 0.7731435413596518
6016.0 0.7742678877036072
6018.0 0.7701914199810067
6020.0 0.7697093645790988
6022.0 0.7622896422858466
6024.0 0.7602368283422966
6026.0 0.7546559703009662
6028.0 0.7536305223075331
6030.0 0.7508252441497993
6032.0 0.7507489720360165
6034.0 0.750243644631809
6036.0 0.749130468033873
6038.0 0.7440429125642667
6040.0 0.7412032793030885
6042.0 0.7394170868290673
6044.0 0.7369325188673882
6046.0 0.7367346947990062
6048.0 0.7362777321143779
6050.0 0.7344226982860169
6052.0 0.7313736164596012
6054.0 0.7315386308042303
6056.0 0.7317022273851055
6058.0 0.7304124132834421
6060.0 0.7298879599964427
6062.0 0.731344497479972
6064.0 0.7307124169009713
6066.0 0.7292420968006353
6068.0 0.7276136238266632
6070.0 0.7250554625757679
6072.0 0.7263965505219224
6074.0 0.7269370126594975
6076.0 0.7235175267730168
6078.0 0.7219127087632419
6080.0 0.7181358434279891
6082.0 0.7167323890629375
6084.0 0.7179736719857334
6086.0 0.7193981600125663
6088.0 0.7230118275766327
6090.0 0.7305585975262116
6092.0 0.7313162920944962
6094.0 0.7274850527055767
6096.0 0.7219288343481236
6098.0 0.7183312521523288
6100.0 0.7188472987470227
6102.0 0.7173704003771866
6104.0 0.7161603133917342
6106.0 0.7156483787928347
6108.0 0.7145505265941938
6110.0 0.7120407693243384
6112.0 0.7089784141084725
6114.0 0.7027025890581126
6116.0 0.7033456554396428
6118.0 0.6978411840112235
6120.0 0.6967300431320468
6122.0 0.6984048656796477
6124.0 0.6990981247833322
6126.0 0.6988670052903936
6128.0 0.6985577066304721
6130.0 0.6984539696632331
6132.0 0.6982332175169521
6134.0 0.7006278936379889
6136.0 0.7016349523693245
6138.0 0.7021312989661243
6140.0 0.7022554306605082
6142.0 0.7015731243394624
6144.0 0.7015844319322515
6146.0 0.6995144981159483
6148.0 0.6983685628112252
6150.0 0.6974931712314094
6152.0 0.6953720811054134
6154.0 0.6946056660754711
6156.0 0.6928295882113998
6158.0 0.6893889749603846
6160.0 0.6883911407587321
6162.0 0.6892907366454007
6164.0 0.6942765909747396
6166.0 0.6944177225116521
6168.0 0.6894350587048851
6170.0 0.6873486234925917
6172.0 0.6842265150116033
6174.0 0.6833616845872411
6176.0 0.683978559887642
6178.0 0.6841172893086999
6180.0 0.681353168675443
6182.0 0.6799771915019711
6184.0 0.6778760944416072
6186.0 0.674729365014586
6188.0 0.6721417098289011
6190.0 0.6695130719810188
6192.0 0.6645559705829736
6194.0 0.6577705817195062
6196.0 0.6505841549511221
6198.0 0.6363220345362891
6200.0 0.6318586586552792
6202.0 0.6215379006342748
6204.0 0.6199230892315065
6206.0 0.6111157777192541
6208.0 0.6091187045618998
6210.0 0.5978258899069304
6212.0 0.596164910956585
6214.0 0.5780554332038049
6216.0 0.5764112091128781
6218.0 0.5571593350340797
6220.0 0.5527773153502553
6222.0 0.5375839120486816
6224.0 0.5352949401897634
6226.0 0.5245235076919452
6228.0 0.5200112862328887
6230.0 0.5081118430322433
6232.0 0.503871575645656
6234.0 0.4923432372520902
6236.0 0.4841299944146942
6238.0 0.4771972261164103
6240.0 0.4677337296538107
6242.0 0.4612901662591409
6244.0 0.44962248206600647
6246.0 0.4396548795012093
6248.0 0.4197569435955625
6250.0 0.41330682678035996
6252.0 0.4036429501771653
6254.0 0.40455992300743976
6256.0 0.4006020382568221
6258.0 0.40122378020938687
6260.0 0.3902699448175352
6262.0 0.3906642115497832
6264.0 0.3865878872420107
6266.0 0.38740662748291654
6268.0 0.3905347948742056
6270.0 0.3905224223375737
6272.0 0.369293800412686
6274.0 0.3627246008341727
6276.0 0.3551289410444725
6278.0 0.3550156592949281
6280.0 0.36012952372048057
6282.0 0.36065107805630925
6284.0 0.36497865637608673
6286.0 0.36769050799782915
6288.0 0.37027607779787536
6290.0 0.37430178418231086
6292.0 0.37705849242676404
6294.0 0.38270223826214306
6296.0 0.38702233430540084
6298.0 0.3916378874484809
6300.0 0.39696363964346904
6302.0 0.4013795212418831
6304.0 0.4027730039680281
6306.0 0.40933077289403963
6308.0 0.411260054946308
6310.0 0.41934694266237343
6312.0 0.418347239794519
6314.0 0.4262726763291898
6316.0 0.4277343705859696
6318.0 0.4352994901232784
6320.0 0.4372107501572346
6322.0 0.44190136156132487
6324.0 0.44431529456149266
6326.0 0.4504956512032128
6328.0 0.456090697558286
6330.0 0.4644718695579061
6332.0 0.47083295488138566
6334.0 0.47920340664822136
6336.0 0.48554947630336376
6338.0 0.4903649537800052
6340.0 0.4953401782010393
6342.0 0.5001878735012045
6344.0 0.50867542489021
6346.0 0.518591764893685
6348.0 0.5316270583205467
6350.0 0.5377678631213143
6352.0 0.5573903261587524
6354.0 0.5621254556040114
6356.0 0.5800296165809996
6358.0 0.5845021889229151
6360.0 0.6013687708395115
6362.0 0.6042742591849632
6364.0 0.6209922468738591
6366.0 0.6235324860776253
6368.0 0.6372988178992405
6370.0 0.6419558386380377
6372.0 0.649683126819007
6374.0 0.6542463211199657
6376.0 0.6663081351272684
6378.0 0.6720231409634514
6380.0 0.6842385632323209
6382.0 0.6918581997774058
6384.0 0.698813802700711
6386.0 0.7078238769229444
6388.0 0.714061574837675
6390.0 0.7234206702960463
6392.0 0.7327271579803303
6394.0 0.7463049514257594
6396.0 0.7534951825915325
6398.0 0.7684103657042924
6400.0 0.7720708711999226
6402.0 0.7864046525547963
6404.0 0.7885573791877081
6406.0 0.8033117645064716
6408.0 0.806232233591945
6410.0 0.8196293610723298
6412.0 0.8215251187268788
6414.0 0.8339028813606995
6416.0 0.835576216996551
6418.0 0.8479065085874398
6420.0 0.8562168664130784
6422.0 0.8657315717617601
6424.0 0.8695416319939483
6426.0 0.8779847219236836
6428.0 0.8835304509714592
6430.0 0.8888348979592117
6432.0 0.8917512447026292
6434.0 0.8937939451490393
6436.0 0.8957275859339624
6438.0 0.8986800686323375
6440.0 0.9005384525699317
6442.0 0.9009624127822174
6444.0 0.9022806566086282
6446.0 0.9036569467018944
6448.0 0.9061389558935514
6450.0 0.9056142513601626
6452.0 0.9053353197116878
6454.0 0.9052409281006074
6456.0 0.9114345742497416
6458.0 0.9129219090646543
6460.0 0.9093871488446065
6462.0 0.9099938076852047
6464.0 0.9054482921139647
6466.0 0.9054890437880876
6468.0 0.9047066748268869
6470.0 0.905117533968911
6472.0 0.9037280853657833
6474.0 0.9041436784403365
6476.0 0.901211334696498
6478.0 0.899787871758333
6480.0 0.8987424741196249
6482.0 0.8982966008704784
6484.0 0.8969080540322302
6486.0 0.8936113303660824
6488.0 0.8893563603011276
6490.0 0.8880164561045203
6492.0 0.8893740177673887
6494.0 0.8922115260910451
6496.0 0.8909510055046934
6498.0 0.8876654853626706
6500.0 0.8865299401301133
6502.0 0.8793899238142626
6504.0 0.8788291306884248
6506.0 0.8777918693418831
6508.0 0.8773429377479095
6510.0 0.8767147209194921
6512.0 0.8759341934413032
6514.0 0.8741637996924126
6516.0 0.8734220833985864
6518.0 0.8697731920603282
6520.0 0.869388643474663
6522.0 0.8741312644227808
6524.0 0.8731280454052331
6526.0 0.8752872623807731
6528.0 0.876975418137317
6530.0 0.8812508740803503
6532.0 0.8846270771182667
6534.0 0.8865792367349309
6536.0 0.8897778679780106
6538.0 0.8923763434193482
6540.0 0.8965286494766724
6542.0 0.8985068581024446
6544.0 0.903407170321323
6546.0 0.9042751093841921
6548.0 0.9091354138099951
6550.0 0.9102802980564512
6552.0 0.9157932150553518
6554.0 0.9156661466575691
6556.0 0.9216780843166754
6558.0 0.9225061838327516
6560.0 0.9289962556093193
6562.0 0.9305261263561888
6564.0 0.9357690710287134
6566.0 0.9359272194156083
6568.0 0.9393675138566946
6570.0 0.9402864777789034
6572.0 0.944128054861908
6574.0 0.946810520182339
6576.0 0.9514209753236619
6578.0 0.9544052563100702
6580.0 0.9575614819775385
6582.0 0.9604879680145887
6584.0 0.9628897963227674
6586.0 0.9673395698219931
6588.0 0.9692400797193628
6590.0 0.971314387302742
6592.0 0.9713627783819473
6594.0 0.9768439994594846
6596.0 0.9787894059320512
6598.0 0.9839091100218872
6600.0 0.9843103332488576
6602.0 0.990678496328801
6604.0 0.9894813738008688
6606.0 0.9899603016844228
6608.0 0.9883358852906095
6610.0 0.9917271484285799
6612.0 0.9907658583137827
6614.0 0.9937807484026397
6616.0 0.9956350721588607
6618.0 0.99455996637377
6620.0 0.9920021005223004
6622.0 0.9878394728876009
6624.0 0.9853215788332006
6626.0 0.9855399862407892
6628.0 0.9850776689881552
6630.0 0.9850747631800901
6632.0 0.982723998568445
6634.0 0.981087583913449
6636.0 0.9797715221380675
6638.0 0.9776315590467077
6640.0 0.9744764279512185
6642.0 0.9721014965435067
6644.0 0.9696353990342986
6646.0 0.9683464294744812
6648.0 0.9653701905601858
6650.0 0.9657970774423723
6652.0 0.9621249600619727
6654.0 0.9611652875093483
6656.0 0.9546088983037403
6658.0 0.9528138264278018
6660.0 0.9519413594760486
6662.0 0.9508693225475228
6664.0 0.9423829913420383
6666.0 0.9375385877515839
6668.0 0.9314552147444037
6670.0 0.9287990077675786
6672.0 0.9244602045618926
6674.0 0.9218310630624926
6676.0 0.9181093233824057
6678.0 0.9172980876465876
6680.0 0.9146694933691744
6682.0 0.9098054888843006
6684.0 0.9055861175148575
6686.0 0.9029352819792694
6688.0 0.900836050840564
6690.0 0.8948332182309008
6692.0 0.893428259024432
6694.0 0.8918351909971542
6696.0 0.889901833298271
6698.0 0.8870228037456457
6700.0 0.8836388287908521
6702.0 0.875834183053645
6704.0 0.87643649778499
6706.0 0.8756047153590236
6708.0 0.8755589006054325
6710.0 0.8765788674755474
6712.0 0.8773282700540302
6714.0 0.875833777962557
6716.0 0.8753001795561339
6718.0 0.8719828268125341
6720.0 0.8692719086147137
6722.0 0.863614949476728
6724.0 0.8615837834490555
6726.0 0.8614566546194001
6728.0 0.8601380594713067
6730.0 0.8545564939441694
6732.0 0.8490318813546196
6734.0 0.8449316387121936
6736.0 0.8383746885574337
6738.0 0.8360597034872557
6740.0 0.831359279377519
6742.0 0.8296976238420576
6744.0 0.8260163239114356
6746.0 0.8238500060065342
6748.0 0.8243954554178541
6750.0 0.8236263533311281
6752.0 0.8180302876574076
6754.0 0.8155571052664154
6756.0 0.8074243434133807
6758.0 0.8077017063609773
6760.0 0.8019107843422554
6762.0 0.7984234274377939
6764.0 0.7941291201822659
6766.0 0.7924677249322263
6768.0 0.7868603981914951
6770.0 0.7837977505706765
6772.0 0.7791358290422717
6774.0 0.7732141322215649
6776.0 0.7668738949894873
6778.0 0.762613323118556
6780.0 0.7597236570751068
6782.0 0.7558481261488618
6784.0 0.7535242206732038
6786.0 0.7479197109446792
6788.0 0.747083909288431
6790.0 0.7457741411743808
6792.0 0.7436834066624808
6794.0 0.7407430789052685
6796.0 0.7389170300846646
6798.0 0.7319601735484819
6800.0 0.7305918402489046
6802.0 0.7249080256102823
6804.0 0.7228200559364102
6806.0 0.7165241455154834
6808.0 0.7158006422382494
6810.0 0.7084938422215024
6812.0 0.7063363709515813
6814.0 0.699331516482308
6816.0 0.6947221198819368
6818.0 0.6872349514784913
6820.0 0.6841806263780905
6822.0 0.68173453060731
6824.0 0.6797657620826721
6826.0 0.6766497460947256
6828.0 0.674804252607473
6830.0 0.6602641093202701
6832.0 0.6251684041642072
6834.0 0.5906658672906149
6836.0 0.522366358607131
6838.0 0.48920847832087394
6840.0 0.46341048303754767
6842.0 0.4694142433312062
6844.0 0.49834916540539037
6846.0 0.5100299455329709
6848.0 0.5487851831231181
6850.0 0.557231298629557
6852.0 0.5581029268013745
6854.0 0.5519394356256203
6856.0 0.5333015876559182
6858.0 0.5267476745061389
6860.0 0.522322503188288
6862.0 0.5211567721696434
6864.0 0.52391376471321
6866.0 0.5275916549858699
6868.0 0.528897512843353
6870.0 0.5304278445894465
6872.0 0.5332928677699783
6874.0 0.5346804480033908
6876.0 0.5355235358986312
6878.0 0.5365066225775748
6880.0 0.5391165917607782
6882.0 0.5443158933859731
6884.0 0.5464348126333743
6886.0 0.5483727643379372
6888.0 0.5491052761771801
6890.0 0.5537128209012492
6892.0 0.5542899687392343
6894.0 0.5582771967190682
6896.0 0.5584182307371897
6898.0 0.561041482587969
6900.0 0.5616352078542829
6902.0 0.5675967820919939
6904.0 0.5690435443285929
6906.0 0.5719447822000968
6908.0 0.5728792154000178
6910.0 0.5831046229916745
6912.0 0.5884249844331398
6914.0 0.5946504455198052
6916.0 0.5987193845764234
6918.0 0.6035274610112621
6920.0 0.6070372381107859
6922.0 0.6154854364977985
6924.0 0.6230966019502822
6926.0 0.6282734329532789
6928.0 0.6363923124572817
6930.0 0.6393689634586827
6932.0 0.6446813400323387
6934.0 0.6484306547360993
6936.0 0.6576059628466742
6938.0 0.6615265408793782
6940.0 0.6717390635691965
6942.0 0.673662492778411
6944.0 0.6819235423158166
6946.0 0.6837554947496235
6948.0 0.6901029423000742
6950.0 0.6897325325327083
6952.0 0.6978458410808664
6954.0 0.6982803580459451
6956.0 0.7039242572934604
6958.0 0.7053596094577096
6960.0 0.7116114545404848
6962.0 0.712544187999568
6964.0 0.7188952148335667
6966.0 0.7231749599486851
6968.0 0.7291720134716932
6970.0 0.7316475025572964
6972.0 0.7328952443021364
6974.0 0.7352892389127512
6976.0 0.7372850491048509
6978.0 0.7399135398529523
6980.0 0.7405707492824524
6982.0 0.742845559115551
6984.0 0.7425270110670034
6986.0 0.744833047585791
6988.0 0.7448060291842148
6990.0 0.7450348518730168
6992.0 0.7434168679671195
6994.0 0.7406836378231632
6996.0 0.7428161467662524
6998.0 0.7441492754934229
7000.0 0.7431021548579773
7002.0 0.7490433270680267
7004.0 0.749640994801237
7006.0 0.742736692435854
7008.0 0.7405763788660013
7010.0 0.7424772431419006
7012.0 0.7431373083933462
7014.0 0.7431025575650377
7016.0 0.7435615262546484
7018.0 0.7413764539565538
7020.0 0.7404734154355798
7022.0 0.7415188444305771
7024.0 0.7428793326985558
7026.0 0.7386307949101912
7028.0 0.7373845020351864
7030.0 0.7382356273694053
7032.0 0.7391301396237235
7034.0 0.7385404909605687
7036.0 0.7371262053540981
7038.0 0.736021604067671
7040.0 0.7287375347409424
7042.0 0.7270214194371
7044.0 0.7170356427763915
7046.0 0.7167546045172427
7048.0 0.7122175432058055
7050.0 0.7116971663126744
7052.0 0.7060426128132512
7054.0 0.7038142333791897
7056.0 0.7012048057367979
7058.0 0.6999141304161071
7060.0 0.7020099787814605
7062.0 0.7022536098764558
7064.0 0.697498978125394
7066.0 0.6925777285626009
7068.0 0.6890070030066258
7070.0 0.6859798985560254
7072.0 0.6816905480770011
7074.0 0.6775149131251598
7076.0 0.6738792499956027
7078.0 0.6658114550501056
7080.0 0.6617383167994784
7082.0 0.6551223127451099
7084.0 0.6529309279051227
7086.0 0.6429833618904479
7088.0 0.6415377858117116
7090.0 0.6410117902594769
7092.0 0.6409051823211787
7094.0 0.6403810078093769
7096.0 0.6399799477815364
7098.0 0.6349059434539485
7100.0 0.6360944709845957
7102.0 0.6294418943204599
7104.0 0.6266439539067102
7106.0 0.6213605053432951
7108.0 0.6191774734741907
7110.0 0.6188756340405829
7112.0 0.619712781955208
7114.0 0.6187123413139032
7116.0 0.6171462352624346
7118.0 0.6152513699749641
7120.0 0.6126187592217878
7122.0 0.6098937578103427
7124.0 0.6095005856721335
7126.0 0.6078148941411945
7128.0 0.6043489168571724
7130.0 0.603425796107727
7132.0 0.6000573311493238
7134.0 0.5949013739447178
7136.0 0.5892820376382342
7138.0 0.5875705412301688
7140.0 0.583804696214583
7142.0 0.5829460554863231
7144.0 0.5821200354934774
7146.0 0.5826427976699987
7148.0 0.5738770215551333
7150.0 0.5711478722398203
7152.0 0.5626823027636119
7154.0 0.5608166591246869
7156.0 0.566616346237852
7158.0 0.5698174239159401
7160.0 0.5725100835761787
7162.0 0.5753362201728401
7164.0 0.5737403903633176
7166.0 0.5717796563447729
7168.0 0.5703074944687474
7170.0 0.5696734309709233
7172.0 0.5741222522703335
7174.0 0.5851317497646308
7176.0 0.5920762127384452
7178.0 0.6027498492242511
7180.0 0.6047972642846602
7182.0 0.6067564087465551
7184.0 0.6094887424672402
7186.0 0.6164728768363615
7188.0 0.616647236511235
7190.0 0.6203543890760942
7192.0 0.6217844697266312
7194.0 0.6152803088894818
7196.0 0.6144333579634076
7198.0 0.6031130656821145
7200.0 0.599070138514178
7202.0 0.6004548508243224
7204.0 0.6037256818879223
7206.0 0.6044011327748529
7208.0 0.6028782371550484
7210.0 0.603766077628956
7212.0 0.605988383645586
7214.0 0.6135205940077244
7216.0 0.6155272684089349
7218.0 0.6162089760377383
7220.0 0.6200865309664547
7222.0 0.6244715939160247
7224.0 0.6298032803432748
7226.0 0.6299047261845839
7228.0 0.6277044445449123
7230.0 0.6270804328331334
7232.0 0.6243870695996621
7234.0 0.6257806663378911
7236.0 0.6308179020696046
7238.0 0.6314005779767777
7240.0 0.6277049737791792
7242.0 0.6230097906957479
7244.0 0.62486603348751
7246.0 0.6263879316414818
7248.0 0.6377341716857189
7250.0 0.6382443081644953
7252.0 0.6368971743684771
7254.0 0.6340351147745589
7256.0 0.6274923726326072
7258.0 0.624234256716606
7260.0 0.6290797079253146
7262.0 0.6311261776167271
7264.0 0.6336111321996175
7266.0 0.6340306085658377
7268.0 0.6313141611719982
7270.0 0.6274049560315554
7272.0 0.6252720011555468
7274.0 0.6234872695383843
7276.0 0.6244060663728884
7278.0 0.6257463710300396
7280.0 0.6249474513191234
7282.0 0.620609412075812
7284.0 0.6186112622373786
7286.0 0.6185568069625442
7288.0 0.6218590674611821
7290.0 0.6266512299926378
7292.0 0.626789523031226
7294.0 0.6230371086950892
7296.0 0.6231561061783716
7298.0 0.6156820930298751
7300.0 0.6093024056830866
7302.0 0.6079232579271824
7304.0 0.6077172136402762
7306.0 0.6076755342839798
7308.0 0.606559905151869
7310.0 0.602306011423276
7312.0 0.599578379007992
7314.0 0.597813060502115
7316.0 0.5951775179318209
7318.0 0.5928818933995433
7320.0 0.5908020069078317
7322.0 0.5891612704015168
7324.0 0.5855681652242751
7326.0 0.5851478789687186
7328.0 0.5835953239460155
7330.0 0.5833256145614599
7332.0 0.5834726176734842
7334.0 0.5824658738706407
7336.0 0.5749447475331612
7338.0 0.5734623634415766
7340.0 0.5780027163967418
7342.0 0.5789087464322606
7344.0 0.5765926063501843
7346.0 0.5756936049480181
7348.0 0.5721452303076694
7350.0 0.570504437430206
7352.0 0.569936896977506
7354.0 0.5695186469843785
7356.0 0.5663393183512198
7358.0 0.5645323892353773
7360.0 0.5634267524347336
7362.0 0.5616905495875104
7364.0 0.5619749267363695
7366.0 0.5621173381592977
7368.0 0.5602145323587439
7370.0 0.5590262513075176
7372.0 0.5586137522733912
7374.0 0.5569534581005069
7376.0 0.5570609350682748
7378.0 0.5559715546626824
7380.0 0.5539169014988864
7382.0 0.5461293482142355
7384.0 0.5449774031416925
7386.0 0.5437124010035689
7388.0 0.5440737676296171
7390.0 0.5470443936378143
7392.0 0.548151371862227
7394.0 0.5408905946311056
7396.0 0.5382973574524333
7398.0 0.5370850604052765
7400.0 0.5360285738471331
7402.0 0.5372018052087193
7404.0 0.5385901096789267
7406.0 0.5401938619812566
7408.0 0.5419642559484891
7410.0 0.5411459892024425
7412.0 0.5401945633631339
7414.0 0.53617464240845
7416.0 0.5343382553444738
7418.0 0.534289452478
7420.0 0.5342567352671095
7422.0 0.5333319293460429
7424.0 0.5313979910712877
7426.0 0.529889049762495
7428.0 0.5294740982541892
7430.0 0.5298648740859314
7432.0 0.5348574114658542
7434.0 0.5346709141280807
7436.0 0.5317120247696103
7438.0 0.5311190976715768
7440.0 0.528440348608416
7442.0 0.5272860858282188
7444.0 0.5259334119299461
7446.0 0.5249457718193234
7448.0 0.5229528553820324
7450.0 0.5212208230940474
7452.0 0.5188525850202221
7454.0 0.5191601950798153
7456.0 0.5183210543751585
7458.0 0.517452772839396
7460.0 0.5199750744259994
7462.0 0.5224152340171317
7464.0 0.5239079373755992
7466.0 0.5269106455898357
7468.0 0.5246827599320778
7470.0 0.5206053764336649
7472.0 0.517443523182202
7474.0 0.5106355569505608
7476.0 0.5106310178075913
7478.0 0.5072825805774915
7480.0 0.5068280551680586
7482.0 0.5069060030507523
7484.0 0.5068734092314507
7486.0 0.5051114053146963
7488.0 0.5035778114640246
7490.0 0.49870340591488377
7492.0 0.49758984241746806
7494.0 0.49852101012746297
7496.0 0.49877207562978937
7498.0 0.4986285512744117
7500.0 0.4980619944364511
7502.0 0.49733236851181517
7504.0 0.4973237376799795
7506.0 0.49373098195209286
7508.0 0.49089302086087394
7510.0 0.4881128428491192
7512.0 0.48465056225419856
7514.0 0.48027055461417667
7516.0 0.47259148008786156
7518.0 0.4665113121783584
7520.0 0.4600512364161817
7522.0 0.4539877574722378
7524.0 0.44613087079839026
7526.0 0.4425377524738226
7528.0 0.4325639016946359
7530.0 0.42893753205458907
7532.0 0.42096852054506384
7534.0 0.4154037556750943
7536.0 0.4068693152925612
7538.0 0.4038850576521353
7540.0 0.3932588557864612
7542.0 0.3901527162639716
7544.0 0.381862039645558
7546.0 0.3760535110114708
7548.0 0.36906199023145586
7550.0 0.363724403822444
7552.0 0.3554617696652397
7554.0 0.3508586756429574
7556.0 0.3431983403156662
7558.0 0.33675947039045606
7560.0 0.3312649048735271
7562.0 0.32356374830352835
7564.0 0.3176646844542912
7566.0 0.31156770806691647
7568.0 0.3045499835838241
7570.0 0.29749306742544573
7572.0 0.2935077488667702
7574.0 0.2834553144472546
7576.0 0.28933216174671617
7578.0 0.29204750287708303
7580.0 0.31627011935171395
7582.0 0.32203721359327453
7584.0 0.3366391819073646
7586.0 0.325990002341665
7588.0 0.318490344842487
7590.0 0.2806512463027411
7592.0 0.2722303839211577
7594.0 0.26198617653366135
7596.0 0.2615510086192364
7598.0 0.26568823869329444
7600.0 0.2677709067863428
7602.0 0.27851573549973013
7604.0 0.28515673773089906
7606.0 0.294681133630919
7608.0 0.30523014799286297
7610.0 0.3136655235106175
7612.0 0.3220565646483388
7614.0 0.33126653849592075
7616.0 0.34182150649618326
7618.0 0.35064406438330675
7620.0 0.36661379727573684
7622.0 0.37214846384306205
7624.0 0.38673546741044346
7626.0 0.39127724064135705
7628.0 0.3956965627456382
7630.0 0.3978178078115895
7632.0 0.404835535331711
7634.0 0.4064566283681626
7636.0 0.41792403200196615
7638.0 0.4211981034712299
7640.0 0.42866314850859666
7642.0 0.4312356691553564
7644.0 0.4345944255015954
7646.0 0.43604362083606296
7648.0 0.44377076379781016
7650.0 0.44763162991888167
7652.0 0.4524918172466965
7654.0 0.4572811103888453
7656.0 0.45746438441454434
7658.0 0.4578098727186111
7660.0 0.45901047111892795
7662.0 0.4596536569023706
7664.0 0.46086242524577414
7666.0 0.46286706104808395
7668.0 0.4651611897381264
7670.0 0.47051456721327733
7672.0 0.47253507546432116
7674.0 0.4766079992496634
7676.0 0.47798193894111746
7678.0 0.4744849947390272
7680.0 0.4739944068019978
7682.0 0.4745482887125719
7684.0 0.4753063027373894
7686.0 0.47911551573897465
7688.0 0.4797832658633567
7690.0 0.4841393032441578
7692.0 0.48580160181757176
7694.0 0.4889708937061161
7696.0 0.48994914542965634
7698.0 0.4924181171548471
7700.0 0.4939492904072107
7702.0 0.4947256680948806
7704.0 0.49565141932172363
7706.0 0.4956957701881951
7708.0 0.4954478624981354
7710.0 0.4941781603373729
7712.0 0.4940068736760695
7714.0 0.4939450916330102
7716.0 0.4944785499845946
7718.0 0.49451476027414776
7720.0 0.49450766627846204
7722.0 0.49516682154734554
7724.0 0.4964756875146181
7726.0 0.49708874687097215
7728.0 0.5022223424877521
7730.0 0.5032232405978804
7732.0 0.5095366466329369
7734.0 0.5100437081207102
7736.0 0.5095300701706073
7738.0 0.5073294201974148
7740.0 0.5059139110384082
7742.0 0.5055592981907475
7744.0 0.5022975458730176
7746.0 0.5011591672202276
7748.0 0.5004233836472224
7750.0 0.500337623940717
7752.0 0.49994362047247565
7754.0 0.49976353997753853
7756.0 0.49906681934404973
7758.0 0.4986611268293916
7760.0 0.5017404947983432
7762.0 0.5046158238725349
7764.0 0.5051843262239515
7766.0 0.50738474804715
7768.0 0.5081923873033078
7770.0 0.5051901510512727
7772.0 0.5039842186015604
7774.0 0.4993690707273903
7776.0 0.5001077863127732
7778.0 0.502522669952305
7780.0 0.5046330835092335
7782.0 0.5101243738307175
7784.0 0.50966952440049
7786.0 0.5076289150342926
7788.0 0.5074544627874018
7790.0 0.5035821895178403
7792.0 0.5018941122242745
7794.0 0.5040101721315202
7796.0 0.5044624845564228
7798.0 0.5032800252226015
7800.0 0.5029483295529035
7802.0 0.5019094860398358
7804.0 0.5000737087163156
7806.0 0.500988313539778
7808.0 0.5006228212894837
7810.0 0.5018056061514123
7812.0 0.5039670731032271
7814.0 0.5054047172330363
7816.0 0.5076259955830322
7818.0 0.5088084365081758
7820.0 0.5070716035240657
7822.0 0.5052377664701254
7824.0 0.49624576280624394
7826.0 0.4945223050731029
7828.0 0.48471509688872677
7830.0 0.48443965319011956
7832.0 0.48413919661844224
7834.0 0.48303624415210406
7836.0 0.48256644406336147
7838.0 0.482906910009612
7840.0 0.48342251912849443
7842.0 0.48362717953773754
7844.0 0.482620069739032
7846.0 0.4820281699457644
7848.0 0.4788944901563091
7850.0 0.47862566836511883
7852.0 0.476846464598679
7854.0 0.4720413826796959
7856.0 0.4673503334461585
7858.0 0.46187582038287206
7860.0 0.4625387031080625
7862.0 0.46500930054600087
7864.0 0.4689348091834744
7866.0 0.477090856030331
7868.0 0.4769046345874165
7870.0 0.4755990203599156
7872.0 0.4728371974036276
7874.0 0.4638528878236787
7876.0 0.4641289737078097
7878.0 0.46289180569465743
7880.0 0.46308744628501286
7882.0 0.4607453675023759
7884.0 0.46020503446707556
7886.0 0.4574945182786768
7888.0 0.4561752119004513
7890.0 0.4580513182821473
7892.0 0.4591110501345279
7894.0 0.4567109172957274
7896.0 0.4563485480282723
7898.0 0.4553221017816547
7900.0 0.45292431694864455
7902.0 0.44934222287870257
7904.0 0.44501624467030204
7906.0 0.4434795720337905
7908.0 0.44016626979712775
7910.0 0.4413086962594487
7912.0 0.44194391557860374
7914.0 0.441696469174672
7916.0 0.44152804351323016
7918.0 0.44070477069740016
7920.0 0.43886088966913256
7922.0 0.4381002810230768
7924.0 0.43956276008468836
7926.0 0.43908284306971784
7928.0 0.4336074583005947
7930.0 0.43405228398832996
7932.0 0.4335410671089573
7934.0 0.43365851750233014
7936.0 0.43120887063748015
7938.0 0.42913385750796823
7940.0 0.43084153680576276
7942.0 0.4312107311395779
7944.0 0.43451490398567955
7946.0 0.43392690437559717
7948.0 0.4330818672877837
7950.0 0.43363082049461216
7952.0 0.43070439595228327
7954.0 0.42711078173046085
7956.0 0.4255933656516972
7958.0 0.4281754561742918
7960.0 0.43022633911024233
7962.0 0.4230078252479342
7964.0 0.42010363636889175
7966.0 0.41629546197057077
7968.0 0.4201291945303986
7970.0 0.41815878517999844
7972.0 0.4175573226143634
7974.0 0.4230752276672542
7976.0 0.4221259381128358
7978.0 0.4258917674093619
7980.0 0.4277416115841589
7982.0 0.42166033559717997
7984.0 0.42046906705180687
7986.0 0.41964545147755117
7988.0 0.4195563990811496
7990.0 0.41973855443172203
7992.0 0.4182347095087109
7994.0 0.41386429947231634
7996.0 0.4115748661836816
7998.0 0.4100100475830911
8000.0 0.4082866657580032
8002.0 0.4109181648807779
8004.0 0.41412430471997214
8006.0 0.4128333269999351
8008.0 0.4101228735981468
8010.0 0.4077285829440229
8012.0 0.4011965349873652
8014.0 0.39776363166215584
8016.0 0.3960766969504557
8018.0 0.3958010652314347
8020.0 0.4022018346777162
8022.0 0.4020714433210779
8024.0 0.39571339388873017
8026.0 0.3971293013541398
8028.0 0.39584458612189877
8030.0 0.393378714075687
8032.0 0.3931244564006813
8034.0 0.3934030792394197
8036.0 0.39177879863441845
8038.0 0.390972711107657
8040.0 0.39254807412836495
8042.0 0.3933382782715494
8044.0 0.39141728898913536
8046.0 0.38983362162494734
8048.0 0.38985666719685397
8050.0 0.39087820556294683
8052.0 0.3927194273555009
8054.0 0.3940834105801611
8056.0 0.3923963029414853
8058.0 0.38980120716062566
8060.0 0.3893600678285334
8062.0 0.38888040773668436
8064.0 0.38900223105493226
8066.0 0.38808976675625423
8068.0 0.3865054974377556
8070.0 0.38055550005755706
8072.0 0.38136446527975243
8074.0 0.3749143456323955
8076.0 0.3754784131326553
8078.0 0.3745940839044258
8080.0 0.3740305568321131
8082.0 0.3725719267861131
8084.0 0.3717090854960986
8086.0 0.3709163968260919
8088.0 0.36961285200382227
8090.0 0.36790720335967547
8092.0 0.3672549307054254
8094.0 0.36146775346925764
8096.0 0.35838685224235295
8098.0 0.358114430444642
8100.0 0.35804903421927853
8102.0 0.35936205348898204
8104.0 0.36106341898123767
8106.0 0.36113272578329075
8108.0 0.36091123837972633
8110.0 0.3603532378387016
8112.0 0.3577239611329657
8114.0 0.3560208316125641
8116.0 0.3511948012838299
8118.0 0.3522879324004168
8120.0 0.3473688637874023
8122.0 0.3446662087528958
8124.0 0.34165530132406763
8126.0 0.3402717535170362
8128.0 0.34418194955922765
8130.0 0.34459075090216235
8132.0 0.34709287799105687
8134.0 0.3510254558753902
8136.0 0.3499656078613893
8138.0 0.34939498715540324
8140.0 0.3440314795044083
8142.0 0.342690866891541
8144.0 0.3451810632549062
8146.0 0.34715809714343515
8148.0 0.34848379489141856
8150.0 0.3492890673028141
8152.0 0.3462223104222709
8154.0 0.3420463552429048
8156.0 0.34174976396581846
8158.0 0.3417282159628562
8160.0 0.3431100982779343
8162.0 0.34830026974255307
8164.0 0.3495222015347026
8166.0 0.3505982754656676
8168.0 0.35130412411361694
8170.0 0.3448190785582441
8172.0 0.3448522668437525
8174.0 0.345562705676941
8176.0 0.3461012434289611
8178.0 0.3485524848718466
8180.0 0.34908075797991195
8182.0 0.3431935326354709
8184.0 0.3412340702121525
8186.0 0.32884365874540117
8188.0 0.32231795214545256
8190.0 0.3142465707968779
8192.0 0.31297542453549504
8194.0 0.31569335929982756
8196.0 0.3224314416958769
8198.0 0.32683393324628585
8200.0 0.3303067431309074
8202.0 0.3310921542304522
8204.0 0.33318874260214243
8206.0 0.3333010205125734
8208.0 0.337299772321915
8210.0 0.3374508528860888
8212.0 0.33458970109349667
8214.0 0.3333327120602685
8216.0 0.3271450020293869
8218.0 0.32626474645307985
8220.0 0.3241306058424814
8222.0 0.32431438462854606
8224.0 0.3265795134304428
8226.0 0.3290242803843198
8228.0 0.3274375335523474
8230.0 0.32908743911359545
8232.0 0.3213148389694842
8234.0 0.3176640647082261
8236.0 0.3165977798093939
8238.0 0.3190582305872536
8240.0 0.3230450170059784
8242.0 0.324500037093073
8244.0 0.32167011951590907
8246.0 0.31929140721689814
8248.0 0.31657295709052846
8250.0 0.31040802550835317
8252.0 0.31043487642273293
8254.0 0.31033584457123087
8256.0 0.31087522548383695
8258.0 0.31399157297621816
8260.0 0.3146898432607439
8262.0 0.3151380640005968
8264.0 0.31513482832810485
8266.0 0.30825258702178837
8268.0 0.3073230457530096
8270.0 0.30058380514876243
8272.0 0.30354643689040045
8274.0 0.2963361758289369
8276.0 0.2947125042659421
8278.0 0.29307020496592556
8280.0 0.2919322437310602
8282.0 0.29630336509448785
8284.0 0.29806513952453995
8286.0 0.2968892844304839
8288.0 0.29776877795414775
8290.0 0.29575428669133036
8292.0 0.29401532994230706
8294.0 0.2939603408620835
8296.0 0.2949083573266965
8298.0 0.2960788849858637
8300.0 0.29603473192193835
8302.0 0.2968285973754779
8304.0 0.2993613281916628
8306.0 0.3000234461393141
8308.0 0.29960765006181134
8310.0 0.2986839379576744
8312.0 0.29282807131150107
8314.0 0.2917503231635277
8316.0 0.2901475363299313
8318.0 0.2930294508215554
8320.0 0.2997264592884463
8322.0 0.30000524490418534
8324.0 0.30106209706202014
8326.0 0.30036984100960223
8328.0 0.29974317425244335
8330.0 0.301353948355129
8332.0 0.3045476234567668
8334.0 0.3055531514138141
8336.0 0.30805250822427194
8338.0 0.30878768303698495
8340.0 0.3115454845627388
8342.0 0.31402005040482933
8344.0 0.31529242013430925
8346.0 0.31620220959704654
8348.0 0.3156101717775486
8350.0 0.314637709583763
8352.0 0.3165782308662304
8354.0 0.3187745343796892
8356.0 0.3189037464614237
8358.0 0.3180094428934873
8360.0 0.31734717557610287
8362.0 0.316640513301053
8364.0 0.3151674610613775
8366.0 0.3112608293982449
8368.0 0.3121777878366304
8370.0 0.31269007282178607
8372.0 0.3145877559046354
8374.0 0.32374354692849744
8376.0 0.32385727718997326
8378.0 0.322505457823389
8380.0 0.32361528805507345
8382.0 0.32449050821659836
8384.0 0.32588178334179424
8386.0 0.3290107959030513
8388.0 0.33039760047306466
8390.0 0.33120576200195534
8392.0 0.3305825356749229
8394.0 0.3339080129720429
8396.0 0.33723949931627994
8398.0 0.33836784672233117
8400.0 0.340272429072324
8402.0 0.3469806552882871
8404.0 0.34822822882839155
8406.0 0.35030152410920407
8408.0 0.35650382023037047
8410.0 0.3576846212994949
8412.0 0.3588242131332882
8414.0 0.35639327677113664
8416.0 0.358223504765054
8418.0 0.3568990099363821
8420.0 0.3629373245730264
8422.0 0.36481397798717874
8424.0 0.37093626889047115
8426.0 0.3754427661924248
8428.0 0.3754527688130307
8430.0 0.3738619409627349
8432.0 0.36963197139911375
8434.0 0.36760684538520666
8436.0 0.36842463922947977
8438.0 0.3703392307361871
8440.0 0.3740763122151148
8442.0 0.37827107961637263
8444.0 0.37822822178428994
8446.0 0.37809156872067207
8448.0 0.37750879272957294
8450.0 0.37717256698898494
8452.0 0.3813189586130928
8454.0 0.3843519572210239
8456.0 0.38651092972056106
8458.0 0.3958277942305234
8460.0 0.3999593703530889
8462.0 0.4063992119619129
8464.0 0.40912943497042714
8466.0 0.40478263293310784
8468.0 0.4041077436254495
8470.0 0.40207823877669824
8472.0 0.4031305321091244
8474.0 0.40513736213295504
8476.0 0.406873200116956
8478.0 0.4084130265134595
8480.0 0.4090197924448545
8482.0 0.4164093706917209
8484.0 0.4186565697243271
8486.0 0.4216763771528666
8488.0 0.42082556810400473
8490.0 0.4262324199168025
8492.0 0.43225068703813896
8494.0 0.43517150446320135
8496.0 0.43813357474779596
8498.0 0.4369661028134346
8500.0 0.43562204607259186
8502.0 0.4363838273570734
8504.0 0.4390823511010703
8506.0 0.4407038139992903
8508.0 0.43936769340313997
8510.0 0.43892966731375516
8512.0 0.43613509186610816
8514.0 0.43561011196744365
8516.0 0.4313168845493546
8518.0 0.43186735052163117
8520.0 0.4351594203492178
8522.0 0.4377742254896765
8524.0 0.44850848923258785
8526.0 0.45009939427024426
8528.0 0.4539333796964144
8530.0 0.45593079703747874
8532.0 0.4551777230193384
8534.0 0.4555397290028945
8536.0 0.4558157610988543
8538.0 0.4554362576057444
8540.0 0.4591366713217364
8542.0 0.46277795456278426
8544.0 0.4620053693371268
8546.0 0.459090310848868
8548.0 0.458587327162656
8550.0 0.4573290441859058
8552.0 0.46006084215364496
8554.0 0.46585169444402097
8556.0 0.46559506917077925
8558.0 0.4629201952043974
8560.0 0.46400384859251514
8562.0 0.4756952500177207
8564.0 0.4757115599476338
8566.0 0.4865757927045859
8568.0 0.4882417439196105
8570.0 0.48983411665255494
8572.0 0.49138190966074835
8574.0 0.48762620610926116
8576.0 0.4866214421374306
8578.0 0.4797624620759444
8580.0 0.47646987282891035
8582.0 0.4784317970072705
8584.0 0.4828457577703599
8586.0 0.48863903128685854
8588.0 0.4928350104775936
8590.0 0.49516878545124504
8592.0 0.49933980068336015
8594.0 0.5003139301844649
8596.0 0.49920116030629824
8598.0 0.4962916877821642
8600.0 0.4920627672937785
8602.0 0.4922185088370869
8604.0 0.49199474447179314
8606.0 0.49350998443896066
8608.0 0.49482634914817136
8610.0 0.4950598447485846
8612.0 0.4902459988776248
8614.0 0.4909084570267495
8616.0 0.49582592578743007
8618.0 0.4971543804366406
8620.0 0.5019198563112225
8622.0 0.5020687626151803
8624.0 0.5044412855292815
8626.0 0.5048533994368418
8628.0 0.5093393308634897
8630.0 0.5139723232975353
8632.0 0.5131019232039197
8634.0 0.512205470495252
8636.0 0.5096388760291711
8638.0 0.5080778839102
8640.0 0.5058887283156221
8642.0 0.5030288891728192
8644.0 0.5025919440257579
8646.0 0.5014293385511519
8648.0 0.5006029191209278
8650.0 0.5027392752885863
8652.0 0.5003457276872387
8654.0 0.4962959972782134
8656.0 0.49528726412376295
8658.0 0.4904632101480257
8660.0 0.490716705326745
8662.0 0.4907476308068138
8664.0 0.4881143798208351
8666.0 0.48698965227314495
8668.0 0.4871068226293762
8670.0 0.486923189073618
8672.0 0.4864779121778772
8674.0 0.48820380431432936
8676.0 0.488044610041831
8678.0 0.48686141976462566
8680.0 0.4853439412033526
8682.0 0.4829110638837731
8684.0 0.4812991425424229
8686.0 0.4752197342831355
8688.0 0.4666654001602266
8690.0 0.4673647375258129
8692.0 0.46821756462636005
8694.0 0.46977410592263213
8696.0 0.47194682451320025
8698.0 0.46981439048296586
8700.0 0.46585217513296623
8702.0 0.46510475010849245
8704.0 0.4635912248725148
8706.0 0.46351488752022235
8708.0 0.46571334724839547
8710.0 0.46716253348019343
8712.0 0.4661237003340006
8714.0 0.46387118451874465
8716.0 0.45824885117433095
8718.0 0.46059803986807824
8720.0 0.4541777197671066
8722.0 0.44499731843099616
8724.0 0.4527343730066822
8726.0 0.456847018530508
8728.0 0.45568943438399495
8730.0 0.4573400931323642
8732.0 0.45560460951319337
8734.0 0.45514208635970343
8736.0 0.4481157298051355
8738.0 0.43716803132273174
8740.0 0.4320575281969386
8742.0 0.4235159973884783
8744.0 0.4264700124338905
8746.0 0.42753706719259876
8748.0 0.4277418310409401
8750.0 0.4310926683901897
8752.0 0.431070822511416
8754.0 0.4270528961899838
8756.0 0.42295873241045406
8758.0 0.41942182785917115
8760.0 0.4172249414295466
8762.0 0.4165991695086368
8764.0 0.41676466337874046
8766.0 0.4168189275864136
8768.0 0.4149973738842593
8770.0 0.41630567789893186
8772.0 0.4165842801699455
8774.0 0.41523972910179885
8776.0 0.41404019488374827
8778.0 0.4058256797640745
8780.0 0.39952279111084704
8782.0 0.3992878738089311
8784.0 0.3997260638968998
8786.0 0.39761806762160246
8788.0 0.39582730263096616
8790.0 0.38813992444904316
8792.0 0.387263162682461
8794.0 0.38933700847282937
8796.0 0.3923514744419264
8798.0 0.393136299903066
8800.0 0.3991073384133718
8802.0 0.3949000317511284
8804.0 0.3957974258418329
8806.0 0.3957994402315557
8808.0 0.3904379282235578
8810.0 0.3910939150740015
8812.0 0.3907908248232448
8814.0 0.38614901819998865
8816.0 0.38490966035600527
8818.0 0.3838712217452779
8820.0 0.3826440465786188
8822.0 0.3819501056097362
8824.0 0.3766548211637
8826.0 0.37710775586602124
8828.0 0.3740815565750524
8830.0 0.36826711587807165
8832.0 0.3610247367803998
8834.0 0.35505855247682655
8836.0 0.359849771875836
8838.0 0.362795580844957
8840.0 0.3616275591172693
8842.0 0.36227750116799695
8844.0 0.3614765375762371
8846.0 0.35881449522450265
8848.0 0.3600445573126751
8850.0 0.37348740007794823
8852.0 0.37327398453830885
8854.0 0.36371140423071363
8856.0 0.36410560840866385
8858.0 0.36165228895836815
8860.0 0.36110030927668885
8862.0 0.36319897324503797
8864.0 0.35877698460496465
8866.0 0.3514237425018419
8868.0 0.35067920299276734
8870.0 0.3492374885524782
8872.0 0.3483658825152793
8874.0 0.34409487497872604
8876.0 0.345094274632191
8878.0 0.33473006839165187
8880.0 0.3265196543646557
8882.0 0.3262320486338741
8884.0 0.3243959305638501
8886.0 0.3221344665044646
8888.0 0.32137399917051834
8890.0 0.3255446120270808
8892.0 0.33258165689247327
8894.0 0.33057381956197884
8896.0 0.33131208145847457
8898.0 0.32826032588091136
8900.0 0.32396778013429267
8902.0 0.3242953907901626
8904.0 0.3270607251835411
8906.0 0.3258012614393267
8908.0 0.3205687448810117
8910.0 0.3221619906873216
8912.0 0.31536710576355165
8914.0 0.31472161377218993
8916.0 0.31887803082005695
8918.0 0.3169175027865545
8920.0 0.31690600441720723
8922.0 0.31278296917904563
8924.0 0.3026022118291308
8926.0 0.2978165501188629
8928.0 0.30094535476593265
8930.0 0.30075327937125934
8932.0 0.30393380474180964
8934.0 0.31097220830656563
8936.0 0.3098135139027009
8938.0 0.307776112591442
8940.0 0.30678219859205497
8942.0 0.30680720382772836
8944.0 0.3053073233053118
8946.0 0.30075669282142947
8948.0 0.2991863865721527
8950.0 0.29640302357931786
8952.0 0.29895545024581016
8954.0 0.30343422353117866
8956.0 0.30437077648543287
8958.0 0.3013485439750744
8960.0 0.29850473246190495
8962.0 0.29597290214227917
8964.0 0.2978576521989792
8966.0 0.30036057793891396
8968.0 0.29990905478309327
8970.0 0.30002321861352155
8972.0 0.3003190600676099
8974.0 0.29831602038599936
8976.0 0.29826632741784254
8978.0 0.29925571297956666
8980.0 0.3021628674209376
8982.0 0.3027521597658006
8984.0 0.3010081287554835
8986.0 0.30021973712379574
8988.0 0.30070328720642975
8990.0 0.30612242066361217
8992.0 0.30692872072296995
8994.0 0.3067551308303309
8996.0 0.29913042993716643
8998.0 0.3003324630068592
9000.0 0.30124827506280827
9002.0 0.30153774051989407
9004.0 0.30195934739914965
9006.0 0.302429307755126
9008.0 0.3054865132749187
9010.0 0.30579429348901
9012.0 0.3060179743720173
9014.0 0.30644687962225753
9016.0 0.3064875438173853
9018.0 0.30656368574163667
9020.0 0.30295557093048364
9022.0 0.3007501319268255
9024.0 0.29870527326622376
9026.0 0.3005806462591719
9028.0 0.3002485143216537
9030.0 0.2945853721266147
9032.0 0.29617563178684614
9034.0 0.2968256330198396
9036.0 0.2978311754577379
9038.0 0.2943512054626483
9040.0 0.29115818637892926
9042.0 0.2944338847039238
9044.0 0.2958038599165717
9046.0 0.29782602975572436
9048.0 0.29416817005402435
9050.0 0.2927437230180523
9052.0 0.2910519939450026
9054.0 0.2920482568489221
9056.0 0.29197332734025677
9058.0 0.2925083677721672
9060.0 0.2966853195149149
9062.0 0.29850171586086505
9064.0 0.2994716934814455
9066.0 0.2984508191127614
9068.0 0.2983573244857024
9070.0 0.29900851363372644
9072.0 0.2994209048441584
9074.0 0.29939385163931
9076.0 0.29550259443062427
9078.0 0.29478762856494733
9080.0 0.29431995456791854
9082.0 0.3033114656369765
9084.0 0.3020697272500643
9086.0 0.2993752302970438
9088.0 0.29262390675673844
9090.0 0.29175606644673635
9092.0 0.29065919884659447
9094.0 0.29057578496161335
9096.0 0.2927531735442853
9098.0 0.29813565336576475
9100.0 0.30078604573439127
9102.0 0.3015838113626456
9104.0 0.30095172853366775
9106.0 0.2994285701641692
9108.0 0.29804439201662214
9110.0 0.29174805169127005
9112.0 0.28944856164895266
9114.0 0.2877379268520896
9116.0 0.2928987463644727
9118.0 0.2948239438722492
9120.0 0.2967931362274359
9122.0 0.29654141986581056
9124.0 0.2965948025692697
9126.0 0.29688284297249423
9128.0 0.29713485935750045
9130.0 0.2960286583748426
9132.0 0.29348510538340256
9134.0 0.2933346180821881
9136.0 0.2939583233562883
9138.0 0.29615983163610055
9140.0 0.2973964588897672
9142.0 0.29757055950507477
9144.0 0.29872872037089915
9146.0 0.30053567078916343
9148.0 0.3011573157153289
9150.0 0.2973562575368697
9152.0 0.29719561927460497
9154.0 0.29770709570864157
9156.0 0.29738419136649624
9158.0 0.2994756922918221
9160.0 0.3014231608788343
9162.0 0.3012508303400831
9164.0 0.29961856414754906
9166.0 0.29736590892942755
9168.0 0.30014706617393333
9170.0 0.29941534312924195
9172.0 0.29657377937494933
9174.0 0.29671088203926177
9176.0 0.29698783057772277
9178.0 0.29743100655824367
9180.0 0.2999053301611782
9182.0 0.30080320555226436
9184.0 0.3003141820652632
9186.0 0.2984914457791664
9188.0 0.2974696922982335
9190.0 0.29698878019555036
9192.0 0.29772391639571155
9194.0 0.2969053717430662
9196.0 0.2957740505015291
9198.0 0.29670099432797126
9200.0 0.29675368884457626
9202.0 0.2955850788483539
9204.0 0.29564998151540095
9206.0 0.2960514526650405
9208.0 0.2984002855435299
9210.0 0.2990368828220637
9212.0 0.29916525248944864
9214.0 0.3005983161446734
9216.0 0.3006693302496886
9218.0 0.2973007829540887
9220.0 0.29599174318961063
9222.0 0.2961637925310475
9224.0 0.2984698682726346
9226.0 0.29883260423358005
9228.0 0.29913805134113675
9230.0 0.2983757447087223
9232.0 0.2956747859110597
9234.0 0.2936232551712682
9236.0 0.28990047152075704
9238.0 0.29025779849912337
9240.0 0.29094463577006346
9242.0 0.28496409435585934
9244.0 0.28438416304134406
9246.0 0.2840247999834589
9248.0 0.2873488944756248
9250.0 0.2895503698838606
9252.0 0.29243688755271235
9254.0 0.2923554681325215
9256.0 0.2915464718017813
9258.0 0.28865158159769755
9260.0 0.28328816920480937
9262.0 0.28208967657867273
9264.0 0.2793247042216032
9266.0 0.2815733474497712
9268.0 0.2828772807770412
9270.0 0.2745614327250523
9272.0 0.26781044257916153
9274.0 0.26237626867178143
9276.0 0.26937833017005536
9278.0 0.2706857960694015
9280.0 0.2721469189013925
9282.0 0.27211722372222996
9284.0 0.27502704232143954
9286.0 0.2749972515074924
9288.0 0.2749674510284024
9290.0 0.27493759579097327
9292.0 0.2749076908741047
9294.0 0.27487776378013035
9296.0 0.2748478260357001
9298.0 0.27481783353293077
9300.0 0.27478779741493464
9302.0 0.27475774990749796
9304.0 0.274727647641722
9306.0 0.27469750249970415
9308.0 0.27466735129347364
9310.0 0.2746371603333197
9312.0 0.2746069061672801
9314.0 0.27457664556753536
9316.0 0.2745463510317519
9318.0 0.2745160084176626
9320.0 0.2744856316212062
9322.0 0.27445521391913397
9324.0 0.2744247821180102
9326.0 0.2743943027312372
9328.0 0.2743637959652946
9330.0 0.2743332544011643
9332.0 0.2743026656208772
9334.0 0.2742720494614204
9336.0 0.2742414059227941
9338.0 0.2742107270933236
9340.0 0.2741800015403527
9342.0 0.2741492486082123
9344.0 0.27411846001573525
9346.0 0.2740876250692502
9348.0 0.2740567627435956
9350.0 0.2740258730387714
9352.0 0.2740943195063319
9354.0 0.27428666491417036
9356.0 0.27406226008153467
9358.0 0.2735775093626904
9360.0 0.2734461563910994
9362.0 0.27365484057821016
9364.0 0.27427551832074376
9366.0 0.2736196419806923
9368.0 0.27316737067848307
9370.0 0.27343116018401054
9372.0 0.27346340772904965
9374.0 0.2736724722480686
9376.0 0.2735501949569253
9378.0 0.27356385215980783
9380.0 0.27356385215980783
9382.0 0.27356385215980783
9384.0 0.27356385215980783
9386.0 0.27356385215980783
9388.0 0.27356385215980783
9390.0 0.27356385215980783
9392.0 0.27356385215980783
9394.0 0.27356385215980783
9396.0 0.27356385215980783
9398.0 0.27356385215980783
9400.0 0.27356385215980783
9402.0 0.27356385215980783
9404.0 0.27356385215980783
9406.0 0.27356385215980783
9408.0 0.27356385215980783
9410.0 0.27356385215980783
9412.0 0.27356385215980783
9414.0 0.27356385215980783
9416.0 0.27356385215980783
9418.0 0.27356385215980783
9420.0 0.27356385215980783
9422.0 0.27356385215980783
9424.0 0.27356385215980783
9426.0 0.27356385215980783
9428.0 0.27356385215980783
9430.0 0.27356385215980783
9432.0 0.27356385215980783
9434.0 0.27356385215980783
9436.0 0.27356385215980783
9438.0 0.27356385215980783
9440.0 0.27356385215980783
9442.0 0.27356385215980783
9444.0 0.27356385215980783
9446.0 0.27356385215980783
9448.0 0.27356385215980783
9450.0 0.27356385215980783
9452.0 0.27356385215980783
9454.0 0.27356385215980783
9456.0 0.27356385215980783
9458.0 0.27356385215980783
9460.0 0.27356385215980783
9462.0 0.27356385215980783
9464.0 0.27356385215980783
9466.0 0.27356385215980783
9468.0 0.27356385215980783
9470.0 0.27356385215980783
9472.0 0.27356385215980783
9474.0 0.27356385215980783
9476.0 0.27356385215980783
9478.0 0.27356385215980783
9480.0 0.27356385215980783
9482.0 0.27356385215980783
9484.0 0.27356385215980783
9486.0 0.27356385215980783
9488.0 0.27356385215980783
9490.0 0.27356385215980783
9492.0 0.27356385215980783
9494.0 0.27356385215980783
9496.0 0.27356385215980783
9498.0 0.27356385215980783
9500.0 0.27356385215980783
9502.0 0.27356385215980783
9504.0 0.27356385215980783
9506.0 0.27356385215980783
9508.0 0.27356385215980783
9510.0 0.27356385215980783
9512.0 0.27356385215980783
9514.0 0.27356385215980783
9516.0 0.27356385215980783
9518.0 0.27356385215980783
9520.0 0.27356385215980783
9522.0 0.27356385215980783
9524.0 0.27356385215980783
9526.0 0.27356385215980783
9528.0 0.27356385215980783
9530.0 0.27356385215980783
9532.0 0.27356385215980783
9534.0 0.27356385215980783
9536.0 0.27356385215980783
9538.0 0.27356385215980783
9540.0 0.27356385215980783
9542.0 0.27356385215980783
9544.0 0.27356385215980783
9546.0 0.27356385215980783
9548.0 0.27356385215980783
9550.0 0.27356385215980783
9552.0 0.27356385215980783
9554.0 0.27356385215980783
9556.0 0.27356385215980783
9558.0 0.27356385215980783
9560.0 0.27356385215980783
9562.0 0.27356385215980783
9564.0 0.27356385215980783
9566.0 0.27356385215980783
9568.0 0.27356385215980783
9570.0 0.27356385215980783
9572.0 0.27356385215980783
9574.0 0.27356385215980783
9576.0 0.27356385215980783
9578.0 0.27356385215980783
9580.0 0.27356385215980783
9582.0 0.27356385215980783
9584.0 0.27356385215980783
9586.0 0.27356385215980783
9588.0 0.27356385215980783
9590.0 0.27356385215980783
9592.0 0.27356385215980783
9594.0 0.27356385215980783
9596.0 0.27356385215980783
9598.0 0.27356385215980783
9600.0 0.27356385215980783
9602.0 0.27356385215980783
9604.0 0.27356385215980783
9606.0 0.27356385215980783
9608.0 0.27356385215980783
9610.0 0.27356385215980783
9612.0 0.27356385215980783
9614.0 0.27356385215980783
9616.0 0.27356385215980783
9618.0 0.27356385215980783
9620.0 0.27356385215980783
9622.0 0.27356385215980783
9624.0 0.27356385215980783
9626.0 0.27356385215980783
9628.0 0.27356385215980783
9630.0 0.27356385215980783
9632.0 0.27356385215980783
9634.0 0.27356385215980783
9636.0 0.27356385215980783
9638.0 0.27356385215980783
9640.0 0.27356385215980783
9642.0 0.27356385215980783
9644.0 0.27356385215980783
9646.0 0.27356385215980783
9648.0 0.27356385215980783
9650.0 0.27356385215980783
9652.0 0.27356385215980783
9654.0 0.27356385215980783
9656.0 0.27356385215980783
9658.0 0.27356385215980783
9660.0 0.27356385215980783
9662.0 0.27356385215980783
9664.0 0.27356385215980783
9666.0 0.27356385215980783
9668.0 0.27356385215980783
9670.0 0.27356385215980783
9672.0 0.27356385215980783
9674.0 0.27356385215980783
9676.0 0.27356385215980783
9678.0 0.27356385215980783
9680.0 0.27356385215980783
9682.0 0.27356385215980783
9684.0 0.27356385215980783
9686.0 0.27356385215980783
9688.0 0.27356385215980783
9690.0 0.27356385215980783
9692.0 0.27356385215980783
9694.0 0.27356385215980783
9696.0 0.27356385215980783
9698.0 0.27356385215980783
9700.0 0.27356385215980783
9702.0 0.27356385215980783
9704.0 0.27356385215980783
9706.0 0.27356385215980783
9708.0 0.27356385215980783
9710.0 0.27356385215980783
9712.0 0.27356385215980783
9714.0 0.27356385215980783
9716.0 0.27356385215980783
9718.0 0.27356385215980783
9720.0 0.27356385215980783
9722.0 0.27356385215980783
9724.0 0.27356385215980783
9726.0 0.27356385215980783
9728.0 0.27356385215980783
9730.0 0.27356385215980783
9732.0 0.27356385215980783
9734.0 0.27356385215980783
9736.0 0.27356385215980783
9738.0 0.27356385215980783
9740.0 0.27356385215980783
9742.0 0.27356385215980783
9744.0 0.27356385215980783
9746.0 0.27356385215980783
9748.0 0.27356385215980783
9750.0 0.27356385215980783
9752.0 0.27356385215980783
9754.0 0.27356385215980783
9756.0 0.27356385215980783
9758.0 0.27356385215980783
9760.0 0.27356385215980783
9762.0 0.27356385215980783
9764.0 0.27356385215980783
9766.0 0.27356385215980783
9768.0 0.27356385215980783
9770.0 0.27356385215980783
9772.0 0.27356385215980783
9774.0 0.27356385215980783
9776.0 0.27356385215980783
9778.0 0.27356385215980783
9780.0 0.27356385215980783
9782.0 0.27356385215980783
9784.0 0.27356385215980783
9786.0 0.27356385215980783
9788.0 0.27356385215980783
9790.0 0.27356385215980783
9792.0 0.27356385215980783
9794.0 0.27356385215980783
9796.0 0.27356385215980783
9798.0 0.27356385215980783
9800.0 0.27356385215980783
9802.0 0.27356385215980783
9804.0 0.27356385215980783
9806.0 0.27356385215980783
9808.0 0.27356385215980783
9810.0 0.27356385215980783
9812.0 0.27356385215980783
9814.0 0.27356385215980783
9816.0 0.27356385215980783
9818.0 0.27356385215980783
9820.0 0.27356385215980783
9822.0 0.27356385215980783
9824.0 0.27356385215980783
9826.0 0.27356385215980783
9828.0 0.27356385215980783
9830.0 0.27356385215980783
9832.0 0.27356385215980783
9834.0 0.27356385215980783
9836.0 0.27356385215980783
9838.0 0.27356385215980783
9840.0 0.27356385215980783
9842.0 0.27356385215980783
9844.0 0.27356385215980783
9846.0 0.27356385215980783
9848.0 0.27356385215980783
9850.0 0.27356385215980783
9852.0 0.27356385215980783
9854.0 0.27356385215980783
9856.0 0.27356385215980783
9858.0 0.27356385215980783
9860.0 0.27356385215980783
9862.0 0.27356385215980783
9864.0 0.27356385215980783
9866.0 0.27356385215980783
9868.0 0.27356385215980783
9870.0 0.27356385215980783
9872.0 0.27356385215980783
9874.0 0.27356385215980783
9876.0 0.27356385215980783
9878.0 0.27356385215980783
9880.0 0.27356385215980783
9882.0 0.27356385215980783
9884.0 0.27356385215980783
9886.0 0.27356385215980783
9888.0 0.27356385215980783
9890.0 0.27356385215980783
9892.0 0.27356385215980783
9894.0 0.27356385215980783
9896.0 0.27356385215980783
9898.0 0.27356385215980783
9900.0 0.27356385215980783
9902.0 0.27356385215980783
9904.0 0.27356385215980783
9906.0 0.27356385215980783
9908.0 0.27356385215980783
9910.0 0.27356385215980783
9912.0 0.27356385215980783
9914.0 0.27356385215980783
9916.0 0.27356385215980783
9918.0 0.27356385215980783
9920.0 0.27356385215980783
9922.0 0.27356385215980783
9924.0 0.27356385215980783
9926.0 0.27356385215980783
9928.0 0.27356385215980783
9930.0 0.27356385215980783
9932.0 0.27356385215980783
9934.0 0.27356385215980783
9936.0 0.27356385215980783
9938.0 0.27356385215980783
9940.0 0.27356385215980783
9942.0 0.27356385215980783
9944.0 0.27356385215980783
9946.0 0.27356385215980783
9948.0 0.27356385215980783
9950.0 0.27356385215980783
9952.0 0.27356385215980783
9954.0 0.27356385215980783
9956.0 0.27356385215980783
9958.0 0.27356385215980783
9960.0 0.27356385215980783
9962.0 0.27356385215980783
9964.0 0.27356385215980783
9966.0 0.27356385215980783
9968.0 0.27356385215980783
9970.0 0.27356385215980783
9972.0 0.27356385215980783
9974.0 0.27356385215980783
9976.0 0.27356385215980783
9978.0 0.27356385215980783
9980.0 0.27356385215980783
9982.0 0.27356385215980783
9984.0 0.27356385215980783
9986.0 0.27356385215980783
9988.0 0.27356385215980783
9990.0 0.27356385215980783
9992.0 0.27356385215980783
9994.0 0.27356385215980783
9996.0 0.27356385215980783
9998.0 0.27356385215980783
