# z obs_date
# 0 52280
3580.0 0.3004457148916849
3582.0 0.2951949396660262
3584.0 0.29680430755868636
3586.0 0.29883955221668546
3588.0 0.2909020281461327
3590.0 0.2838693806835538
3592.0 0.28948042178898137
3594.0 0.28886787361733063
3596.0 0.28324711687860804
3598.0 0.2804448731002751
3600.0 0.2777591346823715
3602.0 0.2694638781803909
3604.0 0.2766877845700759
3606.0 0.2866778657927021
3608.0 0.2895518233085529
3610.0 0.29813408483840165
3612.0 0.29133369189369823
3614.0 0.2855659323690295
3616.0 0.28598667293906943
3618.0 0.2922241683216553
3620.0 0.2839347701025918
3622.0 0.28110734628849876
3624.0 0.28868636788189905
3626.0 0.2871726846612452
3628.0 0.2878116614257984
3630.0 0.28776958321376694
3632.0 0.283592744903503
3634.0 0.2954570523601458
3636.0 0.30250240343731943
3638.0 0.2947481775398075
3640.0 0.29835155468337476
3642.0 0.3086221959849867
3644.0 0.30082871051107124
3646.0 0.3012546660753595
3648.0 0.30869632343277986
3650.0 0.3052938905478182
3652.0 0.30488271906807735
3654.0 0.30249890669205304
3656.0 0.3079207538033492
3658.0 0.3064597970341926
3660.0 0.3026743159905644
3662.0 0.29528996428536686
3664.0 0.29647997352800975
3666.0 0.28867510861319495
3668.0 0.2845685039109418
3670.0 0.2804161955414939
3672.0 0.2791416504355683
3674.0 0.27843577109126927
3676.0 0.281668567223141
3678.0 0.27301015461806294
3680.0 0.26833094400404495
3682.0 0.26122300294205586
3684.0 0.267532495859736
3686.0 0.2605762607615909
3688.0 0.2564494604850911
3690.0 0.25833509804652016
3692.0 0.2568912401032052
3694.0 0.2515590942375501
3696.0 0.25498471667926115
3698.0 0.2450062172229801
3700.0 0.24865357456001919
3702.0 0.24393651470209357
3704.0 0.240936619388041
3706.0 0.24436830671153242
3708.0 0.23650146825382062
3710.0 0.24393437963722991
3712.0 0.2508059487457141
3714.0 0.2454439383898712
3716.0 0.23302846024533286
3718.0 0.22760902827096766
3720.0 0.24011661096115952
3722.0 0.2462083992771137
3724.0 0.24263544534971535
3726.0 0.2425488554311892
3728.0 0.23567119606691334
3730.0 0.2365831270189047
3732.0 0.24077842747145753
3734.0 0.250074525493001
3736.0 0.23915477619731967
3738.0 0.23942210714643952
3740.0 0.24391472819471818
3742.0 0.24460606009965097
3744.0 0.2355016473840296
3746.0 0.24146045186324874
3748.0 0.22475258648241497
3750.0 0.22763735292650045
3752.0 0.23025912358426093
3754.0 0.23368081152261613
3756.0 0.23845572897304293
3758.0 0.24037256684778022
3760.0 0.24431993922036238
3762.0 0.22870217420878697
3764.0 0.2350253769060983
3766.0 0.24005479855932796
3768.0 0.2453596844262692
3770.0 0.24507383178206532
3772.0 0.24509942576797492
3774.0 0.2525574151137916
3776.0 0.25691729342192654
3778.0 0.256498231287812
3780.0 0.2665997129444392
3782.0 0.2659405694302363
3784.0 0.26541878199794383
3786.0 0.276522592050156
3788.0 0.28105654399301483
3790.0 0.283250965111792
3792.0 0.2899011294708745
3794.0 0.29385514959005893
3796.0 0.2982010059939151
3798.0 0.31392132378112353
3800.0 0.3195413018131672
3802.0 0.321918927213328
3804.0 0.33040893515815345
3806.0 0.33640903738630007
3808.0 0.3481634957412088
3810.0 0.3560206683147658
3812.0 0.3716358566403987
3814.0 0.3734075596260992
3816.0 0.3769322857752577
3818.0 0.3861676856935697
3820.0 0.3935674173160755
3822.0 0.40572024447302096
3824.0 0.4180300745210125
3826.0 0.4336335342357255
3828.0 0.4348755420248176
3830.0 0.44080886209765474
3832.0 0.4468169283092346
3834.0 0.45758312022520425
3836.0 0.4756713840076559
3838.0 0.48603863640327083
3840.0 0.5001970280794673
3842.0 0.5177967276814147
3844.0 0.5350679745558612
3846.0 0.5418284019078662
3848.0 0.553237956757981
3850.0 0.5614293513932291
3852.0 0.5703939733939053
3854.0 0.5860452322539589
3856.0 0.595840601019715
3858.0 0.6090931498308597
3860.0 0.6241010351636326
3862.0 0.6310726629328499
3864.0 0.6425568431949188
3866.0 0.6526938268588788
3868.0 0.6611147014830814
3870.0 0.6656526535094797
3872.0 0.6769965111413587
3874.0 0.6888640468774052
3876.0 0.6935238559252018
3878.0 0.7053981662866862
3880.0 0.7090144667926983
3882.0 0.7111786554620098
3884.0 0.7153822366391233
3886.0 0.7217019371258708
3888.0 0.7325376676200283
3890.0 0.7387502670954835
3892.0 0.7489527890352151
3894.0 0.7481307880025173
3896.0 0.741368301804498
3898.0 0.7423843924155942
3900.0 0.7447096725085013
3902.0 0.755674021940628
3904.0 0.7752032030903121
3906.0 0.790597919983936
3908.0 0.7986090520161208
3910.0 0.8053116004811022
3912.0 0.8088454586161895
3914.0 0.8187836305567858
3916.0 0.8193069666816433
3918.0 0.8240273955514208
3920.0 0.8225217107292961
3922.0 0.8202816880888075
3924.0 0.8228635747821886
3926.0 0.8111320278648134
3928.0 0.7954492885279373
3930.0 0.7677681517238532
3932.0 0.7348028222654662
3934.0 0.7223316420684146
3936.0 0.74277003442467
3938.0 0.7751771704243678
3940.0 0.7960909645455244
3942.0 0.7906611303032983
3944.0 0.7905194359226794
3946.0 0.7779603362761376
3948.0 0.7689942425876828
3950.0 0.759636160040092
3952.0 0.7615736936978243
3954.0 0.7491423898939388
3956.0 0.7340317483308257
3958.0 0.7308407765413139
3960.0 0.7157648328677164
3962.0 0.7114793982451655
3964.0 0.6956206099849167
3966.0 0.6703704669488303
3968.0 0.6600358676821391
3970.0 0.6616768098893828
3972.0 0.6744921859329978
3974.0 0.6730352100395899
3976.0 0.673365567292107
3978.0 0.6792703692070792
3980.0 0.6674627788091998
3982.0 0.6648777709084566
3984.0 0.6636489808627013
3986.0 0.6658377419470008
3988.0 0.6666061655539868
3990.0 0.6621999962415822
3992.0 0.6538945430191605
3994.0 0.649081116478325
3996.0 0.6473581993839266
3998.0 0.6484504436345968
4000.0 0.6480303719331821
4002.0 0.6488412403504054
4004.0 0.6413169815101488
4006.0 0.6462236750039595
4008.0 0.6485823660912483
4010.0 0.6586838959424822
4012.0 0.663496071458844
4014.0 0.6605784022331851
4016.0 0.6602309564373349
4018.0 0.6657005945355705
4020.0 0.666464667947549
4022.0 0.6691277914007148
4024.0 0.676615947821691
4026.0 0.6713266052888364
4028.0 0.6756313570885483
4030.0 0.6749858099431754
4032.0 0.6768234006442042
4034.0 0.6798915431157043
4036.0 0.6792100703813347
4038.0 0.6784749432443142
4040.0 0.6855782933095201
4042.0 0.6911891098131655
4044.0 0.6835019760096711
4046.0 0.6915126827637205
4048.0 0.6968887832582261
4050.0 0.6861245786432153
4052.0 0.6864122561077802
4054.0 0.6960447118120316
4056.0 0.6980902175547419
4058.0 0.696575439847131
4060.0 0.6976254642138832
4062.0 0.7012164769004038
4064.0 0.7014579365969147
4066.0 0.7030393774437869
4068.0 0.709872925976225
4070.0 0.7129842049911602
4072.0 0.7065595021152283
4074.0 0.7029144803351751
4076.0 0.7042941340512344
4078.0 0.7036407759128077
4080.0 0.702767506535215
4082.0 0.6999579397099204
4084.0 0.699587595855064
4086.0 0.6992576127568625
4088.0 0.7029775107858574
4090.0 0.7019206387345619
4092.0 0.6954690286121469
4094.0 0.6917049416166535
4096.0 0.6874134533720881
4098.0 0.6873925756619478
4100.0 0.6860261483576182
4102.0 0.6850571535442115
4104.0 0.6808330910361322
4106.0 0.6835472052942564
4108.0 0.6813115519229723
4110.0 0.6758727539894973
4112.0 0.6716694957717405
4114.0 0.6739118161654558
4116.0 0.6731121851536516
4118.0 0.6734796934556356
4120.0 0.6715215997728032
4122.0 0.6727074007641521
4124.0 0.6703385000289275
4126.0 0.6735691269099711
4128.0 0.6750583629325272
4130.0 0.6745099178362602
4132.0 0.6770315127595826
4134.0 0.6757728345038652
4136.0 0.6765929906818545
4138.0 0.6791988272156562
4140.0 0.6768295729472787
4142.0 0.6772055824466255
4144.0 0.674874035149924
4146.0 0.6766912312186925
4148.0 0.6749057875227694
4150.0 0.6729721685683726
4152.0 0.6693080565630316
4154.0 0.6710580951961288
4156.0 0.6698733654992512
4158.0 0.6651151764240949
4160.0 0.6696996357152292
4162.0 0.6641335918449274
4164.0 0.667185339490917
4166.0 0.6622957438420692
4168.0 0.6622043100604322
4170.0 0.6579532611901299
4172.0 0.6570918663453715
4174.0 0.6570002182387745
4176.0 0.6577655238978337
4178.0 0.6541317349180515
4180.0 0.650528029187167
4182.0 0.6509123261312141
4184.0 0.6540485738662178
4186.0 0.6508712392616897
4188.0 0.6456086253604918
4190.0 0.6403079141810238
4192.0 0.6422612442360864
4194.0 0.6428658265921642
4196.0 0.6441585678070094
4198.0 0.6399232786960838
4200.0 0.6363003934077591
4202.0 0.630122526970044
4204.0 0.6325421331645079
4206.0 0.6285610800107369
4208.0 0.6218507005474686
4210.0 0.6179569878834155
4212.0 0.6125092153933195
4214.0 0.6078605273482217
4216.0 0.6072464145326568
4218.0 0.6059223482912572
4220.0 0.5998653905125333
4222.0 0.5967117519819506
4224.0 0.5870423295308652
4226.0 0.5915146255924624
4228.0 0.5885791846154534
4230.0 0.5840863014389828
4232.0 0.5925255198070201
4234.0 0.5930900489935527
4236.0 0.5946241745640881
4238.0 0.5905464475456175
4240.0 0.5834630135640018
4242.0 0.5838227773053654
4244.0 0.5762788078216897
4246.0 0.5771577869187758
4248.0 0.5702647399130014
4250.0 0.5679830933435914
4252.0 0.5658383783234785
4254.0 0.5670445827227888
4256.0 0.5645551261203392
4258.0 0.5551354113237554
4260.0 0.552341800080824
4262.0 0.5494054991333119
4264.0 0.5419264110659588
4266.0 0.5384910831890205
4268.0 0.535530818815676
4270.0 0.5310807605865164
4272.0 0.5272929069128627
4274.0 0.5219734857345766
4276.0 0.5153384793492881
4278.0 0.5146427681070276
4280.0 0.511299631941403
4282.0 0.5006267403984708
4284.0 0.5032328842377042
4286.0 0.5087604201743869
4288.0 0.5062743552419674
4290.0 0.5091065269089033
4292.0 0.512528550885854
4294.0 0.5045745511015307
4296.0 0.5028179839841072
4298.0 0.5091973321937663
4300.0 0.5105510284306979
4302.0 0.5085367400406523
4304.0 0.512601205475388
4306.0 0.5117589927422775
4308.0 0.5113116089636316
4310.0 0.5118021188231102
4312.0 0.5127474019099179
4314.0 0.5142275560999082
4316.0 0.5143593481954571
4318.0 0.5158264982992876
4320.0 0.5139678728903032
4322.0 0.5084452627218304
4324.0 0.506689294320678
4326.0 0.5088439031958579
4328.0 0.5067971267769521
4330.0 0.504741888593107
4332.0 0.5034875549346299
4334.0 0.4974974855387096
4336.0 0.495542988993672
4338.0 0.49718029166351646
4340.0 0.4988840753730196
4342.0 0.4974647307647926
4344.0 0.49403302521454945
4346.0 0.49585987685047866
4348.0 0.4977321930435627
4350.0 0.4908636170560807
4352.0 0.4898071374834311
4354.0 0.49586794608175055
4356.0 0.49374665600157225
4358.0 0.489716090563172
4360.0 0.48799871889088947
4362.0 0.48171621437293
4364.0 0.4858061445757709
4366.0 0.483305652622195
4368.0 0.48154785491713803
4370.0 0.48132459844673664
4372.0 0.48293415858878724
4374.0 0.4767260187964611
4376.0 0.4801568477772169
4378.0 0.47680320872775883
4380.0 0.4704656723446495
4382.0 0.47995890300752636
4384.0 0.47633403651123224
4386.0 0.4732428923037887
4388.0 0.47390061810987133
4390.0 0.4735383337404686
4392.0 0.4734343653952543
4394.0 0.47452233992952025
4396.0 0.4765621414918578
4398.0 0.4848089512684511
4400.0 0.47850367659718956
4402.0 0.47808224535870497
4404.0 0.479434335442413
4406.0 0.48203466114298976
4408.0 0.4840943798936053
4410.0 0.48405493784254433
4412.0 0.48409725343159854
4414.0 0.49420976356552
4416.0 0.4926394152613379
4418.0 0.5011833226668869
4420.0 0.4936858856386435
4422.0 0.5024684461580188
4424.0 0.5031942212257337
4426.0 0.5087805174574314
4428.0 0.5194728871541003
4430.0 0.5172961531806957
4432.0 0.5181963868433864
4434.0 0.5299879848374174
4436.0 0.5262739582575876
4438.0 0.5318837500714364
4440.0 0.5417983877184782
4442.0 0.5472426221137973
4444.0 0.5501444873347882
4446.0 0.5575319218159869
4448.0 0.5649196386880547
4450.0 0.5640537488962472
4452.0 0.5629632182810116
4454.0 0.5726619421933393
4456.0 0.5790964984841265
4458.0 0.5889491579238143
4460.0 0.5898731949013329
4462.0 0.5989293975074271
4464.0 0.6049214356925788
4466.0 0.6154651192822618
4468.0 0.6226172504132031
4470.0 0.6217377413098749
4472.0 0.6298319069709183
4474.0 0.6372618474844094
4476.0 0.6453972275517253
4478.0 0.6538107669038542
4480.0 0.6647585299072848
4482.0 0.6735533392586436
4484.0 0.6780925489674392
4486.0 0.6807016786755259
4488.0 0.685766682385805
4490.0 0.6976008735397187
4492.0 0.7006677436958385
4494.0 0.7032889313896338
4496.0 0.7139942445134684
4498.0 0.7186573375750074
4500.0 0.7289843064280873
4502.0 0.7401249940185901
4504.0 0.7382901098522322
4506.0 0.7414214420437707
4508.0 0.7583893795229866
4510.0 0.7623652074025501
4512.0 0.7607104685914302
4514.0 0.7636942697030734
4516.0 0.7729325173466365
4518.0 0.7785235372110582
4520.0 0.7755469932950674
4522.0 0.7817993719079994
4524.0 0.7926806880831598
4526.0 0.8017176897467759
4528.0 0.8087055410188144
4530.0 0.8090920450574641
4532.0 0.8153650395480075
4534.0 0.8281466950744708
4536.0 0.8300624047612543
4538.0 0.8338140103802903
4540.0 0.8402728995021527
4542.0 0.8402412935598659
4544.0 0.8497777555593571
4546.0 0.8556291039884554
4548.0 0.8621747057496245
4550.0 0.8665152077631643
4552.0 0.871712114669884
4554.0 0.8777625009993889
4556.0 0.8864479186189856
4558.0 0.8897758402940679
4560.0 0.8973448343080999
4562.0 0.8981252640593453
4564.0 0.9007765231671575
4566.0 0.9123842485990974
4568.0 0.918703140608679
4570.0 0.9158778556092854
4572.0 0.9170961809666849
4574.0 0.9198335004823054
4576.0 0.9211201253836446
4578.0 0.9223473267676495
4580.0 0.9293734069665692
4582.0 0.9288421327625237
4584.0 0.9297558040642961
4586.0 0.9350553181608495
4588.0 0.9416431868018563
4590.0 0.9380573059146708
4592.0 0.9305041455694741
4594.0 0.9333331242886547
4596.0 0.9322676061196069
4598.0 0.933086301867659
4600.0 0.932266753596263
4602.0 0.924318620406319
4604.0 0.9197531130012603
4606.0 0.9212327627546698
4608.0 0.9148652694620275
4610.0 0.9064902089426191
4612.0 0.8945994324366141
4614.0 0.8921904863376244
4616.0 0.8916091562016137
4618.0 0.8816282812307862
4620.0 0.8766364276128972
4622.0 0.8632777293731169
4624.0 0.8587640456915887
4626.0 0.8528198000205823
4628.0 0.8496434523231535
4630.0 0.8384672890163125
4632.0 0.8278583064788744
4634.0 0.8212181868407067
4636.0 0.8117401813179682
4638.0 0.8127858350653951
4640.0 0.8003868195283722
4642.0 0.793424332462868
4644.0 0.787242611680232
4646.0 0.7757460356791288
4648.0 0.7696452792522398
4650.0 0.7651902315257769
4652.0 0.7508622416276376
4654.0 0.7480543343316222
4656.0 0.7366001384353578
4658.0 0.7383893884613945
4660.0 0.7209270758934977
4662.0 0.7136774290448533
4664.0 0.7132711480755268
4666.0 0.7005634034793734
4668.0 0.6917385833313537
4670.0 0.6873838550854342
4672.0 0.6759889409988056
4674.0 0.6816119540504045
4676.0 0.6639339478341548
4678.0 0.6623969767612623
4680.0 0.6624661922907984
4682.0 0.6516878913820799
4684.0 0.6413179199341196
4686.0 0.6384728851332317
4688.0 0.6373936597076958
4690.0 0.6346347631479945
4692.0 0.6262030126352464
4694.0 0.6241782716917549
4696.0 0.6155580803419163
4698.0 0.6055939023333649
4700.0 0.6000683151217248
4702.0 0.5923777634012344
4704.0 0.5858968910001068
4706.0 0.5866230818199282
4708.0 0.5714552153642187
4710.0 0.5675106617708638
4712.0 0.5628632124721463
4714.0 0.5601770254728761
4716.0 0.5554505220758482
4718.0 0.5503131431027231
4720.0 0.540584301578437
4722.0 0.5336761046807371
4724.0 0.5299081993064451
4726.0 0.53267351117098
4728.0 0.5307252563764868
4730.0 0.5275884682928537
4732.0 0.5293383123536242
4734.0 0.5328867312604134
4736.0 0.5347035912500292
4738.0 0.5341621413745136
4740.0 0.533819723577168
4742.0 0.5332557654738065
4744.0 0.5330763238737043
4746.0 0.5387765164303369
4748.0 0.5385410950946087
4750.0 0.5403149583745449
4752.0 0.5428727758134483
4754.0 0.5443304773747519
4756.0 0.543755754293996
4758.0 0.5507969666550351
4760.0 0.5532390951871105
4762.0 0.555623582993198
4764.0 0.5570463693417509
4766.0 0.5600649460212377
4768.0 0.5605017898527284
4770.0 0.5606773360112667
4772.0 0.5616075863141059
4774.0 0.564421384063269
4776.0 0.5627226786444254
4778.0 0.5609369435765607
4780.0 0.5645229419176448
4782.0 0.5656798091503203
4784.0 0.5628290942980461
4786.0 0.5639015699791994
4788.0 0.5632889803273636
4790.0 0.5598220319551228
4792.0 0.5565596920538768
4794.0 0.5535244292954004
4796.0 0.5491674067252459
4798.0 0.5433186470616278
4800.0 0.540313101361725
4802.0 0.5374163354515227
4804.0 0.5274209293636346
4806.0 0.5179040873372244
4808.0 0.5130857512702875
4810.0 0.512784607582597
4812.0 0.5060482581550867
4814.0 0.5045737843888713
4816.0 0.5060050826393988
4818.0 0.5041779460146081
4820.0 0.4961271636941341
4822.0 0.4925014310339552
4824.0 0.4880264356666505
4826.0 0.48582476540887487
4828.0 0.48779751080170314
4830.0 0.48844336997117727
4832.0 0.49037928548500936
4834.0 0.4902744980279178
4836.0 0.49129082388575596
4838.0 0.4926142057132369
4840.0 0.4918908588390497
4842.0 0.49446632882349395
4844.0 0.4957430644085056
4846.0 0.5012246123930694
4848.0 0.503432630955971
4850.0 0.5028467849574659
4852.0 0.5011226828460874
4854.0 0.5089177738580355
4856.0 0.5087935738971089
4858.0 0.5097056176203401
4860.0 0.5133781157860146
4862.0 0.5179132538586688
4864.0 0.5192335839194837
4866.0 0.5203671041962693
4868.0 0.5229668747457377
4870.0 0.5228538315008557
4872.0 0.5293889914982938
4874.0 0.5364922376746667
4876.0 0.5470674256404034
4878.0 0.5507175839722439
4880.0 0.5527105085514478
4882.0 0.5653641347275717
4884.0 0.5652638775241761
4886.0 0.5752052551097538
4888.0 0.5870499067629956
4890.0 0.5901978269172077
4892.0 0.5981659096271051
4894.0 0.6062611137490561
4896.0 0.6042961447219848
4898.0 0.617775334820667
4900.0 0.6285317424245441
4902.0 0.6353806887849697
4904.0 0.6413288891250353
4906.0 0.6444684614409807
4908.0 0.6515332322314594
4910.0 0.6566986239007917
4912.0 0.6585285273269064
4914.0 0.6634454539637091
4916.0 0.6710594109586661
4918.0 0.6687021836191996
4920.0 0.6675394225948338
4922.0 0.6662193487165753
4924.0 0.6707962631639908
4926.0 0.6697144424354188
4928.0 0.6706148087106549
4930.0 0.6645679709634575
4932.0 0.6613556002245221
4934.0 0.656519281095152
4936.0 0.6547461475143114
4938.0 0.6508729931375414
4940.0 0.6461038906543893
4942.0 0.6421074197317294
4944.0 0.6391270294941614
4946.0 0.6343850083300193
4948.0 0.6261316357443167
4950.0 0.623998063432376
4952.0 0.6201089719963351
4954.0 0.6164790847912902
4956.0 0.6107211972863077
4958.0 0.6060097166590822
4960.0 0.6064951483502828
4962.0 0.6035214967682789
4964.0 0.5999649287140794
4966.0 0.5992940031547086
4968.0 0.5941666615410602
4970.0 0.5862370781220166
4972.0 0.5863838474875334
4974.0 0.5859982534315575
4976.0 0.5787131522560008
4978.0 0.5766389669413621
4980.0 0.5787996634642008
4982.0 0.5740925711607657
4984.0 0.5735037658652788
4986.0 0.571714583046832
4988.0 0.5729990109337365
4990.0 0.5755535851996487
4992.0 0.5741542245957793
4994.0 0.5751445571728733
4996.0 0.5768583017061902
4998.0 0.5763804710597225
5000.0 0.5757198709239768
5002.0 0.577788250286159
5004.0 0.5795937105880117
5006.0 0.5775064505326596
5008.0 0.576278784353299
5010.0 0.5764871471690647
5012.0 0.5806311988333127
5014.0 0.5798397102807471
5016.0 0.5795712131563799
5018.0 0.5787299435586911
5020.0 0.5783624419450532
5022.0 0.580839849853025
5024.0 0.5853594210543832
5026.0 0.5857532243798933
5028.0 0.5852447522437432
5030.0 0.5900742908733554
5032.0 0.5909935439937973
5034.0 0.5897981184742049
5036.0 0.5949185323410962
5038.0 0.6010983103519633
5040.0 0.6066551176751401
5042.0 0.6068130196883635
5044.0 0.6046303841756874
5046.0 0.6117589413047779
5048.0 0.6136033482078803
5050.0 0.613231735809936
5052.0 0.6124302990447117
5054.0 0.6136312334677259
5056.0 0.6141576457885755
5058.0 0.6178086108639841
5060.0 0.6223946492308632
5062.0 0.6254094855330072
5064.0 0.6215301072052278
5066.0 0.6247396037536668
5068.0 0.6342923325214259
5070.0 0.6291422949859679
5072.0 0.6250722749250808
5074.0 0.6277300694804425
5076.0 0.632733913106461
5078.0 0.6409497943750077
5080.0 0.6370116827049304
5082.0 0.641857498043614
5084.0 0.6417332952918376
5086.0 0.639054079400396
5088.0 0.6346273322679082
5090.0 0.6396625706305993
5092.0 0.6440917618864683
5094.0 0.6473912960827845
5096.0 0.6439916435758409
5098.0 0.647207681799595
5100.0 0.6432130193560515
5102.0 0.6489464640368978
5104.0 0.6523121508967833
5106.0 0.6552468698412931
5108.0 0.6527825202026557
5110.0 0.6599817444595186
5112.0 0.6660325988425063
5114.0 0.662040113147967
5116.0 0.6670668578179987
5118.0 0.6676279956101825
5120.0 0.6661517554002322
5122.0 0.6746996628223544
5124.0 0.6801578129863485
5126.0 0.679740778152472
5128.0 0.6895887986843301
5130.0 0.6903748727689033
5132.0 0.6960660172554602
5134.0 0.6937245197878074
5136.0 0.6961594172500993
5138.0 0.6986879873295785
5140.0 0.7041107311025732
5142.0 0.7041624140856778
5144.0 0.7077636412925861
5146.0 0.7066945002136132
5148.0 0.711622579439882
5150.0 0.7152581541611813
5152.0 0.7170334634193123
5154.0 0.7198617027493805
5156.0 0.727429751189532
5158.0 0.7302150967090842
5160.0 0.738011071344353
5162.0 0.7395801394342844
5164.0 0.7380886587951162
5166.0 0.7472785699029418
5168.0 0.7492516604982684
5170.0 0.7517907794828645
5172.0 0.7582142823213788
5174.0 0.7655718025127106
5176.0 0.7722931627773792
5178.0 0.7657550470564279
5180.0 0.7736069299344086
5182.0 0.7779635431896275
5184.0 0.7824139029558749
5186.0 0.7792997214401468
5188.0 0.7856772920581764
5190.0 0.7920527839811652
5192.0 0.7909817551967406
5194.0 0.7933298753661615
5196.0 0.797372288473536
5198.0 0.7971040600108216
5200.0 0.7955753726055652
5202.0 0.7904950037676273
5204.0 0.7942502003102925
5206.0 0.7938647039700364
5208.0 0.7912773518179047
5210.0 0.7947976879096187
5212.0 0.7995953760933513
5214.0 0.8013383772870233
5216.0 0.8030960526133704
5218.0 0.7975946584748043
5220.0 0.7981074237622653
5222.0 0.8026102981493346
5224.0 0.8047658515943958
5226.0 0.8018774015537992
5228.0 0.7982877641128682
5230.0 0.7960470027223707
5232.0 0.7971334029846456
5234.0 0.7986242751416471
5236.0 0.7953527702516582
5238.0 0.7974202312367582
5240.0 0.7968774532375474
5242.0 0.7948115241168574
5244.0 0.7961505674721107
5246.0 0.7944655018155908
5248.0 0.7920509196033397
5250.0 0.7907019001732586
5252.0 0.788595081068806
5254.0 0.7882273120348402
5256.0 0.7882451564247162
5258.0 0.7873307216535487
5260.0 0.7874498756430851
5262.0 0.7830934582218786
5264.0 0.7801816755538113
5266.0 0.7776704134126532
5268.0 0.775812551879972
5270.0 0.7764126493008815
5272.0 0.7793693164752018
5274.0 0.7873550712608806
5276.0 0.788338273800147
5278.0 0.783168379468507
5280.0 0.7796631407829808
5282.0 0.7800794393181618
5284.0 0.7776556413581327
5286.0 0.7767293171221841
5288.0 0.7770511538075108
5290.0 0.7711542760007375
5292.0 0.7737330221439453
5294.0 0.7820453576011106
5296.0 0.7773497667365007
5298.0 0.7764127782165043
5300.0 0.7768735288761007
5302.0 0.7759197955424871
5304.0 0.7768193233707652
5306.0 0.7775005521212948
5308.0 0.7794780286430221
5310.0 0.7861462460827945
5312.0 0.7829995828600322
5314.0 0.7875179389460649
5316.0 0.7870633310816079
5318.0 0.7905100851371747
5320.0 0.7932862603406534
5322.0 0.7896678498102172
5324.0 0.7874846075953826
5326.0 0.7819250415079825
5328.0 0.7835967269101914
5330.0 0.7800022275344123
5332.0 0.7850278020598422
5334.0 0.7883354242787033
5336.0 0.783037215185806
5338.0 0.7892578131356544
5340.0 0.7890517116470478
5342.0 0.7949771787540568
5344.0 0.7961181995622019
5346.0 0.7972365329832113
5348.0 0.7981304871923017
5350.0 0.7966481474351762
5352.0 0.7909869973451963
5354.0 0.7938123448382249
5356.0 0.7997574668961216
5358.0 0.7947622483091386
5360.0 0.7939255239380002
5362.0 0.7940984301718571
5364.0 0.7977683836249921
5366.0 0.7984660927608387
5368.0 0.7977531970499024
5370.0 0.7970436375922214
5372.0 0.7937557494296751
5374.0 0.8034867582757977
5376.0 0.8043869307827402
5378.0 0.8121649180760752
5380.0 0.8178195173078379
5382.0 0.8124387992991049
5384.0 0.8110183848172214
5386.0 0.8157219134816838
5388.0 0.8196467885746835
5390.0 0.8163607324355051
5392.0 0.8196415067132137
5394.0 0.8220648440537274
5396.0 0.8242686570002599
5398.0 0.8264917511842823
5400.0 0.8296182727627422
5402.0 0.8240864357345058
5404.0 0.8278948763820222
5406.0 0.8297819585484983
5408.0 0.8341535781428072
5410.0 0.8311727375225271
5412.0 0.8384717689090262
5414.0 0.8330666189959518
5416.0 0.8346808117669758
5418.0 0.8379782400405131
5420.0 0.8374562119220215
5422.0 0.8451999530387408
5424.0 0.8438643025093268
5426.0 0.8458253012966032
5428.0 0.8502119071514594
5430.0 0.8442641799119329
5432.0 0.854898889310484
5434.0 0.85365986931573
5436.0 0.8467792895448059
5438.0 0.8505145468232489
5440.0 0.8564042223427754
5442.0 0.8620211758244181
5444.0 0.8592615227156482
5446.0 0.8566001333927283
5448.0 0.8563918381431394
5450.0 0.8592917311530943
5452.0 0.8642419430352972
5454.0 0.8693829090861201
5456.0 0.8688602787248608
5458.0 0.8706386067947179
5460.0 0.8776314675573841
5462.0 0.8823444474129609
5464.0 0.8830269762433895
5466.0 0.886347570888378
5468.0 0.88826304898099
5470.0 0.8836280153851443
5472.0 0.8851613376760853
5474.0 0.8919413214720228
5476.0 0.8931955994505292
5478.0 0.8952200005471432
5480.0 0.9006077772389007
5482.0 0.902289373684174
5484.0 0.9014752353438252
5486.0 0.9035549874941577
5488.0 0.9064938672473348
5490.0 0.9067637271143394
5492.0 0.9138396735273063
5494.0 0.9187644143501879
5496.0 0.9203255314066593
5498.0 0.9269923477244628
5500.0 0.9324570190591429
5502.0 0.9328973760458468
5504.0 0.9355293620016601
5506.0 0.9402975352505616
5508.0 0.9435518116183882
5510.0 0.9512500092520738
5512.0 0.9566255299314952
5514.0 0.9584997249442064
5516.0 0.9649250843605267
5518.0 0.9630147928074728
5520.0 0.9704170412578882
5522.0 0.9761512846261823
5524.0 0.9784884517809969
5526.0 0.9770630159336566
5528.0 0.9755722912075729
5530.0 0.9764896135965113
5532.0 0.9761717637450181
5534.0 0.97748568558673
5536.0 0.9808397559641046
5538.0 0.9853158882789794
5540.0 0.9886085095119419
5542.0 0.9886889625108042
5544.0 0.9957118977391132
5546.0 1.0
5548.0 0.9887069029822676
5550.0 0.9886541226359213
5552.0 0.9857766926199134
5554.0 0.9865925135089776
5556.0 0.9866094815196546
5558.0 0.9857038328939727
5560.0 0.9756150128250145
5562.0 0.967951365914881
5564.0 0.9631516614189708
5566.0 0.9638668875303498
5568.0 0.9632408928274966
5570.0 0.9519077398480603
5572.0 0.947308851016361
5574.0 0.9459045860273348
5576.0 0.9474341766624155
5578.0 0.9505000751023183
5580.0 0.9471644974886562
5582.0 0.9533658988813897
5584.0 0.9427206574939874
5586.0 0.9391812431413379
5588.0 0.9332784043930521
5590.0 0.9312122068516945
5592.0 0.9180485336226049
5594.0 0.9170085214076784
5596.0 0.9160393129782194
5598.0 0.9026856903359888
5600.0 0.8949507390536147
5602.0 0.8964400926009655
5604.0 0.9003670051033065
5606.0 0.8870464960232731
5608.0 0.8872927071789193
5610.0 0.8838862721123955
5612.0 0.8715356377539875
5614.0 0.8730022111555321
5616.0 0.8711453619849291
5618.0 0.8599864682775347
5620.0 0.8506337987860706
5622.0 0.8465603454878895
5624.0 0.8409819947458592
5626.0 0.8414774220743881
5628.0 0.8364671529045675
5630.0 0.8320445179672242
5632.0 0.8178067191169318
5634.0 0.8160432827286476
5636.0 0.8142588765294435
5638.0 0.8093648426835311
5640.0 0.8139288105727769
5642.0 0.8061071158109795
5644.0 0.8038051521654429
5646.0 0.798127466727126
5648.0 0.7945944484216523
5650.0 0.7929700292958787
5652.0 0.7875361227434842
5654.0 0.7812685576736925
5656.0 0.7729598765830891
5658.0 0.7677662047790935
5660.0 0.763752901255748
5662.0 0.7606019996339929
5664.0 0.7627621244480376
5666.0 0.7596101492500351
5668.0 0.7548830206125738
5670.0 0.755145380951887
5672.0 0.7467868006842295
5674.0 0.7399941694424488
5676.0 0.737224977163955
5678.0 0.733412158838008
5680.0 0.7310839186856943
5682.0 0.7260626015491022
5684.0 0.7146808055581153
5686.0 0.7141100489091597
5688.0 0.7090999592292159
5690.0 0.6997008036992521
5692.0 0.6968185952138077
5694.0 0.6970422184598107
5696.0 0.6968920125992627
5698.0 0.6924716961982814
5700.0 0.6873817537893504
5702.0 0.6830243784883868
5704.0 0.6818322591231263
5706.0 0.6723407828808909
5708.0 0.6643967013689404
5710.0 0.6637128471024586
5712.0 0.6658390327125314
5714.0 0.6680632922820133
5716.0 0.6697932568909171
5718.0 0.6677998217336234
5720.0 0.6639240517447861
5722.0 0.6617282301602159
5724.0 0.6583384684040816
5726.0 0.6554683960650776
5728.0 0.6535145277520246
5730.0 0.6549915544630756
5732.0 0.6536998355069064
5734.0 0.652490397084109
5736.0 0.6587783543695678
5738.0 0.6635045890879719
5740.0 0.6613964149497986
5742.0 0.6614208794732896
5744.0 0.6617014305695079
5746.0 0.665410105809778
5748.0 0.6705112773918258
5750.0 0.6736045752346633
5752.0 0.6773021096250795
5754.0 0.6812063403550568
5756.0 0.6885552309883735
5758.0 0.695513013817997
5760.0 0.6984766240525543
5762.0 0.7022867053428116
5764.0 0.7033132319406213
5766.0 0.7053969184311601
5768.0 0.7070829531101638
5770.0 0.712669681616499
5772.0 0.7173419300292577
5774.0 0.7192171822267133
5776.0 0.7262113032385247
5778.0 0.7308094068164936
5780.0 0.7326871496436513
5782.0 0.7417941447362275
5784.0 0.7490836356743298
5786.0 0.7469300265052748
5788.0 0.7480134931811363
5790.0 0.7579380631910138
5792.0 0.7655496263701168
5794.0 0.767759853556365
5796.0 0.7689164703009981
5798.0 0.7785900701710303
5800.0 0.79154133024083
5802.0 0.7972392974764947
5804.0 0.8026576146392985
5806.0 0.8041894468412475
5808.0 0.8092069949878351
5810.0 0.8169172482593617
5812.0 0.8185720264372361
5814.0 0.8241996478056077
5816.0 0.8278875139713567
5818.0 0.8293181870626137
5820.0 0.8375078202268178
5822.0 0.844615098365475
5824.0 0.8476818958773693
5826.0 0.843782124367367
5828.0 0.8490504358338967
5830.0 0.8509663185236049
5832.0 0.8551066669007704
5834.0 0.8560777060125175
5836.0 0.8461281291774638
5838.0 0.8258406539512144
5840.0 0.8212736523373164
5842.0 0.8317159549114762
5844.0 0.8301058509901718
5846.0 0.8349500110179714
5848.0 0.849046760883533
5850.0 0.8560077690622281
5852.0 0.8641734931432091
5854.0 0.872684892840786
5856.0 0.8773166517565691
5858.0 0.8825684621354144
5860.0 0.8816034418506029
5862.0 0.8817558613705141
5864.0 0.8780425725629835
5866.0 0.8762378814155808
5868.0 0.8759222302019848
5870.0 0.8746694525420797
5872.0 0.874300805170401
5874.0 0.8725710858348151
5876.0 0.8689848704273443
5878.0 0.867319108303044
5880.0 0.8659136716759976
5882.0 0.8602222276114919
5884.0 0.8527317056751108
5886.0 0.8430892812652612
5888.0 0.8309397314409654
5890.0 0.81878277612104
5892.0 0.8121539898457228
5894.0 0.8040187917088413
5896.0 0.8002454681667702
5898.0 0.809983122531397
5900.0 0.825135836976249
5902.0 0.8300242498833366
5904.0 0.8352709445859018
5906.0 0.8386688508568668
5908.0 0.8395407483817443
5910.0 0.835902017175577
5912.0 0.8323415955184071
5914.0 0.8318604234262178
5916.0 0.8237605010859421
5918.0 0.8165393581813433
5920.0 0.8166715313744223
5922.0 0.8195766440326507
5924.0 0.8109627580736941
5926.0 0.8063130797906081
5928.0 0.8043300058622213
5930.0 0.7993845344708225
5932.0 0.7971643634985446
5934.0 0.7931211720367023
5936.0 0.7913796120426428
5938.0 0.7921685729069573
5940.0 0.7869009428864464
5942.0 0.7762640951587516
5944.0 0.7722320365000628
5946.0 0.7696456051617913
5948.0 0.7650935221491425
5950.0 0.7643555039928496
5952.0 0.7604730002248077
5954.0 0.7540956318946362
5956.0 0.7522874488872414
5958.0 0.7463487526186765
5960.0 0.7453023072881796
5962.0 0.7386197133246092
5964.0 0.731998125738013
5966.0 0.7327685821466526
5968.0 0.725764381788489
5970.0 0.7163955627124646
5972.0 0.713117767290878
5974.0 0.7081352751850796
5976.0 0.7054344511771643
5978.0 0.6986139036645205
5980.0 0.6932310788015607
5982.0 0.6901163041710278
5984.0 0.6860139646436656
5986.0 0.6818723782735663
5988.0 0.6792504348423911
5990.0 0.6777586786129438
5992.0 0.672501176295024
5994.0 0.6637307627794141
5996.0 0.6616099188024142
5998.0 0.6643256799019404
6000.0 0.6606827281556094
6002.0 0.6536125663790837
6004.0 0.6509913110421915
6006.0 0.648543969552656
6008.0 0.6478080035370781
6010.0 0.644503190329679
6012.0 0.642522801130316
6014.0 0.6373720147658807
6016.0 0.6313974462818978
6018.0 0.6274733816103806
6020.0 0.621499571657795
6022.0 0.6127776278129052
6024.0 0.608746008679183
6026.0 0.6053219942924347
6028.0 0.5973385584218877
6030.0 0.5970361118091232
6032.0 0.5867997594190775
6034.0 0.5792469860517779
6036.0 0.572718815546974
6038.0 0.5664173226683683
6040.0 0.557554255248526
6042.0 0.549428812314523
6044.0 0.5433267005839996
6046.0 0.5354260322313268
6048.0 0.5300699800584547
6050.0 0.5204233353759916
6052.0 0.5102278894842643
6054.0 0.5038125985672441
6056.0 0.4980482451554964
6058.0 0.4900458115443236
6060.0 0.4869541918562513
6062.0 0.47729999043584714
6064.0 0.476331427921135
6066.0 0.4665575485199803
6068.0 0.4542670664836497
6070.0 0.4453705803947568
6072.0 0.44644098342999955
6074.0 0.4402743278581188
6076.0 0.4303280141438998
6078.0 0.4256448218146899
6080.0 0.4245056799305634
6082.0 0.421223992365663
6084.0 0.4135479540944657
6086.0 0.4163720734889475
6088.0 0.41583302306048675
6090.0 0.4063659606337018
6092.0 0.40342212294086016
6094.0 0.4069483714156143
6096.0 0.40530413483874556
6098.0 0.3984188588529518
6100.0 0.39399685080518926
6102.0 0.3944585846032717
6104.0 0.39744757857499247
6106.0 0.38948307448000624
6108.0 0.3865867224820127
6110.0 0.3933067033622062
6112.0 0.38990414509753196
6114.0 0.38987799215685587
6116.0 0.39056471601363424
6118.0 0.38918524649374653
6120.0 0.3916353453183537
6122.0 0.3913409984466205
6124.0 0.3862245974339403
6126.0 0.39014486197653714
6128.0 0.3936829878729505
6130.0 0.39644580195277346
6132.0 0.3970249995734928
6134.0 0.3992572971179259
6136.0 0.4002614202869824
6138.0 0.399547552783339
6140.0 0.4019436821695376
6142.0 0.40512429419843915
6144.0 0.40756445480337083
6146.0 0.40628620948009275
6148.0 0.40609922982867
6150.0 0.40510814075662294
6152.0 0.40437256823092926
6154.0 0.4089302116313389
6156.0 0.41507083785484306
6158.0 0.4161934370103776
6160.0 0.41805403453992707
6162.0 0.4254627698768728
6164.0 0.4277897635868688
6166.0 0.4288266644361006
6168.0 0.4354179759602381
6170.0 0.4421992530815954
6172.0 0.44525413313771245
6174.0 0.4507871040403485
6176.0 0.4544067375147372
6178.0 0.4568649152132529
6180.0 0.45985748642759405
6182.0 0.4675262136769013
6184.0 0.471065356430886
6186.0 0.4717379555299462
6188.0 0.4790864783366819
6190.0 0.484592997368455
6192.0 0.4871948455376939
6194.0 0.49116749654627867
6196.0 0.4973092378288553
6198.0 0.5022844691665929
6200.0 0.5061544130667173
6202.0 0.512807151849719
6204.0 0.5244715861721821
6206.0 0.5312025278132408
6208.0 0.5364245699091413
6210.0 0.5400445313830392
6212.0 0.5457481164434975
6214.0 0.5523911336984437
6216.0 0.55886352712245
6218.0 0.5639839982371405
6220.0 0.5621065965413793
6222.0 0.5595797576512468
6224.0 0.5660547914271471
6226.0 0.5702365207800945
6228.0 0.5767681772925021
6230.0 0.5805908020106387
6232.0 0.5835467030738631
6234.0 0.5928563917104291
6236.0 0.5998202541622474
6238.0 0.5963787917718685
6240.0 0.5993150740137977
6242.0 0.597445242693824
6244.0 0.6070084261279599
6246.0 0.6213074419279743
6248.0 0.6233698717629204
6250.0 0.6291487773323757
6252.0 0.6309718484234237
6254.0 0.6310795384536548
6256.0 0.6338353949201181
6258.0 0.6402638590645673
6260.0 0.6393711660132115
6262.0 0.6343129171517895
6264.0 0.6372693706652562
6266.0 0.6445852061014387
6268.0 0.6468448095210542
6270.0 0.6528399387330017
6272.0 0.6627327343922342
6274.0 0.6640978458774791
6276.0 0.6609591391894379
6278.0 0.6613581410726614
6280.0 0.6634687768646177
6282.0 0.6617094861013993
6284.0 0.662029478059689
6286.0 0.6650258047282094
6288.0 0.671538860727069
6290.0 0.6743529317759341
6292.0 0.6742115690436995
6294.0 0.6698829392965546
6296.0 0.6701843118350199
6298.0 0.6722310446653106
6300.0 0.6767117513811788
6302.0 0.6831345048683186
6304.0 0.6815187440122907
6306.0 0.6887903036186338
6308.0 0.6984123461821852
6310.0 0.693942074519072
6312.0 0.6940354294744807
6314.0 0.6884318483266404
6316.0 0.6904634996397337
6318.0 0.6974776747069997
6320.0 0.7016851988424294
6322.0 0.7069223031612076
6324.0 0.7063402192335914
6326.0 0.7093839006265179
6328.0 0.7078017008182839
6330.0 0.7048367944071964
6332.0 0.7047682594033206
6334.0 0.7060923478346822
6336.0 0.7104417001483223
6338.0 0.7142898146403754
6340.0 0.7188158816104061
6342.0 0.7209216730300791
6344.0 0.7230555552810098
6346.0 0.7235976870066602
6348.0 0.7274306705314716
6350.0 0.7302749258786374
6352.0 0.7264552794815324
6354.0 0.7282236495399247
6356.0 0.7333818856255773
6358.0 0.7323904251605731
6360.0 0.7336654968764743
6362.0 0.7356954935839248
6364.0 0.731875639030516
6366.0 0.732284169105304
6368.0 0.7341130586027876
6370.0 0.7364998670055276
6372.0 0.7395316450135597
6374.0 0.7367310848382389
6376.0 0.7367705976945148
6378.0 0.7412989586023072
6380.0 0.7455742053185482
6382.0 0.7462791245839605
6384.0 0.7484036851524486
6386.0 0.750952583217763
6388.0 0.7526707842295337
6390.0 0.7525127406191667
6392.0 0.7520859411093721
6394.0 0.7545615756900071
6396.0 0.7600945725679967
6398.0 0.7591041079506153
6400.0 0.7590832376529453
6402.0 0.7617466099916459
6404.0 0.7608042405817718
6406.0 0.7612991750230385
6408.0 0.7611954926432957
6410.0 0.761411701650201
6412.0 0.7635060034224219
6414.0 0.7636484110354835
6416.0 0.7629554438054538
6418.0 0.7642241492620483
6420.0 0.7648919643515462
6422.0 0.7636315106623052
6424.0 0.7651746177935632
6426.0 0.7671615021035507
6428.0 0.7677410213538081
6430.0 0.7676944288885287
6432.0 0.7713597079247791
6434.0 0.7736477120928503
6436.0 0.7717824044583758
6438.0 0.77358843059956
6440.0 0.7694751288597805
6442.0 0.7687598055525298
6444.0 0.7767352232603101
6446.0 0.7817596998630773
6448.0 0.7831831701250299
6450.0 0.7856591369668761
6452.0 0.7824803273848934
6454.0 0.7803622817591803
6456.0 0.7813441633439493
6458.0 0.780088597515364
6460.0 0.7790598609482713
6462.0 0.7777767615765153
6464.0 0.7782944264297481
6466.0 0.7781478802964551
6468.0 0.7835087623113803
6470.0 0.7859902923408483
6472.0 0.7840923858918405
6474.0 0.7872320572096864
6476.0 0.790208287683866
6478.0 0.7857860991918338
6480.0 0.7835178846467499
6482.0 0.7871148829263241
6484.0 0.784380212047093
6486.0 0.7783288324096769
6488.0 0.7776945045904201
6490.0 0.7812766959273445
6492.0 0.7825935387366291
6494.0 0.7815273856220228
6496.0 0.7772961297961789
6498.0 0.7752354218856864
6500.0 0.7693183543647533
6502.0 0.7679880662462233
6504.0 0.772336104644001
6506.0 0.7728710028473256
6508.0 0.7742018895615278
6510.0 0.773030668862678
6512.0 0.7747678071885868
6514.0 0.7704158273129987
6516.0 0.765402549771685
6518.0 0.7588927511373347
6520.0 0.7623076775821677
6522.0 0.7621049478183862
6524.0 0.7552589256541287
6526.0 0.7510404924634262
6528.0 0.7540672608732097
6530.0 0.7470021500232166
6532.0 0.7488451301292204
6534.0 0.7540160662188652
6536.0 0.7514358351434646
6538.0 0.7483726712752573
6540.0 0.7464766344692475
6542.0 0.7465952678558655
6544.0 0.7393788672304729
6546.0 0.7343893201206947
6548.0 0.7334988110882591
6550.0 0.7300261930913485
6552.0 0.7256781832613903
6554.0 0.720337317783573
6556.0 0.715825077606007
6558.0 0.7146370790870619
6560.0 0.7112726203381464
6562.0 0.7105876824085486
6564.0 0.7058179590589558
6566.0 0.70557135436954
6568.0 0.7041961126740868
6570.0 0.6998520396845794
6572.0 0.6970826618772
6574.0 0.6958818203230949
6576.0 0.6922970761132313
6578.0 0.689126670561149
6580.0 0.6859187744071223
6582.0 0.6812003061012748
6584.0 0.6773214851356719
6586.0 0.6749444439285429
6588.0 0.6714594270083971
6590.0 0.6679091296124078
6592.0 0.6670741952127797
6594.0 0.6663205008685744
6596.0 0.6618010831525405
6598.0 0.6567061932414422
6600.0 0.6546171296333313
6602.0 0.6490142150956968
6604.0 0.6457890217939247
6606.0 0.6441318081494657
6608.0 0.6437952058737573
6610.0 0.6405557808372506
6612.0 0.6360581850924724
6614.0 0.6277250148830775
6616.0 0.626986976911066
6618.0 0.6257232801332948
6620.0 0.620006861371285
6622.0 0.6179701949813178
6624.0 0.6174210815473896
6626.0 0.6131913207848317
6628.0 0.6062143294198893
6630.0 0.6029323170768147
6632.0 0.5975696743734064
6634.0 0.592789532446394
6636.0 0.5885704255712424
6638.0 0.5840360907617014
6640.0 0.5839173647450402
6642.0 0.582164184231187
6644.0 0.5761115958044072
6646.0 0.5714307981035894
6648.0 0.5698113850958391
6650.0 0.567531461462576
6652.0 0.565165963449498
6654.0 0.5612345486047166
6656.0 0.5541864786087909
6658.0 0.5533594488415355
6660.0 0.5478218628502289
6662.0 0.5414741698437449
6664.0 0.5405587879540428
6666.0 0.539853539141808
6668.0 0.5376716605295403
6670.0 0.531924069608303
6672.0 0.5262768257689002
6674.0 0.5231944786174972
6676.0 0.5197863557483123
6678.0 0.5190862772350788
6680.0 0.5192300442319561
6682.0 0.5176392567009546
6684.0 0.5164189865198466
6686.0 0.5113083337897455
6688.0 0.50873436183195
6690.0 0.5076207240617989
6692.0 0.5057855394730243
6694.0 0.5014750282162814
6696.0 0.49707470157504674
6698.0 0.49646971987195965
6700.0 0.4942560219799132
6702.0 0.4944138944103243
6704.0 0.490607706244613
6706.0 0.48733092225322977
6708.0 0.48390414226313777
6710.0 0.48259906794317275
6712.0 0.47816310962719705
6714.0 0.47653539349376595
6716.0 0.4781228755950472
6718.0 0.4758480961433924
6720.0 0.4702301390329568
6722.0 0.46763889264266156
6724.0 0.46792420837248355
6726.0 0.46764803404662647
6728.0 0.46740758042187774
6730.0 0.4682754884819126
6732.0 0.46365794562540547
6734.0 0.46000716112213613
6736.0 0.457460881319487
6738.0 0.459522614526681
6740.0 0.45557804092004733
6742.0 0.45175428656876015
6744.0 0.4526884998980884
6746.0 0.45122860769201195
6748.0 0.452220688688913
6750.0 0.45153427151544817
6752.0 0.4497823991176187
6754.0 0.4499191239636271
6756.0 0.449373801825874
6758.0 0.447262819715675
6760.0 0.44643646779672663
6762.0 0.4454632488813248
6764.0 0.4433805146242461
6766.0 0.4332073838860901
6768.0 0.4265989143415979
6770.0 0.429268899454079
6772.0 0.42944306892266465
6774.0 0.4289092981990272
6776.0 0.4305720589154657
6778.0 0.4304944594012133
6780.0 0.43031971982225775
6782.0 0.4334488279099975
6784.0 0.4334881755236376
6786.0 0.43490696507995436
6788.0 0.43621188504036174
6790.0 0.4350632479652081
6792.0 0.43293968963422846
6794.0 0.42948499151946895
6796.0 0.4246023668343814
6798.0 0.4243880507402922
6800.0 0.42294721141517105
6802.0 0.4226435338954278
6804.0 0.4191903297052177
6806.0 0.40823804769703625
6808.0 0.3919544470816385
6810.0 0.3844090881682798
6812.0 0.3864055678409345
6814.0 0.38779481723197745
6816.0 0.38584557089711385
6818.0 0.389908656158281
6820.0 0.39788951253670685
6822.0 0.4024128074503845
6824.0 0.4038566742136429
6826.0 0.4036802760292597
6828.0 0.4054089524408602
6830.0 0.40246337877579813
6832.0 0.4021317868739357
6834.0 0.4009025019059404
6836.0 0.4005938965624205
6838.0 0.40168177390863263
6840.0 0.401051100624441
6842.0 0.4020485785723109
6844.0 0.40264823386701193
6846.0 0.4041613991216014
6848.0 0.4059814568578047
6850.0 0.40688837811268247
6852.0 0.4072598405424843
6854.0 0.4087295991727138
6856.0 0.4092003932335362
6858.0 0.41206620655826376
6860.0 0.41224668881312615
6862.0 0.41351530505026934
6864.0 0.41215190718755973
6866.0 0.41579992274437344
6868.0 0.4197546982627887
6870.0 0.41943202057844836
6872.0 0.41835309401710685
6874.0 0.4158597875256426
6876.0 0.41341132048532014
6878.0 0.41007389552554147
6880.0 0.41083583670427504
6882.0 0.4126662351494053
6884.0 0.4148022227630301
6886.0 0.415688582732656
6888.0 0.41313766809831903
6890.0 0.4132408510911237
6892.0 0.41593844810303093
6894.0 0.4176162173849031
6896.0 0.4167334829660347
6898.0 0.42006642202814387
6900.0 0.4151065936472352
6902.0 0.4153673171747895
6904.0 0.41735979749952273
6906.0 0.4160672953036061
6908.0 0.4186841226756584
6910.0 0.42063253640562465
6912.0 0.42492015040290027
6914.0 0.4236210069876846
6916.0 0.4215883862961504
6918.0 0.42100395415792935
6920.0 0.41968451653380784
6922.0 0.41796138415586687
6924.0 0.4185208307451055
6926.0 0.4145967520088747
6928.0 0.41417447081695713
6930.0 0.4131236689941819
6932.0 0.4103796404919632
6934.0 0.4105449546872031
6936.0 0.41394169519039276
6938.0 0.4146868980245371
6940.0 0.4197498018619923
6942.0 0.4196916095509947
6944.0 0.41575064169067993
6946.0 0.41490664692738194
6948.0 0.4155554528582657
6950.0 0.4146506103894627
6952.0 0.4165517912460901
6954.0 0.41491704073661323
6956.0 0.4145363594345369
6958.0 0.41538041676410303
6960.0 0.4115597645156433
6962.0 0.41287814351054297
6964.0 0.4126865326975292
6966.0 0.4111074096888091
6968.0 0.41194453638462475
6970.0 0.41142545645278317
6972.0 0.4098425711132851
6974.0 0.4103408089433925
6976.0 0.40777194494008845
6978.0 0.40766335512812824
6980.0 0.4109561184655749
6982.0 0.4134612852833868
6984.0 0.41191706157136226
6986.0 0.4144288382652326
6988.0 0.41454194911273384
6990.0 0.4128619966246455
6992.0 0.41036610709680876
6994.0 0.4080680360434136
6996.0 0.4077998851980188
6998.0 0.404669605523508
7000.0 0.39933393723860305
7002.0 0.39295865691747606
7004.0 0.39376151809682475
7006.0 0.39233987009077104
7008.0 0.3943972914287382
7010.0 0.39626501983536233
7012.0 0.3923989693877125
7014.0 0.3913963945114558
7016.0 0.3909330206777129
7018.0 0.38847732170875016
7020.0 0.39102845359370647
7022.0 0.3919266067176116
7024.0 0.39067509992737953
7026.0 0.39194601973812604
7028.0 0.3924576384143033
7030.0 0.3887571112951532
7032.0 0.39277809464174274
7034.0 0.3947089812476946
7036.0 0.39917143873508865
7038.0 0.3977021898066893
7040.0 0.3969712427534162
7042.0 0.3965494055695355
7044.0 0.3962287639462019
7046.0 0.39650057482340584
7048.0 0.39330214220374987
7050.0 0.3923337912248338
7052.0 0.3912350166807833
7054.0 0.3869860766779204
7056.0 0.38279250567609674
7058.0 0.3813270004732547
7060.0 0.38033556865360335
7062.0 0.3803041963408388
7064.0 0.3805587636002083
7066.0 0.37925789497379725
7068.0 0.3797601888512951
7070.0 0.38313907215524606
7072.0 0.3825151300507551
7074.0 0.3831350207173366
7076.0 0.38381898834719597
7078.0 0.38381522456959544
7080.0 0.3857250881976937
7082.0 0.38586831407295363
7084.0 0.384820517565779
7086.0 0.38302829567294944
7088.0 0.3808413646269589
7090.0 0.3777629447300958
7092.0 0.37831051196559123
7094.0 0.3808634514963254
7096.0 0.38402794217290565
7098.0 0.38106854046449334
7100.0 0.37857529943568546
7102.0 0.38090568922421014
7104.0 0.37988512626265153
7106.0 0.38178931323032816
7108.0 0.38117341286117723
7110.0 0.3752404999519532
7112.0 0.37138688216917254
7114.0 0.37010692210962715
7116.0 0.36947146150380794
7118.0 0.3701887485682944
7120.0 0.37043408488374246
7122.0 0.3644970143629441
7124.0 0.3621877709731349
7126.0 0.3653973483018171
7128.0 0.36658266572970305
7130.0 0.37020727338614495
7132.0 0.3718389903190828
7134.0 0.3769071863954722
7136.0 0.37963967933097215
7138.0 0.38001515798480806
7140.0 0.38237231973802716
7142.0 0.38222662531803614
7144.0 0.38253884416798606
7146.0 0.38388243485944057
7148.0 0.3896829423712239
7150.0 0.392226186614946
7152.0 0.3940872171754995
7154.0 0.39528101128466614
7156.0 0.3942250521568621
7158.0 0.39215308697408396
7160.0 0.38866353998050585
7162.0 0.38727464973359793
7164.0 0.3913986942307664
7166.0 0.3897067569117325
7168.0 0.3908574642171005
7170.0 0.396156058066866
7172.0 0.3987401805064717
7174.0 0.3963533978556932
7176.0 0.39265756826648224
7178.0 0.391256173499264
7180.0 0.3876487311631519
7182.0 0.3852328054924302
7184.0 0.3876887679692928
7186.0 0.391331908518027
7188.0 0.39179267005134244
7190.0 0.3903933632197854
7192.0 0.3889170267621107
7194.0 0.3881445234310688
7196.0 0.38908273537616367
7198.0 0.39245839882635286
7200.0 0.3938007576016538
7202.0 0.3934987577948186
7204.0 0.39376784040086193
7206.0 0.39342147674398636
7208.0 0.39501338968906013
7210.0 0.3942855548282023
7212.0 0.39388764627022466
7214.0 0.39672667893322566
7216.0 0.3953609584403695
7218.0 0.3954053393168116
7220.0 0.39941026145408487
7222.0 0.39957408548649204
7224.0 0.39612702774782804
7226.0 0.3963729169083587
7228.0 0.3939515919347434
7230.0 0.39580055853960616
7232.0 0.40513480269498386
7234.0 0.40389638529703775
7236.0 0.4033429405504253
7238.0 0.39978532933703326
7240.0 0.39667436237249437
7242.0 0.40202709946588505
7244.0 0.40137510996592346
7246.0 0.39871102941675896
7248.0 0.4032534673054187
7250.0 0.4018046209842668
7252.0 0.4017448496934719
7254.0 0.40104329369116615
7256.0 0.39749154643481666
7258.0 0.3923969726592426
7260.0 0.4007876752437435
7262.0 0.4110368108789404
7264.0 0.41039376215585704
7266.0 0.4102378872303011
7268.0 0.4120904169329459
7270.0 0.4109535434799834
7272.0 0.4127830819696713
7274.0 0.4110849672996494
7276.0 0.4128070782850621
7278.0 0.41876056810063683
7280.0 0.4188132587502978
7282.0 0.41296229971323867
7284.0 0.40894062846265017
7286.0 0.40815847777283365
7288.0 0.40668009665621196
7290.0 0.40502192246105667
7292.0 0.4041034732925273
7294.0 0.40605120951790813
7296.0 0.40576017531217384
7298.0 0.4043013143735503
7300.0 0.4071151199614996
7302.0 0.4065839497885171
7304.0 0.40615698618589446
7306.0 0.4081589056502771
7308.0 0.40926437804200033
7310.0 0.4098957241570106
7312.0 0.4103443338885158
7314.0 0.41040576303773646
7316.0 0.40799665848825445
7318.0 0.40639611096528766
7320.0 0.40609477259275856
7322.0 0.4054810774434084
7324.0 0.40663003260919284
7326.0 0.40513579816883827
7328.0 0.40522982853046474
7330.0 0.4033332993797796
7332.0 0.40221400979207783
7334.0 0.40206771739930675
7336.0 0.39949301118200164
7338.0 0.39702858084728443
7340.0 0.3967067258425211
7342.0 0.39961124554978805
7344.0 0.4025004812263808
7346.0 0.40248033876338024
7348.0 0.4029773078889848
7350.0 0.40307739831498346
7352.0 0.40362483993961734
7354.0 0.4036747718192772
7356.0 0.40225066226540096
7358.0 0.3977324148711099
7360.0 0.3954843283474924
7362.0 0.39582461076192044
7364.0 0.3961056292976365
7366.0 0.39625542226634564
7368.0 0.3956615171611909
7370.0 0.39459649760385057
7372.0 0.39403466350047317
7374.0 0.3943903065107593
7376.0 0.3940521357533827
7378.0 0.3947667401597478
7380.0 0.3980680969456418
7382.0 0.3985669967671493
7384.0 0.3973626863148241
7386.0 0.39808080450813504
7388.0 0.3958958439858115
7390.0 0.3928121249403291
7392.0 0.38963021204103465
7394.0 0.3939144678938238
7396.0 0.39718390457581565
7398.0 0.3968112282276682
7400.0 0.39382295516485444
7402.0 0.38797801868928283
7404.0 0.38343860939154845
7406.0 0.38284382146420615
7408.0 0.38571364164722083
7410.0 0.3856330670759378
7412.0 0.3853497323167655
7414.0 0.3869481780498536
7416.0 0.3843478646533753
7418.0 0.38066938553688506
7420.0 0.37478872083464443
7422.0 0.37347928121889296
7424.0 0.37170195126614214
7426.0 0.3715599688077603
7428.0 0.36959133504549063
7430.0 0.3667188468127162
7432.0 0.3642621964554233
7434.0 0.3637738305095429
7436.0 0.36305087307551565
7438.0 0.35844831848172365
7440.0 0.3562980992690167
7442.0 0.3576510967538091
7444.0 0.35752601645891774
7446.0 0.35703572594276534
7448.0 0.3555118286579855
7450.0 0.3571956292366546
7452.0 0.3578426683231081
7454.0 0.35646142731703334
7456.0 0.354588007563606
7458.0 0.3561718813593425
7460.0 0.3563565592783668
7462.0 0.35268682374435945
7464.0 0.3563395933224538
7466.0 0.3604363994849891
7468.0 0.357442574408186
7470.0 0.36005689558988463
7472.0 0.35842164201113774
7474.0 0.35627471464351007
7476.0 0.3563681082733926
7478.0 0.351956614651369
7480.0 0.35234582399797715
7482.0 0.35398725675330106
7484.0 0.3519065639935609
7486.0 0.3537770132335693
7488.0 0.35447245884283124
7490.0 0.35649698222133364
7492.0 0.3546874283271834
7494.0 0.3580645374323968
7496.0 0.36098283937503206
7498.0 0.35837976571480495
7500.0 0.3562585969825516
7502.0 0.35268953678839876
7504.0 0.35070335748151527
7506.0 0.3494584021416766
7508.0 0.34706500165672793
7510.0 0.3451523257879549
7512.0 0.3431219497771457
7514.0 0.34107683264967353
7516.0 0.34011263490364213
7518.0 0.337838030782126
7520.0 0.33476731604140264
7522.0 0.3308408057322672
7524.0 0.3244576650700481
7526.0 0.31380411084350074
7528.0 0.3007895955280181
7530.0 0.28767944124131156
7532.0 0.2780528557137139
7534.0 0.2675748557086271
7536.0 0.25647625732468127
7538.0 0.2515368099192616
7540.0 0.2530353226238481
7542.0 0.25419579551408894
7544.0 0.25639057017469574
7546.0 0.2585777658310146
7548.0 0.26101801914765027
7550.0 0.263212400589466
7552.0 0.2649159456368508
7554.0 0.26511796792975517
7556.0 0.2655059283789263
7558.0 0.264389196666461
7560.0 0.26281353783677996
7562.0 0.26203106620444233
7564.0 0.2623480340916038
7566.0 0.2608514310017691
7568.0 0.26100356164635863
7570.0 0.2660857200186032
7572.0 0.271743408305363
7574.0 0.27593083389943307
7576.0 0.27903246910572554
7578.0 0.2837868767452139
7580.0 0.28960269395032057
7582.0 0.2891918769347173
7584.0 0.2912135907659666
7586.0 0.2961610079666484
7588.0 0.2990534168490496
7590.0 0.3050867185317296
7592.0 0.31183019459809097
7594.0 0.3151322040289064
7596.0 0.3192078300539398
7598.0 0.3235595361280287
7600.0 0.32770589332514594
7602.0 0.33234359935187385
7604.0 0.3360686910878859
7606.0 0.339227357434054
7608.0 0.339973047329512
7610.0 0.3407459304075037
7612.0 0.3441681032100824
7614.0 0.3481837117124874
7616.0 0.35018186058505796
7618.0 0.35155717869469855
7620.0 0.3511586931359703
7622.0 0.35484301755215214
7624.0 0.3610448155342495
7626.0 0.3658047481461095
7628.0 0.3646800304874241
7630.0 0.36660837225429704
7632.0 0.36967855870999994
7634.0 0.37354263718554775
7636.0 0.3747885858190855
7638.0 0.37714597748964585
7640.0 0.3763096982164018
7642.0 0.3789960616965746
7644.0 0.3834107859269219
7646.0 0.38187854113454284
7648.0 0.3798314096579766
7650.0 0.37606764328924047
7652.0 0.3783269038211162
7654.0 0.37923486929129346
7656.0 0.3797970758898534
7658.0 0.37415504005176536
7660.0 0.3741753242555013
7662.0 0.3747557426572293
7664.0 0.3760674198616603
7666.0 0.3776769077455636
7668.0 0.3819628924378587
7670.0 0.3850204253326942
7672.0 0.3846990721276216
7674.0 0.3841253933275768
7676.0 0.38436550250976376
7678.0 0.38182975911370315
7680.0 0.3755666414749141
7682.0 0.37546214151607527
7684.0 0.38089182757299517
7686.0 0.38260013470792537
7688.0 0.3857847191425323
7690.0 0.3799437643547594
7692.0 0.3763902863757906
7694.0 0.3757550553216935
7696.0 0.3812107381438273
7698.0 0.37811421653167737
7700.0 0.37178905448040084
7702.0 0.37931925353503126
7704.0 0.3863130439667486
7706.0 0.3801079972382455
7708.0 0.37910296962670703
7710.0 0.38265953604328673
7712.0 0.38017935573999134
7714.0 0.38584847233120084
7716.0 0.38078689375912156
7718.0 0.37636284023038985
7720.0 0.38297914724134346
7722.0 0.3902394492344234
7724.0 0.38883078436296975
7726.0 0.3883775086508745
7728.0 0.382350027811247
7730.0 0.3774106269246571
7732.0 0.3793440971819393
7734.0 0.3795457195238658
7736.0 0.3825166139841138
7738.0 0.3811363118197459
7740.0 0.37620044192743085
7742.0 0.3776335212617582
7744.0 0.3756734675700317
7746.0 0.3733775256771591
7748.0 0.3775104335299915
7750.0 0.3757734892676424
7752.0 0.37126198445813935
7754.0 0.3723171725613911
7756.0 0.3764283033620164
7758.0 0.37409474896949824
7760.0 0.3738741718382207
7762.0 0.3738559573776089
7764.0 0.37495278629110723
7766.0 0.37508121639014075
7768.0 0.3752995123120973
7770.0 0.37608496959100346
7772.0 0.37706859742284415
7774.0 0.37799524057284434
7776.0 0.37811764761222477
7778.0 0.37856701088466227
7780.0 0.37880228193901133
7782.0 0.3792389071243212
7784.0 0.37964952303576965
7786.0 0.38034845033646136
7788.0 0.38045808067727177
7790.0 0.3789958353404066
7792.0 0.37822400503155507
7794.0 0.3788161799795775
7796.0 0.379674818203073
7798.0 0.38121448533501395
7800.0 0.37859241294230095
7802.0 0.3738828540438916
7804.0 0.37119890864402677
7806.0 0.36501686840452885
7808.0 0.3579451290371692
7810.0 0.3543720258513728
7812.0 0.35334434043409174
7814.0 0.35168566333865064
7816.0 0.35423435500182876
7818.0 0.35763570603737904
7820.0 0.3565781298680922
7822.0 0.35633317475416737
7824.0 0.35674207798490487
7826.0 0.35413559373087083
7828.0 0.35320342599670973
7830.0 0.35453249520279645
7832.0 0.35751801462734134
7834.0 0.3610876075542784
7836.0 0.36044104840672886
7838.0 0.3585802297890952
7840.0 0.35840888574052787
7842.0 0.35465102443511237
7844.0 0.36194443015810046
7846.0 0.36437491210534945
7848.0 0.3623730451865738
7850.0 0.3610867175553399
7852.0 0.35324088008744964
7854.0 0.3466545171109838
7856.0 0.3464363362363482
7858.0 0.3470883038925664
7860.0 0.3415162547746991
7862.0 0.3347155114335208
7864.0 0.3341796773894325
7866.0 0.3349039886825012
7868.0 0.3372191576341487
7870.0 0.3405168242490894
7872.0 0.33935457138468433
7874.0 0.33226689735238835
7876.0 0.3275851599594798
7878.0 0.3270474063296524
7880.0 0.32868385879970496
7882.0 0.33133367953859133
7884.0 0.32830802006848603
7886.0 0.32795283758211935
7888.0 0.33102821506724883
7890.0 0.32822248924582126
7892.0 0.32810083741668317
7894.0 0.32649514634850474
7896.0 0.3169614607386906
7898.0 0.317482234633999
7900.0 0.31982543367732275
7902.0 0.3201923172743312
7904.0 0.3200984900183422
7906.0 0.31594088720648883
7908.0 0.31609130646650635
7910.0 0.3153162632247422
7912.0 0.31394241420837465
7914.0 0.31336674593033875
7916.0 0.31186631988835173
7918.0 0.31215594349445897
7920.0 0.3097741093302881
7922.0 0.30430158589733647
7924.0 0.30858857291146524
7926.0 0.31309585717417704
7928.0 0.305856407361287
7930.0 0.3014287612552458
7932.0 0.2992676156726188
7934.0 0.29733770527638365
7936.0 0.2983454290768892
7938.0 0.29291289243559865
7940.0 0.292661056551836
7942.0 0.29214251280739006
7944.0 0.2896305379041651
7946.0 0.29603433646506006
7948.0 0.2942443857469063
7950.0 0.2933472786573211
7952.0 0.29248644990761014
7954.0 0.2881115896909001
7956.0 0.2854836999205248
7958.0 0.2867247343676836
7960.0 0.2881895807363664
7962.0 0.28407303162918507
7964.0 0.28553507127179495
7966.0 0.2853721914340531
7968.0 0.2805278419175697
7970.0 0.2804016518622436
7972.0 0.2779034037118911
7974.0 0.27300698920280697
7976.0 0.27546597299526543
7978.0 0.2753390260290949
7980.0 0.27450356135163984
7982.0 0.27745299929052747
7984.0 0.28016265386873046
7986.0 0.2789317380615511
7988.0 0.2755025431352301
7990.0 0.27390025904674237
7992.0 0.27434692055908017
7994.0 0.26842904905055676
7996.0 0.26377122615363435
7998.0 0.26513384723374517
8000.0 0.26631490045080347
8002.0 0.2689212497833952
8004.0 0.2663162671015416
8006.0 0.2657771018526854
8008.0 0.26762393053855277
8010.0 0.26931405434257416
8012.0 0.2692963482988827
8014.0 0.2682237986442065
8016.0 0.26744984309792635
8018.0 0.26493163352456306
8020.0 0.26265190575063113
8022.0 0.2648117354809962
8024.0 0.2648116168498194
8026.0 0.26485094584104424
8028.0 0.265048715798948
8030.0 0.2649311201661354
8032.0 0.2641541187296511
8034.0 0.26429092092676615
8036.0 0.2644410046312834
8038.0 0.26550336956007853
8040.0 0.26683251196304286
8042.0 0.2633341901444222
8044.0 0.2575031869261179
8046.0 0.2513194753496926
8048.0 0.2505829987119797
8050.0 0.25225850353875734
8052.0 0.2494232874335595
8054.0 0.24615480689432254
8056.0 0.24690505137973529
8058.0 0.24962408332223351
8060.0 0.2510143986953281
8062.0 0.24899795256228605
8064.0 0.2433970224378679
8066.0 0.24165205783039082
8068.0 0.23888946248321724
8070.0 0.23692871636113796
8072.0 0.236257140782893
8074.0 0.23700716782705686
8076.0 0.23891686922235997
8078.0 0.23964011832446555
8080.0 0.2360230156828527
8082.0 0.2321997932505101
8084.0 0.23040761277096747
8086.0 0.2289311426390165
8088.0 0.22941902485745777
8090.0 0.22844822710925783
8092.0 0.22648560811669724
8094.0 0.22543430367224862
8096.0 0.22563135946105342
8098.0 0.22531483952111403
8100.0 0.2273851100121581
8102.0 0.22303173840651694
8104.0 0.21769749199428093
8106.0 0.21609112531139632
8108.0 0.21483271770656256
8110.0 0.21350802962459664
8112.0 0.21098598500888202
8114.0 0.20681709717422372
8116.0 0.20464687258815192
8118.0 0.2027858887289794
8120.0 0.19741179666765088
8122.0 0.19530407046715265
8124.0 0.19403000044554108
8126.0 0.19771771456228635
8128.0 0.2004909612998555
8130.0 0.20209878880397653
8132.0 0.2029129238645413
8134.0 0.19551607117597236
8136.0 0.1949856975603233
8138.0 0.19443916348580234
8140.0 0.19706031649056108
8142.0 0.19483942740710603
8144.0 0.1895485660146611
8146.0 0.1833036615320809
8148.0 0.18101929679944465
8150.0 0.18044394831324712
8152.0 0.17637054710664044
8154.0 0.17042646048658713
8156.0 0.16792380202545448
8158.0 0.16512835195340772
8160.0 0.168980263012045
8162.0 0.16841829137424125
8164.0 0.1700860093374474
8166.0 0.164965398308905
8168.0 0.16090855600808882
8170.0 0.16131333552293892
8172.0 0.16159224070151165
8174.0 0.16032392550827487
8176.0 0.16160548538945185
8178.0 0.16266597566826635
8180.0 0.15878052878302043
8182.0 0.15424750472636048
8184.0 0.15599388127010652
8186.0 0.15516882407076685
8188.0 0.15250931812861446
8190.0 0.1499381919211041
8192.0 0.15472994332002205
8194.0 0.1560575305859822
8196.0 0.15867975789829888
8198.0 0.16007148294964488
8200.0 0.15810512642875682
8202.0 0.16042264606177978
8204.0 0.1634470562191317
8206.0 0.1610579255936728
8208.0 0.1684281559516912
8210.0 0.17018180982479278
8212.0 0.16232202509556048
8214.0 0.15994085056450993
8216.0 0.1555116568903602
8218.0 0.16158086934636176
8220.0 0.16485723171938804
8222.0 0.16794055549646789
8224.0 0.17260919687512755
8226.0 0.1746923595601995
8228.0 0.17669438772646523
8230.0 0.1711768728956587
8232.0 0.1657306405184066
8234.0 0.1630921252891737
8236.0 0.161776193916186
8238.0 0.16029122718049807
8240.0 0.1604959827400852
8242.0 0.16302616705946288
8244.0 0.16113849955254805
8246.0 0.1579988592108445
8248.0 0.1579452453938288
8250.0 0.15728178028808087
8252.0 0.15932317341685628
8254.0 0.15932614569134426
8256.0 0.16050129350424372
8258.0 0.16408222199760727
8260.0 0.1635973009982077
8262.0 0.16172980898535677
8264.0 0.16100480459211103
8266.0 0.15804633637596296
8268.0 0.15170857442183475
8270.0 0.14413863218863843
8272.0 0.14428429526740666
8274.0 0.1478183631059626
8276.0 0.147613446923567
8278.0 0.14353809675363505
8280.0 0.14089152424149892
8282.0 0.14141672889422424
8284.0 0.14580462612320577
8286.0 0.15164890751885649
8288.0 0.15397438643662567
8290.0 0.1506878015961795
8292.0 0.14957743253275446
8294.0 0.1514164583259368
8296.0 0.15113291929936584
8298.0 0.15314573981584623
8300.0 0.1567733554324947
8302.0 0.15692994502389343
8304.0 0.15754301839258336
8306.0 0.15206754023836908
8308.0 0.14424076166114855
8310.0 0.14049592144761455
8312.0 0.14414752757529903
8314.0 0.14911881406369593
8316.0 0.15043453374065943
8318.0 0.14620784359819616
8320.0 0.15009510354031422
8322.0 0.1549042053114324
8324.0 0.15984908130441314
8326.0 0.1574135846388588
8328.0 0.15539033995673238
8330.0 0.1565102703539887
8332.0 0.16094305810450585
8334.0 0.16078943348090916
8336.0 0.17095341812308515
8338.0 0.17745789613117055
8340.0 0.1751036684615985
8342.0 0.18205776275835922
8344.0 0.1851465024361449
8346.0 0.1845465922244336
8348.0 0.18990950236664764
8350.0 0.19273331927483836
8352.0 0.19039901405277887
8354.0 0.19325705231671647
8356.0 0.18885008365987468
8358.0 0.18560564841914512
8360.0 0.18875871590131557
8362.0 0.18215281360343513
8364.0 0.18085218446882265
8366.0 0.1835447263837539
8368.0 0.18014665558525111
8370.0 0.1795239876707928
8372.0 0.18883385268081052
8374.0 0.18655402694192805
8376.0 0.18154996975756177
8378.0 0.1716319366011784
8380.0 0.16317717485569494
8382.0 0.17290920515429986
8384.0 0.1820745618968933
8386.0 0.18589838833867509
8388.0 0.18889547606845503
8390.0 0.18633618222480824
8392.0 0.18247160824214953
8394.0 0.18707091015567637
8396.0 0.18901895551454093
8398.0 0.20023212683576125
8400.0 0.20775116871217367
8402.0 0.2071313187582452
8404.0 0.20773079869765684
8406.0 0.20956534327867102
8408.0 0.20594099523087958
8410.0 0.2020455359365237
8412.0 0.2093672619574723
8414.0 0.21506036342546314
8416.0 0.21450784682375446
8418.0 0.2152431603296863
8420.0 0.21836527138907175
8422.0 0.2134137007908688
8424.0 0.21172982628337153
8426.0 0.21981393456015125
8428.0 0.22363879954995508
8430.0 0.22273621253171444
8432.0 0.22106418830907149
8434.0 0.22006881899849423
8436.0 0.22157407750176603
8438.0 0.22774974161098674
8440.0 0.23089541260901433
8442.0 0.23018968351354702
8444.0 0.22866130734428788
8446.0 0.22716167934428713
8448.0 0.22677417295238866
8450.0 0.22918383442952617
8452.0 0.22591741914620028
8454.0 0.2268945809195291
8456.0 0.23089203543797546
8458.0 0.23289050644168602
8460.0 0.23663817690939656
8462.0 0.24144500699022342
8464.0 0.24628204008647123
8466.0 0.24682025639623062
8468.0 0.25239193718828606
8470.0 0.2580784183158563
8472.0 0.258823046314368
8474.0 0.2611415528622915
8476.0 0.2633184333823444
8478.0 0.26078290687408756
8480.0 0.25712217291794737
8482.0 0.2601952512897037
8484.0 0.2639501859327277
8486.0 0.26590678867903617
8488.0 0.26664719839168877
8490.0 0.26678045385210786
8492.0 0.2641523434329995
8494.0 0.26277940779437714
8496.0 0.2632325244450877
8498.0 0.2660326162643823
8500.0 0.26716327435224274
8502.0 0.2692987553069404
8504.0 0.27414900412598087
8506.0 0.2743295838818071
8508.0 0.2729311085959882
8510.0 0.2735411261369059
8512.0 0.27821971954097785
8514.0 0.2822186769969455
8516.0 0.28780030295096287
8518.0 0.2886377885660956
8520.0 0.28763523017600023
8522.0 0.290862647853364
8524.0 0.2911273763524749
8526.0 0.29164891252766756
8528.0 0.2947943159408812
8530.0 0.29748609451341534
8532.0 0.296519857049659
8534.0 0.29294734862869237
8536.0 0.2957962614810963
8538.0 0.2964064576978641
8540.0 0.295685532551904
8542.0 0.2961215328860733
8544.0 0.29167975928278
8546.0 0.28868698315146013
8548.0 0.2904653957707829
8550.0 0.2862699722925402
8552.0 0.28307476411534993
8554.0 0.2838626632597022
8556.0 0.2812991929994931
8558.0 0.280782017745943
8560.0 0.2852270736496044
8562.0 0.2860134645245327
8564.0 0.28280692529698687
8566.0 0.2839535175234021
8568.0 0.28760541630143227
8570.0 0.2892942290395597
8572.0 0.289509416089983
8574.0 0.29153600054367557
8576.0 0.29541511228670136
8578.0 0.2975814274043951
8580.0 0.300544785607957
8582.0 0.3050222999846326
8584.0 0.3061652541977722
8586.0 0.30706360445360514
8588.0 0.31026548180320485
8590.0 0.3130911118095232
8592.0 0.31754618227132525
8594.0 0.316915381805673
8596.0 0.30986314132152004
8598.0 0.31425221157850375
8600.0 0.3191110956254187
8602.0 0.3159542937648102
8604.0 0.3112374849815314
8606.0 0.31047792193677143
8608.0 0.3126241429017252
8610.0 0.31280861660957465
8612.0 0.30974606407042354
8614.0 0.3099109416155065
8616.0 0.3038816523034508
8618.0 0.3066949717674719
8620.0 0.31523301421607414
8622.0 0.3157369666339998
8624.0 0.3099405819799007
8626.0 0.3096132268410196
8628.0 0.31368872434757655
8630.0 0.31415024925588453
8632.0 0.31210655315674124
8634.0 0.31561661272812497
8636.0 0.3160623113950168
8638.0 0.3155665338904078
8640.0 0.31861786657536156
8642.0 0.3189308854415372
8644.0 0.31877952168792384
8646.0 0.31776650344928914
8648.0 0.31876349304121077
8650.0 0.32119389134871157
8652.0 0.31764244946285036
8654.0 0.31585281452276387
8656.0 0.3161384585359218
8658.0 0.31478104032785775
8660.0 0.3141963357792045
8662.0 0.3145121345864163
8664.0 0.3127555428456408
8666.0 0.3148089003415688
8668.0 0.31041406303021707
8670.0 0.3087163107828887
8672.0 0.3145255345217928
8674.0 0.31688226953548326
8676.0 0.31777019959150943
8678.0 0.31821437505765016
8680.0 0.32044326185122884
8682.0 0.31956170553859425
8684.0 0.31883215613906046
8686.0 0.32144102053825885
8688.0 0.3149756670107665
8690.0 0.3200139261712917
8692.0 0.3248896793650539
8694.0 0.31979362925273475
8696.0 0.3093821226014471
8698.0 0.31604884699940866
8700.0 0.32054281752721153
8702.0 0.3143637839981144
8704.0 0.3067690530075473
8706.0 0.3005173012454852
8708.0 0.30108488969923425
8710.0 0.3011305873488442
8712.0 0.3009731465442071
8714.0 0.30392253474094316
8716.0 0.3102017579246469
8718.0 0.3128349800956378
8720.0 0.31052714566294143
8722.0 0.3075957185709753
8724.0 0.3057301726062295
8726.0 0.30488494275828104
8728.0 0.3049302105274452
8730.0 0.30548653301876383
8732.0 0.30818118432567654
8734.0 0.3107572059939556
8736.0 0.3106737425033769
8738.0 0.3081076663980372
8740.0 0.3076190922612624
8742.0 0.30703681786177855
8744.0 0.30308096868340256
8746.0 0.3005751758571184
8748.0 0.2995322164471337
8750.0 0.2988895402605605
8752.0 0.29612852244695526
8754.0 0.2920420008086014
8756.0 0.2897990374275371
8758.0 0.29123617884750763
8760.0 0.29394576244047543
8762.0 0.29959560875056374
8764.0 0.30078670630918936
8766.0 0.30338786272749246
8768.0 0.30342092072448695
8770.0 0.30359029359983
8772.0 0.30594093000995976
8774.0 0.31267876827721297
8776.0 0.31833323618311793
8778.0 0.3170065531470313
8780.0 0.3056483774000889
8782.0 0.3038654383089293
8784.0 0.31051429597003727
8786.0 0.306653879842876
8788.0 0.30241887886551705
8790.0 0.3027347279126787
8792.0 0.30237155367918916
8794.0 0.3035127109009246
8796.0 0.304504567670142
8798.0 0.307243014824558
8800.0 0.30648736404701366
8802.0 0.3079168811746973
8804.0 0.30933915049273586
8806.0 0.30642882967665064
8808.0 0.2965258723019113
8810.0 0.29842119376956494
8812.0 0.305929471828067
8814.0 0.3048452341487068
8816.0 0.30737799631403845
8818.0 0.3093657596977031
8820.0 0.310776155777124
8822.0 0.311248565857201
8824.0 0.3089147551671266
8826.0 0.3073427604170831
8828.0 0.3072704848058941
8830.0 0.3155693831369444
8832.0 0.3187574522427125
8834.0 0.3138449820923058
8836.0 0.30751768803371293
8838.0 0.3026863405314166
8840.0 0.293507278758569
8842.0 0.30162097644626834
8844.0 0.3117954426783723
8846.0 0.30459787403516225
8848.0 0.2989303089108508
8850.0 0.30314286813338354
8852.0 0.29892943679316303
8854.0 0.29457611462970007
8856.0 0.29397750626863145
8858.0 0.2896446949107171
8860.0 0.28959328934478384
8862.0 0.2960981350773196
8864.0 0.29590953920002927
8866.0 0.3001633199211283
8868.0 0.2913687126086838
8870.0 0.29059243993929235
8872.0 0.28351266649936313
8874.0 0.28709945631045225
8876.0 0.286558742736002
8878.0 0.3015879561666635
8880.0 0.29486196674487125
8882.0 0.27834863359390133
8884.0 0.2937002697117365
8886.0 0.3002808528977688
8888.0 0.29584199718878856
8890.0 0.2947694850877252
8892.0 0.2969428668536361
8894.0 0.29312959340678757
8896.0 0.29145893123172584
8898.0 0.2965057579234507
8900.0 0.294999587987659
8902.0 0.2921590056710909
8904.0 0.2889687813672062
8906.0 0.28029906707117436
8908.0 0.2746277158885643
8910.0 0.27666887478074004
8912.0 0.27695103695200995
8914.0 0.27253394278394233
8916.0 0.26936418767908393
8918.0 0.2754073606257782
8920.0 0.28468975658180656
8922.0 0.2792775810413454
8924.0 0.2733174097543054
8926.0 0.26890378815188754
8928.0 0.2679647793293762
8930.0 0.27018001639378064
8932.0 0.2703143078155096
8934.0 0.26749359974217307
8936.0 0.2596336021970509
8938.0 0.2611283307010392
8940.0 0.2618218221953147
8942.0 0.2587981998989345
8944.0 0.2634100894460565
8946.0 0.26273342599749794
8948.0 0.256940284842964
8950.0 0.25594649052609364
8952.0 0.25531002472929
8954.0 0.2560212149721586
8956.0 0.2562235108534339
8958.0 0.2516301506162583
8960.0 0.25299074339173
8962.0 0.2558343768886728
8964.0 0.2606892451492358
8966.0 0.26799747713165395
8968.0 0.26760354694484073
8970.0 0.26454757015389707
8972.0 0.26490219176797425
8974.0 0.26207820525015896
8976.0 0.25694433873452094
8978.0 0.25291373123465727
8980.0 0.2517021714268598
8982.0 0.2527864816579514
8984.0 0.25151108596331095
8986.0 0.2518547132633187
8988.0 0.25318857855779814
8990.0 0.25218240460963715
8992.0 0.2492588850351547
8994.0 0.2445815086407802
8996.0 0.2417357053096948
8998.0 0.244346040267417
9000.0 0.24787174866466521
9002.0 0.24680374442683053
9004.0 0.24747808639937688
9006.0 0.24762410690087092
9008.0 0.24764645827575438
9010.0 0.24814675982534595
9012.0 0.24623889601221383
9014.0 0.24589661010781833
9016.0 0.24705345739495396
9018.0 0.24600894481729774
9020.0 0.24164608587947262
9022.0 0.24234685031324982
9024.0 0.24460947726680765
9026.0 0.24198578126499817
9028.0 0.24090342571175502
9030.0 0.24232838614780713
9032.0 0.2437004481216201
9034.0 0.24313817603776047
9036.0 0.24163449521661434
9038.0 0.23961442161346835
9040.0 0.2370026352938786
9042.0 0.2361993022992082
9044.0 0.23495425022901886
9046.0 0.23791917716204503
9048.0 0.24005228698184927
9050.0 0.24332670477354948
9052.0 0.24252833103140056
9054.0 0.2371685121154565
9056.0 0.2304958225308185
9058.0 0.2381461286068283
9060.0 0.24416320000059863
9062.0 0.24173344468226118
9064.0 0.2405878819540151
9066.0 0.24063199409696343
9068.0 0.2399880192406177
9070.0 0.24136235664380237
9072.0 0.24250438627619036
9074.0 0.2387826175143261
9076.0 0.23787869561189104
9078.0 0.2323878842683274
9080.0 0.23175215246108255
9082.0 0.235474172425112
9084.0 0.23726004681335008
9086.0 0.2363906469474771
9088.0 0.23506669917871068
9090.0 0.23594075772221815
9092.0 0.23750869114115902
9094.0 0.23636983911326537
9096.0 0.2336085138359043
9098.0 0.23385981876377365
9100.0 0.2294011504089511
9102.0 0.23351978337214466
9104.0 0.23077531422187858
9106.0 0.23460111540223058
9108.0 0.22935739161260255
9110.0 0.22483745620309478
9112.0 0.22450241154949907
9114.0 0.22151595748935435
9116.0 0.22520597720633834
9118.0 0.22632976155564227
9120.0 0.2209642957003543
9122.0 0.2189090067555322
9124.0 0.21995348517254434
9126.0 0.22319090979014364
9128.0 0.2224313392655853
9130.0 0.2219283692251695
9132.0 0.22368159331891976
9134.0 0.22977776670705866
9136.0 0.23134042735783855
9138.0 0.2301303126335642
9140.0 0.22687698400424733
9142.0 0.22983426617760253
9144.0 0.2251091677744721
9146.0 0.2244422087451416
9148.0 0.22780409080970368
9150.0 0.22966857789629455
9152.0 0.23007939095743982
9154.0 0.23094438975160128
9156.0 0.2239131784388946
9158.0 0.22128071650832518
9160.0 0.22662010078878803
9162.0 0.22540010672766517
9164.0 0.22690338669149485
9166.0 0.22637093548259823
9168.0 0.2224449037905356
9170.0 0.22320850140113738
9172.0 0.22781071219125196
9174.0 0.22558822418570684
9176.0 0.22509555379906462
9178.0 0.22853012661669084
9180.0 0.22532374993845633
9182.0 0.22130453363952216
9184.0 0.22476560870537546
9186.0 0.2302492862457664
9188.0 0.22633748423688363
9190.0 0.22619515897885442
9192.0 0.23027599875651394
9194.0 0.22887892147487415
9196.0 0.22480074250319335
9198.0 0.22768758684380694
9200.0 0.2278082206897568
9202.0 0.22288177540146964
9204.0 0.22847960840629283
9206.0 0.23092363066268756
9208.0 0.2249457841111983
9210.0 0.2238519781185878
9212.0 0.2258100526290032
9214.0 0.22522892736872382
9216.0 0.23115329112504165
9218.0 0.24105191545349677
9220.0 0.24158180298865276
9222.0 0.22863941415799638
9224.0 0.21189941025460002
9226.0 0.2053480325059796
9228.0 0.20962753411246973
9230.0 0.2129175409936627
9232.0 0.20365896993797886
9234.0 0.19632013259602604
9236.0 0.19007908599009513
9238.0 0.19462205748862668
9240.0 0.2083238298700885
9242.0 0.20829022484675386
9244.0 0.21282164493805114
9246.0 0.23065090820599632
9248.0 0.24755681321224549
9250.0 0.2423027005646252
9252.0 0.23341195705890633
9254.0 0.24868411325022627
9256.0 0.253973420334525
9258.0 0.24433765287064488
9260.0 0.23435895471680845
9262.0 0.21828895152404804
9264.0 0.21470393976780647
9266.0 0.2272788270175011
9268.0 0.22996793048750183
9270.0 0.23624375262885516
9272.0 0.23944505345522504
9274.0 0.23190245370311682
9276.0 0.21803663106321042
9278.0 0.2167436553432444
9280.0 0.22993438660263027
9282.0 0.22864879732444277
9284.0 0.21918452067340788
9286.0 0.22002482504453472
9288.0 0.2233540846686368
9290.0 0.21591552557925053
9292.0 0.20438903195085398
9294.0 0.204759960049162
9296.0 0.20630183257799128
9298.0 0.18709456048538187
9300.0 0.17001223504077279
9302.0 0.17691953596887083
9304.0 0.20386190273517962
9306.0 0.21435778806136702
9308.0 0.20697270674253684
9310.0 0.21559122432647088
9312.0 0.20596671568941724
9314.0 0.2087893160117092
9316.0 0.21103440165811793
9318.0 0.22044207179797562
9320.0 0.23091967718178885
9322.0 0.23422058924785835
9324.0 0.21761451664708592
9326.0 0.21746650341136978
9328.0 0.2277940590417026
9330.0 0.2200356097443349
9332.0 0.21481571268784797
9334.0 0.22318977177657237
9336.0 0.2197753544809801
9338.0 0.22012344847520496
9340.0 0.21985746974655695
9342.0 0.21919140310244298
9344.0 0.21708524273016808
9346.0 0.21477785411534822
9348.0 0.2130485578575319
9350.0 0.21326153610175846
9352.0 0.21410746130650574
9354.0 0.2153359171898334
9356.0 0.21586515090216987
9358.0 0.21584562577732438
9360.0 0.21522447408369463
9362.0 0.21410499891090182
9364.0 0.21375892287493642
9366.0 0.21519436444779586
9368.0 0.21646746369754064
9370.0 0.21634968271650773
9372.0 0.21638634583490143
9374.0 0.21648438636004827
9376.0 0.2165463851628477
9378.0 0.21661104022084818
9380.0 0.214918454454636
9382.0 0.21265039825531618
9384.0 0.2125401376543151
9386.0 0.2134592724226225
9388.0 0.21360398869593145
9390.0 0.21362106630545452
9392.0 0.21183504171943981
9394.0 0.21209033219353854
9396.0 0.2131579023299167
9398.0 0.2142294281909465
9400.0 0.21602686065307658
9402.0 0.21906898899670213
9404.0 0.22187303282163218
9406.0 0.22277107680498523
9408.0 0.22137493902683736
9410.0 0.2194709932142381
9412.0 0.21810092185192614
9414.0 0.21826105348974306
9416.0 0.21889095555166058
9418.0 0.2203135772751881
9420.0 0.22026755995251318
9422.0 0.21984460543524545
9424.0 0.21867284643452298
9426.0 0.2176502855430876
9428.0 0.2170686351487013
9430.0 0.21650054961017523
9432.0 0.21511089514017762
9434.0 0.21377411509917194
9436.0 0.21268267130464413
9438.0 0.21207755148403756
9440.0 0.21201759669243322
9442.0 0.21223557972723184
9444.0 0.21250389917158094
9446.0 0.21303887564809534
9448.0 0.21402461271440687
9450.0 0.21498243318518978
9452.0 0.21624242374745484
9454.0 0.2168298688844269
9456.0 0.2169356937763764
9458.0 0.21555058907593194
9460.0 0.21370679955290076
9462.0 0.21328683806816856
9464.0 0.21279817604081586
9466.0 0.21376587903763783
9468.0 0.21485783843457867
9470.0 0.21474124368718892
9472.0 0.21342430276101104
9474.0 0.21204483887218123
9476.0 0.211435453656731
9478.0 0.21059107356897921
9480.0 0.20991573052953288
9482.0 0.20963224800875985
9484.0 0.20896119141523095
9486.0 0.20845620689944203
9488.0 0.2086894815409568
9490.0 0.2091172221450913
9492.0 0.2094534048352168
9494.0 0.20933376176159046
9496.0 0.2092049532744432
9498.0 0.20908460633288914
9500.0 0.2090099517432379
9502.0 0.20934730523976602
9504.0 0.2101087124731318
9506.0 0.21069954213688225
9508.0 0.21079364400734157
9510.0 0.21080248545474542
9512.0 0.21018057766284765
9514.0 0.20901652829460993
9516.0 0.20757985166878143
9518.0 0.20649037347412336
9520.0 0.20624257016215772
9522.0 0.20672777563551356
9524.0 0.2071652084435174
9526.0 0.20850586262671011
9528.0 0.2091553370584081
9530.0 0.2086496901903062
9532.0 0.2074976899445925
9534.0 0.2063832755442536
9536.0 0.20493491532139022
9538.0 0.2039039694233147
9540.0 0.20424969791572126
9542.0 0.20474219766427618
9544.0 0.20474895471923468
9546.0 0.20387254722265677
9548.0 0.20388510236469448
9550.0 0.2043427498272765
9552.0 0.20508531274304645
9554.0 0.20580737691397788
9556.0 0.20563316152219333
9558.0 0.20559409476342994
9560.0 0.20468446378493477
9562.0 0.20434136242421913
9564.0 0.20425027324947573
9566.0 0.20424480881595014
9568.0 0.20411156812894474
9570.0 0.20402818056566685
9572.0 0.2041603719932735
9574.0 0.2044053683110331
9576.0 0.20395784496884034
9578.0 0.20195147786820614
9580.0 0.20018155863324172
9582.0 0.19960723068195801
9584.0 0.1995081163994576
9586.0 0.20126300434289454
9588.0 0.20254498228997297
9590.0 0.2018342345879535
9592.0 0.20017023169350792
9594.0 0.19885493037354074
9596.0 0.19813490099697384
9598.0 0.19762495441214453
9600.0 0.19713775338940917
9602.0 0.19683388165690652
9604.0 0.19663574317236504
9606.0 0.19659124363827657
9608.0 0.19659046281674972
9610.0 0.19700185154429517
9612.0 0.19706243710086876
9614.0 0.19722652127566107
9616.0 0.1971098158082277
9618.0 0.1964971231693589
9620.0 0.1957820080805593
9622.0 0.19560575302364533
9624.0 0.19583822505193763
9626.0 0.195566291994978
9628.0 0.19528029895222046
9630.0 0.19500173395021728
9632.0 0.19513464778187903
9634.0 0.1950824461319092
9636.0 0.19563314051376177
9638.0 0.1959523906592955
9640.0 0.19573877093214512
9642.0 0.19510997841977465
9644.0 0.19516497143746606
9646.0 0.19532500291102595
9648.0 0.19551214001272307
9650.0 0.19526714683823462
9652.0 0.19547209895889042
9654.0 0.19627241100613269
9656.0 0.1967061613600329
9658.0 0.197137246174275
9660.0 0.19750595845484756
9662.0 0.1967819378628749
9664.0 0.19499274933155356
9666.0 0.1933504513581041
9668.0 0.19328882309906759
9670.0 0.19335709025553807
9672.0 0.1934517618273933
9674.0 0.19479374237592384
9676.0 0.1954838772170559
9678.0 0.19604245996908742
9680.0 0.19629510635524383
9682.0 0.19584013793565472
9684.0 0.19446387587528
9686.0 0.1940654374277545
9688.0 0.19443429943419616
9690.0 0.19497953297945583
9692.0 0.1960482221979833
9694.0 0.19641104446433813
9696.0 0.19642772490951407
9698.0 0.19649876383093617
9700.0 0.1964745441255551
9702.0 0.19576936812062226
9704.0 0.19464222796076888
9706.0 0.19359347286818246
9708.0 0.1929519577451391
9710.0 0.19241029655086986
9712.0 0.19249454401048088
9714.0 0.19336551523629372
9716.0 0.19390080763856773
9718.0 0.1935558817279769
9720.0 0.19344477686763503
9722.0 0.19326132742630572
9724.0 0.1932171515601511
9726.0 0.19338675542876993
9728.0 0.1941575247590343
9730.0 0.19487305993968373
9732.0 0.19545676361441933
9734.0 0.19553069060702763
9736.0 0.1947349955521684
9738.0 0.19355781774970982
9740.0 0.19311257568321974
9742.0 0.19234385150278574
9744.0 0.1922667076722368
9746.0 0.19342675931892908
9748.0 0.19418000533287172
9750.0 0.19476850269531074
9752.0 0.19424518519290404
9754.0 0.19392055788649415
9756.0 0.19382000567130803
9758.0 0.19424551245619814
9760.0 0.19450962823283893
9762.0 0.19443719123903655
9764.0 0.19440401852077813
9766.0 0.19462092293000374
9768.0 0.19475240766041624
9770.0 0.1953267756822213
9772.0 0.1959553540620379
9774.0 0.19720532018619477
9776.0 0.19788725065552232
9778.0 0.19762342342562852
9780.0 0.19744705464383017
9782.0 0.1970515100286254
9784.0 0.1972099772086858
9786.0 0.1983569835350039
9788.0 0.1987138097639314
9790.0 0.19843028256288597
9792.0 0.197436030198104
9794.0 0.19622032899790548
9796.0 0.19490152725660842
9798.0 0.19449266549766048
9800.0 0.1946449720366849
9802.0 0.1951982045701788
9804.0 0.19555794196563409
9806.0 0.19523894884603873
9808.0 0.1955436304638701
9810.0 0.19579809506849744
9812.0 0.19590149841715035
9814.0 0.19558884039889868
9816.0 0.1950918981227735
9818.0 0.19493850663134005
9820.0 0.1960960919501706
9822.0 0.19618705796885
9824.0 0.19641818376555614
9826.0 0.19673755233332588
9828.0 0.1973687413352291
9830.0 0.19720443276695324
9832.0 0.19600348115747643
9834.0 0.19401918882312313
9836.0 0.1927977726716803
9838.0 0.191757340889598
9840.0 0.19134174809574575
9842.0 0.19144325965713765
9844.0 0.1919921867563668
9846.0 0.19302780805674152
9848.0 0.1941324907070815
9850.0 0.19440253995032974
9852.0 0.19413056739766393
9854.0 0.19461424007083072
9856.0 0.19542771280098295
9858.0 0.1955403713376057
9860.0 0.1944037637925158
9862.0 0.1928259268050881
9864.0 0.19147274146794843
9866.0 0.18997531236515483
9868.0 0.18935172611222387
9870.0 0.18912059794596317
9872.0 0.1896009240579348
9874.0 0.19083042189701963
9876.0 0.19185928267902125
9878.0 0.19226706281934558
9880.0 0.1924292453626944
9882.0 0.19249417478077252
9884.0 0.19242939463695738
9886.0 0.19237017060824937
9888.0 0.19241075035189098
9890.0 0.19251026511719432
9892.0 0.19266675274634354
9894.0 0.19315019141416515
9896.0 0.1939574117981866
9898.0 0.1942214608136667
9900.0 0.19414159846757412
9902.0 0.19337374649933053
9904.0 0.1929657117072416
9906.0 0.19259026887272176
9908.0 0.192285936590407
9910.0 0.19204875474776176
9912.0 0.19191851435548543
9914.0 0.19226280927582928
9916.0 0.19261046814992483
9918.0 0.1925712805561047
9920.0 0.19195860972185005
9922.0 0.19171715387778343
9924.0 0.19152223947418642
9926.0 0.19259530760803178
9928.0 0.1941761760370585
9930.0 0.1952021907648375
9932.0 0.19552382026895862
9934.0 0.19537879024078622
9936.0 0.19472703233037694
9938.0 0.1933584176847567
9940.0 0.19229569055592186
9942.0 0.19236627323236333
9944.0 0.19258131222300123
9946.0 0.19332278726268112
9948.0 0.19409723640590787
9950.0 0.19483543976851447
9952.0 0.19472900280466116
9954.0 0.1944297365949608
9956.0 0.19456913858823882
9958.0 0.19407232696986354
9960.0 0.19343146918909623
9962.0 0.1931000747585999
9964.0 0.19319388917338073
9966.0 0.1933519205115771
9968.0 0.1936176286425011
9970.0 0.1939782567084675
9972.0 0.19466776485912524
9974.0 0.19467916034864055
9976.0 0.19425076650774928
9978.0 0.19247137781421464
9980.0 0.19096341611007506
9982.0 0.19093314097583056
9984.0 0.19199696094556695
9986.0 0.19290155383528798
9988.0 0.19284457775864125
9990.0 0.19316071511748453
9992.0 0.1944973579494049
9994.0 0.19568055647011992
9996.0 0.19561040536974753
9998.0 0.19468282970373818
