# z obs_date
# 0 52280
3580.0 0.5396949111387961
3582.0 0.5401955075319036
3584.0 0.5393649691306663
3586.0 0.5376492068717995
3588.0 0.5390849922163944
3590.0 0.5390378641402479
3592.0 0.5384859276014093
3594.0 0.5386327624233006
3596.0 0.5387624330131884
3598.0 0.536044102148823
3600.0 0.5378750801523078
3602.0 0.5393084993762622
3604.0 0.5410070893929634
3606.0 0.5386614927285946
3608.0 0.5412424443788608
3610.0 0.5394021995607441
3612.0 0.5413172282308426
3614.0 0.5409841467549789
3616.0 0.5434695909772042
3618.0 0.5461030248508446
3620.0 0.5473760698042724
3622.0 0.5483878959359539
3624.0 0.5492031569228313
3626.0 0.5496034299409613
3628.0 0.5526607998721693
3630.0 0.5536665631895652
3632.0 0.5573658925854231
3634.0 0.5597785380484325
3636.0 0.5621514285898221
3638.0 0.5664399845136854
3640.0 0.5688497491637193
3642.0 0.5670030462776163
3644.0 0.5679755759759878
3646.0 0.5701804173063395
3648.0 0.5714501994955329
3650.0 0.572580910620333
3652.0 0.570736070049234
3654.0 0.5737189141352322
3656.0 0.5747999410135869
3658.0 0.5761113613532984
3660.0 0.5752014786608879
3662.0 0.5730430783113541
3664.0 0.5690413664220627
3666.0 0.5681892180389941
3668.0 0.5694302826130097
3670.0 0.5677854434617734
3672.0 0.5677023512680253
3674.0 0.5647719581549189
3676.0 0.5643343932810783
3678.0 0.5635630702822544
3680.0 0.5634826228009416
3682.0 0.5613814323696189
3684.0 0.5596166165813408
3686.0 0.5593104650238494
3688.0 0.5573465315828738
3690.0 0.5547780182413037
3692.0 0.5542997168538024
3694.0 0.5531609956097131
3696.0 0.5512753730877772
3698.0 0.5506994659639735
3700.0 0.5495346408112017
3702.0 0.5490787762296463
3704.0 0.5476257090697885
3706.0 0.5473121034214691
3708.0 0.5455739399287236
3710.0 0.5443820426154459
3712.0 0.5439265230902695
3714.0 0.5436578340454534
3716.0 0.543603538111979
3718.0 0.5436437047791184
3720.0 0.5435626392063917
3722.0 0.5426306389860003
3724.0 0.5405619522584335
3726.0 0.5392918814777354
3728.0 0.5379160224146967
3730.0 0.5377803771840513
3732.0 0.5377463468698994
3734.0 0.5349412289012448
3736.0 0.5350981064318141
3738.0 0.5349927074440581
3740.0 0.5352345451973165
3742.0 0.5364090311217685
3744.0 0.5368954732209481
3746.0 0.5360461215372566
3748.0 0.5355754448990249
3750.0 0.5341591540368555
3752.0 0.5271763252186038
3754.0 0.522814472773665
3756.0 0.5283924994789648
3758.0 0.5276437678965241
3760.0 0.5273949696623467
3762.0 0.5290832281957947
3764.0 0.5311771805254609
3766.0 0.5339415220316711
3768.0 0.5349755583966866
3770.0 0.5354772044702465
3772.0 0.5381133800862413
3774.0 0.5435688773712519
3776.0 0.5471636700438743
3778.0 0.5511908855366374
3780.0 0.5594851078546378
3782.0 0.5656458030023501
3784.0 0.575957187794699
3786.0 0.5787243751525717
3788.0 0.5817418368965559
3790.0 0.5862532832345649
3792.0 0.5952221212104399
3794.0 0.6020172911937014
3796.0 0.6111073266602955
3798.0 0.6158467369412347
3800.0 0.6214428543280865
3802.0 0.6346760091063336
3804.0 0.6442626706711919
3806.0 0.6512293138767855
3808.0 0.6604722522075193
3810.0 0.6766495920309252
3812.0 0.6884447450687204
3814.0 0.6991899890873854
3816.0 0.7048663184309402
3818.0 0.712479095944901
3820.0 0.7347718131209137
3822.0 0.7444432641213412
3824.0 0.7528088369679081
3826.0 0.7641343136956817
3828.0 0.7759461844099811
3830.0 0.788446083601717
3832.0 0.8140038469883117
3834.0 0.8182150341337104
3836.0 0.8237343828779853
3838.0 0.8372028196817835
3840.0 0.8432511710344343
3842.0 0.8488371239851822
3844.0 0.8570601438966048
3846.0 0.8690387919342264
3848.0 0.8778518869896144
3850.0 0.8866222919684501
3852.0 0.9037037956442068
3854.0 0.9115567799055928
3856.0 0.902690660699762
3858.0 0.9127048772585307
3860.0 0.921235644708642
3862.0 0.9334650311426135
3864.0 0.9380232277641242
3866.0 0.9417811246732549
3868.0 0.9460371100571171
3870.0 0.9526921213454106
3872.0 0.9563470126847241
3874.0 0.9635585774364622
3876.0 0.9617989860209187
3878.0 0.9612151008072521
3880.0 0.9620307696043473
3882.0 0.9636786256019254
3884.0 0.9633451642293729
3886.0 0.9719768157244872
3888.0 0.9785064391990539
3890.0 0.9808716694827553
3892.0 0.9875727302378722
3894.0 0.9975064535782172
3896.0 1.0
3898.0 0.9872739673684924
3900.0 0.9833280095548608
3902.0 0.9814185810723673
3904.0 0.9788267931569834
3906.0 0.9782004622703122
3908.0 0.9772868031505592
3910.0 0.9726386327023561
3912.0 0.9643989334242723
3914.0 0.9591403367967584
3916.0 0.9535870811907994
3918.0 0.9385654856379677
3920.0 0.9345701023065431
3922.0 0.9311639182774866
3924.0 0.934828722789414
3926.0 0.9361558203695207
3928.0 0.9226150150858725
3930.0 0.9233432294720884
3932.0 0.9219487919184005
3934.0 0.912162083044984
3936.0 0.9046398185094553
3938.0 0.8997694974261466
3940.0 0.8901985145564419
3942.0 0.8831525915074944
3944.0 0.8791054582399759
3946.0 0.8729263978156527
3948.0 0.8704062531357616
3950.0 0.8815538812873367
3952.0 0.8750963209595265
3954.0 0.8599282092783153
3956.0 0.8539927586569984
3958.0 0.8440435892830274
3960.0 0.8425189615974515
3962.0 0.8401554903321446
3964.0 0.8318526733051986
3966.0 0.8343771019488299
3968.0 0.833630686320567
3970.0 0.8213672177151256
3972.0 0.8170991726447272
3974.0 0.8107560820529199
3976.0 0.8286114480227409
3978.0 0.8129029758479375
3980.0 0.815917855569784
3982.0 0.815396606089854
3984.0 0.8149686223941714
3986.0 0.8133140581741793
3988.0 0.8054156160987979
3990.0 0.8096306548844989
3992.0 0.8132844616753276
3994.0 0.805443820297614
3996.0 0.8032225360559432
3998.0 0.7985803410080115
4000.0 0.7951488170427927
4002.0 0.8026151395298186
4004.0 0.813563391886501
4006.0 0.8108166107426127
4008.0 0.8160512059197679
4010.0 0.816668346888961
4012.0 0.8131779083739555
4014.0 0.8153106688283444
4016.0 0.8094034168064423
4018.0 0.8116938848172018
4020.0 0.8181814245019513
4022.0 0.8252716480811394
4024.0 0.8320301315410648
4026.0 0.8420872577933004
4028.0 0.844406377896311
4030.0 0.8449025771903408
4032.0 0.8544763356613793
4034.0 0.8639109635746112
4036.0 0.8593384520575305
4038.0 0.8557822943901131
4040.0 0.8564922897081959
4042.0 0.8548994301021863
4044.0 0.8556747084367706
4046.0 0.856384160768297
4048.0 0.8571552749612488
4050.0 0.8505461357979606
4052.0 0.8536135819079113
4054.0 0.8522304536600022
4056.0 0.8501537789927526
4058.0 0.8518487035151215
4060.0 0.8439920611177848
4062.0 0.8481160316730747
4064.0 0.8544814048725075
4066.0 0.849521538912941
4068.0 0.8488698553098868
4070.0 0.8435739600957451
4072.0 0.837894433463226
4074.0 0.8347872637980679
4076.0 0.8386542247234876
4078.0 0.8380411011738167
4080.0 0.8286352753599192
4082.0 0.8246058236827972
4084.0 0.8223053036423286
4086.0 0.8187524880898648
4088.0 0.814765669340349
4090.0 0.8099166820549014
4092.0 0.8101950127259911
4094.0 0.8098647981851027
4096.0 0.801496969322434
4098.0 0.8010630520700958
4100.0 0.8001940703076316
4102.0 0.7971553802990955
4104.0 0.7967313802524141
4106.0 0.7901361225126134
4108.0 0.7760167310493277
4110.0 0.7781699773273784
4112.0 0.778525147781764
4114.0 0.7683006926893021
4116.0 0.7655344223585963
4118.0 0.7640790455278341
4120.0 0.7480782343106489
4122.0 0.748769671203289
4124.0 0.7474784878255837
4126.0 0.7509664232492572
4128.0 0.7485372359682837
4130.0 0.7477008340464804
4132.0 0.7431244010115632
4134.0 0.745954271580387
4136.0 0.7473011265274311
4138.0 0.7311601087680093
4140.0 0.7376323753019691
4142.0 0.7448123435615538
4144.0 0.7511271043614204
4146.0 0.745183280146536
4148.0 0.7431917363995388
4150.0 0.7474034458054933
4152.0 0.7492752580813329
4154.0 0.7555384101846635
4156.0 0.7556096635485855
4158.0 0.7561327669591945
4160.0 0.7568759598396655
4162.0 0.7561846145562987
4164.0 0.7546016259124968
4166.0 0.7555454968369264
4168.0 0.7560655821071599
4170.0 0.7551415167948432
4172.0 0.7536769187297697
4174.0 0.7478143049772367
4176.0 0.7475202394954837
4178.0 0.7460547025152494
4180.0 0.7485879415632232
4182.0 0.7485985872849011
4184.0 0.7456946630560262
4186.0 0.7420059823138021
4188.0 0.7362639926060573
4190.0 0.727799843570968
4192.0 0.7287322856982739
4194.0 0.7294254335630345
4196.0 0.7295971807596181
4198.0 0.7238392120680576
4200.0 0.7176791845551103
4202.0 0.711968507246032
4204.0 0.7148769611269118
4206.0 0.7153961931506039
4208.0 0.7147546875508879
4210.0 0.70584900035261
4212.0 0.7072063541477135
4214.0 0.7102015829773132
4216.0 0.7082415558392635
4218.0 0.7040163447095392
4220.0 0.6981850329926456
4222.0 0.6950456532165634
4224.0 0.6935389044067896
4226.0 0.6926701259672694
4228.0 0.6842621239247152
4230.0 0.6820973567877879
4232.0 0.6819476247489306
4234.0 0.678909426419086
4236.0 0.6723237526736157
4238.0 0.6671165998990115
4240.0 0.6548552910373452
4242.0 0.6488234200641098
4244.0 0.6453594022922856
4246.0 0.633659811320636
4248.0 0.6289935031088033
4250.0 0.6198281300467579
4252.0 0.6116779746960527
4254.0 0.6077687520768787
4256.0 0.6024354225958715
4258.0 0.5951680882253545
4260.0 0.5862756492295906
4262.0 0.5810046942156893
4264.0 0.5708860783520695
4266.0 0.5686115245348504
4268.0 0.5638744660914838
4270.0 0.5551531360021754
4272.0 0.5449546651383934
4274.0 0.5379896907865216
4276.0 0.525799208885752
4278.0 0.5231459648458469
4280.0 0.518765458247763
4282.0 0.51520623478751
4284.0 0.5141448131191015
4286.0 0.5121671168034486
4288.0 0.5086033334013222
4290.0 0.5115089643791162
4292.0 0.5123730699415112
4294.0 0.5108887282506477
4296.0 0.5098320647139635
4298.0 0.5096721155402947
4300.0 0.5136301319871426
4302.0 0.5210908412704388
4304.0 0.5257742090520459
4306.0 0.5329105022908718
4308.0 0.5357768248317443
4310.0 0.5392427372082189
4312.0 0.5530099266503904
4314.0 0.5577505886310703
4316.0 0.5615787987424488
4318.0 0.5703815183074636
4320.0 0.5724711715796738
4322.0 0.572772605795924
4324.0 0.578536939370937
4326.0 0.580790728901045
4328.0 0.585085078086725
4330.0 0.5911862108524194
4332.0 0.5923339872188409
4334.0 0.5929394746861931
4336.0 0.5959346675103606
4338.0 0.6046803476703726
4340.0 0.6089532357840384
4342.0 0.6119419474426177
4344.0 0.612511722823967
4346.0 0.6131503926090708
4348.0 0.6163283029594121
4350.0 0.6166384453400465
4352.0 0.6192313310199065
4354.0 0.6156346673731112
4356.0 0.6149973646756902
4358.0 0.6135428144642617
4360.0 0.6199859923734589
4362.0 0.6214774932631366
4364.0 0.6234936394750299
4366.0 0.620457276031512
4368.0 0.6212836186039752
4370.0 0.6208213497020699
4372.0 0.6178592341073212
4374.0 0.6173688369175392
4376.0 0.6126057260642853
4378.0 0.6123474234560586
4380.0 0.6098252776928628
4382.0 0.6080926786152511
4384.0 0.6118863661368885
4386.0 0.6112994153517718
4388.0 0.6106327380300922
4390.0 0.6112958227568546
4392.0 0.6120447365700125
4394.0 0.6150790505678415
4396.0 0.6171719037284131
4398.0 0.6199608355699411
4400.0 0.627024714778932
4402.0 0.628526218335596
4404.0 0.6319513306528107
4406.0 0.6354914602131434
4408.0 0.6406362431595043
4410.0 0.6424300264178762
4412.0 0.6434671146681777
4414.0 0.6541565659704159
4416.0 0.6555781783016345
4418.0 0.6539370773653496
4420.0 0.6574819971746264
4422.0 0.6644491472167242
4424.0 0.67278195949129
4426.0 0.6776933065671815
4428.0 0.6812903213181747
4430.0 0.6827524107904216
4432.0 0.6926602429616188
4434.0 0.6972786217500324
4436.0 0.7006125189407494
4438.0 0.7069270704559655
4440.0 0.7122303957917343
4442.0 0.7174580893265404
4444.0 0.7150261761739375
4446.0 0.7169955538359994
4448.0 0.7184083019837467
4450.0 0.724979975225156
4452.0 0.7253254949026351
4454.0 0.7244987302276577
4456.0 0.7267116102725015
4458.0 0.730081115005461
4460.0 0.7353519046572746
4462.0 0.7397856871216638
4464.0 0.7406372615270213
4466.0 0.7387345270273228
4468.0 0.7410454933845446
4470.0 0.7448491587150031
4472.0 0.752347214694956
4474.0 0.7518226264294254
4476.0 0.7561652039000486
4478.0 0.7567990260892591
4480.0 0.7594260943435205
4482.0 0.7683774782795192
4484.0 0.7725796891882288
4486.0 0.7786119855522723
4488.0 0.7827015408558039
4490.0 0.785929406499183
4492.0 0.7931682609147258
4494.0 0.8007460909598783
4496.0 0.8119354011753734
4498.0 0.8123057158047735
4500.0 0.8156435376107745
4502.0 0.8261141844896006
4504.0 0.8343458949318717
4506.0 0.8399323843750494
4508.0 0.8437087382105951
4510.0 0.849657144225756
4512.0 0.8579211179891336
4514.0 0.864617770184707
4516.0 0.8626710861769017
4518.0 0.8707393704959242
4520.0 0.8766783017344106
4522.0 0.8783371501518404
4524.0 0.8844758347792219
4526.0 0.8886399574126986
4528.0 0.9018533454232018
4530.0 0.9068162498059458
4532.0 0.9103050695879001
4534.0 0.912950222159444
4536.0 0.9175334873452194
4538.0 0.9242290736071705
4540.0 0.9260901917242376
4542.0 0.9278397816412245
4544.0 0.9283762571738268
4546.0 0.9336772053046152
4548.0 0.9323149554854531
4550.0 0.9343106752362886
4552.0 0.937403513753526
4554.0 0.9356404429445321
4556.0 0.9351636786176287
4558.0 0.9404314640006552
4560.0 0.9442992173196393
4562.0 0.9469918433505518
4564.0 0.9482569741760558
4566.0 0.9514612607942176
4568.0 0.9531368455378212
4570.0 0.9531956598945401
4572.0 0.9568876772562653
4574.0 0.9617129152391003
4576.0 0.9647474890335944
4578.0 0.9671111828068143
4580.0 0.9655292019598305
4582.0 0.968089275581371
4584.0 0.9714410586104233
4586.0 0.9784920087367199
4588.0 0.9768705385855218
4590.0 0.9751759375978027
4592.0 0.9757632091434888
4594.0 0.968928134611938
4596.0 0.9678575422744679
4598.0 0.9644332071807799
4600.0 0.9598541366878173
4602.0 0.9539350679439573
4604.0 0.9488776927750041
4606.0 0.9407006780073589
4608.0 0.9340508947639395
4610.0 0.92404479543827
4612.0 0.9198619310446974
4614.0 0.9131564605180883
4616.0 0.9034357738843327
4618.0 0.8947985429804627
4620.0 0.8858451183182545
4622.0 0.8779455920243663
4624.0 0.8643210037401352
4626.0 0.8546095939567754
4628.0 0.846316111278031
4630.0 0.8337286135267282
4632.0 0.825279514628334
4634.0 0.8156754397796758
4636.0 0.8061626563248152
4638.0 0.7987000978383412
4640.0 0.7889307731164792
4642.0 0.7818664818782388
4644.0 0.7717639968398505
4646.0 0.7595070418533302
4648.0 0.7534496307298573
4650.0 0.7498628729831192
4652.0 0.7422115551042935
4654.0 0.7369891752534268
4656.0 0.727896612379076
4658.0 0.7219195792719826
4660.0 0.7206536006480952
4662.0 0.7167714059745486
4664.0 0.7154581531366558
4666.0 0.7111573853466634
4668.0 0.7077111714923459
4670.0 0.7043058680260177
4672.0 0.6991015330862224
4674.0 0.6946536868715179
4676.0 0.6901191935100284
4678.0 0.6891624937357385
4680.0 0.6854298697863237
4682.0 0.6855508588334687
4684.0 0.6894846722967664
4686.0 0.6914767962261029
4688.0 0.689510939538921
4690.0 0.6925244193805935
4692.0 0.6922896937726016
4694.0 0.688563324570873
4696.0 0.682564852662667
4698.0 0.6787705019802986
4700.0 0.6768477296691026
4702.0 0.6652232953796217
4704.0 0.6607873457540441
4706.0 0.6574919647134099
4708.0 0.651721911592162
4710.0 0.6486283389910819
4712.0 0.6450589938039254
4714.0 0.6379701704272872
4716.0 0.6347315124057205
4718.0 0.6345349753817435
4720.0 0.6288191660704235
4722.0 0.6281767539007214
4724.0 0.6260365531488443
4726.0 0.6222762873506973
4728.0 0.6190064628343399
4730.0 0.6174670148430996
4732.0 0.6154218094948471
4734.0 0.6174729998673859
4736.0 0.6200725041163099
4738.0 0.6193821018782234
4740.0 0.6208666510342802
4742.0 0.6239571656846797
4744.0 0.6262159578537448
4746.0 0.6273499184906538
4748.0 0.6289365033713771
4750.0 0.6315315843695972
4752.0 0.6355050238491249
4754.0 0.6423947369397865
4756.0 0.6452748377015042
4758.0 0.6490838077154956
4760.0 0.6560511241504875
4762.0 0.6589602434562746
4764.0 0.6621937483869854
4766.0 0.6658452617651117
4768.0 0.6682348370471894
4770.0 0.6734128754958523
4772.0 0.676736576011671
4774.0 0.6828092587629018
4776.0 0.6864263569812022
4778.0 0.6876745685517883
4780.0 0.6869786111774635
4782.0 0.6870394306918635
4784.0 0.6862987190602973
4786.0 0.6847540955924601
4788.0 0.6840531575409353
4790.0 0.6851593372103796
4792.0 0.6762602643671066
4794.0 0.6689126776174795
4796.0 0.6620072293653105
4798.0 0.6556063904203656
4800.0 0.6477782800497335
4802.0 0.6411557679484516
4804.0 0.6298366615619126
4806.0 0.6237301467068835
4808.0 0.6193300741564263
4810.0 0.6098547873043255
4812.0 0.6015724887790979
4814.0 0.5913193893132244
4816.0 0.5816552187144971
4818.0 0.5755431840081662
4820.0 0.5725000100451364
4822.0 0.5726602618530883
4824.0 0.5729004867339761
4826.0 0.5744526488219456
4828.0 0.572997313858534
4830.0 0.5752246680206573
4832.0 0.5775308543461273
4834.0 0.5771183457541819
4836.0 0.5767225296793446
4838.0 0.5777182449671909
4840.0 0.5797978563531373
4842.0 0.5805013874493802
4844.0 0.5813997237788457
4846.0 0.5833533573852393
4848.0 0.5847703495108181
4850.0 0.5861657182018364
4852.0 0.5876455785587418
4854.0 0.5865507227506545
4856.0 0.5820465136944589
4858.0 0.5846687607356248
4860.0 0.592346536006617
4862.0 0.595611882112397
4864.0 0.6002525900500697
4866.0 0.6014732244214145
4868.0 0.6039693962732445
4870.0 0.6066007007109525
4872.0 0.6092301697011256
4874.0 0.6128535249782648
4876.0 0.6156080007787547
4878.0 0.6189378918467753
4880.0 0.6231132153891005
4882.0 0.6310423503718399
4884.0 0.6368841655002583
4886.0 0.6438355556034363
4888.0 0.6531409548538972
4890.0 0.6602779643023055
4892.0 0.6695936110115729
4894.0 0.6740651604379928
4896.0 0.6793125719445351
4898.0 0.6877034354418984
4900.0 0.690643307491746
4902.0 0.694045980427389
4904.0 0.7008531372321423
4906.0 0.7060829483150113
4908.0 0.7101932810876249
4910.0 0.7171574613910252
4912.0 0.7217277570634629
4914.0 0.721933623993372
4916.0 0.722099073943414
4918.0 0.724490667043123
4920.0 0.7245907529416902
4922.0 0.7232586383563727
4924.0 0.7228868515612109
4926.0 0.7204994152762827
4928.0 0.7206257001170264
4930.0 0.7179882087625868
4932.0 0.7163004400666518
4934.0 0.7123715016430553
4936.0 0.7096536514130213
4938.0 0.7063595629733802
4940.0 0.702931071647387
4942.0 0.699295562724808
4944.0 0.6956029188661079
4946.0 0.6925687301687619
4948.0 0.6897121605504929
4950.0 0.6865795463562137
4952.0 0.6831481964529867
4954.0 0.6801200023247221
4956.0 0.6778129818534353
4958.0 0.6736185963525612
4960.0 0.6709633048548582
4962.0 0.6673039407638327
4964.0 0.6644265959693534
4966.0 0.6612400062582187
4968.0 0.6581079490835073
4970.0 0.6541346485015904
4972.0 0.650953553683904
4974.0 0.6478745555033909
4976.0 0.6442237943762249
4978.0 0.6404518331024288
4980.0 0.6370107809620277
4982.0 0.6357262867261447
4984.0 0.6342711536835222
4986.0 0.6322438082482256
4988.0 0.6310450650793619
4990.0 0.6284395435342391
4992.0 0.6277938965348158
4994.0 0.6260112752981297
4996.0 0.6241280121596255
4998.0 0.6224183244826181
5000.0 0.620355687775166
5002.0 0.6195931366504657
5004.0 0.6185076577398179
5006.0 0.6168177053292373
5008.0 0.6165549636381995
5010.0 0.614031165471851
5012.0 0.6121574394061484
5014.0 0.6112616166052225
5016.0 0.6098103080793135
5018.0 0.6094193565059209
5020.0 0.6081301299214475
5022.0 0.6069835506066513
5024.0 0.6056081336998789
5026.0 0.6044710897139766
5028.0 0.6032040421162385
5030.0 0.602841688134941
5032.0 0.6022914280642747
5034.0 0.6013089482709038
5036.0 0.6006086671604198
5038.0 0.6000030639297208
5040.0 0.5977224048056804
5042.0 0.5957697477709232
5044.0 0.5971375541101035
5046.0 0.5968120542598911
5048.0 0.5992058858797293
5050.0 0.5998962132631228
5052.0 0.6034166586600207
5054.0 0.6044476920697606
5056.0 0.6086284915959815
5058.0 0.6083433164896527
5060.0 0.6075354143801794
5062.0 0.6104555267473112
5064.0 0.611203355479181
5066.0 0.6119338455716314
5068.0 0.6152106827607404
5070.0 0.6166631511425555
5072.0 0.612981051549488
5074.0 0.6116331104670472
5076.0 0.6114511189457779
5078.0 0.6142068146581717
5080.0 0.6146326567324393
5082.0 0.6132616621995699
5084.0 0.6128825135508643
5086.0 0.6125384568144779
5088.0 0.6138732977559092
5090.0 0.6151901352060325
5092.0 0.6124882145840886
5094.0 0.6110763856838538
5096.0 0.6108943541094006
5098.0 0.608910421504162
5100.0 0.6083848240402794
5102.0 0.6110099385218524
5104.0 0.6096793268655055
5106.0 0.6082827269215549
5108.0 0.6056065480456697
5110.0 0.6043052972044485
5112.0 0.6036050434110102
5114.0 0.6042712966378719
5116.0 0.6042084234145235
5118.0 0.604257808708725
5120.0 0.6013435215357856
5122.0 0.5995456317866745
5124.0 0.6004232479012778
5126.0 0.601762267820087
5128.0 0.6026069072231653
5130.0 0.60316811002105
5132.0 0.6083232140178991
5134.0 0.6114278467889976
5136.0 0.6129537901361866
5138.0 0.6148807011807745
5140.0 0.6165877198449904
5142.0 0.6168362119556173
5144.0 0.6195907550730115
5146.0 0.6213564828885626
5148.0 0.6227053927487676
5150.0 0.6289971885964204
5152.0 0.6325127868259514
5154.0 0.6323636042346187
5156.0 0.6358514261234314
5158.0 0.6418169477822318
5160.0 0.6433394475245511
5162.0 0.6448623655815123
5164.0 0.6517536046333283
5166.0 0.655714428461092
5168.0 0.6582940708217614
5170.0 0.6607348222681926
5172.0 0.6658474511917359
5174.0 0.6657862104231259
5176.0 0.6690741263193194
5178.0 0.6706311377855547
5180.0 0.6700114709453219
5182.0 0.6735621406374339
5184.0 0.6771911736027147
5186.0 0.6797721909040517
5188.0 0.6790532227962792
5190.0 0.6803383341865056
5192.0 0.6808726260173351
5194.0 0.6794735227639217
5196.0 0.6794428670586877
5198.0 0.6802451982788533
5200.0 0.6837025011104738
5202.0 0.6836650655974669
5204.0 0.6806437672272316
5206.0 0.6765065800861183
5208.0 0.675352283226857
5210.0 0.6735390177576275
5212.0 0.6731918476217569
5214.0 0.6746511696828084
5216.0 0.6743196002735238
5218.0 0.6761625487767446
5220.0 0.6718455018925111
5222.0 0.6681129605267773
5224.0 0.6662888328154151
5226.0 0.6670367851466255
5228.0 0.6684352437293056
5230.0 0.6676879099702678
5232.0 0.6646446854392456
5234.0 0.6616061358959755
5236.0 0.6583121359694193
5238.0 0.658047595870566
5240.0 0.6535453595229046
5242.0 0.6540000315459371
5244.0 0.6561844164564781
5246.0 0.655099756153804
5248.0 0.6560976865804237
5250.0 0.6561966707617028
5252.0 0.6572806557705686
5254.0 0.6572248825956447
5256.0 0.6577791464758773
5258.0 0.6588500049759152
5260.0 0.6581342856345419
5262.0 0.6567058426803505
5264.0 0.6542493458605023
5266.0 0.6532239291219707
5268.0 0.6533097017310027
5270.0 0.6511202021750779
5272.0 0.6497435256454941
5274.0 0.6482272288105724
5276.0 0.6534399522101466
5278.0 0.6534948989411017
5280.0 0.6533900784233709
5282.0 0.6517530062599401
5284.0 0.6498991748065002
5286.0 0.6472196327903362
5288.0 0.6462153621761519
5290.0 0.6460706326907228
5292.0 0.6484972631801771
5294.0 0.6489085098361814
5296.0 0.6479213636480494
5298.0 0.6466450833793096
5300.0 0.6462232427251356
5302.0 0.6460243781293221
5304.0 0.6467354088378562
5306.0 0.6471499455194333
5308.0 0.6483132723950887
5310.0 0.649066817557355
5312.0 0.6456303994414654
5314.0 0.6426271320464878
5316.0 0.6417503303621296
5318.0 0.6437238292823046
5320.0 0.64251085945281
5322.0 0.6439526266822176
5324.0 0.6439836680637526
5326.0 0.6431553004017243
5328.0 0.6422022059287997
5330.0 0.641643887686192
5332.0 0.642691826325553
5334.0 0.643733357028204
5336.0 0.6431616047750922
5338.0 0.6435497482709676
5340.0 0.6432594685769152
5342.0 0.6426125640591943
5344.0 0.6458299341729009
5346.0 0.6470101433763248
5348.0 0.6505752486259954
5350.0 0.6505062657271244
5352.0 0.6520377369639418
5354.0 0.6571238063131186
5356.0 0.658142098397521
5358.0 0.6603912648608381
5360.0 0.6602943819928309
5362.0 0.6609267205238093
5364.0 0.6605659360349345
5366.0 0.6608151513701392
5368.0 0.6631863798294512
5370.0 0.6645895894960877
5372.0 0.666271018554069
5374.0 0.6704628052635594
5376.0 0.6719603226192481
5378.0 0.6747401048271862
5380.0 0.675654092177582
5382.0 0.6766655799608232
5384.0 0.6729480096784797
5386.0 0.6760714844311738
5388.0 0.6782128411889461
5390.0 0.6796278870086108
5392.0 0.6803672956508008
5394.0 0.6812575281186476
5396.0 0.6853641903880304
5398.0 0.6862414807101235
5400.0 0.6840541357589502
5402.0 0.6839061490430869
5404.0 0.6855435219818246
5406.0 0.6861941094850896
5408.0 0.6884811861566719
5410.0 0.6877861584499672
5412.0 0.6904106007128484
5414.0 0.6879586569481083
5416.0 0.6910186469540333
5418.0 0.6921322463606628
5420.0 0.6916807692393654
5422.0 0.6932061624131602
5424.0 0.695176885218723
5426.0 0.6947418566796641
5428.0 0.6953997538004467
5430.0 0.698917878943998
5432.0 0.6968896320228144
5434.0 0.696954188315545
5436.0 0.6992144069953581
5438.0 0.7033799795434623
5440.0 0.7052801104383875
5442.0 0.7077752886463814
5444.0 0.7073408468506598
5446.0 0.708632178524561
5448.0 0.7092671044565039
5450.0 0.7153735341689591
5452.0 0.7127560471529273
5454.0 0.7168365648025435
5456.0 0.7167224248905412
5458.0 0.717668034213345
5460.0 0.7177476107044832
5462.0 0.7225304669054048
5464.0 0.7250066979869831
5466.0 0.7276742962931343
5468.0 0.7317610675363934
5470.0 0.7334768617468411
5472.0 0.7342843221767206
5474.0 0.7339255140855176
5476.0 0.7366990329518874
5478.0 0.7389473670848239
5480.0 0.7469117297051446
5482.0 0.7485076974246007
5484.0 0.7483135025835376
5486.0 0.7489481519901503
5488.0 0.752547420902023
5490.0 0.7556310401044027
5492.0 0.7565943154518608
5494.0 0.7574371299876959
5496.0 0.7593728964353778
5498.0 0.7577057532173117
5500.0 0.7587435195035749
5502.0 0.7600360579738826
5504.0 0.7620830803147782
5506.0 0.763343734681283
5508.0 0.7637524795506245
5510.0 0.7619687830425147
5512.0 0.762336978936774
5514.0 0.7660696704906461
5516.0 0.7613645594647215
5518.0 0.7619501138221777
5520.0 0.762776757251462
5522.0 0.7596038938774736
5524.0 0.7589295245710778
5526.0 0.757233238980744
5528.0 0.760419030660666
5530.0 0.7581194156348129
5532.0 0.7575983628736122
5534.0 0.7542574433117022
5536.0 0.7533386836107651
5538.0 0.7514806373542563
5540.0 0.753267672042492
5542.0 0.7516693697224832
5544.0 0.7467516186260135
5546.0 0.7471234077530441
5548.0 0.7462340833065826
5550.0 0.7453275711816713
5552.0 0.7408914464318327
5554.0 0.7362531195062537
5556.0 0.7341772431354843
5558.0 0.7291050321792306
5560.0 0.7255603358781966
5562.0 0.7229159598261128
5564.0 0.7209750448495819
5566.0 0.7187205376824797
5568.0 0.7166619541030431
5570.0 0.7119219240728598
5572.0 0.7092588794580791
5574.0 0.7054159866799544
5576.0 0.7017474727778872
5578.0 0.6993162562820792
5580.0 0.6979174919904143
5582.0 0.6901919921110424
5584.0 0.6887893293803764
5586.0 0.6876133423653252
5588.0 0.6846245304297248
5590.0 0.68040300873508
5592.0 0.6754368069756114
5594.0 0.6718615349432867
5596.0 0.6675120668579321
5598.0 0.6629776961341088
5600.0 0.658888281916573
5602.0 0.6588678500630907
5604.0 0.6585102916591346
5606.0 0.6529703211261613
5608.0 0.6497368998590757
5610.0 0.6428723678732368
5612.0 0.640635690182801
5614.0 0.6366176959888263
5616.0 0.629671100998053
5618.0 0.627689546955477
5620.0 0.6228562716740736
5622.0 0.618977883064966
5624.0 0.6157834438594613
5626.0 0.6118109562143184
5628.0 0.6091210381951128
5630.0 0.6042928048558631
5632.0 0.6017893516816981
5634.0 0.5995540768747414
5636.0 0.5958858510074996
5638.0 0.5867212235389412
5640.0 0.5893268527452195
5642.0 0.5893846393160216
5644.0 0.5858378779171299
5646.0 0.5833390187547415
5648.0 0.5778171149588416
5650.0 0.5765447074468985
5652.0 0.5732140012380451
5654.0 0.567176491234654
5656.0 0.56456610045025
5658.0 0.5652380875194358
5660.0 0.562772608131835
5662.0 0.5589148642550189
5664.0 0.5571294513598343
5666.0 0.5535892821764251
5668.0 0.5504332141989026
5670.0 0.5487188681124455
5672.0 0.5456998551245198
5674.0 0.5425237724211801
5676.0 0.5386529233103811
5678.0 0.5327049053455581
5680.0 0.5301480476848373
5682.0 0.5280752017143456
5684.0 0.5222215813971839
5686.0 0.5202909780561372
5688.0 0.5189132969579136
5690.0 0.5152141176469199
5692.0 0.5112039986148892
5694.0 0.5068613908822807
5696.0 0.5033006503155245
5698.0 0.5001500023144705
5700.0 0.49777646166570466
5702.0 0.4952461915326104
5704.0 0.49255994676535203
5706.0 0.4893783593183874
5708.0 0.48878853829942165
5710.0 0.48828081365999587
5712.0 0.4859196611477231
5714.0 0.48458605530607296
5716.0 0.48311939484003374
5718.0 0.48114333047600427
5720.0 0.4813402677936319
5722.0 0.48284533269326985
5724.0 0.4833259607009878
5726.0 0.4843592828787981
5728.0 0.4841750071976833
5730.0 0.4862140984156697
5732.0 0.4899686967897741
5734.0 0.49284488413206173
5736.0 0.4957400351210607
5738.0 0.49521049370989967
5740.0 0.5003581593701115
5742.0 0.5042690733553657
5744.0 0.5101465708138934
5746.0 0.5129882768491287
5748.0 0.517824435441381
5750.0 0.5224956270066126
5752.0 0.527179042574321
5754.0 0.532822445313266
5756.0 0.5364647012267657
5758.0 0.5392897987401548
5760.0 0.5426997473932508
5762.0 0.5476834757175664
5764.0 0.5535496101506251
5766.0 0.5577518469840139
5768.0 0.5608355525634925
5770.0 0.5643494801465571
5772.0 0.5690683242979864
5774.0 0.5734975872144712
5776.0 0.5773602396576433
5778.0 0.5813527584134386
5780.0 0.5842979387290204
5782.0 0.5871919047363133
5784.0 0.5901568924613709
5786.0 0.5936447689494053
5788.0 0.594930969690018
5790.0 0.5994246601674728
5792.0 0.6048870971669186
5794.0 0.6095265166992768
5796.0 0.6131138023033142
5798.0 0.6136100404438871
5800.0 0.6164566265728126
5802.0 0.6201687697139022
5804.0 0.6212979304311971
5806.0 0.622971433582312
5808.0 0.6244994308276702
5810.0 0.6252664062032731
5812.0 0.6257789850285344
5814.0 0.6260137650277194
5816.0 0.6297367194444198
5818.0 0.6327716915535272
5820.0 0.6370173351704291
5822.0 0.6399081676706914
5824.0 0.6429994942423685
5826.0 0.6451065082981852
5828.0 0.6470770388466176
5830.0 0.646937104304702
5832.0 0.6471638956251543
5834.0 0.6470376966665826
5836.0 0.6489592009843339
5838.0 0.6505231788318111
5840.0 0.6499772569966779
5842.0 0.6512840554187187
5844.0 0.6514342852579644
5846.0 0.6538114435574477
5848.0 0.6528803540790544
5850.0 0.6538869625255397
5852.0 0.6533924161313446
5854.0 0.6542272226765486
5856.0 0.6547042863634783
5858.0 0.6569600317311308
5860.0 0.655483168903789
5862.0 0.6549928938871625
5864.0 0.6534886501939778
5866.0 0.6522137278563448
5868.0 0.6507881887025833
5870.0 0.6488098923491167
5872.0 0.6473854200170173
5874.0 0.6458333956343215
5876.0 0.6429711073028147
5878.0 0.6423538421989157
5880.0 0.6410066399697694
5882.0 0.6385848539179957
5884.0 0.6383491321041863
5886.0 0.6358887245177677
5888.0 0.6333945804641893
5890.0 0.6313959521927236
5892.0 0.6287242640237809
5894.0 0.6268650497681455
5896.0 0.6244948460611671
5898.0 0.6217425615039908
5900.0 0.6201292255619484
5902.0 0.6193317707741083
5904.0 0.6189727896206408
5906.0 0.6168296583643824
5908.0 0.6145322119239044
5910.0 0.6124719867831573
5912.0 0.610386006504953
5914.0 0.6088205280705743
5916.0 0.6073946356131519
5918.0 0.60456090584883
5920.0 0.60283925334122
5922.0 0.598760588409404
5924.0 0.596444380269832
5926.0 0.5953684202567554
5928.0 0.5925820221670963
5930.0 0.5884960228028562
5932.0 0.5875954655986132
5934.0 0.5848802830405389
5936.0 0.5818768736424648
5938.0 0.5790617961539435
5940.0 0.5775121258515096
5942.0 0.5759826735005512
5944.0 0.5740614277085778
5946.0 0.5706225776135042
5948.0 0.565386540612844
5950.0 0.5645734633477063
5952.0 0.5643389640204434
5954.0 0.5577228100585931
5956.0 0.5539970889573056
5958.0 0.5497450110322475
5960.0 0.5468285452565017
5962.0 0.5448471756069309
5964.0 0.5423155173987231
5966.0 0.5399782616888911
5968.0 0.537094415200917
5970.0 0.5349117306521673
5972.0 0.530850125282498
5974.0 0.5267099471367833
5976.0 0.5219219495014266
5978.0 0.5180527870194798
5980.0 0.5149689488675339
5982.0 0.5122156301014288
5984.0 0.5054983245369803
5986.0 0.5023091015681921
5988.0 0.49930031324167423
5990.0 0.4914174680469004
5992.0 0.4876943605083184
5994.0 0.4815805448115393
5996.0 0.4754738965649626
5998.0 0.4724469990656227
6000.0 0.4662300763946264
6002.0 0.46030428017291275
6004.0 0.45606210524329305
6006.0 0.45020957779549453
6008.0 0.44563583730056605
6010.0 0.440399586995303
6012.0 0.436151520054461
6014.0 0.4284349918110863
6016.0 0.4232569052701187
6018.0 0.4201060975396247
6020.0 0.4135904773688572
6022.0 0.40909557196735563
6024.0 0.4031801493207477
6026.0 0.3973592770602864
6028.0 0.3952940123331943
6030.0 0.3897412760889737
6032.0 0.3854614021825809
6034.0 0.3829680098537052
6036.0 0.37692986950393825
6038.0 0.37281444139032394
6040.0 0.36826875185882346
6042.0 0.3637037179801048
6044.0 0.3596746614282197
6046.0 0.3553509750570258
6048.0 0.351967263688928
6050.0 0.34734345240905345
6052.0 0.34228533397835886
6054.0 0.3386878399218458
6056.0 0.33575127656786813
6058.0 0.3329337053447077
6060.0 0.32888401043896914
6062.0 0.3236488215504864
6064.0 0.32158175688947077
6066.0 0.31768370365144866
6068.0 0.3142134601163937
6070.0 0.31153561325337814
6072.0 0.3099314137100185
6074.0 0.3063523552129197
6076.0 0.30405719097807393
6078.0 0.3015766982054359
6080.0 0.3000140370500476
6082.0 0.29822338210614985
6084.0 0.29617992489299283
6086.0 0.2943455327229029
6088.0 0.2933490814119204
6090.0 0.29209082942500186
6092.0 0.29100872495751884
6094.0 0.2907513633155706
6096.0 0.29084840194139544
6098.0 0.2905047772447253
6100.0 0.2902759401490422
6102.0 0.29027810722304
6104.0 0.29164032003811846
6106.0 0.29274500515477436
6108.0 0.2929792819841273
6110.0 0.29429904569916204
6112.0 0.29556634252351577
6114.0 0.2969307009895074
6116.0 0.2992279102401196
6118.0 0.3010188283820871
6120.0 0.3028832349362168
6122.0 0.30539556838127413
6124.0 0.3073191432075969
6126.0 0.30962579566922216
6128.0 0.31372459900164
6130.0 0.31605287565714263
6132.0 0.3188576388500999
6134.0 0.32168254859727763
6136.0 0.3236755860494517
6138.0 0.32656150009028007
6140.0 0.33110315312371885
6142.0 0.3348904684951583
6144.0 0.3398405267550029
6146.0 0.34296552476747205
6148.0 0.34575008807619256
6150.0 0.350167653914716
6152.0 0.3548769590500846
6154.0 0.35923419806080115
6156.0 0.36451627203146614
6158.0 0.36866226525457046
6160.0 0.3726000737359771
6162.0 0.3763060499446201
6164.0 0.3804284740884895
6166.0 0.38263487123601175
6168.0 0.38798771767889007
6170.0 0.39496471707998887
6172.0 0.3992279235944467
6174.0 0.4040500508703707
6176.0 0.4077890953612947
6178.0 0.41145546478055095
6180.0 0.41669026530336006
6182.0 0.4199147053994846
6184.0 0.423696620397224
6186.0 0.4274685818453622
6188.0 0.43022442619636364
6190.0 0.43494236801284686
6192.0 0.43655540386841796
6194.0 0.43587503337284966
6196.0 0.43256505216148994
6198.0 0.43417776000208513
6200.0 0.443542366047239
6202.0 0.4492242405316412
6204.0 0.4565718534507335
6206.0 0.4607418774133117
6208.0 0.4614955935712729
6210.0 0.4636292492039722
6212.0 0.46682065238029946
6214.0 0.47029817172926175
6216.0 0.4754217114446214
6218.0 0.47835845716457737
6220.0 0.48260692824051965
6222.0 0.4853089549932161
6224.0 0.48720243507183625
6226.0 0.48957364966470257
6228.0 0.49298590731242
6230.0 0.4984384235896797
6232.0 0.5019804055941745
6234.0 0.5032347356687072
6236.0 0.5056184716435299
6238.0 0.5053098136226234
6240.0 0.5056315342936426
6242.0 0.5104370128547331
6244.0 0.5139390276018241
6246.0 0.5182587937625899
6248.0 0.5219769143092906
6250.0 0.5239156697137097
6252.0 0.5224567355255896
6254.0 0.522544048143797
6256.0 0.5252035999969377
6258.0 0.5287274246574702
6260.0 0.5323655633811221
6262.0 0.5345450786730538
6264.0 0.5351035935175064
6266.0 0.5351004508548814
6268.0 0.5374510020487494
6270.0 0.5409996180486146
6272.0 0.5427633229575293
6274.0 0.544984650520227
6276.0 0.5470667449945956
6278.0 0.547399763462965
6280.0 0.5491785361567859
6282.0 0.5521763092533456
6284.0 0.5530096102674559
6286.0 0.5539119785907932
6288.0 0.5572707857517432
6290.0 0.5600977582392225
6292.0 0.5595785917015094
6294.0 0.5618478531043216
6296.0 0.5647859850599743
6298.0 0.567139362685656
6300.0 0.5678761884129931
6302.0 0.570668509197755
6304.0 0.5714482765244889
6306.0 0.571529538530035
6308.0 0.5768947664140838
6310.0 0.5793899188011028
6312.0 0.5804058172187752
6314.0 0.5804159612508053
6316.0 0.5799348724111768
6318.0 0.5827933973871954
6320.0 0.5833903133004428
6322.0 0.5846425511437413
6324.0 0.5883368568793307
6326.0 0.5889508650261848
6328.0 0.5874888607134451
6330.0 0.58867514984681
6332.0 0.5923248525502373
6334.0 0.5951350188158685
6336.0 0.5976057295157525
6338.0 0.6003404350780784
6340.0 0.6027517958498104
6342.0 0.6040614384769818
6344.0 0.6043770265460929
6346.0 0.6062029908557155
6348.0 0.6088262444188517
6350.0 0.6093154599298802
6352.0 0.6110480773923883
6354.0 0.614574113735285
6356.0 0.6154373270335777
6358.0 0.6162713685867826
6360.0 0.6171896005376643
6362.0 0.6194019784484104
6364.0 0.6214030819370328
6366.0 0.6241471168340366
6368.0 0.6246640522280602
6370.0 0.6259304456361423
6372.0 0.6262004953403579
6374.0 0.6273989935603573
6376.0 0.6286973253071998
6378.0 0.6288810022662686
6380.0 0.6295440198882378
6382.0 0.6305784064330499
6384.0 0.6330643617704951
6386.0 0.6328720672882593
6388.0 0.6331707127019658
6390.0 0.6326865987384027
6392.0 0.6324892715341055
6394.0 0.6331904483992412
6396.0 0.6336909278835282
6398.0 0.6347977204544507
6400.0 0.6334089139730801
6402.0 0.633640958177208
6404.0 0.6342638486143887
6406.0 0.6342121742917949
6408.0 0.6347763718612396
6410.0 0.6347312345690764
6412.0 0.6346495480310832
6414.0 0.6347089637049153
6416.0 0.6349098646458987
6418.0 0.6352506035679006
6420.0 0.6356449389704976
6422.0 0.6356143174392088
6424.0 0.6360957284939797
6426.0 0.6348649888002831
6428.0 0.6346099055548347
6430.0 0.6346664526557473
6432.0 0.6340945719043815
6434.0 0.6339583186116694
6436.0 0.6344608309427462
6438.0 0.6344242393678502
6440.0 0.6347515417536521
6442.0 0.6345600142446115
6444.0 0.6347547965369083
6446.0 0.6346935558638006
6448.0 0.6340206168563349
6450.0 0.6338585092058637
6452.0 0.6345957204580501
6454.0 0.6343598273665555
6456.0 0.6324127486747598
6458.0 0.6321093704008889
6460.0 0.6312751816349297
6462.0 0.6289377698025181
6464.0 0.6277580906805581
6466.0 0.6273454319851531
6468.0 0.6266285842692373
6470.0 0.6256628928964812
6472.0 0.6227828013142528
6474.0 0.6220525377166709
6476.0 0.622233489008734
6478.0 0.6193077458587806
6480.0 0.6167440833676998
6482.0 0.6132991216112845
6484.0 0.6113835589371918
6486.0 0.6072779680322119
6488.0 0.6063953766430863
6490.0 0.6065932333272309
6492.0 0.6039821461756458
6494.0 0.6014571262361621
6496.0 0.5997777342671446
6498.0 0.5979407438006626
6500.0 0.5939820514427491
6502.0 0.5887816666218539
6504.0 0.586213748971531
6506.0 0.5850255838063532
6508.0 0.5825082916814794
6510.0 0.577967172536834
6512.0 0.5755042311371708
6514.0 0.5735180427311491
6516.0 0.5713627404709823
6518.0 0.5690381253119083
6520.0 0.5679630323577203
6522.0 0.5630998247604875
6524.0 0.5613753035897945
6526.0 0.5603065703139619
6528.0 0.5551869873971335
6530.0 0.5522835701349946
6532.0 0.5491574224041189
6534.0 0.544190174055638
6536.0 0.5431477294021901
6538.0 0.5386343667362067
6540.0 0.5340227530670849
6542.0 0.5296140888336461
6544.0 0.5286992979322179
6546.0 0.5295201115147246
6548.0 0.526793302576665
6550.0 0.524123371799575
6552.0 0.5211410858832042
6554.0 0.5185147207868237
6556.0 0.5163316468556005
6558.0 0.5126058285509911
6560.0 0.5095891010522974
6562.0 0.5075437542670999
6564.0 0.5045351475319781
6566.0 0.5022677603797812
6568.0 0.5000286635511989
6570.0 0.49698237233508125
6572.0 0.49409212473496184
6574.0 0.4912475979763645
6576.0 0.48828881754718256
6578.0 0.48558882391117253
6580.0 0.48305080819930035
6582.0 0.48001395651852197
6584.0 0.4771838073636961
6586.0 0.47423764455865874
6588.0 0.47156759420506505
6590.0 0.46864655855179865
6592.0 0.466737064094697
6594.0 0.46283606611814243
6596.0 0.45963614742730946
6598.0 0.4575034601432152
6600.0 0.4541353886177889
6602.0 0.45183134396268027
6604.0 0.4493647833067499
6606.0 0.4450364829166429
6608.0 0.442647157500422
6610.0 0.44009638988965233
6612.0 0.4394210650015322
6614.0 0.4367311014375017
6616.0 0.43382644097476974
6618.0 0.43232498761587806
6620.0 0.4297225539250611
6622.0 0.4268840627203415
6624.0 0.4241450834244868
6626.0 0.4219331975979195
6628.0 0.4201029821010607
6630.0 0.4160833144705485
6632.0 0.4158281846856359
6634.0 0.4146674508794208
6636.0 0.41253852567846466
6638.0 0.4099929062316313
6640.0 0.4073671182068259
6642.0 0.40424632476434325
6644.0 0.4024472848449587
6646.0 0.402191251963598
6648.0 0.4022250690364954
6650.0 0.4003617296383837
6652.0 0.3984892936483299
6654.0 0.39625511736875263
6656.0 0.39454860413359116
6658.0 0.3940438863815014
6660.0 0.39092002147601856
6662.0 0.38876977448275474
6664.0 0.38742881348599106
6666.0 0.3867468386237594
6668.0 0.3881083452313892
6670.0 0.38803012976321777
6672.0 0.38544368347970326
6674.0 0.3843734533951859
6676.0 0.3829646448997036
6678.0 0.3817774945675718
6680.0 0.3808688865253206
6682.0 0.37934379407648966
6684.0 0.37844810254508005
6686.0 0.3761554814269658
6688.0 0.37457033020441594
6690.0 0.37318250264772856
6692.0 0.37269575462411664
6694.0 0.3716957334483893
6696.0 0.3705229272661118
6698.0 0.3689577543312925
6700.0 0.36852582633162606
6702.0 0.3681785211875744
6704.0 0.36679078651916
6706.0 0.3656078177474138
6708.0 0.3630302516838316
6710.0 0.36025763732985483
6712.0 0.35852016956453747
6714.0 0.35854950680324177
6716.0 0.3573802063117482
6718.0 0.35757767961789677
6720.0 0.35420837337657923
6722.0 0.35286331797541165
6724.0 0.35151954402671126
6726.0 0.3491340016267185
6728.0 0.3486389019684188
6730.0 0.34679924643649623
6732.0 0.34502556625876274
6734.0 0.3449841369466008
6736.0 0.34443797211125343
6738.0 0.3446418306891649
6740.0 0.3426902889622176
6742.0 0.34086581257558823
6744.0 0.34069328995993503
6746.0 0.34049094105769856
6748.0 0.3390069894021688
6750.0 0.33877004933591737
6752.0 0.3383222699236643
6754.0 0.3374883186064019
6756.0 0.33719688084871446
6758.0 0.33707722525094364
6760.0 0.33684757011472916
6762.0 0.33672621898491406
6764.0 0.33627629313179963
6766.0 0.3359670087411592
6768.0 0.3353901684398151
6770.0 0.3350907285062711
6772.0 0.3345941035077437
6774.0 0.33450501674460115
6776.0 0.3320392956211911
6778.0 0.32461638076485283
6780.0 0.31773144426449046
6782.0 0.32065498771995343
6784.0 0.3218249440464609
6786.0 0.3233906196807188
6788.0 0.32480456328974217
6790.0 0.32706439566936724
6792.0 0.3292745871835039
6794.0 0.3299689625949246
6796.0 0.3281899621309851
6798.0 0.3255230698328524
6800.0 0.32724115956119093
6802.0 0.3281330709523622
6804.0 0.32416586666579433
6806.0 0.3285692979817706
6808.0 0.3237884065316975
6810.0 0.32834506365298616
6812.0 0.3246804954075992
6814.0 0.32887416927544905
6816.0 0.3237948950454456
6818.0 0.3290158494490287
6820.0 0.32383812156394837
6822.0 0.32732336511108856
6824.0 0.3273628883113711
6826.0 0.3290484154593474
6828.0 0.3277392353933763
6830.0 0.3248880401279246
6832.0 0.32828905303636174
6834.0 0.32567916970381966
6836.0 0.3273234369797498
6838.0 0.32683048222324484
6840.0 0.32315051959173496
6842.0 0.3249671639625061
6844.0 0.32481509731235886
6846.0 0.32561252963906906
6848.0 0.32671976563963984
6850.0 0.32752172963102344
6852.0 0.32871591180725185
6854.0 0.3276861633114947
6856.0 0.3278379939010625
6858.0 0.3234983522217853
6860.0 0.3247238324552401
6862.0 0.3251813338026781
6864.0 0.3267758693628306
6866.0 0.32658536653808734
6868.0 0.3267899568521927
6870.0 0.3266845115445807
6872.0 0.32651954575720327
6874.0 0.3278538580756227
6876.0 0.327180149394095
6878.0 0.3265339826543652
6880.0 0.3272628581319756
6882.0 0.32663443402925973
6884.0 0.32616034514555264
6886.0 0.32563174088766794
6888.0 0.32941477521436985
6890.0 0.3291234018623285
6892.0 0.3289792194898769
6894.0 0.33009875400183175
6896.0 0.32912196357355694
6898.0 0.32659657010525556
6900.0 0.3265391509138936
6902.0 0.3274691494356622
6904.0 0.32852528350420185
6906.0 0.3289873923793826
6908.0 0.32863416240279103
6910.0 0.328762070389737
6912.0 0.3284639806185577
6914.0 0.3279647163616809
6916.0 0.3288519010237908
6918.0 0.32879460989624754
6920.0 0.32796036692983643
6922.0 0.3274144702876315
6924.0 0.32884670432571295
6926.0 0.32843193129491227
6928.0 0.32971793551917417
6930.0 0.3293411647553336
6932.0 0.32963474781072244
6934.0 0.3300495014711599
6936.0 0.3290340936912908
6938.0 0.3264447925068205
6940.0 0.3257323578237099
6942.0 0.32483474688124037
6944.0 0.3246888960113936
6946.0 0.32471963081539457
6948.0 0.32486484126647364
6950.0 0.3241723169645495
6952.0 0.32429919617811614
6954.0 0.3230545659628532
6956.0 0.3230316468070557
6958.0 0.32214072219282713
6960.0 0.32161317972568687
6962.0 0.32247604156680465
6964.0 0.3220863731365557
6966.0 0.32038922995682473
6968.0 0.3201879046011323
6970.0 0.320828769341204
6972.0 0.3206869819764354
6974.0 0.32048109760668075
6976.0 0.3209601234261135
6978.0 0.32108198714008873
6980.0 0.31935445495317233
6982.0 0.3176697595139663
6984.0 0.31724488807420126
6986.0 0.31748370531840703
6988.0 0.3181300257596264
6990.0 0.3181850367927849
6992.0 0.31842234257719965
6994.0 0.31809637514783845
6996.0 0.31766005835439076
6998.0 0.3174904230257205
7000.0 0.3185104005980134
7002.0 0.31557214861099836
7004.0 0.31640707712305927
7006.0 0.31738204555593674
7008.0 0.3183947717384325
7010.0 0.3171016137951915
7012.0 0.3160902131862593
7014.0 0.314472226468766
7016.0 0.31538531965935224
7018.0 0.31786279603067863
7020.0 0.3189253245005237
7022.0 0.31833439906882394
7024.0 0.3179779847720723
7026.0 0.31756343310136886
7028.0 0.31851629027856704
7030.0 0.32051525782040524
7032.0 0.31824103511015644
7034.0 0.3182239949938116
7036.0 0.31872959307840804
7038.0 0.3215190273095659
7040.0 0.3223733683514606
7042.0 0.3211851516114265
7044.0 0.3208949292388354
7046.0 0.32114427808204926
7048.0 0.3219309479502757
7050.0 0.32184791373392846
7052.0 0.320654066984782
7054.0 0.32037447648863676
7056.0 0.3202029169635131
7058.0 0.3207980623673994
7060.0 0.321854228855698
7062.0 0.3230279591884234
7064.0 0.323360790564352
7066.0 0.3235753780471392
7068.0 0.3250455880268602
7070.0 0.32593718585492126
7072.0 0.3255810394190918
7074.0 0.3253577990514942
7076.0 0.3252504584741971
7078.0 0.3260970436812888
7080.0 0.3236731919856254
7082.0 0.3221115314791359
7084.0 0.3221455755895716
7086.0 0.3248635001038236
7088.0 0.3256325734934568
7090.0 0.3234328243874741
7092.0 0.32296353020167773
7094.0 0.32211024120623877
7096.0 0.326973275231629
7098.0 0.32947993327903535
7100.0 0.32906622101751204
7102.0 0.3310547895910296
7104.0 0.330401041242274
7106.0 0.3293183566609113
7108.0 0.3259399506294881
7110.0 0.3303704469469853
7112.0 0.32965895615160923
7114.0 0.3318051537520704
7116.0 0.3346223429686113
7118.0 0.3349857526252751
7120.0 0.33610671703840195
7122.0 0.3365157780835806
7124.0 0.3354272145915632
7126.0 0.3364983688522922
7128.0 0.3351755455555281
7130.0 0.33420488260860864
7132.0 0.33571536954751324
7134.0 0.3357980505610634
7136.0 0.3369719289436675
7138.0 0.3359485040800826
7140.0 0.3328389862726428
7142.0 0.3315193414393505
7144.0 0.3336885545442224
7146.0 0.3341635718481932
7148.0 0.3316529245892436
7150.0 0.3327231163840984
7152.0 0.3344603990760094
7154.0 0.3349139859192094
7156.0 0.3352276366933713
7158.0 0.33357676692008337
7160.0 0.33151056350907104
7162.0 0.33643149578533216
7164.0 0.33486721186629487
7166.0 0.3354992939346787
7168.0 0.33469994314148077
7170.0 0.333818277432414
7172.0 0.3316682051156423
7174.0 0.33593369307279336
7176.0 0.33387208221433495
7178.0 0.3328682546989672
7180.0 0.32992696564341634
7182.0 0.33052132676454204
7184.0 0.3282678061754461
7186.0 0.3322884032049059
7188.0 0.3320165200014839
7190.0 0.3311920149509692
7192.0 0.3307601637785251
7194.0 0.3279461358282477
7196.0 0.3292320259799703
7198.0 0.33013812599957587
7200.0 0.32988718083804747
7202.0 0.328907838021524
7204.0 0.3279756534052657
7206.0 0.3284572115455197
7208.0 0.3285187853230594
7210.0 0.32596435168946697
7212.0 0.32666748214430275
7214.0 0.3252254020605507
7216.0 0.323619090886826
7218.0 0.32616202750206896
7220.0 0.32723456745238005
7222.0 0.32652362047964506
7224.0 0.3257221631477356
7226.0 0.32869765829525305
7228.0 0.3284542434939911
7230.0 0.32727244526837457
7232.0 0.32705820869039964
7234.0 0.32663349257429175
7236.0 0.325002013408085
7238.0 0.32508730935884694
7240.0 0.32535547728213804
7242.0 0.32944164711292767
7244.0 0.330217902852833
7246.0 0.33024604438421545
7248.0 0.32827671200635083
7250.0 0.3271660341889289
7252.0 0.32840135650412244
7254.0 0.3277123153798146
7256.0 0.3285235479537981
7258.0 0.3297348120434411
7260.0 0.3307115436044743
7262.0 0.3297290235260941
7264.0 0.3290447252065848
7266.0 0.32674549514140877
7268.0 0.3266144815517355
7270.0 0.3263564475180098
7272.0 0.32890662326747694
7274.0 0.32784794917457344
7276.0 0.3274980155913777
7278.0 0.3291691357212584
7280.0 0.3305042619820876
7282.0 0.33219325518440507
7284.0 0.3299607148066758
7286.0 0.3303821347251975
7288.0 0.33085314375330815
7290.0 0.33245160247393685
7292.0 0.33191702640082416
7294.0 0.33098404865148884
7296.0 0.3302798115528876
7298.0 0.32933596181466546
7300.0 0.3294991188507673
7302.0 0.3288135868662158
7304.0 0.32853759160565293
7306.0 0.32816153474208554
7308.0 0.3279634501165109
7310.0 0.3288218406376914
7312.0 0.32919295622031586
7314.0 0.3285021601706719
7316.0 0.3282657443200048
7318.0 0.32735908122832
7320.0 0.3275973796318999
7322.0 0.32873337626130716
7324.0 0.3296449273332796
7326.0 0.328597303528914
7328.0 0.3271630969742051
7330.0 0.3253745167269588
7332.0 0.3245876164189942
7334.0 0.32415190615317724
7336.0 0.32417347071240615
7338.0 0.32335755229137875
7340.0 0.32422267271250355
7342.0 0.3230743572909831
7344.0 0.32187408704275805
7346.0 0.3205791583878377
7348.0 0.31860709064542864
7350.0 0.31794714992661505
7352.0 0.31728766159756
7354.0 0.31628229735019253
7356.0 0.3163306334736028
7358.0 0.31405167644963483
7360.0 0.3125007991467138
7362.0 0.31063470550070427
7364.0 0.3088955972425885
7366.0 0.30731983661566936
7368.0 0.3053950346836895
7370.0 0.3021795737860476
7372.0 0.29983139930216857
7374.0 0.2987297757693257
7376.0 0.297022245725397
7378.0 0.29582918409702263
7380.0 0.2942853023858955
7382.0 0.29393151820981633
7384.0 0.29324330879402843
7386.0 0.28974623262551086
7388.0 0.2887056473323362
7390.0 0.28705454971461
7392.0 0.2856963374569223
7394.0 0.2848503016942362
7396.0 0.28336999547731256
7398.0 0.281294090094675
7400.0 0.279113453249789
7402.0 0.2763893744492354
7404.0 0.2738122582491309
7406.0 0.270803162601119
7408.0 0.2679345833250013
7410.0 0.26497473891355494
7412.0 0.2630890723676876
7414.0 0.26109803598750286
7416.0 0.25952792633908467
7418.0 0.2567078728754912
7420.0 0.2527778970548994
7422.0 0.2505101816970969
7424.0 0.2483956511900832
7426.0 0.24594590010524325
7428.0 0.2438237517976126
7430.0 0.24271845540861386
7432.0 0.23986994333998682
7434.0 0.23717560015292835
7436.0 0.23609064862504162
7438.0 0.23385503931700521
7440.0 0.23063331259807401
7442.0 0.2276545607488771
7444.0 0.22566262177208007
7446.0 0.2237269525775848
7448.0 0.22208639339650388
7450.0 0.2201177690403035
7452.0 0.21848681525230448
7454.0 0.21767358084495034
7456.0 0.21601297886109022
7458.0 0.21520564556595928
7460.0 0.2138682778162236
7462.0 0.213322476995284
7464.0 0.21070208257702847
7466.0 0.2101181638565924
7468.0 0.20794199106837102
7470.0 0.20711765046072445
7472.0 0.208976947369543
7474.0 0.21049107684268378
7476.0 0.21095729074510017
7478.0 0.2114229124276344
7480.0 0.21084456030175847
7482.0 0.21186282296844577
7484.0 0.2127134875828591
7486.0 0.21351075965494934
7488.0 0.21493844280163768
7490.0 0.2154276751988272
7492.0 0.2170682152884611
7494.0 0.21773732740706972
7496.0 0.21303662173239188
7498.0 0.20786828478682676
7500.0 0.20917917901488128
7502.0 0.20795283419115398
7504.0 0.20783365309494545
7506.0 0.2086900783458974
7508.0 0.21087226878334375
7510.0 0.21293621560237208
7512.0 0.21554590815753844
7514.0 0.21810376280137375
7516.0 0.22376693829141472
7518.0 0.22725785830787743
7520.0 0.23748219326237963
7522.0 0.23499124290763518
7524.0 0.2335658547874235
7526.0 0.22842760707800394
7528.0 0.2347094670087241
7530.0 0.23090062191004102
7532.0 0.23764918321435924
7534.0 0.23506549969167917
7536.0 0.2434209088966229
7538.0 0.23821426860987405
7540.0 0.24885992752685124
7542.0 0.2407296193276169
7544.0 0.24474775703289758
7546.0 0.2488425877872603
7548.0 0.25786051871719584
7550.0 0.2576865665513119
7552.0 0.25817862485972837
7554.0 0.26915889514057667
7556.0 0.2613290627665261
7558.0 0.2720247176344253
7560.0 0.2729267041840173
7562.0 0.2708777022026294
7564.0 0.28036158255532684
7566.0 0.2774545050919525
7568.0 0.2816766501082372
7570.0 0.28751038561330705
7572.0 0.2873394717343618
7574.0 0.29206614866707575
7576.0 0.2951899937591206
7578.0 0.2941429322373677
7580.0 0.2994931942550742
7582.0 0.30012471592453294
7584.0 0.30164725296671085
7586.0 0.30465637821624775
7588.0 0.30860119710655515
7590.0 0.3090590433125366
7592.0 0.3128555022806191
7594.0 0.31167252806811385
7596.0 0.3158101684328911
7598.0 0.31526358152652517
7600.0 0.32168745886741396
7602.0 0.3240243666338932
7604.0 0.3230184029915417
7606.0 0.3276993413799687
7608.0 0.32753849293056025
7610.0 0.3308622405276325
7612.0 0.3321036102555501
7614.0 0.3322255198943606
7616.0 0.33495081157470874
7618.0 0.33556645210076014
7620.0 0.33569982584741714
7622.0 0.33804765257266894
7624.0 0.3396189471629957
7626.0 0.34180067919240475
7628.0 0.3429625149376111
7630.0 0.34127345739977516
7632.0 0.34323221829421086
7634.0 0.3437285482142276
7636.0 0.343614967482354
7638.0 0.34429448066176155
7640.0 0.34464187749866126
7642.0 0.3470685991395687
7644.0 0.34837882017626215
7646.0 0.3504965600313306
7648.0 0.3500440608796309
7650.0 0.351621262052289
7652.0 0.3518097840268146
7654.0 0.35156206399104684
7656.0 0.35070187874758146
7658.0 0.351715099964361
7660.0 0.35140640257919065
7662.0 0.3506404513613099
7664.0 0.350274943252295
7666.0 0.35082170155370235
7668.0 0.35105637861997857
7670.0 0.35088339921743034
7672.0 0.3509485941767775
7674.0 0.35129707251830317
7676.0 0.35096881652528256
7678.0 0.3513243347733773
7680.0 0.3531293894757814
7682.0 0.3532026103850693
7684.0 0.3514651480255376
7686.0 0.3509129821471928
7688.0 0.35242726883389797
7690.0 0.35267378620291906
7692.0 0.35261672938967603
7694.0 0.3530014215420823
7696.0 0.35238000993055757
7698.0 0.3514681782584933
7700.0 0.3520057340835713
7702.0 0.35187808372145185
7704.0 0.35220118866125344
7706.0 0.352686718538812
7708.0 0.3521363911509221
7710.0 0.3532322293103754
7712.0 0.353867853319528
7714.0 0.35212277549693594
7716.0 0.3511566692389556
7718.0 0.3518970882020299
7720.0 0.3516584558104175
7722.0 0.35171081555002764
7724.0 0.35288243870158953
7726.0 0.3538647246997937
7728.0 0.35290465371922014
7730.0 0.35233162105721205
7732.0 0.35026490177729724
7734.0 0.3517121753160156
7736.0 0.3521368904876595
7738.0 0.3515667137912467
7740.0 0.35050557417472633
7742.0 0.3491787671415865
7744.0 0.34779566683471114
7746.0 0.3510186438036748
7748.0 0.35111937391572334
7750.0 0.3503771139083756
7752.0 0.3501350542177248
7754.0 0.3482560322341901
7756.0 0.34695641743762334
7758.0 0.3465537321794269
7760.0 0.346211498169495
7762.0 0.34551309626230003
7764.0 0.34440795162101984
7766.0 0.3438916968850268
7768.0 0.3434133034291478
7770.0 0.34303093281068725
7772.0 0.3425595905897755
7774.0 0.3418012762862854
7776.0 0.34053583170362306
7778.0 0.3403784266280766
7780.0 0.3398061405691491
7782.0 0.33910106191896744
7784.0 0.3376183632163463
7786.0 0.33615270008826453
7788.0 0.3355304824571449
7790.0 0.33403083549834833
7792.0 0.3333155996458123
7794.0 0.33260452610074404
7796.0 0.3328876481634274
7798.0 0.3322245907425053
7800.0 0.33058251094963675
7802.0 0.3303980749738447
7804.0 0.32968907830097843
7806.0 0.32879462522580044
7808.0 0.32820705645281845
7810.0 0.3269207985288398
7812.0 0.32354430254118927
7814.0 0.32213926455426123
7816.0 0.3226458144401527
7818.0 0.32321149609652366
7820.0 0.32309858001283975
7822.0 0.32026279803208046
7824.0 0.3182745494476722
7826.0 0.3166806283316727
7828.0 0.3180836203330489
7830.0 0.3167012463486124
7832.0 0.31476415915553985
7834.0 0.3126193226531045
7836.0 0.3126297838060823
7838.0 0.31090758447983563
7840.0 0.30877823796596165
7842.0 0.3080863898877627
7844.0 0.3074249265592163
7846.0 0.30759920244166106
7848.0 0.3063597812006672
7850.0 0.30509849231428293
7852.0 0.30378570247476805
7854.0 0.30221779788651026
7856.0 0.29994516096793283
7858.0 0.2985663825491935
7860.0 0.2973119023576306
7862.0 0.29612758728858674
7864.0 0.29494174904690346
7866.0 0.29367009262477944
7868.0 0.2924120832209328
7870.0 0.29123694361979796
7872.0 0.2893215874923961
7874.0 0.2873217271905751
7876.0 0.28692657394629995
7878.0 0.28410123896363254
7880.0 0.28319661546547215
7882.0 0.28242057106756946
7884.0 0.2829377096516076
7886.0 0.2826378413799669
7888.0 0.2809469129198139
7890.0 0.2801023950242913
7892.0 0.27883896803931923
7894.0 0.28037855069764056
7896.0 0.27957314411485656
7898.0 0.27817941318924105
7900.0 0.2761087587722872
7902.0 0.2739953385590909
7904.0 0.27198634963907814
7906.0 0.2706988979730978
7908.0 0.27014896273359107
7910.0 0.26856082192765784
7912.0 0.26869395516716504
7914.0 0.2685443156135108
7916.0 0.26806170855777467
7918.0 0.2668245240673173
7920.0 0.26408101433637315
7922.0 0.263148258628045
7924.0 0.26030106313295825
7926.0 0.2603948160843106
7928.0 0.2590078172596971
7930.0 0.25773406750555705
7932.0 0.25538996592550206
7934.0 0.25440099295107704
7936.0 0.2523000843173741
7938.0 0.2518867115919997
7940.0 0.2507814767381151
7942.0 0.2498303884621896
7944.0 0.248832886005199
7946.0 0.2495819355914365
7948.0 0.24657191094908712
7950.0 0.2454012804448926
7952.0 0.2434654351344612
7954.0 0.24176181911844496
7956.0 0.2407724601177084
7958.0 0.23866934028575618
7960.0 0.2375910541829645
7962.0 0.23766080866130582
7964.0 0.23713985604342555
7966.0 0.2352867406556535
7968.0 0.2348699818215524
7970.0 0.23367094503561295
7972.0 0.23310606227485212
7974.0 0.23145845254918632
7976.0 0.2294730714362735
7978.0 0.23037545895518352
7980.0 0.2290882866905398
7982.0 0.22827169324310187
7984.0 0.22845670623040998
7986.0 0.2265333008416329
7988.0 0.22654530742959414
7990.0 0.22524598701899318
7992.0 0.22478638119156608
7994.0 0.22493182659611433
7996.0 0.22346165579190536
7998.0 0.22248189030471102
8000.0 0.22147613277899647
8002.0 0.2196068134541561
8004.0 0.2178194790150722
8006.0 0.21513575766692142
8008.0 0.21451357504628812
8010.0 0.2142424275822663
8012.0 0.21439698391511228
8014.0 0.21312766952313497
8016.0 0.21205276290900968
8018.0 0.21056114341993457
8020.0 0.2082015940261626
8022.0 0.20797922215806708
8024.0 0.2050907321778558
8026.0 0.2030010235026348
8028.0 0.20467883003563833
8030.0 0.20335366862609483
8032.0 0.2032376118176896
8034.0 0.20271894808985816
8036.0 0.20190674860853688
8038.0 0.20303378799160163
8040.0 0.20146876292947166
8042.0 0.19938772748999994
8044.0 0.1961135321919639
8046.0 0.19729771624215797
8048.0 0.19656266933290614
8050.0 0.19291280427652396
8052.0 0.1922200758791135
8054.0 0.1907689074798587
8056.0 0.18715033414935386
8058.0 0.1857195506433532
8060.0 0.18484387679974457
8062.0 0.18603597314526815
8064.0 0.18167110007320783
8066.0 0.18242746646678107
8068.0 0.18278762363948356
8070.0 0.18144501256042847
8072.0 0.17785054115321194
8074.0 0.17954364622723418
8076.0 0.1790615710680134
8078.0 0.1780089967738565
8080.0 0.17624389127878276
8082.0 0.17391039167031866
8084.0 0.17134442632853136
8086.0 0.17137362692852792
8088.0 0.16883255119335175
8090.0 0.16914249308050044
8092.0 0.1646537813195104
8094.0 0.1632762880402948
8096.0 0.16207855390154255
8098.0 0.1605382213677269
8100.0 0.15860058162434007
8102.0 0.1566866826850619
8104.0 0.1540961224666888
8106.0 0.15160469714161712
8108.0 0.15037496069722267
8110.0 0.14880647814287162
8112.0 0.1461986254683879
8114.0 0.14456033398804546
8116.0 0.1426743382573409
8118.0 0.1398070967201177
8120.0 0.13528827850722475
8122.0 0.1303385263368872
8124.0 0.13161728866915826
8126.0 0.131283836735844
8128.0 0.13060258828762103
8130.0 0.13089860755115015
8132.0 0.13009562693497853
8134.0 0.1293662628385672
8136.0 0.12808358271644005
8138.0 0.12567223464719568
8140.0 0.1238761572850149
8142.0 0.12305104759727545
8144.0 0.12240710076496507
8146.0 0.11974134292584039
8148.0 0.11802249341958898
8150.0 0.11628975037976758
8152.0 0.11475076331262189
8154.0 0.11371708454535918
8156.0 0.11311221073584181
8158.0 0.10950151161065128
8160.0 0.10872733945143574
8162.0 0.1080549031794909
8164.0 0.10753385224376921
8166.0 0.10598205494357117
8168.0 0.104260579953164
8170.0 0.10205836503925513
8172.0 0.10157156949211135
8174.0 0.10081245715049457
8176.0 0.09993535139480718
8178.0 0.09981253747806612
8180.0 0.0993242979037951
8182.0 0.09976031263531315
8184.0 0.10039452602737514
8186.0 0.09899738180375084
8188.0 0.09824946561531271
8190.0 0.09828453329589976
8192.0 0.09849060816062129
8194.0 0.09665024271478724
8196.0 0.09755630723707256
8198.0 0.0976068674221004
8200.0 0.10067863405656706
8202.0 0.10092677272993926
8204.0 0.10126775223650394
8206.0 0.10047186378532133
8208.0 0.10057620453638896
8210.0 0.09912668963132334
8212.0 0.10058764674435156
8214.0 0.10084507507643588
8216.0 0.10297882493493193
8218.0 0.10377559146610711
8220.0 0.10486016891562022
8222.0 0.10449676760142225
8224.0 0.10593935717813827
8226.0 0.10604764746757409
8228.0 0.10578676918926966
8230.0 0.109409457398153
8232.0 0.1097987577719867
8234.0 0.11081814547987848
8236.0 0.10924985025314753
8238.0 0.1096680156305074
8240.0 0.11128892755847343
8242.0 0.11303537189305207
8244.0 0.11451570615855272
8246.0 0.11586822799635861
8248.0 0.11566384115220017
8250.0 0.11671788024765503
8252.0 0.11786624097060372
8254.0 0.11952818026954999
8256.0 0.11857580919606382
8258.0 0.11856795629662374
8260.0 0.11942139989954224
8262.0 0.12042393946078404
8264.0 0.12098348085768233
8266.0 0.12198735451097638
8268.0 0.12214367841821104
8270.0 0.12296407559123133
8272.0 0.12466967505336861
8274.0 0.1247863163125614
8276.0 0.12415891284597641
8278.0 0.12536782771448118
8280.0 0.12633808391814863
8282.0 0.12697166843652355
8284.0 0.1272267009558482
8286.0 0.1287248018967376
8288.0 0.12956779095313634
8290.0 0.1299188581522281
8292.0 0.13171485628273683
8294.0 0.1319216658418948
8296.0 0.1328584749130173
8298.0 0.133343001754115
8300.0 0.13393738939048888
8302.0 0.13317070063931793
8304.0 0.13322870876376117
8306.0 0.1338570708727552
8308.0 0.13654189946085143
8310.0 0.13829374157090032
8312.0 0.1394762285671271
8314.0 0.13938890778040477
8316.0 0.14058568338767216
8318.0 0.14161954150300704
8320.0 0.14423077776209928
8322.0 0.1454045886127974
8324.0 0.14659767721985098
8326.0 0.14693998590736038
8328.0 0.1486115330067531
8330.0 0.15073433962228866
8332.0 0.15274752788346577
8334.0 0.15368213867246758
8336.0 0.1545100332455296
8338.0 0.15722674767671052
8340.0 0.1577445676331331
8342.0 0.1582627311182785
8344.0 0.16089042176225007
8346.0 0.16237325870418706
8348.0 0.16438214278042423
8350.0 0.16558281787531076
8352.0 0.16475942621467662
8354.0 0.16535415432340317
8356.0 0.16846830059699516
8358.0 0.17027139793699544
8360.0 0.17442947022657274
8362.0 0.17629000931844474
8364.0 0.17848569191474792
8366.0 0.1796163247150307
8368.0 0.18103544747675962
8370.0 0.18203127855955567
8372.0 0.1832651240372857
8374.0 0.18516099826677987
8376.0 0.18697005494192667
8378.0 0.18905673706870083
8380.0 0.19062981347764704
8382.0 0.19137944106490892
8384.0 0.19372939758322816
8386.0 0.19659114143581974
8388.0 0.19739271651569187
8390.0 0.19828081214961638
8392.0 0.20098947592504013
8394.0 0.2036458880504769
8396.0 0.2064774873617909
8398.0 0.21015821762987694
8400.0 0.21205174144021424
8402.0 0.21270015860860983
8404.0 0.21442995185663366
8406.0 0.21792174450857843
8408.0 0.22040757433714345
8410.0 0.22420490411741148
8412.0 0.22457721155234972
8414.0 0.22565716583416243
8416.0 0.22706721021041978
8418.0 0.23018310680599838
8420.0 0.23333759562497128
8422.0 0.23684371933254672
8424.0 0.239520114096088
8426.0 0.24038500833937723
8428.0 0.2412864930537469
8430.0 0.24242941475618748
8432.0 0.24397662167027595
8434.0 0.2462319781195704
8436.0 0.24768432379130176
8438.0 0.24926648900929774
8440.0 0.2526809650848455
8442.0 0.2560146459925769
8444.0 0.25740777036350343
8446.0 0.2592640131141899
8448.0 0.261938451638234
8450.0 0.26541363576974963
8452.0 0.2636751500383856
8454.0 0.2647942967350322
8456.0 0.2665786933852071
8458.0 0.2697783796489831
8460.0 0.2717055954026319
8462.0 0.27611327451764556
8464.0 0.2752320969716681
8466.0 0.2755953204104023
8468.0 0.2768005427615695
8470.0 0.27827285086214926
8472.0 0.28091089551937753
8474.0 0.28128171353321996
8476.0 0.2837209758238928
8478.0 0.28467356247679915
8480.0 0.28670404751103934
8482.0 0.2882305953697723
8484.0 0.28903182841105923
8486.0 0.2897214529543089
8488.0 0.2933400206975625
8490.0 0.29355256195111695
8492.0 0.2930163330918353
8494.0 0.2943677384492079
8496.0 0.2957477901100245
8498.0 0.29776228683078027
8500.0 0.2988731909100566
8502.0 0.29872654928816256
8504.0 0.300977783394725
8506.0 0.30077210187444803
8508.0 0.29951895234289566
8510.0 0.2983705448807251
8512.0 0.29727210512118196
8514.0 0.2969394431096139
8516.0 0.2981624959087864
8518.0 0.29882856174526184
8520.0 0.3002028409719091
8522.0 0.3026917388571985
8524.0 0.3027712733900098
8526.0 0.3042490332693633
8528.0 0.30461973808310716
8530.0 0.30643404124505613
8532.0 0.30780387971655254
8534.0 0.3081227093207117
8536.0 0.3072167878114705
8538.0 0.3083472069666897
8540.0 0.31046054914917925
8542.0 0.30992539363235466
8544.0 0.310576909176809
8546.0 0.31236680485663454
8548.0 0.31211101937109514
8550.0 0.31323660441208667
8552.0 0.31304464600866844
8554.0 0.31495426116503134
8556.0 0.3144005121233183
8558.0 0.314317971544753
8560.0 0.3158600070960868
8562.0 0.31535984399139216
8564.0 0.3162864464611879
8566.0 0.3131232012296366
8568.0 0.3139223733741687
8570.0 0.3116536424292497
8572.0 0.3124409929661881
8574.0 0.3121646063381246
8576.0 0.3103097047531921
8578.0 0.31139511930860764
8580.0 0.31259812706298534
8582.0 0.31192683945617056
8584.0 0.31189257016140065
8586.0 0.31252253569312316
8588.0 0.3132156948248079
8590.0 0.3153303288806126
8592.0 0.31665827650631856
8594.0 0.31794508573195174
8596.0 0.3181916199612153
8598.0 0.31830799620530303
8600.0 0.3164603706511702
8602.0 0.31637316857737274
8604.0 0.3153980106917185
8606.0 0.31268871630983575
8608.0 0.31251363160209933
8610.0 0.3117231724315251
8612.0 0.3126345314224981
8614.0 0.31299067512924095
8616.0 0.3118179838998175
8618.0 0.31120642088024
8620.0 0.3088208361352094
8622.0 0.3081024452873931
8624.0 0.30876932433294174
8626.0 0.31490942886340106
8628.0 0.3174908809658472
8630.0 0.3191307125529704
8632.0 0.316394055969729
8634.0 0.3164721488790602
8636.0 0.31500144720275425
8638.0 0.3163267794725168
8640.0 0.31516311502549244
8642.0 0.31240231832721005
8644.0 0.31006639364713307
8646.0 0.3108358959540018
8648.0 0.3100047828629451
8650.0 0.31148924164121305
8652.0 0.312568676802774
8654.0 0.3096680715088229
8656.0 0.3058250736640888
8658.0 0.3039197455188627
8660.0 0.30360714551436696
8662.0 0.30432938334500986
8664.0 0.3046178316533837
8666.0 0.3040014329649468
8668.0 0.3044047187407291
8670.0 0.3022793458918501
8672.0 0.300803735408068
8674.0 0.3012482229170144
8676.0 0.3015678064321331
8678.0 0.2991965178288135
8680.0 0.30137111717862336
8682.0 0.3003662234600336
8684.0 0.30042685840072664
8686.0 0.2990890707980746
8688.0 0.29865951427283594
8690.0 0.29620152562830004
8692.0 0.2965164157346533
8694.0 0.29864586778364205
8696.0 0.2996958645939764
8698.0 0.29542385705516877
8700.0 0.2904439847287381
8702.0 0.28494299409948187
8704.0 0.28515161570148795
8706.0 0.28582263077850484
8708.0 0.28643779833742816
8710.0 0.2857076191983794
8712.0 0.2834766744326428
8714.0 0.28143038145270177
8716.0 0.2869599038961634
8718.0 0.288066873757691
8720.0 0.2844724171512981
8722.0 0.283576349370744
8724.0 0.28335897977485336
8726.0 0.28087505292195075
8728.0 0.279662674111992
8730.0 0.2785993962007982
8732.0 0.2781983753180931
8734.0 0.27633611600203456
8736.0 0.273486902081173
8738.0 0.2708930841035435
8740.0 0.269844773545582
8742.0 0.26887036071842707
8744.0 0.26812899822386577
8746.0 0.26652176478106543
8748.0 0.26640279352057766
8750.0 0.2660038303276781
8752.0 0.2643714484205734
8754.0 0.2612266974504033
8756.0 0.2573908715016265
8758.0 0.25635011152185105
8760.0 0.255603895386919
8762.0 0.25462565639250273
8764.0 0.2532545902458923
8766.0 0.2527659209095928
8768.0 0.2517117100732349
8770.0 0.24996095220920292
8772.0 0.24701705324329756
8774.0 0.2450647071322646
8776.0 0.24461246103257797
8778.0 0.24433282402156734
8780.0 0.24192366785814287
8782.0 0.2411142502973318
8784.0 0.23992006235988306
8786.0 0.23789747449106208
8788.0 0.23387839643665626
8790.0 0.2314029409721338
8792.0 0.23005347984339414
8794.0 0.2262568342652425
8796.0 0.22496608662206055
8798.0 0.22457777398036474
8800.0 0.22346084036255204
8802.0 0.22188997354887433
8804.0 0.21799487361320702
8806.0 0.21905350191011008
8808.0 0.2190117282939718
8810.0 0.21652145698475092
8812.0 0.2138501121453462
8814.0 0.2113501811954157
8816.0 0.2087085071082287
8818.0 0.20761575227265808
8820.0 0.20765462694434253
8822.0 0.2055647734520711
8824.0 0.20403701981595843
8826.0 0.20395738819587964
8828.0 0.20304250858924688
8830.0 0.20047562129844543
8832.0 0.19658706605910253
8834.0 0.19622965547068397
8836.0 0.19267386313256268
8838.0 0.1893689782347242
8840.0 0.18538170322554592
8842.0 0.18742032031538833
8844.0 0.18696967405796192
8846.0 0.18597008851599056
8848.0 0.18336047334805267
8850.0 0.1821215865721221
8852.0 0.18221440319165694
8854.0 0.18283147634234756
8856.0 0.18009839666428976
8858.0 0.18435335816162715
8860.0 0.1825145051927929
8862.0 0.1818819464001447
8864.0 0.17897843448129644
8866.0 0.17707817672790363
8868.0 0.1772421364889997
8870.0 0.17238916246035604
8872.0 0.16927166769483107
8874.0 0.1727432033098401
8876.0 0.1737668265394047
8878.0 0.17714359382874545
8880.0 0.17619904102449271
8882.0 0.17201798007516425
8884.0 0.1673403917309394
8886.0 0.16807757176784263
8888.0 0.16678532287545603
8890.0 0.16938408477290287
8892.0 0.1690399157657364
8894.0 0.16957747770753906
8896.0 0.16531688216339158
8898.0 0.16624684951098156
8900.0 0.16343636142740345
8902.0 0.16604827844331452
8904.0 0.1678162510916639
8906.0 0.16616597022691337
8908.0 0.1686484815659748
8910.0 0.16833590751500543
8912.0 0.17150698544603882
8914.0 0.1705977254196924
8916.0 0.17041392195409155
8918.0 0.17139938891547946
8920.0 0.17257750995937138
8922.0 0.17219524436840591
8924.0 0.1711457432995658
8926.0 0.16912900369048592
8928.0 0.1693820455468862
8930.0 0.16914294168301255
8932.0 0.16857908015247206
8934.0 0.16815891702708272
8936.0 0.16617330115131076
8938.0 0.1730321044198483
8940.0 0.176115430827211
8942.0 0.17613595860741912
8944.0 0.17184216362378713
8946.0 0.16857944497047095
8948.0 0.16936593586097887
8950.0 0.17068395304802103
8952.0 0.16774490141550094
8954.0 0.16952174870133158
8956.0 0.1691199102509327
8958.0 0.17170887739855373
8960.0 0.17250324257707725
8962.0 0.1694400409138251
8964.0 0.16754249309199146
8966.0 0.17208612116421543
8968.0 0.1717889572520559
8970.0 0.1662714773318496
8972.0 0.16942162813303668
8974.0 0.17251559100152128
8976.0 0.1717370076884143
8978.0 0.17071207134392535
8980.0 0.17047200054131673
8982.0 0.16635836917546884
8984.0 0.16625624822837612
8986.0 0.16810900507519488
8988.0 0.16697603142724382
8990.0 0.17069419504229308
8992.0 0.1734044164650305
8994.0 0.173616283000412
8996.0 0.17115850309957892
8998.0 0.17210745342710712
9000.0 0.1709458886066532
9002.0 0.17121645321775078
9004.0 0.17225535766679081
9006.0 0.170715690359314
9008.0 0.17089339707340048
9010.0 0.17284161692277372
9012.0 0.1712578369581484
9014.0 0.1695433294191675
9016.0 0.1737560015513175
9018.0 0.17053179790282666
9020.0 0.173793076379843
9022.0 0.17928155164405263
9024.0 0.1786075674820736
9026.0 0.17767857028476128
9028.0 0.17752946186383298
9030.0 0.17766303347553244
9032.0 0.17713038347484944
9034.0 0.17672349811267543
9036.0 0.17757873485203188
9038.0 0.17545719153332562
9040.0 0.18023834827923865
9042.0 0.17695931833362233
9044.0 0.17576006012404066
9046.0 0.17386791038510524
9048.0 0.17447645923488345
9050.0 0.17295958163668787
9052.0 0.17419310351580075
9054.0 0.17648567800656736
9056.0 0.1777902221211942
9058.0 0.17876693891684484
9060.0 0.1798344264071431
9062.0 0.17900463783768522
9064.0 0.1779532356210531
9066.0 0.17578653221246576
9068.0 0.17964645324515896
9070.0 0.17948962100395602
9072.0 0.18051154332043465
9074.0 0.18134460022062301
9076.0 0.18353866972583247
9078.0 0.183391116398593
9080.0 0.18425154917957645
9082.0 0.1847081686941623
9084.0 0.18598180214425777
9086.0 0.18539130674492407
9088.0 0.18433057948314563
9090.0 0.18500323072346422
9092.0 0.18657212429181727
9094.0 0.18720826147986003
9096.0 0.18601628370675907
9098.0 0.1873353256096617
9100.0 0.1857095432026729
9102.0 0.18510293069173106
9104.0 0.18374968568803612
9106.0 0.18609898566779168
9108.0 0.1880822395840756
9110.0 0.1873364888548248
9112.0 0.18629303944707476
9114.0 0.18654232752268138
9116.0 0.18602071922971064
9118.0 0.18487382923415185
9120.0 0.18415023439612555
9122.0 0.18631771212575174
9124.0 0.18684357824069367
9126.0 0.18651655535843747
9128.0 0.18736072602918724
9130.0 0.18798536299069138
9132.0 0.18700843392991354
9134.0 0.18802034168259757
9136.0 0.18805830098651508
9138.0 0.18967801134623252
9140.0 0.19048626457509518
9142.0 0.19016409901344472
9144.0 0.19043205355311313
9146.0 0.19108595053184615
9148.0 0.18921079698987162
9150.0 0.1887434735041621
9152.0 0.1874011532017538
9154.0 0.18728884632659107
9156.0 0.1891032616771077
9158.0 0.18798803234737563
9160.0 0.1866484893089723
9162.0 0.18895103261394464
9164.0 0.18615787520971597
9166.0 0.1848382799177312
9168.0 0.1890623862766614
9170.0 0.19274919992104925
9172.0 0.1934700262973949
9174.0 0.19159435207046016
9176.0 0.18925413547919429
9178.0 0.1885222896510082
9180.0 0.18972947917033955
9182.0 0.18712068062499482
9184.0 0.1883146424061107
9186.0 0.19032637158024152
9188.0 0.1827084803873929
9190.0 0.18459725679112834
9192.0 0.19407770849266634
9194.0 0.19416633085720988
9196.0 0.1789777528704726
9198.0 0.1871544320974156
9200.0 0.1914741371099166
9202.0 0.19234142595571282
9204.0 0.18387811357590506
9206.0 0.1849877698908699
9208.0 0.19019534388815276
9210.0 0.19320141286653886
9212.0 0.18841436309267803
9214.0 0.17891178644238045
9216.0 0.18756486808116649
9218.0 0.18515325927373602
9220.0 0.18718412106304705
9222.0 0.17839327062848528
9224.0 0.1712572828936855
9226.0 0.18646394907804034
9228.0 0.19992661132737236
9230.0 0.19736176718835882
9232.0 0.1897714651627073
9234.0 0.17690984601017362
9236.0 0.18730308731923034
9238.0 0.1734134092440945
9240.0 0.19308980196100686
9242.0 0.19714156146657358
9244.0 0.18883954760292282
9246.0 0.18458431732367722
9248.0 0.1871642062685988
9250.0 0.17878547467736772
9252.0 0.18613834618773178
9254.0 0.19289180553513838
9256.0 0.1867124082115147
9258.0 0.18462199827216208
9260.0 0.17869851970979447
9262.0 0.19188763676296902
9264.0 0.19783821340879898
9266.0 0.18313160992219318
9268.0 0.1949409625353785
9270.0 0.19545774107670177
9272.0 0.19435237291092788
9274.0 0.19659289003540667
9276.0 0.19602910971507195
9278.0 0.1861388654269033
9280.0 0.18658178990411758
9282.0 0.18822160583953892
9284.0 0.1901885813397809
9286.0 0.187807796157415
9288.0 0.1824754182874637
9290.0 0.18066629731772785
9292.0 0.18518601602928006
9294.0 0.18742212042801798
9296.0 0.17972302192240738
9298.0 0.1846725944084795
9300.0 0.1814935012433154
9302.0 0.18421005199386367
9304.0 0.18040054781787987
9306.0 0.1653666655595973
9308.0 0.1722021957463089
9310.0 0.1776070113000949
9312.0 0.1854859705802236
9314.0 0.18493570254103026
9316.0 0.1735143040108794
9318.0 0.17295968625886204
9320.0 0.1657395077732652
9322.0 0.17471149268169633
9324.0 0.18103236058899677
9326.0 0.18717542005015955
9328.0 0.18543177247462908
9330.0 0.18723905279045694
9332.0 0.1783796673734448
9334.0 0.17354301451793713
9336.0 0.1831215989355021
9338.0 0.1735191583432736
9340.0 0.17788981422436198
9342.0 0.18666826430878086
9344.0 0.18651937922281114
9346.0 0.18555020769805927
9348.0 0.18501873239813715
9350.0 0.1851004757234744
9352.0 0.1870339202318485
9354.0 0.18391767833922934
9356.0 0.18319159111372674
9358.0 0.18362958737923027
9360.0 0.18208704643781556
9362.0 0.18222717379311132
9364.0 0.1816592328967298
9366.0 0.18066107172370102
9368.0 0.18115471228672061
9370.0 0.18111914454445482
9372.0 0.18093066604169616
9374.0 0.18043841904140898
9376.0 0.18049787286726962
9378.0 0.18247000245082756
9380.0 0.1813380372757642
9382.0 0.18248192051586734
9384.0 0.18318271962092614
9386.0 0.18378824292339235
9388.0 0.18130991159963805
9390.0 0.1809458249704261
9392.0 0.1804216065161413
9394.0 0.18249615051067672
9396.0 0.1810520019125314
9398.0 0.18063875987141426
9400.0 0.1828889425765328
9402.0 0.18463545158878375
9404.0 0.18428885694617275
9406.0 0.18411177447995786
9408.0 0.18336940158470225
9410.0 0.18313432272034022
9412.0 0.18177408689569496
9414.0 0.18248014389649553
9416.0 0.1818672360729662
9418.0 0.18086528931647144
9420.0 0.18205728710795252
9422.0 0.1831874091712677
9424.0 0.1823804317886192
9426.0 0.18135520629892524
9428.0 0.18034163553495605
9430.0 0.18079211327221603
9432.0 0.17885549983440682
9434.0 0.17926634798091173
9436.0 0.1800091752999832
9438.0 0.17855386151473224
9440.0 0.17787107220733134
9442.0 0.17774113811488437
9444.0 0.17974558592412
9446.0 0.18004041899791182
9448.0 0.17933775163353327
9450.0 0.18009776126772972
9452.0 0.17918890466459522
9454.0 0.1791326841870876
9456.0 0.1794588111872507
9458.0 0.18077739343144278
9460.0 0.1798076854824092
9462.0 0.17927233504556825
9464.0 0.17796949062493922
9466.0 0.1760527859994376
9468.0 0.1770971157331238
9470.0 0.17726452138491297
9472.0 0.17855614751500606
9474.0 0.17754823987731777
9476.0 0.17710276631663255
9478.0 0.17604556375153982
9480.0 0.1779257990093882
9482.0 0.17892739353718104
9484.0 0.17985230446027295
9486.0 0.1801252454792104
9488.0 0.1778457902684091
9490.0 0.17688602522642025
9492.0 0.17698158894433644
9494.0 0.1763332242273795
9496.0 0.1756098939187682
9498.0 0.17583045824426316
9500.0 0.17600713548289695
9502.0 0.17722763092631078
9504.0 0.17551325920009853
9506.0 0.17471667839619634
9508.0 0.17542029835486686
9510.0 0.1748471604175857
9512.0 0.17375175510009558
9514.0 0.17432932153440503
9516.0 0.17283449671584475
9518.0 0.1731505529502675
9520.0 0.17556376594460488
9522.0 0.17378304533841443
9524.0 0.17254636140362584
9526.0 0.17288818762553698
9528.0 0.1721541746506691
9530.0 0.17236830471790907
9532.0 0.17287448146552978
9534.0 0.17103251638659364
9536.0 0.17043460400385543
9538.0 0.16978567891049343
9540.0 0.17517589873439804
9542.0 0.17590128768272265
9544.0 0.17584781863001017
9546.0 0.1761363109570806
9548.0 0.17488712289800748
9550.0 0.1726780297596872
9552.0 0.17223311716592146
9554.0 0.1737361021149288
9556.0 0.17501091685753611
9558.0 0.1723078215651754
9560.0 0.1733130030286919
9562.0 0.1732695968639914
9564.0 0.17260052792818825
9566.0 0.1745684669023079
9568.0 0.17439087083130989
9570.0 0.171774825969664
9572.0 0.172836591747002
9574.0 0.17537632704753314
9576.0 0.1755969425239485
9578.0 0.17600358263681914
9580.0 0.17538697575981477
9582.0 0.17078949869431417
9584.0 0.16916736009963146
9586.0 0.16997897208920842
9588.0 0.17023307405637028
9590.0 0.17234836439255333
9592.0 0.17326019699364553
9594.0 0.17277201611416632
9596.0 0.17240999309441682
9598.0 0.17290607530821436
9600.0 0.17255405366868945
9602.0 0.172276060306175
9604.0 0.17210101102708164
9606.0 0.17124132899449168
9608.0 0.17103723336975973
9610.0 0.17038453542799578
9612.0 0.17014473307481973
9614.0 0.17124998492487245
9616.0 0.17205521801411983
9618.0 0.17200701584255806
9620.0 0.17184009489367574
9622.0 0.17147456616658877
9624.0 0.17143812377260736
9626.0 0.1707022960411057
9628.0 0.17104743707966683
9630.0 0.1713365450748415
9632.0 0.17213811724036998
9634.0 0.17224228136385705
9636.0 0.17109993459041214
9638.0 0.17062917824996612
9640.0 0.17047169130431478
9642.0 0.1707089857345337
9644.0 0.17083208310482423
9646.0 0.17020627841912245
9648.0 0.17065542984352391
9650.0 0.17052746730267068
9652.0 0.17090082939603968
9654.0 0.17135188142200006
9656.0 0.1710332394879801
9658.0 0.17049865407987164
9660.0 0.17061437752072783
9662.0 0.17118541500170859
9664.0 0.1704371276314319
9666.0 0.17093624120637482
9668.0 0.17033059072501638
9670.0 0.1704748254433164
9672.0 0.17047151867988272
9674.0 0.17086886278838634
9676.0 0.17074424958657514
9678.0 0.1706941102047866
9680.0 0.17026703902280999
9682.0 0.17133808633091815
9684.0 0.1711593759104694
9686.0 0.17151338463848234
9688.0 0.17207273294830722
9690.0 0.17259356783554716
9692.0 0.1727869475566133
9694.0 0.17058136508824595
9696.0 0.17070923971780272
9698.0 0.171752756850069
9700.0 0.17086216523639577
9702.0 0.17046889683506736
9704.0 0.17207950085973117
9706.0 0.17257665026323488
9708.0 0.17182268931409286
9710.0 0.17204877050612108
9712.0 0.17253145520469876
9714.0 0.1727735655167358
9716.0 0.17307797255315815
9718.0 0.17370247065894448
9720.0 0.172712356215837
9722.0 0.17299295076091206
9724.0 0.17335350888802487
9726.0 0.17370601569502359
9728.0 0.17457313867984064
9730.0 0.17405127110504884
9732.0 0.17320814936590564
9734.0 0.17364798678061938
9736.0 0.1749707810465019
9738.0 0.17567063512112244
9740.0 0.17522478535867103
9742.0 0.17426629390299717
9744.0 0.17446875946815843
9746.0 0.17545012969604337
9748.0 0.17536284489194495
9750.0 0.1761451433595443
9752.0 0.17677801754859782
9754.0 0.17651633068008835
9756.0 0.17608248353685696
9758.0 0.17583080460608103
9760.0 0.17501295982905266
9762.0 0.17576910581233607
9764.0 0.17687057811772397
9766.0 0.1772260166523016
9768.0 0.17627382758700955
9770.0 0.17807241115219655
9772.0 0.17888989890992546
9774.0 0.17837676751345602
9776.0 0.17866221140116303
9778.0 0.17729433279502138
9780.0 0.1777142895118638
9782.0 0.17739176743935928
9784.0 0.17704089475810617
9786.0 0.1787032194629358
9788.0 0.17912106491428165
9790.0 0.17959079637263237
9792.0 0.17998977524439788
9794.0 0.17971856511130765
9796.0 0.17993536485488276
9798.0 0.1801364085235474
9800.0 0.17965219146968572
9802.0 0.17960981518277894
9804.0 0.18022720499915282
9806.0 0.17923628711350403
9808.0 0.1795101508804701
9810.0 0.17945135432119524
9812.0 0.17852314778855446
9814.0 0.17893167903194382
9816.0 0.1802564949424398
9818.0 0.18012146443469182
9820.0 0.1807472844686155
9822.0 0.1796424816331044
9824.0 0.18059652969468543
9826.0 0.18226651797715498
9828.0 0.1820575831477567
9830.0 0.1820716799431038
9832.0 0.18275584765732836
9834.0 0.18209365999813965
9836.0 0.18045867465792945
9838.0 0.18056907864220217
9840.0 0.1807407067372371
9842.0 0.18002487844892787
9844.0 0.18018984910774868
9846.0 0.18124184016969846
9848.0 0.18158005052239592
9850.0 0.1813328433984733
9852.0 0.17963940381673238
9854.0 0.17947683361266265
9856.0 0.17945726315488691
9858.0 0.1803611768101541
9860.0 0.1809363287144199
9862.0 0.18186917445691486
9864.0 0.1810735490764932
9866.0 0.18112522535684109
9868.0 0.18103699324751246
9870.0 0.18065081793427637
9872.0 0.17934720743217553
9874.0 0.1792071527435591
9876.0 0.18022183366490954
9878.0 0.17920537390604388
9880.0 0.17969723185476283
9882.0 0.1804076185505388
9884.0 0.1797168847543697
9886.0 0.17987499062678822
9888.0 0.17898170012769182
9890.0 0.17925286014457517
9892.0 0.17939811572731648
9894.0 0.18031598888647507
9896.0 0.17969416908094
9898.0 0.1787834299791137
9900.0 0.1793858380300611
9902.0 0.17790899370704047
9904.0 0.17796595606595478
9906.0 0.17860281838504294
9908.0 0.17889194288856136
9910.0 0.17855889839468336
9912.0 0.17733965961784218
9914.0 0.17872585397503962
9916.0 0.17900099242414755
9918.0 0.17830740178871946
9920.0 0.17680878178053763
9922.0 0.17647275218310582
9924.0 0.17759544106135283
9926.0 0.17885287891160617
9928.0 0.180311382039604
9930.0 0.17922765448711964
9932.0 0.17818785532301143
9934.0 0.17678947076743634
9936.0 0.1786374944505941
9938.0 0.17857224347915923
9940.0 0.1779438624673365
9942.0 0.17863327504830787
9944.0 0.181260826700088
9946.0 0.1797348589521531
9948.0 0.17868922416391284
9950.0 0.1756811070644393
9952.0 0.1761988503040591
9954.0 0.17545969128545014
9956.0 0.1761347773793051
9958.0 0.1766765859447684
9960.0 0.17710855418245974
9962.0 0.17632392037186254
9964.0 0.17542510372824208
9966.0 0.17567730695743827
9968.0 0.1756604417509957
9970.0 0.1733122137644657
9972.0 0.1742576865590191
9974.0 0.1743787278245481
9976.0 0.17699211699177023
9978.0 0.17756902609453856
9980.0 0.1775283428781315
9982.0 0.17694854990746484
9984.0 0.17599607076176632
9986.0 0.1748880561057016
9988.0 0.17484839961613688
9990.0 0.17608186646004784
9992.0 0.1743859456430569
9994.0 0.17314401804787166
9996.0 0.1724671257438121
9998.0 0.17300760110012367
