# z obs_date
# 0 52280
3580.0 0.2992429241278801
3582.0 0.31261621398420114
3584.0 0.3021330709889961
3586.0 0.2871291855051399
3588.0 0.296673315511439
3590.0 0.2930526780836705
3592.0 0.3002641191701526
3594.0 0.3122574263423455
3596.0 0.30641213261194045
3598.0 0.30964720655901246
3600.0 0.30508761832152304
3602.0 0.31102760094919824
3604.0 0.3081152610814674
3606.0 0.3022568907491938
3608.0 0.3063696582814279
3610.0 0.3445519668120691
3612.0 0.32250634641319
3614.0 0.2914337006908883
3616.0 0.3136874719429814
3618.0 0.31983677527115867
3620.0 0.3056529925170196
3622.0 0.31845309575136255
3624.0 0.3239592244306141
3626.0 0.30663246074824424
3628.0 0.2863276475138575
3630.0 0.3050684646384166
3632.0 0.29851882154069725
3634.0 0.30383443830195495
3636.0 0.3135030462125049
3638.0 0.3131723454635716
3640.0 0.29643013636143134
3642.0 0.3033565403613663
3644.0 0.3005665843352301
3646.0 0.308504152529713
3648.0 0.31851189242493105
3650.0 0.32688760005093814
3652.0 0.3132081061918667
3654.0 0.3124542051361849
3656.0 0.31535774353391605
3658.0 0.30633772014283284
3660.0 0.31413569691073323
3662.0 0.2968690375349094
3664.0 0.29887691411919654
3666.0 0.30733601754604545
3668.0 0.31455004167323913
3670.0 0.2969861992935473
3672.0 0.3024011280743074
3674.0 0.30495976491405424
3676.0 0.2942291153546936
3678.0 0.29585332645573165
3680.0 0.30046758622974923
3682.0 0.30447824644165067
3684.0 0.30176043861912866
3686.0 0.2938389543148445
3688.0 0.28734096980875906
3690.0 0.29879862495784376
3692.0 0.29986855201668317
3694.0 0.29764896403657415
3696.0 0.30195251574820614
3698.0 0.2948491811238802
3700.0 0.29711997323988476
3702.0 0.2936809776605614
3704.0 0.30286849230819074
3706.0 0.303978279176956
3708.0 0.30757836730355503
3710.0 0.3092838386426967
3712.0 0.3105380292343814
3714.0 0.3053510032837044
3716.0 0.3157681575621587
3718.0 0.3235292720898233
3720.0 0.3112011494787048
3722.0 0.3419159199806286
3724.0 0.3708766234583133
3726.0 0.36665982998597135
3728.0 0.35732185675394645
3730.0 0.3626313591083076
3732.0 0.3558080499406965
3734.0 0.34272073815814663
3736.0 0.34768808243273763
3738.0 0.3597997296257066
3740.0 0.3713908446466611
3742.0 0.35779101880864506
3744.0 0.3540448949390164
3746.0 0.36696824834397823
3748.0 0.3653423105070553
3750.0 0.37095098023146256
3752.0 0.3770659207296565
3754.0 0.373433244007887
3756.0 0.36146498873619715
3758.0 0.3612107912673509
3760.0 0.3559789167162698
3762.0 0.35733218866564287
3764.0 0.3443321069212144
3766.0 0.3437139851957499
3768.0 0.3464252721735337
3770.0 0.34270893160434696
3772.0 0.3443786859191629
3774.0 0.34783294442595747
3776.0 0.33974007060362876
3778.0 0.3345429204540848
3780.0 0.3236918436520577
3782.0 0.33171646975217933
3784.0 0.32936994507288886
3786.0 0.3326352661494814
3788.0 0.3288620345472891
3790.0 0.32648272898384517
3792.0 0.3300402273461846
3794.0 0.33087133162382665
3796.0 0.3350291746722821
3798.0 0.33644966701983064
3800.0 0.33768474636170104
3802.0 0.33725789198106926
3804.0 0.34928999207056177
3806.0 0.351276234935127
3808.0 0.3456788247305785
3810.0 0.3569432861646562
3812.0 0.3667110492095091
3814.0 0.36344034016453114
3816.0 0.3693557586447038
3818.0 0.3653199305875063
3820.0 0.36111740088842104
3822.0 0.36517536656990146
3824.0 0.3571116651922682
3826.0 0.35823120231104766
3828.0 0.360488560457887
3830.0 0.34827131095475716
3832.0 0.3432901613743217
3834.0 0.34078619922168074
3836.0 0.3284477669308575
3838.0 0.32326816005200537
3840.0 0.318200385698007
3842.0 0.3140440263701939
3844.0 0.30141294780435335
3846.0 0.29703579064777474
3848.0 0.27940369845914625
3850.0 0.2760914657637168
3852.0 0.2742958406624766
3854.0 0.27568417214437546
3856.0 0.2823169985247096
3858.0 0.2725310599897422
3860.0 0.2689084994118049
3862.0 0.2756266712433689
3864.0 0.2820407039355889
3866.0 0.27228090644878855
3868.0 0.265821220236506
3870.0 0.2729849700629574
3872.0 0.2757983076555456
3874.0 0.2732671520720517
3876.0 0.2659501404519921
3878.0 0.26980735813808865
3880.0 0.27108781600840054
3882.0 0.273457540583633
3884.0 0.28255797540058075
3886.0 0.27747219457918815
3888.0 0.27533507363239734
3890.0 0.2766330331097189
3892.0 0.2809154726196234
3894.0 0.28665129318160554
3896.0 0.28707752908926876
3898.0 0.28335261720882954
3900.0 0.28944737597936426
3902.0 0.2923402236112994
3904.0 0.2897940074819494
3906.0 0.29545615608845843
3908.0 0.3001223705950537
3910.0 0.3050755327696128
3912.0 0.31309253980985835
3914.0 0.31432827362482085
3916.0 0.3191006569173279
3918.0 0.3240844351227011
3920.0 0.32933073872438573
3922.0 0.34255079050908654
3924.0 0.34893125054255053
3926.0 0.35531451405594205
3928.0 0.36141403557899465
3930.0 0.3613049480992518
3932.0 0.3673968679630091
3934.0 0.37911951745846584
3936.0 0.393544506743099
3938.0 0.41063096110227215
3940.0 0.42245557789786403
3942.0 0.4290593210662584
3944.0 0.44280845211919106
3946.0 0.4442565410426143
3948.0 0.4437205811664683
3950.0 0.45507706209930043
3952.0 0.4707215486574177
3954.0 0.48102779757005376
3956.0 0.47332533138054506
3958.0 0.47055545575560087
3960.0 0.4749351374100079
3962.0 0.46628735976910723
3964.0 0.460123196547926
3966.0 0.46238013670523836
3968.0 0.4630063497728624
3970.0 0.46046023625351384
3972.0 0.4604731405306567
3974.0 0.4532096268944082
3976.0 0.4391174599663422
3978.0 0.44463886000955055
3980.0 0.4439313569916805
3982.0 0.44656963434074487
3984.0 0.4454172578762809
3986.0 0.4358185881721183
3988.0 0.43361875820145057
3990.0 0.4399972793696258
3992.0 0.4371885995301787
3994.0 0.4274098904049195
3996.0 0.43046822286555536
3998.0 0.43339110810983406
4000.0 0.4347473915765896
4002.0 0.43854986415683356
4004.0 0.43164145142346966
4006.0 0.425906521977396
4008.0 0.42869471448866037
4010.0 0.4252061836972592
4012.0 0.42248022297681026
4014.0 0.4201409223574598
4016.0 0.4135819454880223
4018.0 0.4143107134588763
4020.0 0.4088100409833393
4022.0 0.4048540337700474
4024.0 0.39695195655647714
4026.0 0.3911898113067924
4028.0 0.3857137553416699
4030.0 0.37460297431203515
4032.0 0.3713819917105553
4034.0 0.37732682499064
4036.0 0.38247536860700904
4038.0 0.3828799920637984
4040.0 0.3924990740044245
4042.0 0.3954527761090329
4044.0 0.40080071188122607
4046.0 0.4150639829734973
4048.0 0.4245575373161942
4050.0 0.43191305430195187
4052.0 0.44839374735997733
4054.0 0.46395137243888296
4056.0 0.47556120247715583
4058.0 0.4958775940797637
4060.0 0.5074309410437585
4062.0 0.517305433711065
4064.0 0.5245386845931623
4066.0 0.5377612882954411
4068.0 0.5520195210427584
4070.0 0.5617359002311181
4072.0 0.5597275293975671
4074.0 0.5556430089748599
4076.0 0.5588369789553902
4078.0 0.5603879440747587
4080.0 0.5597971948970762
4082.0 0.5577958971277668
4084.0 0.5591245551271601
4086.0 0.5482508104191309
4088.0 0.5383045461253613
4090.0 0.5405974515631187
4092.0 0.534037392167738
4094.0 0.5206043166832123
4096.0 0.5175674470222137
4098.0 0.5179610107422017
4100.0 0.5176963164542426
4102.0 0.5156978752893994
4104.0 0.5049239552119449
4106.0 0.5000046324204946
4108.0 0.4916698494103448
4110.0 0.4901415902756805
4112.0 0.48234863685441126
4114.0 0.4794862245586517
4116.0 0.4676758588022002
4118.0 0.4586266779748361
4120.0 0.45470338903788143
4122.0 0.44399547965828057
4124.0 0.43279810117599926
4126.0 0.4314136868877486
4128.0 0.4265407366147944
4130.0 0.4148474047987759
4132.0 0.4069671777340811
4134.0 0.4052990749487772
4136.0 0.40924200883439604
4138.0 0.41340537209201117
4140.0 0.407409291906941
4142.0 0.40755523798467636
4144.0 0.4180856296750607
4146.0 0.4229271148926883
4148.0 0.42259877109519106
4150.0 0.4250968174005648
4152.0 0.42414077634005554
4154.0 0.4279645950127902
4156.0 0.42707431872842716
4158.0 0.42452442074940716
4160.0 0.4207030458053383
4162.0 0.4093754670757782
4164.0 0.3979876000044037
4166.0 0.39206471089674827
4168.0 0.3894740963764468
4170.0 0.3830510069311992
4172.0 0.378697436312347
4174.0 0.36977631787758897
4176.0 0.35991203676004385
4178.0 0.3547742087687541
4180.0 0.3515250971073304
4182.0 0.35800153537134244
4184.0 0.35759789209252274
4186.0 0.35436294592795453
4188.0 0.3561775239562963
4190.0 0.3584860767833084
4192.0 0.36329579088570235
4194.0 0.3666628972687028
4196.0 0.3679539477571672
4198.0 0.3715817614300228
4200.0 0.37857464471569985
4202.0 0.3792672808530639
4204.0 0.3819923554773788
4206.0 0.3839714274683914
4208.0 0.3851200767012015
4210.0 0.39121938819276875
4212.0 0.3962573367796098
4214.0 0.4000499397723261
4216.0 0.4009546255432384
4218.0 0.40663060753388375
4220.0 0.4105311972100534
4222.0 0.4144534930644054
4224.0 0.4195503364933026
4226.0 0.41386222162153485
4228.0 0.40994930871985763
4230.0 0.40308913460643575
4232.0 0.39895057246499993
4234.0 0.39217246690141905
4236.0 0.3852930097506846
4238.0 0.376617416726921
4240.0 0.3659214546406985
4242.0 0.3580907999646408
4244.0 0.35309627024889556
4246.0 0.3454044320070391
4248.0 0.3385874782620538
4250.0 0.328803124090614
4252.0 0.3241014433570483
4254.0 0.3222541397158889
4256.0 0.3213896842392091
4258.0 0.31726094152475376
4260.0 0.3178903571710152
4262.0 0.3187888510089458
4264.0 0.31611028025211824
4266.0 0.31629940802057877
4268.0 0.3194783742359973
4270.0 0.32251213541300267
4272.0 0.326077109139615
4274.0 0.3250764581240471
4276.0 0.32959872290484726
4278.0 0.3349116800852444
4280.0 0.33688683267276714
4282.0 0.34085826571616706
4284.0 0.3474443041391751
4286.0 0.35605728059898195
4288.0 0.36208435427540064
4290.0 0.3622193641655388
4292.0 0.36326808699068197
4294.0 0.3708420299099084
4296.0 0.3757728811587227
4298.0 0.38578239486491395
4300.0 0.3933409165277236
4302.0 0.3967966676445913
4304.0 0.40628610152359496
4306.0 0.41159449881199167
4308.0 0.41169000431084407
4310.0 0.41400641364604135
4312.0 0.4204813262551389
4314.0 0.42553989504298456
4316.0 0.4331990820791845
4318.0 0.4365934863262344
4320.0 0.43390223957866075
4322.0 0.42930580506822186
4324.0 0.4304092673868231
4326.0 0.425569134363206
4328.0 0.4209288991916387
4330.0 0.41177480582049086
4332.0 0.40614503898426163
4334.0 0.39918483838902896
4336.0 0.39471362079270533
4338.0 0.3897962716650502
4340.0 0.38617734363282324
4342.0 0.38125591600543396
4344.0 0.37298524489642926
4346.0 0.3696968371843443
4348.0 0.3696127720741052
4350.0 0.3716765903997581
4352.0 0.36639383018341165
4354.0 0.3701298369375902
4356.0 0.3756076738591908
4358.0 0.3801773922042123
4360.0 0.3825185491058168
4362.0 0.3834237868901561
4364.0 0.3854231933104995
4366.0 0.390441077360333
4368.0 0.39133605203807115
4370.0 0.39628655799573825
4372.0 0.4021138209926092
4374.0 0.40462863303571145
4376.0 0.409826402694268
4378.0 0.4107777127208085
4380.0 0.4132597701427862
4382.0 0.4168162935526177
4384.0 0.41591560133723954
4386.0 0.4202084934687501
4388.0 0.4217122863399648
4390.0 0.41847666582848114
4392.0 0.41709422036301647
4394.0 0.41568841947790053
4396.0 0.4177726621598928
4398.0 0.413161132041298
4400.0 0.4133073991863374
4402.0 0.40933729544297814
4404.0 0.41230726269581985
4406.0 0.4087124765884003
4408.0 0.40557069250082545
4410.0 0.4052610047114644
4412.0 0.40517670763737423
4414.0 0.40463574973348737
4416.0 0.4080122818793097
4418.0 0.4170792362105488
4420.0 0.4264348958310388
4422.0 0.41319646081958455
4424.0 0.4076533196999499
4426.0 0.40829782118721614
4428.0 0.41412021944165717
4430.0 0.4166323520569725
4432.0 0.4216508892998343
4434.0 0.4214123511183598
4436.0 0.42155493699098934
4438.0 0.42860658761089415
4440.0 0.43518908677024115
4442.0 0.4340663899486972
4444.0 0.4327091361284561
4446.0 0.43095607679622217
4448.0 0.4345783659082145
4450.0 0.4306504963269746
4452.0 0.4285582938790093
4454.0 0.42047146260909973
4456.0 0.4169616843151416
4458.0 0.4122393730567694
4460.0 0.4094893106811578
4462.0 0.40563910045840085
4464.0 0.4006235248224742
4466.0 0.39549794504258706
4468.0 0.3925920740549134
4470.0 0.3896841270078648
4472.0 0.3824224706642717
4474.0 0.3780509358052863
4476.0 0.3749947304344604
4478.0 0.3718181476805275
4480.0 0.3682737483045711
4482.0 0.3655340172671929
4484.0 0.360802807938219
4486.0 0.3547701621337892
4488.0 0.3579799618202054
4490.0 0.35606844669786125
4492.0 0.35591375898300814
4494.0 0.35085267964342554
4496.0 0.35088005498174496
4498.0 0.34806109858653617
4500.0 0.345466224013341
4502.0 0.34597019035971566
4504.0 0.34830748028382214
4506.0 0.34803006451875346
4508.0 0.34826963463831656
4510.0 0.3483866510814095
4512.0 0.3507095447078841
4514.0 0.35479335466821815
4516.0 0.3556880678968313
4518.0 0.3608803755502247
4520.0 0.36374131310782115
4522.0 0.36723960439912734
4524.0 0.36955173266783364
4526.0 0.37519726988969904
4528.0 0.3809526584499229
4530.0 0.39062848860403676
4532.0 0.39449290822165484
4534.0 0.4019702432104435
4536.0 0.41684731580846834
4538.0 0.42558851209066006
4540.0 0.4366756979040369
4542.0 0.4485878864092576
4544.0 0.46365371509920117
4546.0 0.4786531125511296
4548.0 0.48641171245305115
4550.0 0.4971244822004378
4552.0 0.5134695464083375
4554.0 0.5185306247278983
4556.0 0.5334384817648308
4558.0 0.5540289145492464
4560.0 0.5629950539087881
4562.0 0.5725097590449066
4564.0 0.5844248384752695
4566.0 0.6037992383457039
4568.0 0.6180126803331563
4570.0 0.6210205191118899
4572.0 0.6314284721846621
4574.0 0.6417515932875569
4576.0 0.6456437125563868
4578.0 0.6423518517305157
4580.0 0.6417532565044427
4582.0 0.6434596040995216
4584.0 0.6381320204001276
4586.0 0.6286742058414837
4588.0 0.6240928883894735
4590.0 0.6147196074279693
4592.0 0.6041441170065496
4594.0 0.5987574953659012
4596.0 0.5912950268463136
4598.0 0.5837299131709938
4600.0 0.5761717398158264
4602.0 0.5807066391463023
4604.0 0.5794745398505491
4606.0 0.5812183724865335
4608.0 0.5886687869047507
4610.0 0.5929380877722248
4612.0 0.6013444777989045
4614.0 0.6089896975183503
4616.0 0.613872023466848
4618.0 0.6186160622259074
4620.0 0.6138221923717586
4622.0 0.6152173057736254
4624.0 0.6157669134776201
4626.0 0.6136690270865173
4628.0 0.614507085742799
4630.0 0.6132363369549569
4632.0 0.6087399406033356
4634.0 0.6006076320776775
4636.0 0.5990766132518284
4638.0 0.5989638909280439
4640.0 0.6009019917007142
4642.0 0.5997115312236373
4644.0 0.6060415646849062
4646.0 0.6171639536425448
4648.0 0.6220208980896959
4650.0 0.6280088779610553
4652.0 0.6325174805871727
4654.0 0.637818142960453
4656.0 0.6463220265579521
4658.0 0.6512781241503054
4660.0 0.6550482893581758
4662.0 0.6542397630630752
4664.0 0.6481812025170708
4666.0 0.6446186092446368
4668.0 0.6417287428117803
4670.0 0.6399475640463168
4672.0 0.6328707927334644
4674.0 0.6246966659329957
4676.0 0.6199412020309617
4678.0 0.6151944216149056
4680.0 0.6061963777024588
4682.0 0.6014458861298831
4684.0 0.5985426125030807
4686.0 0.5958139184818836
4688.0 0.5893029788569764
4690.0 0.5844376314658447
4692.0 0.5811444642454366
4694.0 0.5760202220612582
4696.0 0.5798124121894138
4698.0 0.5760505467004631
4700.0 0.5752269317067792
4702.0 0.5755316826914503
4704.0 0.5737715950827543
4706.0 0.5708952026350405
4708.0 0.5693962323392435
4710.0 0.5661267825431364
4712.0 0.5553682226151996
4714.0 0.5521344037246997
4716.0 0.5460431100973098
4718.0 0.5360694190627235
4720.0 0.5331256508512293
4722.0 0.5281631145971358
4724.0 0.5223402086488486
4726.0 0.5087838691983163
4728.0 0.5013512075298179
4730.0 0.4965361010524835
4732.0 0.4844410770415454
4734.0 0.47564909074124145
4736.0 0.46655878500468484
4738.0 0.45809200367619424
4740.0 0.45405426003793464
4742.0 0.45412869226035846
4744.0 0.4490632845819597
4746.0 0.447132431386217
4748.0 0.4512964651616983
4750.0 0.44848892793409834
4752.0 0.4456113064321119
4754.0 0.44990542307650483
4756.0 0.45022633294713754
4758.0 0.4478393922764963
4760.0 0.44527040454752814
4762.0 0.44891058056248223
4764.0 0.44604458101175365
4766.0 0.44276469930150153
4768.0 0.44941099386847133
4770.0 0.4469049982659386
4772.0 0.44936119440056405
4774.0 0.4494849115637091
4776.0 0.4570062005520602
4778.0 0.45200860652208835
4780.0 0.4568552879932
4782.0 0.46227781472533447
4784.0 0.470783699609262
4786.0 0.4788083919133337
4788.0 0.4808274020175935
4790.0 0.48919716868115404
4792.0 0.4956303287427618
4794.0 0.507598679821598
4796.0 0.5152215518378502
4798.0 0.524741149306398
4800.0 0.5321197354386328
4802.0 0.5398416622367652
4804.0 0.5512872940168831
4806.0 0.5538995850321825
4808.0 0.5541272122536662
4810.0 0.562472866620485
4812.0 0.5690794908820318
4814.0 0.5734290903228789
4816.0 0.5819844596659777
4818.0 0.5871883573743213
4820.0 0.5863683136800767
4822.0 0.5895411192445343
4824.0 0.5898428181841306
4826.0 0.5962379004460806
4828.0 0.5990710871116872
4830.0 0.6110689388293965
4832.0 0.6154025353008205
4834.0 0.6187069705873223
4836.0 0.618838075432456
4838.0 0.6181108742272939
4840.0 0.6237693571744857
4842.0 0.6266036821108013
4844.0 0.6230235245930218
4846.0 0.6241495717952792
4848.0 0.6266246110802709
4850.0 0.6264579345137039
4852.0 0.6239531582248377
4854.0 0.6162942977109813
4856.0 0.6204951983650779
4858.0 0.6240519403291603
4860.0 0.6178039679008445
4862.0 0.6067403857537086
4864.0 0.5967566749059133
4866.0 0.5864233623671516
4868.0 0.5754746718398543
4870.0 0.5637316987240354
4872.0 0.5554009709569911
4874.0 0.5476839606629411
4876.0 0.5401577989248398
4878.0 0.5336583480984988
4880.0 0.5342275687788924
4882.0 0.5334164324388
4884.0 0.5345480093491018
4886.0 0.5378620752787819
4888.0 0.5400224185559673
4890.0 0.5488795274319325
4892.0 0.5624484075407838
4894.0 0.5715745796926787
4896.0 0.5874681339866917
4898.0 0.60033491432095
4900.0 0.6119829528157855
4902.0 0.6268676131570158
4904.0 0.6411507930541036
4906.0 0.661454304878629
4908.0 0.6812442899256699
4910.0 0.6981412531777497
4912.0 0.7128414573345496
4914.0 0.7275130688071487
4916.0 0.7391035556601048
4918.0 0.751271397858124
4920.0 0.7598839394625101
4922.0 0.7684570992670648
4924.0 0.768445301757571
4926.0 0.7657341312082341
4928.0 0.7608527716863317
4930.0 0.7566028408148336
4932.0 0.7513256300335759
4934.0 0.7450313719606135
4936.0 0.7373160596972277
4938.0 0.7270106793796014
4940.0 0.7128729394927481
4942.0 0.7021770483683815
4944.0 0.6847087919840201
4946.0 0.6699576594073939
4948.0 0.6582290112049537
4950.0 0.6412108029717779
4952.0 0.6257753588753078
4954.0 0.6095421553114511
4956.0 0.596777388424644
4958.0 0.5776703425618257
4960.0 0.5568457757554006
4962.0 0.5366030879179293
4964.0 0.5223973537363212
4966.0 0.5074340473663079
4968.0 0.4912940705505918
4970.0 0.48505483537019434
4972.0 0.48534513332213414
4974.0 0.49067262905620534
4976.0 0.4961827295092541
4978.0 0.49888356371221276
4980.0 0.5087896205114469
4982.0 0.5201347926210552
4984.0 0.5335619741440327
4986.0 0.5480619429670253
4988.0 0.5629074916513586
4990.0 0.5782855126514819
4992.0 0.5927465191261165
4994.0 0.6029778252121158
4996.0 0.6152666618692324
4998.0 0.6269697866407514
5000.0 0.6395602943716303
5002.0 0.6557590783643884
5004.0 0.670350605576912
5006.0 0.6793207545080614
5008.0 0.687757646267954
5010.0 0.6942271180849142
5012.0 0.7004919348948359
5014.0 0.7093390343541938
5016.0 0.715661956443267
5018.0 0.7204795861168524
5020.0 0.7251604191838095
5022.0 0.7222253660462388
5024.0 0.7200395739208514
5026.0 0.7174924060645624
5028.0 0.7116096577549049
5030.0 0.7087615889641217
5032.0 0.7018490708735244
5034.0 0.692084492220729
5036.0 0.6811603551320423
5038.0 0.6697129416202846
5040.0 0.658188695139394
5042.0 0.6521500238561846
5044.0 0.6426123753837917
5046.0 0.6303248439647833
5048.0 0.6175067668124792
5050.0 0.6062048980140501
5052.0 0.5986161989125458
5054.0 0.5884047822255314
5056.0 0.5815464238199726
5058.0 0.5781334704019364
5060.0 0.5745967182747931
5062.0 0.5678022490009722
5064.0 0.5640044353132688
5066.0 0.5636086613773118
5068.0 0.5585253576582669
5070.0 0.5582008530378754
5072.0 0.5530296172383055
5074.0 0.5538587380370593
5076.0 0.5470632112986562
5078.0 0.5428119110087494
5080.0 0.5334774810508106
5082.0 0.5191163867349018
5084.0 0.5140550386468573
5086.0 0.5017040462827513
5088.0 0.4893601829449067
5090.0 0.4807543395609106
5092.0 0.4699718713994907
5094.0 0.46000525957671257
5096.0 0.45253532124402795
5098.0 0.44366216809724174
5100.0 0.43340697919102794
5102.0 0.4261604338913985
5104.0 0.41794550379959033
5106.0 0.414344548491857
5108.0 0.40924325393674205
5110.0 0.403828603096679
5112.0 0.4037150777379614
5114.0 0.3988492665966605
5116.0 0.3968903959611351
5118.0 0.3969403850213147
5120.0 0.3970083166358481
5122.0 0.39735254995929514
5124.0 0.39874819775245357
5126.0 0.39973841824329387
5128.0 0.4033446253015943
5130.0 0.40541145612879503
5132.0 0.41201943183429635
5134.0 0.42180834497246716
5136.0 0.43080753006462297
5138.0 0.43429822260036316
5140.0 0.44524581473077757
5142.0 0.45782979696872284
5144.0 0.46770304603385987
5146.0 0.4747831609096369
5148.0 0.48093794367971576
5150.0 0.4905457397710639
5152.0 0.4998279291321315
5154.0 0.5104913556577577
5156.0 0.5179278122921989
5158.0 0.5252635606403931
5160.0 0.5327508580719681
5162.0 0.5386934667067071
5164.0 0.5438927263805735
5166.0 0.5539058867099564
5168.0 0.560400103500269
5170.0 0.5655712137747296
5172.0 0.5672200997289293
5174.0 0.5679700790842136
5176.0 0.5669952315524264
5178.0 0.5666258565364776
5180.0 0.5666713926810173
5182.0 0.5680740393618013
5184.0 0.5651034347363737
5186.0 0.5618676645725841
5188.0 0.5613239068491019
5190.0 0.5557784109520996
5192.0 0.5502907056791084
5194.0 0.5492813626510277
5196.0 0.5458971523157105
5198.0 0.5467758046806449
5200.0 0.5449153430724649
5202.0 0.5439151371148293
5204.0 0.5481874673611931
5206.0 0.5490420840464492
5208.0 0.5498078548149242
5210.0 0.5553639660328319
5212.0 0.5570980042448751
5214.0 0.5543484914470557
5216.0 0.5569439686395462
5218.0 0.5559991123007352
5220.0 0.5543080148311935
5222.0 0.5541435005179629
5224.0 0.55182607019686
5226.0 0.5522183571099358
5228.0 0.5490722865483872
5230.0 0.5468405260693789
5232.0 0.5442578084823769
5234.0 0.5409762813076171
5236.0 0.5371056911784086
5238.0 0.5337725775565967
5240.0 0.5301244118554401
5242.0 0.5323250771494672
5244.0 0.530896910116542
5246.0 0.5322006844179092
5248.0 0.5381179549959267
5250.0 0.5420539822821244
5252.0 0.5432533518109153
5254.0 0.547387665653475
5256.0 0.555349186053308
5258.0 0.5562684054470435
5260.0 0.5562618264383418
5262.0 0.5608249882622224
5264.0 0.5635804524127124
5266.0 0.564582937569271
5268.0 0.5619590977967176
5270.0 0.5576873257877671
5272.0 0.554286220639251
5274.0 0.5528176459685081
5276.0 0.5460615407906716
5278.0 0.5421661036884242
5280.0 0.5435903392934823
5282.0 0.5408667041706448
5284.0 0.5380907317572845
5286.0 0.5371331043237246
5288.0 0.5402608166275479
5290.0 0.540886444287227
5292.0 0.5429162031796891
5294.0 0.5473954117311186
5296.0 0.5541869538583964
5298.0 0.5605829982324048
5300.0 0.5665834978495556
5302.0 0.5782473881722522
5304.0 0.5872215771351839
5306.0 0.5899104120905608
5308.0 0.6022092140050102
5310.0 0.6076760136386185
5312.0 0.6123981576654711
5314.0 0.6184036485158108
5316.0 0.6218855058237505
5318.0 0.6247473969527128
5320.0 0.6289890023774601
5322.0 0.6315722230825846
5324.0 0.6318956458192246
5326.0 0.6328310054769746
5328.0 0.629560686427537
5330.0 0.6239668540041321
5332.0 0.6271353044769307
5334.0 0.6277423962593792
5336.0 0.623700482307838
5338.0 0.6201224838580011
5340.0 0.6189759228331839
5342.0 0.6175828032907085
5344.0 0.6155703046766807
5346.0 0.618984433213927
5348.0 0.6195506312970978
5350.0 0.6242723542896687
5352.0 0.6219779352248799
5354.0 0.6241013777921339
5356.0 0.626987731118803
5358.0 0.6284162043306211
5360.0 0.627381854598109
5362.0 0.6262796288322193
5364.0 0.6223004348021439
5366.0 0.6202598468912242
5368.0 0.6241118861052071
5370.0 0.6251707727787235
5372.0 0.6221991725453319
5374.0 0.6128751006152862
5376.0 0.610420101837773
5378.0 0.6050563031981359
5380.0 0.5990026977028828
5382.0 0.5961107696688612
5384.0 0.596115653012038
5386.0 0.5965228784578749
5388.0 0.5950429624432646
5390.0 0.5936282240624291
5392.0 0.5947019441549894
5394.0 0.5979342716374425
5396.0 0.5999608531729766
5398.0 0.6075301034575926
5400.0 0.6110803954478805
5402.0 0.6155231165320371
5404.0 0.6214526196646925
5406.0 0.6255668386661672
5408.0 0.6328953243951543
5410.0 0.6351754224306364
5412.0 0.6402755220428882
5414.0 0.6432310038959067
5416.0 0.6474380327413249
5418.0 0.6521545217971492
5420.0 0.6545748381958145
5422.0 0.6557739091717737
5424.0 0.654033652499585
5426.0 0.6583313134672931
5428.0 0.6565517525710802
5430.0 0.6526369242996034
5432.0 0.6467148200322245
5434.0 0.640683702495895
5436.0 0.6361856081968
5438.0 0.6249401961543309
5440.0 0.6198473909875587
5442.0 0.6201001409466399
5444.0 0.6105711670504163
5446.0 0.6011631880993102
5448.0 0.5942434620275786
5450.0 0.5883786867094705
5452.0 0.5824065601717874
5454.0 0.5784887963120459
5456.0 0.566975016597317
5458.0 0.5616345976805593
5460.0 0.5596744593731804
5462.0 0.5563401333858878
5464.0 0.5505122470670806
5466.0 0.5457514925126862
5468.0 0.5458306899646611
5470.0 0.5427280928832476
5472.0 0.5421402975682078
5474.0 0.5407290314166104
5476.0 0.5337475964173115
5478.0 0.5285673515920868
5480.0 0.5261288611027618
5482.0 0.5214164761475042
5484.0 0.5148241988815522
5486.0 0.5130950159092174
5488.0 0.5122063326869115
5490.0 0.5144196926915875
5492.0 0.5139241337079461
5494.0 0.5160980603730843
5496.0 0.5190745888827915
5498.0 0.525102372359426
5500.0 0.5324862177235802
5502.0 0.5403972643619157
5504.0 0.5523653520307641
5506.0 0.5591874609482006
5508.0 0.5684653372781703
5510.0 0.5852570488619496
5512.0 0.5954542113866985
5514.0 0.604851806173575
5516.0 0.6152374528697284
5518.0 0.6206671393699135
5520.0 0.6327803508166444
5522.0 0.6456939011961678
5524.0 0.652609688792526
5526.0 0.6529625635655648
5528.0 0.6574103733572585
5530.0 0.6608505232821869
5532.0 0.6582684103257339
5534.0 0.6585464339792326
5536.0 0.6559522731132079
5538.0 0.6485267387256564
5540.0 0.644576788873164
5542.0 0.6376784548765762
5544.0 0.6349127603787276
5546.0 0.6311802154267492
5548.0 0.6288218775113
5550.0 0.6179931210622408
5552.0 0.6072140270197135
5554.0 0.6011645167246877
5556.0 0.5951376084246065
5558.0 0.5912985528372918
5560.0 0.5850552747834974
5562.0 0.5821067671238385
5564.0 0.5740860691919961
5566.0 0.5700034561660644
5568.0 0.5659850561844616
5570.0 0.5654009117193606
5572.0 0.5636722293186346
5574.0 0.5584884370680541
5576.0 0.5546243019192043
5578.0 0.5511725702101724
5580.0 0.5484633089233782
5582.0 0.543838156266928
5584.0 0.5389013670567078
5586.0 0.5354761907599014
5588.0 0.5312822471316959
5590.0 0.5318846021793577
5592.0 0.524971582599752
5594.0 0.5119298229229785
5596.0 0.5050107361594997
5598.0 0.5016804329875382
5600.0 0.4982032858120849
5602.0 0.4923624543782917
5604.0 0.4861015981901767
5606.0 0.47798853640353034
5608.0 0.47043062961811455
5610.0 0.4637514711270482
5612.0 0.4570724296673729
5614.0 0.45398311910642425
5616.0 0.44957663359855776
5618.0 0.44665963890255506
5620.0 0.4465495418446955
5622.0 0.4453999798853042
5624.0 0.44901325017227567
5626.0 0.4529061087628687
5628.0 0.45908132431882404
5630.0 0.46363200434173296
5632.0 0.47115593876724565
5634.0 0.4756963511750842
5636.0 0.4799417550093819
5638.0 0.48806167684549245
5640.0 0.4977924297379922
5642.0 0.5044184190429511
5644.0 0.5124406131765231
5646.0 0.5198268912069992
5648.0 0.5306618121608528
5650.0 0.5380564987137574
5652.0 0.5469566087848401
5654.0 0.5542124929233482
5656.0 0.562945107223759
5658.0 0.5710622077060399
5660.0 0.5728802000733929
5662.0 0.573538387515103
5664.0 0.5760651828352403
5666.0 0.5796318860612816
5668.0 0.5822779753176048
5670.0 0.5860569139011241
5672.0 0.5842595024877116
5674.0 0.5834679875982585
5676.0 0.5832388433528544
5678.0 0.5831514071844918
5680.0 0.5783303320540257
5682.0 0.577131316610339
5684.0 0.5739026381421082
5686.0 0.5698042516443805
5688.0 0.5658488259716122
5690.0 0.5631499060732164
5692.0 0.5566303183330864
5694.0 0.550999846939761
5696.0 0.5488847135354862
5698.0 0.5421648002304613
5700.0 0.5356823811853791
5702.0 0.5342975807109789
5704.0 0.5258038941144698
5706.0 0.5257453856732026
5708.0 0.5238548406339048
5710.0 0.5198574443050964
5712.0 0.5204024174526103
5714.0 0.5162360329956828
5716.0 0.5116634864085448
5718.0 0.5106402063152411
5720.0 0.5090019245421668
5722.0 0.5100658755055424
5724.0 0.5090309179715875
5726.0 0.5051704752446669
5728.0 0.506452610324879
5730.0 0.5045847211955228
5732.0 0.5016321746435837
5734.0 0.5009992197637908
5736.0 0.5039307403941734
5738.0 0.5020205075825768
5740.0 0.5050055065214052
5742.0 0.5064163011489414
5744.0 0.5048650585600782
5746.0 0.5034340738144489
5748.0 0.5058230914504511
5750.0 0.5088014491676447
5752.0 0.5058869907455378
5754.0 0.5032975730776581
5756.0 0.5047956176549457
5758.0 0.5066967069296047
5760.0 0.5052727570397126
5762.0 0.5013967534250023
5764.0 0.4992915657892562
5766.0 0.49556649195275665
5768.0 0.49181680701065533
5770.0 0.48730753731499565
5772.0 0.4858933872705553
5774.0 0.4828888470630742
5776.0 0.4745910726769606
5778.0 0.4726588009631732
5780.0 0.46655059707913893
5782.0 0.46203631321931316
5784.0 0.46327293592867497
5786.0 0.4595893055745992
5788.0 0.45533319000266015
5790.0 0.4497499611676896
5792.0 0.44437149224428824
5794.0 0.43823398885138365
5796.0 0.43374361838803893
5798.0 0.42913902036095924
5800.0 0.42803588405362814
5802.0 0.4215319630809096
5804.0 0.41620285879122615
5806.0 0.41222789439071533
5808.0 0.4068689419467558
5810.0 0.4024057999645705
5812.0 0.3981466016960548
5814.0 0.3900905605995599
5816.0 0.3874115535666206
5818.0 0.3856724845837437
5820.0 0.38109070115020455
5822.0 0.38044571988664583
5824.0 0.37675411822063043
5826.0 0.3722654759901099
5828.0 0.3686757432836355
5830.0 0.3668370565058427
5832.0 0.36896638672469995
5834.0 0.36835157818938435
5836.0 0.3663096124688195
5838.0 0.3684371678636443
5840.0 0.36816395255996226
5842.0 0.3727054358275855
5844.0 0.38008585669180633
5846.0 0.3883835297759831
5848.0 0.39948540649011
5850.0 0.40699952534854444
5852.0 0.4151586012058874
5854.0 0.4296369465408851
5856.0 0.44291417472400535
5858.0 0.45739768491888033
5860.0 0.469478453702137
5862.0 0.4837588699085269
5864.0 0.5020703249526237
5866.0 0.519811648902838
5868.0 0.531366515025392
5870.0 0.5457888493326593
5872.0 0.5606056128964738
5874.0 0.5732274656565428
5876.0 0.5863900377872093
5878.0 0.5988875067185525
5880.0 0.6091864618063078
5882.0 0.6159456652833402
5884.0 0.6194642780254699
5886.0 0.619153609078875
5888.0 0.6171174379579648
5890.0 0.6158297538775328
5892.0 0.6222073167094095
5894.0 0.627878219150229
5896.0 0.6305048344721587
5898.0 0.6371657834501773
5900.0 0.6466003228818521
5902.0 0.6465102386449637
5904.0 0.6464237786312009
5906.0 0.6485459704438609
5908.0 0.6437384408216538
5910.0 0.6412556508469879
5912.0 0.6385374653943068
5914.0 0.6371664525765346
5916.0 0.6344135338682584
5918.0 0.6325332454760582
5920.0 0.6265219812848404
5922.0 0.6191437254063483
5924.0 0.6141432062280916
5926.0 0.6096867119760142
5928.0 0.6074343739999704
5930.0 0.6003514615150958
5932.0 0.5983842786900698
5934.0 0.5914262118698221
5936.0 0.5871291772421134
5938.0 0.5817199074057885
5940.0 0.5718524145759235
5942.0 0.5704919782069872
5944.0 0.5680915055806096
5946.0 0.5613531797853287
5948.0 0.5604543568873124
5950.0 0.5588339061194104
5952.0 0.5592234721282363
5954.0 0.5573621207421549
5956.0 0.5520917183976082
5958.0 0.5520386944951349
5960.0 0.5524466152179381
5962.0 0.5520900118952946
5964.0 0.551260356694029
5966.0 0.5501588907315047
5968.0 0.54693533292371
5970.0 0.5461063754322071
5972.0 0.5451457027664818
5974.0 0.5496973161297503
5976.0 0.5512558591338543
5978.0 0.5485141621988141
5980.0 0.5492297911283086
5982.0 0.548249765264134
5984.0 0.5508231576570854
5986.0 0.5531868987369718
5988.0 0.5514823567427253
5990.0 0.5489514214911535
5992.0 0.5452512886840478
5994.0 0.5434235177725729
5996.0 0.5424952623750867
5998.0 0.5403740557562502
6000.0 0.5451030674760899
6002.0 0.5443345652716337
6004.0 0.5399538020933207
6006.0 0.5322573121060256
6008.0 0.526178892171849
6010.0 0.5276956184404914
6012.0 0.5305852308232409
6014.0 0.5272109111995802
6016.0 0.528254456240262
6018.0 0.5292234158612422
6020.0 0.52655663463552
6022.0 0.5273031184131646
6024.0 0.5274288779771799
6026.0 0.5256610733694723
6028.0 0.5231612291137282
6030.0 0.5196457033195305
6032.0 0.5217540190668003
6034.0 0.5191202877970416
6036.0 0.5178994660920311
6038.0 0.5179909349643106
6040.0 0.518269131159425
6042.0 0.5168958754472224
6044.0 0.5120191986103951
6046.0 0.5140772293873872
6048.0 0.5158399932801242
6050.0 0.5150080302966362
6052.0 0.5123948891516079
6054.0 0.5151032349013493
6056.0 0.5204383629119277
6058.0 0.5225152764784633
6060.0 0.5140688014238912
6062.0 0.5101466931231593
6064.0 0.5109350011274779
6066.0 0.5073399525398843
6068.0 0.5042562931882265
6070.0 0.5019150599104858
6072.0 0.49815207621672974
6074.0 0.49527417456200434
6076.0 0.48554733303844133
6078.0 0.4800748484857901
6080.0 0.47547579940069207
6082.0 0.46662151909750915
6084.0 0.4568296067008279
6086.0 0.45073166105252394
6088.0 0.4442517970449115
6090.0 0.4428486739693092
6092.0 0.4338729673961259
6094.0 0.43293178049110914
6096.0 0.43266149376912655
6098.0 0.43379381916596804
6100.0 0.43500065139576327
6102.0 0.4362436983139898
6104.0 0.44146179663172336
6106.0 0.4477034035170426
6108.0 0.45225913305961885
6110.0 0.4580006329912872
6112.0 0.4648400832565028
6114.0 0.4722859207580847
6116.0 0.4817947970126876
6118.0 0.4892353355909051
6120.0 0.49525365127875476
6122.0 0.500940642818369
6124.0 0.5108982779086287
6126.0 0.5181740841842194
6128.0 0.5289083595745904
6130.0 0.541322329780048
6132.0 0.5459957530820075
6134.0 0.5514250725031609
6136.0 0.5538737109496763
6138.0 0.5587208588371944
6140.0 0.5655497174272472
6142.0 0.5705193265213987
6144.0 0.5711549118753043
6146.0 0.570938622367397
6148.0 0.5721147581290889
6150.0 0.5706688359839909
6152.0 0.5640677700363046
6154.0 0.5607566761483203
6156.0 0.5614559777291542
6158.0 0.55213189422309
6160.0 0.5455351959957845
6162.0 0.5414441033088621
6164.0 0.5371156985869879
6166.0 0.5328951764326728
6168.0 0.5289408045882433
6170.0 0.526210526071728
6172.0 0.5176414617068074
6174.0 0.5153363866888612
6176.0 0.5072961855456858
6178.0 0.5011842232026995
6180.0 0.49691938250269746
6182.0 0.4932643907596183
6184.0 0.48856716819510837
6186.0 0.482711375289895
6188.0 0.47670845936030704
6190.0 0.47139900370375565
6192.0 0.4686276712994396
6194.0 0.46433304375530415
6196.0 0.4605780976863952
6198.0 0.45822846459268723
6200.0 0.452283707722666
6202.0 0.4496928596727335
6204.0 0.450322739686464
6206.0 0.4508265866912203
6208.0 0.45260889111849134
6210.0 0.45646039459221366
6212.0 0.4601766318380036
6214.0 0.46651524555985824
6216.0 0.4731319574146558
6218.0 0.4779797828790148
6220.0 0.48398673546612914
6222.0 0.4910161959099666
6224.0 0.4970562930445564
6226.0 0.501951624169856
6228.0 0.510209345831708
6230.0 0.5186674664561398
6232.0 0.5230861967687688
6234.0 0.527959878955376
6236.0 0.5339400854567204
6238.0 0.5399326653121954
6240.0 0.5361230544668996
6242.0 0.5415626193174012
6244.0 0.5424146215945139
6246.0 0.536912093358011
6248.0 0.5318837478220056
6250.0 0.5307742320684932
6252.0 0.52944186415824
6254.0 0.5301521103783471
6256.0 0.5260174590858577
6258.0 0.5167401695772852
6260.0 0.5136781130192148
6262.0 0.513607330185447
6264.0 0.5155261939534102
6266.0 0.514606890956836
6268.0 0.5081740507065468
6270.0 0.503543628392684
6272.0 0.5006486931390703
6274.0 0.49873444582565496
6276.0 0.49780223533336554
6278.0 0.4956426522249969
6280.0 0.49044406189117895
6282.0 0.4885408388794594
6284.0 0.4847204240817288
6286.0 0.4859441414435184
6288.0 0.48495779625897323
6290.0 0.4877412184581179
6292.0 0.4881570853493078
6294.0 0.48553571058759193
6296.0 0.48643650474952055
6298.0 0.4852590079331602
6300.0 0.48500784306250705
6302.0 0.48411245593587887
6304.0 0.48132652122733144
6306.0 0.4797255373955138
6308.0 0.47724134561276926
6310.0 0.4786871819105051
6312.0 0.4803073472896794
6314.0 0.47815014569536163
6316.0 0.47711612161346356
6318.0 0.4789400432161398
6320.0 0.4748447824704685
6322.0 0.47305419461569426
6324.0 0.4661987785652115
6326.0 0.467735879739599
6328.0 0.46534488336160057
6330.0 0.4647124929337291
6332.0 0.4622741737350019
6334.0 0.4619287097359719
6336.0 0.46202236843804023
6338.0 0.4645469055384031
6340.0 0.4651530245467068
6342.0 0.4618802744903712
6344.0 0.46270757902647086
6346.0 0.4608874410984213
6348.0 0.4607983220112522
6350.0 0.4584961797745387
6352.0 0.4533677644177149
6354.0 0.44904903778312105
6356.0 0.4477761778813981
6358.0 0.4479769366634564
6360.0 0.44571152088931
6362.0 0.4405591052217531
6364.0 0.4329230896615962
6366.0 0.4284818893701348
6368.0 0.4216309556079333
6370.0 0.4127286549021684
6372.0 0.4065391884422976
6374.0 0.3989977138337267
6376.0 0.39397545081462976
6378.0 0.38884175926830794
6380.0 0.3833823594382728
6382.0 0.37921349996795345
6384.0 0.3759477990093023
6386.0 0.37446896843444333
6388.0 0.3679160123093613
6390.0 0.3661339168487117
6392.0 0.35855884292641255
6394.0 0.3564334752294152
6396.0 0.3563182154425462
6398.0 0.3544660894476883
6400.0 0.35757601146497203
6402.0 0.3556248190445112
6404.0 0.3547233383783614
6406.0 0.3513484133004842
6408.0 0.3512236656683157
6410.0 0.3522165041888271
6412.0 0.3512223340696309
6414.0 0.35111084167572065
6416.0 0.3476645849325443
6418.0 0.3458216381807922
6420.0 0.34169977411627234
6422.0 0.3429082516279513
6424.0 0.3401277999606633
6426.0 0.3397831634443491
6428.0 0.33735895926019366
6430.0 0.3372256442959409
6432.0 0.33557759629676287
6434.0 0.3301326170523246
6436.0 0.3289845967179599
6438.0 0.3276001857639454
6440.0 0.328999594386614
6442.0 0.32548341487242544
6444.0 0.32696426693519115
6446.0 0.327554229832807
6448.0 0.3284985496694675
6450.0 0.3335706655264248
6452.0 0.33541650120292127
6454.0 0.33929222719260327
6456.0 0.34591323965521037
6458.0 0.3516884434568722
6460.0 0.356484058342471
6462.0 0.3515988723774628
6464.0 0.3473495068663883
6466.0 0.35579642296861447
6468.0 0.37002999514088897
6470.0 0.3818114203652868
6472.0 0.4222121399284498
6474.0 0.4362858338287486
6476.0 0.451960030477667
6478.0 0.4672597580231338
6480.0 0.48323488588418306
6482.0 0.5004401039722927
6484.0 0.5174361444054654
6486.0 0.5360305624959373
6488.0 0.5500604274831278
6490.0 0.5680617258581963
6492.0 0.5843004010007932
6494.0 0.6036932534423533
6496.0 0.6216652213438867
6498.0 0.6363489306352804
6500.0 0.65429712351391
6502.0 0.672129233936032
6504.0 0.6907682735828543
6506.0 0.7105516907899384
6508.0 0.7259342853289286
6510.0 0.7409194315939455
6512.0 0.7572133186346912
6514.0 0.7685354302942875
6516.0 0.7825221083382131
6518.0 0.7961487689969016
6520.0 0.808460401746609
6522.0 0.8232295118217886
6524.0 0.841130836455935
6526.0 0.8555417374628093
6528.0 0.8733404639221996
6530.0 0.8908369454077062
6532.0 0.9123540903475617
6534.0 0.9303657886891477
6536.0 0.9464034986782701
6538.0 0.9604079179770316
6540.0 0.9700478445496088
6542.0 0.9820910594978646
6544.0 0.990252657572166
6546.0 0.9950264334391858
6548.0 1.0
6550.0 0.9977378426724942
6552.0 0.9963290315473576
6554.0 0.9946764232429279
6556.0 0.9953236826419151
6558.0 0.9903009614518969
6560.0 0.9942070691977409
6562.0 0.9871131661872268
6564.0 0.972765927877465
6566.0 0.9616367655223284
6568.0 0.946994734678466
6570.0 0.9375205267472865
6572.0 0.9279579751908793
6574.0 0.9233817918687265
6576.0 0.9096425803401798
6578.0 0.9071412785125111
6580.0 0.9001740628119166
6582.0 0.8964054378726496
6584.0 0.8869129161110818
6586.0 0.8734782015389831
6588.0 0.8623734352360326
6590.0 0.8492883999854354
6592.0 0.8432285558948649
6594.0 0.8333282141228046
6596.0 0.8212591197925418
6598.0 0.8097013294788433
6600.0 0.799122019416394
6602.0 0.7902709335612698
6604.0 0.7801446497991852
6606.0 0.7699836187290685
6608.0 0.7587084040767643
6610.0 0.7472735405587573
6612.0 0.7403126370090004
6614.0 0.7330198027186982
6616.0 0.7239589715067921
6618.0 0.7123045025355333
6620.0 0.7053268305178745
6622.0 0.6977510127292543
6624.0 0.6856843891497659
6626.0 0.6766351465267223
6628.0 0.6717250809852413
6630.0 0.6600724579185346
6632.0 0.653805765012311
6634.0 0.6471113450092993
6636.0 0.6380373916548202
6638.0 0.6327751106184352
6640.0 0.6241988858040602
6642.0 0.617687747766986
6644.0 0.6117549884664414
6646.0 0.6087720942694186
6648.0 0.6002191992404875
6650.0 0.5944272298560255
6652.0 0.5923460032239949
6654.0 0.5907055445654479
6656.0 0.5866749528897807
6658.0 0.5827120948083673
6660.0 0.5781887115564386
6662.0 0.5718690395046043
6664.0 0.5668523540319939
6666.0 0.5666166302797991
6668.0 0.5643822756001664
6670.0 0.5579770451945266
6672.0 0.5529914446326385
6674.0 0.5518267026046223
6676.0 0.5471725651030636
6678.0 0.5472185716004997
6680.0 0.5435648531389237
6682.0 0.5390334871410348
6684.0 0.5337409726888064
6686.0 0.5313663223843669
6688.0 0.5330293315511225
6690.0 0.5277011181209029
6692.0 0.5236262675915205
6694.0 0.5190462870173808
6696.0 0.5189463342485906
6698.0 0.5155904557938791
6700.0 0.5115096539947939
6702.0 0.5098088101780779
6704.0 0.5063900119271003
6706.0 0.5058532410428704
6708.0 0.5037664512364918
6710.0 0.5022459739260267
6712.0 0.50205326552984
6714.0 0.5008915733954302
6716.0 0.4993325939146332
6718.0 0.49542685672755205
6720.0 0.4912270492980478
6722.0 0.4893047611109866
6724.0 0.4867879086503937
6726.0 0.48409262085110527
6728.0 0.4851349599337048
6730.0 0.48624648708043144
6732.0 0.4830052891739565
6734.0 0.4794978463101682
6736.0 0.47720500875319355
6738.0 0.4748394945969364
6740.0 0.4703323296141095
6742.0 0.468369168894523
6744.0 0.46695059231541947
6746.0 0.46533004582970827
6748.0 0.46244791343892566
6750.0 0.46179284693634287
6752.0 0.4602481373737291
6754.0 0.4624418107224207
6756.0 0.45912069637921654
6758.0 0.4569675745474703
6760.0 0.4571215783286161
6762.0 0.45681640399665735
6764.0 0.45638081929047286
6766.0 0.45357654220744414
6768.0 0.4530510243118908
6770.0 0.4535402508930647
6772.0 0.45312353095794483
6774.0 0.45310702707623834
6776.0 0.4503411723440519
6778.0 0.4495218070529287
6780.0 0.4523657484327319
6782.0 0.4493261085906125
6784.0 0.4477895116403918
6786.0 0.4487735811225646
6788.0 0.4491691473102061
6790.0 0.44786969153174383
6792.0 0.44396000658012735
6794.0 0.44368078730708604
6796.0 0.44009647776736194
6798.0 0.44032656603167375
6800.0 0.44026979015017603
6802.0 0.4409645763276144
6804.0 0.44238158889908147
6806.0 0.43924215548747775
6808.0 0.4398343193197285
6810.0 0.44270951191827645
6812.0 0.4447275935147248
6814.0 0.4474761348182579
6816.0 0.44645380320231143
6818.0 0.44709162250905926
6820.0 0.44532098313413193
6822.0 0.440531904092283
6824.0 0.4436814607704937
6826.0 0.44414396067268064
6828.0 0.4376589594480024
6830.0 0.43062302501743654
6832.0 0.4325561914309323
6834.0 0.4242273365366688
6836.0 0.42160246089653663
6838.0 0.4236990573795428
6840.0 0.42816165143740903
6842.0 0.4327772723265209
6844.0 0.4310057828434261
6846.0 0.4328661688321921
6848.0 0.4326812336386558
6850.0 0.42744119534670927
6852.0 0.42845997759648896
6854.0 0.4290109673922804
6856.0 0.425875495105801
6858.0 0.42820758711988
6860.0 0.42929484943327806
6862.0 0.43068638502282236
6864.0 0.42742249150393086
6866.0 0.42462660294304577
6868.0 0.4265438975620452
6870.0 0.4278101608482594
6872.0 0.4273651447510106
6874.0 0.425891764303921
6876.0 0.4274897148887363
6878.0 0.42594655176863194
6880.0 0.4234799092786095
6882.0 0.4283722787508624
6884.0 0.42926494796139997
6886.0 0.428996659024761
6888.0 0.426507844187645
6890.0 0.429696770644989
6892.0 0.42686862381498875
6894.0 0.4307181167193802
6896.0 0.43142674987017776
6898.0 0.4275806374652686
6900.0 0.4272250766984782
6902.0 0.4296464758779517
6904.0 0.43096638444891994
6906.0 0.42857687456396143
6908.0 0.4233395612847824
6910.0 0.4259574517216372
6912.0 0.4303551062775709
6914.0 0.43128017326640283
6916.0 0.4268341784832214
6918.0 0.4267983284684729
6920.0 0.4241903885973084
6922.0 0.4222964202041908
6924.0 0.4244062767462312
6926.0 0.4237767625236432
6928.0 0.42177541674630425
6930.0 0.42189791201750143
6932.0 0.4211432733171009
6934.0 0.41974436684102323
6936.0 0.41707350196456205
6938.0 0.41682243337045316
6940.0 0.414708606524372
6942.0 0.4129502718225567
6944.0 0.415044431899897
6946.0 0.4119123678340137
6948.0 0.41295413680723625
6950.0 0.4137714816427714
6952.0 0.413287944160429
6954.0 0.4164006515404958
6956.0 0.41705950687054266
6958.0 0.4135155641593652
6960.0 0.4124726547273523
6962.0 0.4157607066581553
6964.0 0.41819858745283855
6966.0 0.41763740507382985
6968.0 0.4174476180288828
6970.0 0.4165042483890535
6972.0 0.41900366900890784
6974.0 0.4229866136507462
6976.0 0.43549087572499723
6978.0 0.42732117046779206
6980.0 0.42281289444092784
6982.0 0.4266619754681296
6984.0 0.4300771774011001
6986.0 0.4312423957098208
6988.0 0.4327674729474869
6990.0 0.4386491108227331
6992.0 0.4350970431266897
6994.0 0.434514430331125
6996.0 0.4365782440629101
6998.0 0.4352372407808086
7000.0 0.43922274733888633
7002.0 0.4417790259495437
7004.0 0.44028225531085424
7006.0 0.4362522743268788
7008.0 0.435831418862809
7010.0 0.43834046855654457
7012.0 0.433161233393923
7014.0 0.43187443615411114
7016.0 0.42941277872145345
7018.0 0.42590823426391367
7020.0 0.42481006558876405
7022.0 0.42356118148769645
7024.0 0.42338216510282517
7026.0 0.4231351789882905
7028.0 0.42182667054459405
7030.0 0.421158007799264
7032.0 0.4198990173884939
7034.0 0.4199159607036763
7036.0 0.41805936699895746
7038.0 0.4206633839786317
7040.0 0.4171289946360676
7042.0 0.41410184764646885
7044.0 0.41452791253698956
7046.0 0.41616115356554145
7048.0 0.4154320235065492
7050.0 0.41398581685061797
7052.0 0.4135347765366058
7054.0 0.41264694880778024
7056.0 0.4122713971497627
7058.0 0.41316160867132906
7060.0 0.4152024815884756
7062.0 0.41556534863976935
7064.0 0.4152011193219223
7066.0 0.4110378377892102
7068.0 0.41240468582722556
7070.0 0.413243594554379
7072.0 0.4108574398417631
7074.0 0.40948792105805276
7076.0 0.40772340849564687
7078.0 0.40478962845577504
7080.0 0.40554745460067837
7082.0 0.4038908418437768
7084.0 0.40412169392868996
7086.0 0.40656707740158343
7088.0 0.40793677286021607
7090.0 0.4046806064791127
7092.0 0.40367357469930837
7094.0 0.4032484434474265
7096.0 0.40448956332725
7098.0 0.4058015323901452
7100.0 0.40773105231480744
7102.0 0.40968587643347204
7104.0 0.4088929796819268
7106.0 0.40839367506412416
7108.0 0.40895253870691556
7110.0 0.40866533784675807
7112.0 0.40590847182551243
7114.0 0.4047396255389975
7116.0 0.409275679306019
7118.0 0.4084267659615235
7120.0 0.4045984443134995
7122.0 0.4054216698529885
7124.0 0.40564630815752395
7126.0 0.4057939914858113
7128.0 0.4049924608906054
7130.0 0.4063564018562397
7132.0 0.41345324263330785
7134.0 0.4212958329892699
7136.0 0.42146249479404685
7138.0 0.41872396741143375
7140.0 0.41673808138124036
7142.0 0.4135006886621183
7144.0 0.40862615595391594
7146.0 0.41054566116262575
7148.0 0.4157730225928141
7150.0 0.4119481686514111
7152.0 0.4064432729144793
7154.0 0.4056416584979949
7156.0 0.40744333880595374
7158.0 0.4036163184816936
7160.0 0.4058222241281758
7162.0 0.4110873374413466
7164.0 0.4127922804757001
7166.0 0.40797397449163275
7168.0 0.4093387796627105
7170.0 0.4078440082765568
7172.0 0.4023255839362589
7174.0 0.4006514162221062
7176.0 0.4014222234316853
7178.0 0.4030474117979702
7180.0 0.4050604410175244
7182.0 0.40939576882274986
7184.0 0.40782779727588775
7186.0 0.40518989744177036
7188.0 0.403422663651339
7190.0 0.40527195506109226
7192.0 0.4091633587509577
7194.0 0.41411257660488826
7196.0 0.4225445254153001
7198.0 0.42442203388370053
7200.0 0.4252497005470048
7202.0 0.4274949528052632
7204.0 0.4382494115937691
7206.0 0.44235347543171893
7208.0 0.43732419920524995
7210.0 0.4381849855983883
7212.0 0.4388515005402435
7214.0 0.4386444665619496
7216.0 0.4385265831748083
7218.0 0.4354567016608574
7220.0 0.42994842042600173
7222.0 0.4297927645315456
7224.0 0.4282793489678439
7226.0 0.42753513669749565
7228.0 0.42685907250859445
7230.0 0.41935697856861887
7232.0 0.4152903934236659
7234.0 0.4181897355869909
7236.0 0.4243965760663415
7238.0 0.4276029736081841
7240.0 0.42226213171680316
7242.0 0.4141401561633735
7244.0 0.4085912999548597
7246.0 0.41023367345622713
7248.0 0.41468526316670185
7250.0 0.415822464350145
7252.0 0.41680777994579565
7254.0 0.4178413808736396
7256.0 0.4136610603257367
7258.0 0.4064410860446473
7260.0 0.40443859551924755
7262.0 0.4076769650814546
7264.0 0.4152678105039326
7266.0 0.41175138938428646
7268.0 0.41050930166628447
7270.0 0.4101804450066775
7272.0 0.4113401485122256
7274.0 0.41486537462241313
7276.0 0.4184641063141271
7278.0 0.4219926682953431
7280.0 0.42296697862172744
7282.0 0.42112226558123605
7284.0 0.4253914665446032
7286.0 0.42907251639371435
7288.0 0.43208888700873826
7290.0 0.43375743206130624
7292.0 0.43803048434821557
7294.0 0.4398419078840195
7296.0 0.44440493766199185
7298.0 0.4423550867577401
7300.0 0.44553914087766777
7302.0 0.448943798461501
7304.0 0.4488182387844186
7306.0 0.44839871212242904
7308.0 0.4462694301437858
7310.0 0.4457012080470302
7312.0 0.44682730411974103
7314.0 0.4469671682535848
7316.0 0.4471808172388687
7318.0 0.44392035652432116
7320.0 0.44422325208167923
7322.0 0.44187673547690487
7324.0 0.4383634413799722
7326.0 0.43535476720304034
7328.0 0.4323540026761694
7330.0 0.4333760973172941
7332.0 0.43106575063479896
7334.0 0.42504408516313064
7336.0 0.42565189929971864
7338.0 0.4249786991491935
7340.0 0.4272747868270629
7342.0 0.4255381183620383
7344.0 0.4201169984855285
7346.0 0.42005557132321375
7348.0 0.42350478455702095
7350.0 0.4216345348999235
7352.0 0.4177177025152325
7354.0 0.41420904470783537
7356.0 0.41242290997219305
7358.0 0.4122738771060546
7360.0 0.4075560681282586
7362.0 0.4048093603416385
7364.0 0.40301705236590124
7366.0 0.40063490488243264
7368.0 0.40068614005805203
7370.0 0.40080065332594894
7372.0 0.3954051552978671
7374.0 0.39257637199706685
7376.0 0.39189177221219096
7378.0 0.39409479679377707
7380.0 0.3967399491850501
7382.0 0.39714445135376075
7384.0 0.3970644919043827
7386.0 0.3969236682593104
7388.0 0.39555407362816436
7390.0 0.39356959550963844
7392.0 0.39385477462081553
7394.0 0.3939814929292917
7396.0 0.39488298476317585
7398.0 0.3949058928326591
7400.0 0.3939759254552656
7402.0 0.3934843469407487
7404.0 0.39367255711784405
7406.0 0.3948342520318217
7408.0 0.39599764039747726
7410.0 0.3961877245602382
7412.0 0.3966471546043765
7414.0 0.3973365893982418
7416.0 0.3980856733842609
7418.0 0.3981274943343628
7420.0 0.39831976938244634
7422.0 0.39815440713344696
7424.0 0.3968862062880565
7426.0 0.39616106899473197
7428.0 0.39599243703893533
7430.0 0.3949941719658278
7432.0 0.3954578806882455
7434.0 0.3954156787993472
7436.0 0.3952833120878855
7438.0 0.394937447695664
7440.0 0.39686673072599954
7442.0 0.3976131243331167
7444.0 0.40040129989825934
7446.0 0.4010093374898998
7448.0 0.40172274900664956
7450.0 0.4034561217343673
7452.0 0.40571109737841515
7454.0 0.4062270114279485
7456.0 0.40711080449222387
7458.0 0.40648139440630604
7460.0 0.40708753567526373
7462.0 0.408173356644159
7464.0 0.4078707459468136
7466.0 0.40681284000429563
7468.0 0.4052993944613076
7470.0 0.40465890484225575
7472.0 0.4033866703171283
7474.0 0.4019890098237696
7476.0 0.4003370888096793
7478.0 0.39983821604132375
7480.0 0.3988216861394961
7482.0 0.39799102555166826
7484.0 0.3959549194186531
7486.0 0.39474881452043054
7488.0 0.3937163418191555
7490.0 0.3919821990134429
7492.0 0.39147449360501707
7494.0 0.3903441179796501
7496.0 0.3899179436166747
7498.0 0.38882405503784717
7500.0 0.3882455618210786
7502.0 0.3874457977918043
7504.0 0.38653866860514463
7506.0 0.3859826503248573
7508.0 0.38495117695997894
7510.0 0.38444807153853156
7512.0 0.3833240396128118
7514.0 0.38285296337195157
7516.0 0.3818163436767922
7518.0 0.38120619382440624
7520.0 0.38041247403612993
7522.0 0.3794993007647782
7524.0 0.3789749389027711
7526.0 0.3778861966949989
7528.0 0.37740921895930957
7530.0 0.37631602602826725
7532.0 0.3757883788591392
7534.0 0.37480902830913454
7536.0 0.3741672219176453
7538.0 0.3733795460912888
7540.0 0.3724603288630914
7542.0 0.37196762356235086
7544.0 0.3708216121867881
7546.0 0.3703707621399204
7548.0 0.3693081954435703
7550.0 0.3687237945051231
7552.0 0.3678017127951667
7554.0 0.367128250011996
7556.0 0.3663466182727003
7558.0 0.3654213568107316
7560.0 0.3649603080962266
7562.0 0.36375702784547165
7564.0 0.36333207659306316
7566.0 0.36045554699960397
7568.0 0.3613504636183598
7570.0 0.36076240027275325
7572.0 0.36054363928849337
7574.0 0.36048789558182776
7576.0 0.3617818016454224
7578.0 0.3631757613366562
7580.0 0.3647709375688236
7582.0 0.36532401563209616
7584.0 0.3636995709021615
7586.0 0.36013028312397055
7588.0 0.35832077142910596
7590.0 0.356543422329292
7592.0 0.3544797091077405
7594.0 0.3543751501606138
7596.0 0.3540509929809787
7598.0 0.3555311115919416
7600.0 0.3575846879425481
7602.0 0.36110400106950397
7604.0 0.36177120979411137
7606.0 0.3621157804410025
7608.0 0.3620197865576221
7610.0 0.36247162425433443
7612.0 0.3642724982905186
7614.0 0.3654675602328569
7616.0 0.36605338673342275
7618.0 0.36667556080892333
7620.0 0.36781986982167275
7622.0 0.36792274711629125
7624.0 0.36730653031792715
7626.0 0.3670796927976134
7628.0 0.3669160278931006
7630.0 0.36887011217194127
7632.0 0.36804991095969947
7634.0 0.36889549593475646
7636.0 0.3693430261350831
7638.0 0.37013132408892074
7640.0 0.3716849507050737
7642.0 0.3730783727799744
7644.0 0.37403752140373625
7646.0 0.37425503114267106
7648.0 0.3760695450968317
7650.0 0.3772648406764557
7652.0 0.3773455172060413
7654.0 0.3772892356250325
7656.0 0.377859320370382
7658.0 0.37690584958869267
7660.0 0.3759758230443051
7662.0 0.37450026924870017
7664.0 0.372111719412556
7666.0 0.37069188287965765
7668.0 0.368028907418609
7670.0 0.3669012958514473
7672.0 0.36566209457831017
7674.0 0.3643042781363924
7676.0 0.3648041955829003
7678.0 0.3640517573100794
7680.0 0.361416357129132
7682.0 0.36139978990735844
7684.0 0.36253537430974864
7686.0 0.36316791860842224
7688.0 0.3636021141838548
7690.0 0.3636902924653341
7692.0 0.36547058653521264
7694.0 0.36739738615125345
7696.0 0.3693114330430423
7698.0 0.37188109605752095
7700.0 0.37377575400844076
7702.0 0.37564413196326896
7704.0 0.37650294323496175
7706.0 0.3774181640219443
7708.0 0.3786433303379175
7710.0 0.37946050721403957
7712.0 0.3793765809104735
7714.0 0.3800438209723448
7716.0 0.38083873669409724
7718.0 0.3818603335686408
7720.0 0.3820203015405969
7722.0 0.38240299122395566
7724.0 0.3833199431155824
7726.0 0.3828403311851826
7728.0 0.3824146097470709
7730.0 0.38153705759474255
7732.0 0.38015870991043066
7734.0 0.3804353006143322
7736.0 0.3804284208178542
7738.0 0.37945549232254183
7740.0 0.3763026223907325
7742.0 0.37358546208383464
7744.0 0.37129864590971956
7746.0 0.3709541849080216
7748.0 0.37218074500563597
7750.0 0.3729984098809109
7752.0 0.37411276368316604
7754.0 0.3748174457246315
7756.0 0.37551592318899024
7758.0 0.3757735076857134
7760.0 0.3757794933111348
7762.0 0.3760708359817833
7764.0 0.3763497548358715
7766.0 0.37652729755194553
7768.0 0.37680087336250484
7770.0 0.3770934181059749
7772.0 0.377255033451765
7774.0 0.3775468381889431
7776.0 0.3778324116395718
7778.0 0.3779751644079839
7780.0 0.3783037479031632
7782.0 0.3785454723834149
7784.0 0.37872360186594894
7786.0 0.37903319850760997
7788.0 0.3792901198097795
7790.0 0.37945185495205597
7792.0 0.37977973555718664
7794.0 0.3800293810607044
7796.0 0.38017145417761006
7798.0 0.38061090862658503
7800.0 0.37997169202749803
7802.0 0.3799336787745445
7804.0 0.3806900720948137
7806.0 0.38048659535841156
7808.0 0.380602303042554
7810.0 0.37996761524097233
7812.0 0.37951412721656924
7814.0 0.3794800622724415
7816.0 0.378993450744834
7818.0 0.3786288395106999
7820.0 0.3785226743831805
7822.0 0.37798201782820384
7824.0 0.3778300714617804
7826.0 0.3773363091410705
7828.0 0.3764184857894804
7830.0 0.3758670262439288
7832.0 0.3761078331075665
7834.0 0.3764456766603792
7836.0 0.3757780102129279
7838.0 0.37580069914353037
7840.0 0.37521194468407
7842.0 0.3748552674338563
7844.0 0.3766524509622176
7846.0 0.3765506658345751
7848.0 0.3755343525494336
7850.0 0.3743923437584834
7852.0 0.3733206451073003
7854.0 0.37260685637710605
7856.0 0.37115656815373893
7858.0 0.37221152745220043
7860.0 0.3733708329046673
7862.0 0.3733997794511468
7864.0 0.37347385748643736
7866.0 0.3745772512167555
7868.0 0.37598695726325526
7870.0 0.3765611519412726
7872.0 0.3760454963146416
7874.0 0.375696757381805
7876.0 0.37488512470224794
7878.0 0.3746837329108429
7880.0 0.3747448725225509
7882.0 0.3741589727847157
7884.0 0.37313192835467746
7886.0 0.37370049016084117
7888.0 0.37413865718534434
7890.0 0.3731136266452087
7892.0 0.3735700712582587
7894.0 0.3744290053403129
7896.0 0.375551839475383
7898.0 0.3752130775479302
7900.0 0.37485494654384854
7902.0 0.3758360323557171
7904.0 0.37684852876611924
7906.0 0.3761473634684802
7908.0 0.37462694225677956
7910.0 0.37342009286636696
7912.0 0.3736745793757074
7914.0 0.3731360741818506
7916.0 0.37089828684627685
7918.0 0.3704993347124552
7920.0 0.3702465232143544
7922.0 0.3692820684221478
7924.0 0.36850417482123815
7926.0 0.3675559282237383
7928.0 0.3663492307417192
7930.0 0.36612259495530175
7932.0 0.3665408953490172
7934.0 0.3680745106430998
7936.0 0.37031358540676773
7938.0 0.37057932848371017
7940.0 0.37054585200666246
7942.0 0.37004881113776605
7944.0 0.36962819564494964
7946.0 0.3699197312521524
7948.0 0.36960225497797805
7950.0 0.3702695522797958
7952.0 0.37084591195816785
7954.0 0.369901579731776
7956.0 0.3686635225362381
7958.0 0.36938853909976144
7960.0 0.3688319176603908
7962.0 0.3678118396162893
7964.0 0.36665363910556814
7966.0 0.3664038913759043
7968.0 0.36663410472334573
7970.0 0.3678413890539001
7972.0 0.36806941199647797
7974.0 0.36757633373435933
7976.0 0.36733656163627715
7978.0 0.3680041268925701
7980.0 0.3678419402510731
7982.0 0.36642182214726493
7984.0 0.36512553307322043
7986.0 0.3640961098090612
7988.0 0.3644698075207233
7990.0 0.36406824320832587
7992.0 0.3632747256907153
7994.0 0.3630512839110452
7996.0 0.36258621735257385
7998.0 0.36307665573847286
8000.0 0.3644588628586259
8002.0 0.3646372094073431
8004.0 0.36425544396075854
8006.0 0.36455798054128924
8008.0 0.3649893513770589
8010.0 0.36345580246908954
8012.0 0.3628402887486189
8014.0 0.36389088761093513
8016.0 0.3633686166920959
8018.0 0.3629551245902123
8020.0 0.36205388899496194
8022.0 0.3606536101599599
8024.0 0.36152121925628844
8026.0 0.36153791376733235
8028.0 0.3609088798529302
8030.0 0.3612992831717013
8032.0 0.3605471989735057
8034.0 0.36023843057574406
8036.0 0.3597830472707608
8038.0 0.3594765950122675
8040.0 0.3612705780382319
8042.0 0.36172082001907835
8044.0 0.36101608280104025
8046.0 0.36006872673885726
8048.0 0.3602244753834032
8050.0 0.3620930304593973
8052.0 0.36177240330833116
8054.0 0.36120773267351414
8056.0 0.3606531492714602
8058.0 0.36042436233333236
8060.0 0.3595422794298515
8062.0 0.35894713413805795
8064.0 0.3598428377084967
8066.0 0.3602169708945839
8068.0 0.3585413108192065
8070.0 0.3575054120560513
8072.0 0.357281666621714
8074.0 0.35646809194803436
8076.0 0.35511402647882373
8078.0 0.3548426623893797
8080.0 0.35477584029288517
8082.0 0.35470486434489623
8084.0 0.3552709599488565
8086.0 0.3546600968147545
8088.0 0.353533892271869
8090.0 0.35379530757560906
8092.0 0.35226191487551933
8094.0 0.3521343370920328
8096.0 0.3527751965465393
8098.0 0.3528165687660654
8100.0 0.3526779062241062
8102.0 0.35209497225602665
8104.0 0.35089435056749674
8106.0 0.35069734410312936
8108.0 0.3499288755710646
8110.0 0.34862754415811076
8112.0 0.34959685991222456
8114.0 0.34917673089401746
8116.0 0.3482668556985704
8118.0 0.3476278609831233
8120.0 0.3468213892215726
8122.0 0.3452597722606535
8124.0 0.34420396320476637
8126.0 0.34497651127017
8128.0 0.3446012779400859
8130.0 0.34451552229684945
8132.0 0.3466074989369139
8134.0 0.34689027905110176
8136.0 0.34578070708414305
8138.0 0.34351560735761016
8140.0 0.3433812193522057
8142.0 0.34389308775831756
8144.0 0.3437516530933778
8146.0 0.3434370632461947
8148.0 0.3443368019564401
8150.0 0.34524986994550594
8152.0 0.34541845171577484
8154.0 0.34456554270344086
8156.0 0.34309997685190563
8158.0 0.3427545892077719
8160.0 0.3438966797139664
8162.0 0.34534715682361955
8164.0 0.34595971416636095
8166.0 0.3462906260135174
8168.0 0.3454346298682005
8170.0 0.3440189643600244
8172.0 0.3440857258802537
8174.0 0.3444823317847847
8176.0 0.3443976347290524
8178.0 0.3438549845259657
8180.0 0.34348228932327274
8182.0 0.34397561502408414
8184.0 0.3433283649560316
8186.0 0.3389522208252132
8188.0 0.33604754400415054
8190.0 0.33846532397515205
8192.0 0.342060355133465
8194.0 0.3460523762516739
8196.0 0.34927038956873563
8198.0 0.35011588709720126
8200.0 0.3504119985054634
8202.0 0.3499965018238343
8204.0 0.35008783977658475
8206.0 0.3506785347646635
8208.0 0.3510623018737903
8210.0 0.3507720297858545
8212.0 0.3492611274927957
8214.0 0.34730859640318645
8216.0 0.3461146833687448
8218.0 0.34481455583571285
8220.0 0.34474009391145805
8222.0 0.3444695520489098
8224.0 0.34405271279792476
8226.0 0.3450239336415915
8228.0 0.3456138144326986
8230.0 0.3453262857772453
8232.0 0.3440331308877016
8234.0 0.34331039868812796
8236.0 0.34302443666208254
8238.0 0.34427342312758935
8240.0 0.34597374310099266
8242.0 0.346113804566641
8244.0 0.3464092875478863
8246.0 0.3469195868568529
8248.0 0.3466785966693202
8250.0 0.3461123495625853
8252.0 0.3450409294348337
8254.0 0.34400854159581423
8256.0 0.3441786551799544
8258.0 0.34409545512627426
8260.0 0.34256608166513236
8262.0 0.34107034209116094
8264.0 0.340703686214893
8266.0 0.34126569355759573
8268.0 0.34141554074184405
8270.0 0.34012022853871093
8272.0 0.33979856396588204
8274.0 0.3395654681425554
8276.0 0.33975103593594996
8278.0 0.33953053365266067
8280.0 0.33972363730132726
8282.0 0.34094524910119794
8284.0 0.34129396430873304
8286.0 0.33997502539984603
8288.0 0.33901395678304086
8290.0 0.339239314821696
8292.0 0.34044744640610136
8294.0 0.3403680139724729
8296.0 0.33901772495435034
8298.0 0.3379424269570722
8300.0 0.33509188838587295
8302.0 0.3328277550573394
8304.0 0.32932696775071635
8306.0 0.32623387691446376
8308.0 0.32520447681720466
8310.0 0.32371304002617307
8312.0 0.3229215766984832
8314.0 0.32229475653973405
8316.0 0.32112637617913425
8318.0 0.320299593394191
8320.0 0.3196612520969802
8322.0 0.3177598464090058
8324.0 0.31705711565573297
8326.0 0.3140142517452518
8328.0 0.3132835011865187
8330.0 0.31253464120092167
8332.0 0.31008070251302705
8334.0 0.30888448430357546
8336.0 0.3069767852445894
8338.0 0.30393045038263655
8340.0 0.30129814552752193
8342.0 0.29798346370333934
8344.0 0.2946208492364234
8346.0 0.2923595397140672
8348.0 0.2907163760759539
8350.0 0.28856670721734795
8352.0 0.28536205453769353
8354.0 0.2815623043450177
8356.0 0.27829482183007753
8358.0 0.2760782046291053
8360.0 0.27408357239639414
8362.0 0.2718039828350479
8364.0 0.2676806918896081
8366.0 0.26625787711065124
8368.0 0.2648074817707357
8370.0 0.26263135660986286
8372.0 0.26120982150426697
8374.0 0.2597086755804148
8376.0 0.25813157992960395
8378.0 0.2565513006427348
8380.0 0.25619749471603
8382.0 0.2546449375498601
8384.0 0.25310550205023735
8386.0 0.25265936980127596
8388.0 0.2515120016600033
8390.0 0.2512782602106404
8392.0 0.25125529142438047
8394.0 0.2506271503655779
8396.0 0.25083809934007145
8398.0 0.25197037365504393
8400.0 0.25201556656856194
8402.0 0.2517003950193028
8404.0 0.25214653725179687
8406.0 0.2529738583005763
8408.0 0.2544630606866288
8410.0 0.2552257797992941
8412.0 0.2569290907897643
8414.0 0.2571223889176811
8416.0 0.25839319185159665
8418.0 0.2608930005329717
8420.0 0.2619974467382649
8422.0 0.26383649696152683
8424.0 0.265424959307525
8426.0 0.26707047939575373
8428.0 0.26914481341734225
8430.0 0.2715224395495809
8432.0 0.27332817586386043
8434.0 0.2753464867962666
8436.0 0.276863410511521
8438.0 0.27845504326745285
8440.0 0.28067414905898797
8442.0 0.2830396891783269
8444.0 0.2853199397630314
8446.0 0.28677654130312036
8448.0 0.28979840300729426
8450.0 0.2913099037403507
8452.0 0.2929774416456986
8454.0 0.29563696137649653
8456.0 0.2972513563438545
8458.0 0.2989126140655999
8460.0 0.3008068837464248
8462.0 0.3015351750059537
8464.0 0.30390960235626474
8466.0 0.30625172166176745
8468.0 0.3077101696603392
8470.0 0.3083184959401601
8472.0 0.30931040613325833
8474.0 0.3106176564088128
8476.0 0.3129037563713921
8478.0 0.31493048156081743
8480.0 0.31551804778174647
8482.0 0.31641220686858407
8484.0 0.3184013028422073
8486.0 0.3194407833570487
8488.0 0.31919210915473056
8490.0 0.31954963086971483
8492.0 0.31954378211206286
8494.0 0.32108119750319924
8496.0 0.32117536924291284
8498.0 0.3210174950595371
8500.0 0.3215650470644574
8502.0 0.3205996684778366
8504.0 0.3202523918251092
8506.0 0.32164935892900226
8508.0 0.3226119969922356
8510.0 0.3217854686327219
8512.0 0.32095771862015043
8514.0 0.3213368451065949
8516.0 0.32270993274540843
8518.0 0.32522682506843953
8520.0 0.3246842446990693
8522.0 0.3245387862145836
8524.0 0.32450615871907945
8526.0 0.3249132379729459
8528.0 0.3241872842206059
8530.0 0.32216331521998287
8532.0 0.320846590289125
8534.0 0.3199861067238865
8536.0 0.3173467119782764
8538.0 0.31553648635590537
8540.0 0.3142078615903818
8542.0 0.3105339075311567
8544.0 0.3096803401069249
8546.0 0.3082195544302826
8548.0 0.3067773496068815
8550.0 0.30616900708105954
8552.0 0.3064388238780363
8554.0 0.3050600962199238
8556.0 0.3056052903599273
8558.0 0.3058598868421709
8560.0 0.3076310712526761
8562.0 0.3088364257048635
8564.0 0.3097011467312365
8566.0 0.3143790351303607
8568.0 0.31709734759128505
8570.0 0.31839957541208863
8572.0 0.31967887302840375
8574.0 0.32131080440505355
8576.0 0.32332905665220113
8578.0 0.32598671539972895
8580.0 0.3285749387242353
8582.0 0.3298871437971945
8584.0 0.33052628895745934
8586.0 0.33281055974331214
8588.0 0.33365357622944647
8590.0 0.3356154806065326
8592.0 0.33784382497437404
8594.0 0.34079495793481107
8596.0 0.34449979896666966
8598.0 0.34576250067689757
8600.0 0.34796046957956306
8602.0 0.35159053486895153
8604.0 0.35424718915995396
8606.0 0.35739241251626813
8608.0 0.35965931795312656
8610.0 0.36216937361726714
8612.0 0.3656330354869806
8614.0 0.3690317110316074
8616.0 0.37136531900868885
8618.0 0.3737678540842906
8620.0 0.37327920153804967
8622.0 0.37647217034634495
8624.0 0.37884061132427077
8626.0 0.38288598966841425
8628.0 0.3863820501885522
8630.0 0.38759206495738613
8632.0 0.38999422360357383
8634.0 0.39306120486304197
8636.0 0.3964713876190378
8638.0 0.3978560898692366
8640.0 0.39958105214606787
8642.0 0.40385173214875614
8644.0 0.40632848606633576
8646.0 0.4093158240706329
8648.0 0.4131559908857247
8650.0 0.41415579643287076
8652.0 0.41619347959699043
8654.0 0.418739355350385
8656.0 0.41829222787566384
8658.0 0.42089644797607395
8660.0 0.42248265523302875
8662.0 0.4202898181495113
8664.0 0.4210121749229566
8666.0 0.42132881183387494
8668.0 0.4209685061483525
8670.0 0.4232132142301163
8672.0 0.4234806092442148
8674.0 0.42070627805230554
8676.0 0.41713863211537483
8678.0 0.41517400831785645
8680.0 0.4154231109865815
8682.0 0.4141739618226752
8684.0 0.4106174721293464
8686.0 0.40751737382305747
8688.0 0.4068902622089795
8690.0 0.4034209127678273
8692.0 0.40096661077173695
8694.0 0.3994866494527523
8696.0 0.3991792638245083
8698.0 0.39803972030229084
8700.0 0.39597838052728573
8702.0 0.395495010327603
8704.0 0.3951117174876419
8706.0 0.3947113027419423
8708.0 0.3926782244062422
8710.0 0.3912039970934179
8712.0 0.3908719773180408
8714.0 0.389376561387676
8716.0 0.387554291052825
8718.0 0.3852868712973173
8720.0 0.38392429406288814
8722.0 0.3832494239983546
8724.0 0.378344944522158
8726.0 0.3740469313252404
8728.0 0.37306224494045676
8730.0 0.37091673324386876
8732.0 0.3682123150823523
8734.0 0.36746315726719786
8736.0 0.36403548090103066
8738.0 0.3625854359550693
8740.0 0.36328413772056317
8742.0 0.36180429517454915
8744.0 0.358903796776815
8746.0 0.35741353133871184
8748.0 0.3546332113361303
8750.0 0.3548760132031683
8752.0 0.3560555165705921
8754.0 0.35511280610086293
8756.0 0.35342115535876556
8758.0 0.35135487436696083
8760.0 0.3498463352304323
8762.0 0.3481709618068812
8764.0 0.34700435669526136
8766.0 0.3436300507837583
8768.0 0.34158834413323425
8770.0 0.33951325845899405
8772.0 0.3387473446793805
8774.0 0.33601389913891677
8776.0 0.33505840765042216
8778.0 0.33339436417285545
8780.0 0.33201807732124483
8782.0 0.330001089616214
8784.0 0.32806854908230837
8786.0 0.3285558628026095
8788.0 0.3286158910262652
8790.0 0.32714339545543863
8792.0 0.3272313123893408
8794.0 0.32833726761563437
8796.0 0.32800470285907174
8798.0 0.32527023261979143
8800.0 0.32430171269336105
8802.0 0.32440558546868853
8804.0 0.3224946459861699
8806.0 0.32187430459341315
8808.0 0.321028514644119
8810.0 0.31917752598823057
8812.0 0.3185803953419157
8814.0 0.31781461436696706
8816.0 0.3187682450373201
8818.0 0.3162419483742514
8820.0 0.31449972096331785
8822.0 0.31451200035110494
8824.0 0.3129226198969951
8826.0 0.3117034244909803
8828.0 0.31193776354156244
8830.0 0.31233715858745
8832.0 0.31247590768177025
8834.0 0.3127448782810778
8836.0 0.31222305650552984
8838.0 0.31186435107381344
8840.0 0.3121574775597719
8842.0 0.3108827332005475
8844.0 0.31114216826234425
8846.0 0.3115249966688078
8848.0 0.3098811898971826
8850.0 0.30904399378818304
8852.0 0.30940087751550766
8854.0 0.30884900744936145
8856.0 0.30725352123738137
8858.0 0.30610368016289236
8860.0 0.30588513605014395
8862.0 0.30609776057699073
8864.0 0.30590757860310847
8866.0 0.30493231202595084
8868.0 0.3065659178079675
8870.0 0.3077891779124826
8872.0 0.30693383977943
8874.0 0.3051278350791091
8876.0 0.30460419521339316
8878.0 0.3041069624236098
8880.0 0.3050348745868482
8882.0 0.30508593444338045
8884.0 0.30411493660175354
8886.0 0.30339629858296163
8888.0 0.30324668745763783
8890.0 0.30266548538920746
8892.0 0.302072515416767
8894.0 0.3014615447166207
8896.0 0.2996543201579382
8898.0 0.2989487709581044
8900.0 0.29678995985261547
8902.0 0.297564872861621
8904.0 0.2991076263609316
8906.0 0.2997980994631695
8908.0 0.3013708750690188
8910.0 0.30189248291359067
8912.0 0.3033604506741755
8914.0 0.3039657417921441
8916.0 0.3039417998487232
8918.0 0.30286886570105176
8920.0 0.3018825341040953
8922.0 0.30428237457885066
8924.0 0.3065555359939758
8926.0 0.3062030549409408
8928.0 0.30522199280308826
8930.0 0.3058846220127444
8932.0 0.3056174471054382
8934.0 0.3052992818336883
8936.0 0.3048599989950267
8938.0 0.30464765682599043
8940.0 0.3036008185945426
8942.0 0.29957945173220346
8944.0 0.2972441266922618
8946.0 0.2967171609153868
8948.0 0.2976035635878783
8950.0 0.2997707463452299
8952.0 0.3006224591774217
8954.0 0.3003699302546832
8956.0 0.2987331661828993
8958.0 0.2979827290321639
8960.0 0.2966189286298293
8962.0 0.2962130282358933
8964.0 0.2975223971117488
8966.0 0.299213864990604
8968.0 0.29854459522495475
8970.0 0.29692810910740247
8972.0 0.2957131847591098
8974.0 0.29620558361047683
8976.0 0.2961064865356773
8978.0 0.2961100554180697
8980.0 0.29390597459654755
8982.0 0.29374956558530424
8984.0 0.2934187240695248
8986.0 0.29351950331663085
8988.0 0.29532583787749245
8990.0 0.2971125187657059
8992.0 0.29740624910554764
8994.0 0.29665430214315036
8996.0 0.2940318472544926
8998.0 0.2921490488358204
9000.0 0.2929398018806297
9002.0 0.29419079124772846
9004.0 0.2922891775296478
9006.0 0.29152442055522965
9008.0 0.2900741213129307
9010.0 0.2898964762282506
9012.0 0.29020857398254324
9014.0 0.28799358712455014
9016.0 0.2862082124224047
9018.0 0.283501242361435
9020.0 0.2816344924884638
9022.0 0.2808554376411216
9024.0 0.2798609324024254
9026.0 0.2781052299934781
9028.0 0.27784377481292205
9030.0 0.2792494131804623
9032.0 0.27975259007986314
9034.0 0.27806449005199474
9036.0 0.2779106356848475
9038.0 0.280529704651213
9040.0 0.28229330615144316
9042.0 0.28168852777698433
9044.0 0.28035055962223043
9046.0 0.2812058195985871
9048.0 0.28057638570285165
9050.0 0.28177057074210626
9052.0 0.28227276335143725
9054.0 0.28104141488498396
9056.0 0.28099020636673544
9058.0 0.2821180939271107
9060.0 0.2818571810272017
9062.0 0.28119857005778365
9064.0 0.2836255402587066
9066.0 0.2855072391643972
9068.0 0.28613615600077297
9070.0 0.28533545279258143
9072.0 0.28429716276171085
9074.0 0.284903449539852
9076.0 0.28786243082352425
9078.0 0.29103701491163075
9080.0 0.29161441751725903
9082.0 0.2905363583983499
9084.0 0.290439615865254
9086.0 0.29088882557946233
9088.0 0.2927369125587509
9090.0 0.2934222501001503
9092.0 0.2944478549570167
9094.0 0.29685231878149143
9096.0 0.29801494334664574
9098.0 0.29824676797957594
9100.0 0.2999736219121169
9102.0 0.30200031481829637
9104.0 0.3040936534075532
9106.0 0.30195535410558555
9108.0 0.29738448225325465
9110.0 0.2956699567232559
9112.0 0.2973708980386758
9114.0 0.298782019625048
9116.0 0.2988112164651784
9118.0 0.29778985285535664
9120.0 0.2971191843354049
9122.0 0.2963189068912481
9124.0 0.2971979032870212
9126.0 0.29634507630507434
9128.0 0.2920808895969368
9130.0 0.28872352306085247
9132.0 0.2887100936173409
9134.0 0.2904119676071885
9136.0 0.29078686740901083
9138.0 0.2894906298050742
9140.0 0.2895380102400206
9142.0 0.2906396856937946
9144.0 0.2908962938659235
9146.0 0.2898603774212553
9148.0 0.2877307659811643
9150.0 0.2863591938886315
9152.0 0.28688788226776685
9154.0 0.2882658688309315
9156.0 0.28778676652777674
9158.0 0.28755017744869377
9160.0 0.2875872477091603
9162.0 0.28702199794956407
9164.0 0.2856953331414681
9166.0 0.284172447316149
9168.0 0.28482346762118593
9170.0 0.2838650812640768
9172.0 0.28129785922088046
9174.0 0.2814239775427897
9176.0 0.2822056272340041
9178.0 0.282718646327406
9180.0 0.28092443851204024
9182.0 0.2795457303570111
9184.0 0.28032575836141005
9186.0 0.28002408746198143
9188.0 0.2790844094396937
9190.0 0.27989778597261916
9192.0 0.28302801721575777
9194.0 0.2845287252584729
9196.0 0.2829708437529927
9198.0 0.28286432992839816
9200.0 0.2825969644350491
9202.0 0.2823260438846509
9204.0 0.2835245600994873
9206.0 0.2842870941858686
9208.0 0.28490094428696927
9210.0 0.285815426995593
9212.0 0.2843432290393166
9214.0 0.2826683547677007
9216.0 0.282865465464532
9218.0 0.28222643152140103
9220.0 0.2812394835865087
9222.0 0.27904718840208503
9224.0 0.2777339859338042
9226.0 0.277733875868219
9228.0 0.27870062864801176
9230.0 0.27836677604273286
9232.0 0.2771017218947732
9234.0 0.27706692980988445
9236.0 0.27689686095159916
9238.0 0.2766422951474658
9240.0 0.27670544948309406
9242.0 0.27660084034072857
9244.0 0.2755365504025868
9246.0 0.27546196962210195
9248.0 0.2756957944569252
9250.0 0.2734544020732766
9252.0 0.2721837833821473
9254.0 0.27031895132194556
9256.0 0.27245206830376073
9258.0 0.2719657779111825
9260.0 0.2709881737925611
9262.0 0.26666969025078047
9264.0 0.26794527197553747
9266.0 0.2704303785967131
9268.0 0.2677479575918145
9270.0 0.26319272929493875
9272.0 0.26307979305607193
9274.0 0.2646771370652388
9276.0 0.26246424678758024
9278.0 0.26023902977365404
9280.0 0.25982171461039366
9282.0 0.26372140802775085
9284.0 0.26332097761594025
9286.0 0.25981517250653924
9288.0 0.25661000355608704
9290.0 0.2563110402503283
9292.0 0.256843446462003
9294.0 0.25757168248243134
9296.0 0.2544575450399624
9298.0 0.25361507173900383
9300.0 0.2562317429290358
9302.0 0.260854352279513
9304.0 0.2632564023775987
9306.0 0.2600091284533487
9308.0 0.25478741697460117
9310.0 0.25386084290048805
9312.0 0.2554315270249544
9314.0 0.2597705385976786
9316.0 0.2614991518286619
9318.0 0.2597033966593197
9320.0 0.2574663510351236
9322.0 0.25457569742389513
9324.0 0.2536858799034666
9326.0 0.25870743010669733
9328.0 0.2622321201663207
9330.0 0.2620803849660958
9332.0 0.25785893483393335
9334.0 0.25729542253472
9336.0 0.2603463242733363
9338.0 0.26402884503846974
9340.0 0.26461893076277304
9342.0 0.2656065523058477
9344.0 0.26788013891119083
9346.0 0.2691814896006101
9348.0 0.2684238657080328
9350.0 0.26793239317036327
9352.0 0.2688807319423475
9354.0 0.26731737321739557
9356.0 0.264616784535474
9358.0 0.26622039066470093
9360.0 0.2680220996748318
9362.0 0.26570843660217724
9364.0 0.2652138907550129
9366.0 0.2681579674110266
9368.0 0.269834763082208
9370.0 0.27008683819134344
9372.0 0.27093246787614933
9374.0 0.27140681678786277
9376.0 0.27205549493674724
9378.0 0.2729967693122917
9380.0 0.2708654077934601
9382.0 0.2714897461359417
9384.0 0.2709931509472336
9386.0 0.27208623003563503
9388.0 0.2729452223648712
9390.0 0.2715081444093838
9392.0 0.2718232536245254
9394.0 0.2719149409880839
9396.0 0.2720632893700928
9398.0 0.2726501626619778
9400.0 0.27267693806928806
9402.0 0.27222605321886023
9404.0 0.2723195192930484
9406.0 0.27279738202066395
9408.0 0.27294148430820586
9410.0 0.27269376977503895
9412.0 0.2725122172150743
9414.0 0.27246231266221815
9416.0 0.27288935126748526
9418.0 0.27308305750305456
9420.0 0.2734006172849657
9422.0 0.27369899446303303
9424.0 0.2739307598508812
9426.0 0.2738582539534482
9428.0 0.2736859722377373
9430.0 0.2737831775902741
9432.0 0.27358570855643766
9434.0 0.2739871581360156
9436.0 0.27409422377516646
9438.0 0.2739941606095065
9440.0 0.27376106866119077
9442.0 0.27351034775731675
9444.0 0.27355642324499124
9446.0 0.2739403360000051
9448.0 0.2741836288400058
9450.0 0.2742321526683557
9452.0 0.274956582358597
9454.0 0.27461039008856925
9456.0 0.27437394103535445
9458.0 0.27440788759216
9460.0 0.274317134744348
9462.0 0.27399176586911345
9464.0 0.27385505926373055
9466.0 0.27371534703697076
9468.0 0.27367043474408564
9470.0 0.2736419466523395
9472.0 0.27379563091977027
9474.0 0.2743964536431925
9476.0 0.2745113585501078
9478.0 0.2744078887010813
9480.0 0.27457053104155665
9482.0 0.27465113424462334
9484.0 0.2749623796627318
9486.0 0.2749663644419076
9488.0 0.27526156180861794
9490.0 0.27544200022724374
9492.0 0.2749097786279137
9494.0 0.2746344819293709
9496.0 0.2744164782707006
9498.0 0.2737975741676433
9500.0 0.2734867328214277
9502.0 0.2727599546691501
9504.0 0.27244306538720603
9506.0 0.27205869583352815
9508.0 0.2719748277922195
9510.0 0.2724166588831171
9512.0 0.27270989658270833
9514.0 0.2728690933163982
9516.0 0.2733729763075953
9518.0 0.2737384746657866
9520.0 0.2744974649803244
9522.0 0.2742692179587487
9524.0 0.274573183499484
9526.0 0.27469742701340333
9528.0 0.2744643469648912
9530.0 0.27421555627184113
9532.0 0.2740946362558718
9534.0 0.2734095854100697
9536.0 0.27353448367458055
9538.0 0.27413719741095444
9540.0 0.2741840511373966
9542.0 0.2744797831632733
9544.0 0.27449220824415366
9546.0 0.2744574909638203
9548.0 0.2744342113753282
9550.0 0.2744998349783309
9552.0 0.27464055484387984
9554.0 0.2745273721806738
9556.0 0.2742215425852059
9558.0 0.27397717139148287
9560.0 0.2735720282267977
9562.0 0.27332909106533665
9564.0 0.2734928319868193
9566.0 0.2734277992101859
9568.0 0.2734197881201468
9570.0 0.2737624050871171
9572.0 0.2737620403724624
9574.0 0.2744919567481031
9576.0 0.2745941343669589
9578.0 0.27451758200905024
9580.0 0.2744255137218389
9582.0 0.2744426058424921
9584.0 0.2743766530687884
9586.0 0.27443354876694975
9588.0 0.2746627683173626
9590.0 0.2746960938717824
9592.0 0.2740452843387808
9594.0 0.2741603709089209
9596.0 0.27462911428310816
9598.0 0.27485045442973965
9600.0 0.27475981021816587
9602.0 0.27471568114110345
9604.0 0.27464015497756533
9606.0 0.273892424236824
9608.0 0.27393219292668536
9610.0 0.2741607167339836
9612.0 0.27433598167573453
9614.0 0.2748974966590383
9616.0 0.27528541544178226
9618.0 0.2749164983929323
9620.0 0.27471865467387124
9622.0 0.2744957056747824
9624.0 0.27487549687438284
9626.0 0.27507799953270706
9628.0 0.2756787950902867
9630.0 0.27579489857871897
9632.0 0.27511500173966413
9634.0 0.2748708125123824
9636.0 0.27525133696438137
9638.0 0.2757141726911374
9640.0 0.2758773614179003
9642.0 0.276471544495076
9644.0 0.2765008984901813
9646.0 0.276897707966683
9648.0 0.2770261348743718
9650.0 0.27656979986012176
9652.0 0.27613504875444334
9654.0 0.27603399879031837
9656.0 0.2761264620146886
9658.0 0.276125518339441
9660.0 0.2755044105191452
9662.0 0.27539014441492615
9664.0 0.27510231799988183
9666.0 0.2750939582877075
9668.0 0.2754130976721925
9670.0 0.27563342667253155
9672.0 0.27549403732024835
9674.0 0.2753008658401478
9676.0 0.27520930850710856
9678.0 0.27519167310451764
9680.0 0.2752278979360726
9682.0 0.2753137407385395
9684.0 0.27534608852339404
9686.0 0.27493934907320067
9688.0 0.2747549434044214
9690.0 0.2748252339702097
9692.0 0.2748214632960543
9694.0 0.2747281520495959
9696.0 0.27474941762840815
9698.0 0.27462383557422465
9700.0 0.274298397123961
9702.0 0.2742686044865529
9704.0 0.27455407723800934
9706.0 0.2744049666235396
9708.0 0.27430062061427585
9710.0 0.27420048609977543
9712.0 0.2741068896385434
9714.0 0.2742187922403452
9716.0 0.27442783817335753
9718.0 0.2746334502651574
9720.0 0.2746888179457159
9722.0 0.2747632118521217
9724.0 0.27492720394180087
9726.0 0.27499801964766746
9728.0 0.27583254334008406
9730.0 0.2760811292132004
9732.0 0.2757346440724482
9734.0 0.27561809301855283
9736.0 0.2750420928983464
9738.0 0.27456203676355706
9740.0 0.2744020586294793
9742.0 0.2750939682112133
9744.0 0.27548458544867427
9746.0 0.2770316291285718
9748.0 0.27710305287354486
9750.0 0.2764481786425918
9752.0 0.27607737904097024
9754.0 0.27556678936301354
9756.0 0.27509344170929534
9758.0 0.2750284043629719
9760.0 0.2746552790434844
9762.0 0.2746934014342528
9764.0 0.27480579963346474
9766.0 0.274878916356266
9768.0 0.2755716854245246
9770.0 0.2759510262973798
9772.0 0.27575930470055054
9774.0 0.2753747532002486
9776.0 0.27552006416915453
9778.0 0.275849082219289
9780.0 0.27559572167925367
9782.0 0.2748885410378585
9784.0 0.27488064861886197
9786.0 0.27525166484361924
9788.0 0.27552558588317033
9790.0 0.2757567867369641
9792.0 0.27571828275100013
9794.0 0.2753936007874231
9796.0 0.2749224783337733
9798.0 0.2747986060643277
9800.0 0.275098746352352
9802.0 0.27515294044289335
9804.0 0.27567240757736966
9806.0 0.27608779034280867
9808.0 0.27606482378764624
9810.0 0.27561292112420244
9812.0 0.2751734447083439
9814.0 0.27451279275008955
9816.0 0.2743509373929474
9818.0 0.2745744511749113
9820.0 0.27469519021036365
9822.0 0.27493915372388805
9824.0 0.2750390476078302
9826.0 0.2749062643317806
9828.0 0.27476079264959247
9830.0 0.27453398130810946
9832.0 0.27401220822696215
9834.0 0.2741240229085631
9836.0 0.27427030582614764
9838.0 0.27417296692761733
9840.0 0.27388098674067324
9842.0 0.2738438647001741
9844.0 0.2739043893247494
9846.0 0.27345764215448715
9848.0 0.2731837689714033
9850.0 0.2738239404145067
9852.0 0.27366882224758127
9854.0 0.27346570394634057
9856.0 0.27341200282093864
9858.0 0.27334729998080315
9860.0 0.2732814405044722
9862.0 0.27353376177059996
9864.0 0.27402191222190436
9866.0 0.27408489950191967
9868.0 0.27327434916529025
9870.0 0.2732782907216656
9872.0 0.2737703074366207
9874.0 0.27387398642778965
9876.0 0.2736317479498279
9878.0 0.2734938071098382
9880.0 0.27331844535244904
9882.0 0.27340926377528285
9884.0 0.2737404514986582
9886.0 0.2747172379831327
9888.0 0.2746553044783972
9890.0 0.2732393538466381
9892.0 0.27248258596269087
9894.0 0.27292787466304264
9896.0 0.2737235476324077
9898.0 0.27355092129437175
9900.0 0.2724097899871479
9902.0 0.27240653481543725
9904.0 0.2724113479992738
9906.0 0.27242032009875183
9908.0 0.27283313689076816
9910.0 0.27310483456660467
9912.0 0.27286807196166557
9914.0 0.2725035754879945
9916.0 0.2726005660142176
9918.0 0.2722961273443241
9920.0 0.27226851550034237
9922.0 0.27196273206338106
9924.0 0.27185145374341163
9926.0 0.27236154433575904
9928.0 0.2727560792783376
9930.0 0.27287938348530455
9932.0 0.2731852684328596
9934.0 0.2731108994488211
9936.0 0.27277177164830313
9938.0 0.27277296376202453
9940.0 0.27268189165804735
9942.0 0.2727488681186915
9944.0 0.2731964319395088
9946.0 0.27359308381334013
9948.0 0.273552945680548
9950.0 0.2734789482040235
9952.0 0.27309235727837805
9954.0 0.27318475796006925
9956.0 0.2731931942555189
9958.0 0.2730818098784068
9960.0 0.27297185966511833
9962.0 0.2729728549850332
9964.0 0.27304097253832277
9966.0 0.27306265369769267
9968.0 0.27308119917601514
9970.0 0.2730774988440228
9972.0 0.2730472873999816
9974.0 0.27301221775107215
9976.0 0.2729734497312232
9978.0 0.2729366135186031
9980.0 0.2729768559384163
9982.0 0.27309896386594534
9984.0 0.2731689813942883
9986.0 0.2732220355900316
9988.0 0.27325954546089265
9990.0 0.2732862426883963
9992.0 0.27329122729873934
9994.0 0.27324214844580086
9996.0 0.2731322918252171
9998.0 0.2730792513968883
