# z obs_date
# 0 52280
3580.0 0.620133998078454
3582.0 0.6196530739861067
3584.0 0.6181186292634141
3586.0 0.618582668207448
3588.0 0.6193037505349444
3590.0 0.6213317046812651
3592.0 0.6223107486451275
3594.0 0.6221920714515875
3596.0 0.6229244234309801
3598.0 0.6241080944265703
3600.0 0.6233953863717637
3602.0 0.6222087733051885
3604.0 0.6208610987663626
3606.0 0.6210073872575714
3608.0 0.622426625611206
3610.0 0.6218134289615715
3612.0 0.619840695836456
3614.0 0.6185795151150112
3616.0 0.6183020121889102
3618.0 0.6182847688440609
3620.0 0.617507660507576
3622.0 0.6192839248553285
3624.0 0.6194212626409357
3626.0 0.6191232455694515
3628.0 0.6180995802786913
3630.0 0.6175873147890995
3632.0 0.6180089743578364
3634.0 0.618373607449348
3636.0 0.618171562351172
3638.0 0.6160648760458624
3640.0 0.6150836214320105
3642.0 0.6151039976588638
3644.0 0.614339456058613
3646.0 0.6139240539253502
3648.0 0.6143393969098107
3650.0 0.6147205189572269
3652.0 0.61439151793326
3654.0 0.6139908433018127
3656.0 0.6134905526137319
3658.0 0.6134587435842487
3660.0 0.6129251631088389
3662.0 0.6132178608695554
3664.0 0.6144550079265135
3666.0 0.6150310391877636
3668.0 0.6160160749482672
3670.0 0.6157589335073876
3672.0 0.6174429321190938
3674.0 0.6179558384276341
3676.0 0.6173055834195473
3678.0 0.6176067503294341
3680.0 0.6182702636016236
3682.0 0.6172357119001807
3684.0 0.6159648155498433
3686.0 0.6141615714273337
3688.0 0.612132490563789
3690.0 0.6117130903821641
3692.0 0.6105842771830361
3694.0 0.6088353944806012
3696.0 0.6077722768294155
3698.0 0.6068249291259723
3700.0 0.6058746412179129
3702.0 0.6053979541253868
3704.0 0.6054097938332057
3706.0 0.6045881671668429
3708.0 0.6342342688864631
3710.0 0.6244065011475055
3712.0 0.6167197457448147
3714.0 0.6159282674855304
3716.0 0.6107561125353508
3718.0 0.60514608626415
3720.0 0.5974359070448321
3722.0 0.5925494507265228
3724.0 0.5949425421668428
3726.0 0.5975719489708304
3728.0 0.6004098016514288
3730.0 0.597576394178261
3732.0 0.6068319452861304
3734.0 0.6145015436075291
3736.0 0.6209565783440358
3738.0 0.6349327329660828
3740.0 0.6406796238097768
3742.0 0.6465933000799678
3744.0 0.6636243213064348
3746.0 0.6733859743465294
3748.0 0.67249929092649
3750.0 0.6729450834873159
3752.0 0.6682985807000454
3754.0 0.6659773161617558
3756.0 0.6633839170472782
3758.0 0.6596357979419883
3760.0 0.6500828942659332
3762.0 0.6282238951426793
3764.0 0.6127037907091076
3766.0 0.598182386588469
3768.0 0.5778054408378062
3770.0 0.5598131725753197
3772.0 0.5463380392828788
3774.0 0.5328262635639132
3776.0 0.5224404995479746
3778.0 0.5137462248910514
3780.0 0.5032433938744167
3782.0 0.49658910349662727
3784.0 0.48795123959933234
3786.0 0.4803034182896366
3788.0 0.474984629933357
3790.0 0.46688566382290264
3792.0 0.4609140242788208
3794.0 0.45472170597658995
3796.0 0.44746404754076935
3798.0 0.44043838806743313
3800.0 0.43540487255825894
3802.0 0.42984771864955396
3804.0 0.4254521953592803
3806.0 0.42189373698723825
3808.0 0.4198563351384038
3810.0 0.419136625351116
3812.0 0.4204521009527557
3814.0 0.42450989166847036
3816.0 0.42930895411251124
3818.0 0.4340561372542738
3820.0 0.43824852154877647
3822.0 0.4447856888267134
3824.0 0.4496311075506648
3826.0 0.4560199091176045
3828.0 0.4636646575633911
3830.0 0.4723171534951388
3832.0 0.48051238130974905
3834.0 0.4920281698477239
3836.0 0.502667205204694
3838.0 0.5144762228250074
3840.0 0.5302880198116705
3842.0 0.5430427336340208
3844.0 0.5578757081135306
3846.0 0.5736627832014072
3848.0 0.5907083521061804
3850.0 0.6034508349193703
3852.0 0.6220176978487427
3854.0 0.637911006262406
3856.0 0.6487634242559379
3858.0 0.6636429295556621
3860.0 0.682071615081991
3862.0 0.6968430020245817
3864.0 0.7115063684283764
3866.0 0.7252281176543917
3868.0 0.7415840150546389
3870.0 0.7508007120730409
3872.0 0.7625367007890519
3874.0 0.77431535028368
3876.0 0.7857567996620882
3878.0 0.7968459034041873
3880.0 0.8075754317807999
3882.0 0.8145879738078479
3884.0 0.824118006201312
3886.0 0.8304742425589059
3888.0 0.8399740933900693
3890.0 0.8438435469009066
3892.0 0.8462618023331574
3894.0 0.8508230141062839
3896.0 0.8597681298661237
3898.0 0.8637778352050046
3900.0 0.8703548777029408
3902.0 0.8743538622460377
3904.0 0.8821015635347075
3906.0 0.8899409982005768
3908.0 0.8957421271177428
3910.0 0.8981560793421118
3912.0 0.9035623171923827
3914.0 0.9060816932706941
3916.0 0.906083852904629
3918.0 0.8988227690617164
3920.0 0.8947913413031312
3922.0 0.9115759845026461
3924.0 0.9334914021689805
3926.0 0.9520881660313522
3928.0 0.9578523153531321
3930.0 0.9564375761929905
3932.0 0.9471056870372112
3934.0 0.9326320646667481
3936.0 0.9332478386858116
3938.0 0.9614066190343622
3940.0 0.9852695811951502
3942.0 0.9943620323898495
3944.0 1.0
3946.0 0.998251609569382
3948.0 0.9966931311194003
3950.0 0.9911895169102543
3952.0 0.9796697696991511
3954.0 0.9679845009377255
3956.0 0.9619100824897406
3958.0 0.9682296469080097
3960.0 0.9705287056878517
3962.0 0.9631800138355495
3964.0 0.9509044266807272
3966.0 0.9374593473347536
3968.0 0.914471892608405
3970.0 0.8991013309860385
3972.0 0.9006366105797895
3974.0 0.9031109272584652
3976.0 0.8965954765848181
3978.0 0.8899011296044577
3980.0 0.8827606952513942
3982.0 0.8735312541416155
3984.0 0.8649692541695152
3986.0 0.8571610542987365
3988.0 0.8471328152137223
3990.0 0.8416631425878633
3992.0 0.8393721632213298
3994.0 0.8368633613026777
3996.0 0.833143708148229
3998.0 0.8331540050733467
4000.0 0.8303625032453664
4002.0 0.8298016457848992
4004.0 0.8290770861961263
4006.0 0.8308103638038755
4008.0 0.832598156384702
4010.0 0.8332233197900979
4012.0 0.8360563788072127
4014.0 0.837796484936019
4016.0 0.8397121378204299
4018.0 0.8404894347233365
4020.0 0.8412515832972783
4022.0 0.84715030311319
4024.0 0.8503096211246947
4026.0 0.8535028911588982
4028.0 0.8603318006103916
4030.0 0.8640091777608938
4032.0 0.8700079581759226
4034.0 0.875644650023283
4036.0 0.8762620447261743
4038.0 0.8842813939327996
4040.0 0.8915166850855613
4042.0 0.8961422027980481
4044.0 0.9026676958471316
4046.0 0.9051096180711464
4048.0 0.9074396017400792
4050.0 0.909957307804742
4052.0 0.9143090348232707
4054.0 0.9192109231048937
4056.0 0.9164872794063694
4058.0 0.9196919885769121
4060.0 0.9196208049497264
4062.0 0.9175886190538767
4064.0 0.9169494189612051
4066.0 0.9158100985921372
4068.0 0.9132330597338476
4070.0 0.9098123868173162
4072.0 0.9084998650861776
4074.0 0.9082093979736753
4076.0 0.9020462355331784
4078.0 0.8969853331940307
4080.0 0.8899971096912496
4082.0 0.8831887957463189
4084.0 0.8780963849149406
4086.0 0.8762199674204033
4088.0 0.872986124307864
4090.0 0.8663535543306051
4092.0 0.8604007346077407
4094.0 0.8595688568762295
4096.0 0.8582623667654394
4098.0 0.8546019294375271
4100.0 0.8498572274460554
4102.0 0.8437582273571926
4104.0 0.8420313124935158
4106.0 0.8370810951890044
4108.0 0.8317302536972646
4110.0 0.8261974982053235
4112.0 0.81869332430611
4114.0 0.8124211016850409
4116.0 0.8086540287284488
4118.0 0.803688205060303
4120.0 0.7989713105963869
4122.0 0.7963164517810893
4124.0 0.7922817352601876
4126.0 0.7908610917501797
4128.0 0.79385741779368
4130.0 0.7931146937627168
4132.0 0.7896547706498932
4134.0 0.7902628976328638
4136.0 0.7889130050703288
4138.0 0.7874530536872831
4140.0 0.7879764794569928
4142.0 0.7879110520351025
4144.0 0.7865966399482849
4146.0 0.787376820750518
4148.0 0.7857049622354385
4150.0 0.7890075425769509
4152.0 0.7929089232035683
4154.0 0.7941369332602204
4156.0 0.792668430098983
4158.0 0.7973443594395487
4160.0 0.8011927279568736
4162.0 0.8018645057403492
4164.0 0.8004229277741483
4166.0 0.7999927555829992
4168.0 0.799908077486807
4170.0 0.8000541489608489
4172.0 0.7971018138606495
4174.0 0.7954885528283162
4176.0 0.7953756655081049
4178.0 0.7910960236992588
4180.0 0.7866415516487699
4182.0 0.7830981900799201
4184.0 0.7795427465639686
4186.0 0.7725989175575328
4188.0 0.7658124710700565
4190.0 0.7622271793251867
4192.0 0.755058935230643
4194.0 0.745929204759529
4196.0 0.7406482400774407
4198.0 0.7372503008649106
4200.0 0.7316378599607235
4202.0 0.7248536802030574
4204.0 0.7209822285951822
4206.0 0.7166242410627134
4208.0 0.7134553965675045
4210.0 0.7089281462892968
4212.0 0.703858955548864
4214.0 0.7010567394070629
4216.0 0.6950859026139916
4218.0 0.6928307412625763
4220.0 0.689977056129152
4222.0 0.6855512191724096
4224.0 0.6791429651758206
4226.0 0.6761700874534744
4228.0 0.672800791161243
4230.0 0.6668639179099942
4232.0 0.6624708974872295
4234.0 0.6606642291601305
4236.0 0.6576692822687554
4238.0 0.6527505306569559
4240.0 0.6482602459000687
4242.0 0.6439893210254087
4244.0 0.6399700695998065
4246.0 0.6350196423823767
4248.0 0.631376725645418
4250.0 0.6282193971772334
4252.0 0.625646333927476
4254.0 0.6205759650785829
4256.0 0.6163667183455923
4258.0 0.6129424213008139
4260.0 0.609303832547409
4262.0 0.6036006921957273
4264.0 0.6027391446331578
4266.0 0.6035941079128689
4268.0 0.6016141623050116
4270.0 0.5965538650148856
4272.0 0.596106206596991
4274.0 0.5991515146236698
4276.0 0.5968638442092532
4278.0 0.5970921218699816
4280.0 0.5959242013718358
4282.0 0.5957316639061275
4284.0 0.5944545690954726
4286.0 0.5933295805312978
4288.0 0.5919538702301046
4290.0 0.5896657618411146
4292.0 0.5900257301836549
4294.0 0.5915474533982755
4296.0 0.593194549665923
4298.0 0.5964060615084266
4300.0 0.5989463290581233
4302.0 0.6000885191745191
4304.0 0.6038342253479132
4306.0 0.6065701375986772
4308.0 0.6081059750790706
4310.0 0.6088017102805404
4312.0 0.6109425141109349
4314.0 0.6127955430965643
4316.0 0.6172800483862
4318.0 0.6170859075197193
4320.0 0.6146382698007176
4322.0 0.6164857715095929
4324.0 0.617352059519159
4326.0 0.6170643999161745
4328.0 0.6139299169109828
4330.0 0.6136285765374276
4332.0 0.6147851619191246
4334.0 0.6135505698825877
4336.0 0.6120778799165246
4338.0 0.6141337328802361
4340.0 0.6152397838439421
4342.0 0.6155464021719081
4344.0 0.6144949540298258
4346.0 0.6152563371885376
4348.0 0.6145011716196033
4350.0 0.6114697579904373
4352.0 0.6105994805177536
4354.0 0.6089355321974893
4356.0 0.6061933200749238
4358.0 0.6066375310460607
4360.0 0.6004894935905764
4362.0 0.5962011702237288
4364.0 0.5951501382566716
4366.0 0.5928089152335569
4368.0 0.5903975789518782
4370.0 0.5874154985101968
4372.0 0.5860893890789143
4374.0 0.5827186842095099
4376.0 0.5801900754966282
4378.0 0.5777637030079142
4380.0 0.5748127294237647
4382.0 0.5710676513575408
4384.0 0.5682095689694258
4386.0 0.5633998482617812
4388.0 0.5577478832895424
4390.0 0.5564462941088286
4392.0 0.5530458632698416
4394.0 0.5481670418661782
4396.0 0.5432053896928581
4398.0 0.5404094720547744
4400.0 0.538800331382315
4402.0 0.5357089725370647
4404.0 0.5352137373128283
4406.0 0.5347104089334619
4408.0 0.5338644331027993
4410.0 0.5328525260349762
4412.0 0.5328977412514085
4414.0 0.5328503119734258
4416.0 0.5338504903879191
4418.0 0.5344002207613211
4420.0 0.5339017431081156
4422.0 0.5348005811247807
4424.0 0.5390515768717266
4426.0 0.5405575721292246
4428.0 0.541862812612097
4430.0 0.5464765738251084
4432.0 0.5501287107261431
4434.0 0.5533198216777042
4436.0 0.557491586005093
4438.0 0.5612515237903336
4440.0 0.5663321749165456
4442.0 0.5712998377472365
4444.0 0.5749909018474572
4446.0 0.5806343251402629
4448.0 0.5873576488134622
4450.0 0.5922508892056452
4452.0 0.5963507193171235
4454.0 0.6012886053590673
4456.0 0.6025570055311097
4458.0 0.6030636535522073
4460.0 0.6035685288132067
4462.0 0.6067235219665715
4464.0 0.6101162547192455
4466.0 0.61374896922382
4468.0 0.6171081856234526
4470.0 0.6208760680948291
4472.0 0.6251984301743453
4474.0 0.6285777897333268
4476.0 0.6320211078914758
4478.0 0.6363545422025216
4480.0 0.6404893936562437
4482.0 0.6413729879380724
4484.0 0.6436642270674574
4486.0 0.6473701299729494
4488.0 0.6491320509461153
4490.0 0.6504297361144878
4492.0 0.6542121144549868
4494.0 0.6582327491036855
4496.0 0.6580529379154504
4498.0 0.6604771810015919
4500.0 0.663794323107462
4502.0 0.6662354374380307
4504.0 0.6687725896431794
4506.0 0.6717637551177483
4508.0 0.6748794180384531
4510.0 0.6796520190506655
4512.0 0.6837540673333298
4514.0 0.6885991588420649
4516.0 0.6915766831930064
4518.0 0.6993635419262171
4520.0 0.7035200942299032
4522.0 0.7066693843206041
4524.0 0.7120211763721145
4526.0 0.7171088023038587
4528.0 0.7196328188527334
4530.0 0.7230783396940959
4532.0 0.7300009673051602
4534.0 0.7342291184894753
4536.0 0.736547161336272
4538.0 0.7396174653345108
4540.0 0.7441218558031528
4542.0 0.7478410563987717
4544.0 0.7524007330839115
4546.0 0.7589115692504017
4548.0 0.763119947664839
4550.0 0.7661535750854842
4552.0 0.7711870101263061
4554.0 0.775309415684542
4556.0 0.7795617711879713
4558.0 0.7810908113225515
4560.0 0.7824831405707042
4562.0 0.7866649779812217
4564.0 0.7899853770892252
4566.0 0.7932502427183541
4568.0 0.7982996252714989
4570.0 0.8021962820691226
4572.0 0.8079735830262595
4574.0 0.8091831987653187
4576.0 0.8122438125919376
4578.0 0.8143109208371889
4580.0 0.8168802707054399
4582.0 0.8210633866810297
4584.0 0.8249705746166655
4586.0 0.8288476398672681
4588.0 0.8337826706335698
4590.0 0.8358265307992717
4592.0 0.8381127616720473
4594.0 0.8404036681658722
4596.0 0.8452600715625308
4598.0 0.844674539675353
4600.0 0.8487015372013209
4602.0 0.853038690444697
4604.0 0.8527679106982416
4606.0 0.8538544691790358
4608.0 0.8562656596133671
4610.0 0.853475740285477
4612.0 0.8507094914590378
4614.0 0.8485154465258649
4616.0 0.8454333583497634
4618.0 0.8445580793062203
4620.0 0.8439636887524178
4622.0 0.8391376172516207
4624.0 0.835329820919541
4626.0 0.8300776628872674
4628.0 0.8232646671050281
4630.0 0.8168864935322817
4632.0 0.8102465554130639
4634.0 0.8029830552598651
4636.0 0.7962182609296014
4638.0 0.7871054711854588
4640.0 0.7778744640777691
4642.0 0.7672832195991471
4644.0 0.7574477642037342
4646.0 0.74532860195815
4648.0 0.7332719137387617
4650.0 0.7226263128861264
4652.0 0.7124821348677461
4654.0 0.7023615640985463
4656.0 0.6938827939006827
4658.0 0.6871075811130202
4660.0 0.6789496696277866
4662.0 0.6737102715291966
4664.0 0.66914970967232
4666.0 0.6635933206008473
4668.0 0.6587741058370765
4670.0 0.6547840488143574
4672.0 0.6489839014991332
4674.0 0.644354452911275
4676.0 0.6406238193397928
4678.0 0.6360156510897268
4680.0 0.6322937333375661
4682.0 0.6292368347925283
4684.0 0.6258068845424886
4686.0 0.624244047222627
4688.0 0.6226348900184452
4690.0 0.6203305459488859
4692.0 0.6169103124814835
4694.0 0.6143412617527372
4696.0 0.6118213690571891
4698.0 0.609249772489781
4700.0 0.6055755275015479
4702.0 0.6038770991475573
4704.0 0.6010901295005365
4706.0 0.5970422049598738
4708.0 0.5922587511646247
4710.0 0.5884677602174646
4712.0 0.5825062260349488
4714.0 0.5765998758224542
4716.0 0.5705506902594559
4718.0 0.563998573985193
4720.0 0.5573046226087992
4722.0 0.5522253906888934
4724.0 0.5476270793998855
4726.0 0.5414852899585673
4728.0 0.537582147691318
4730.0 0.5336475829717896
4732.0 0.528762350673826
4734.0 0.5230157989687424
4736.0 0.5171252945144255
4738.0 0.512346625977741
4740.0 0.5082430153446563
4742.0 0.5054869786940805
4744.0 0.5005135950620189
4746.0 0.4950900605425605
4748.0 0.4907933760005447
4750.0 0.48847432566653143
4752.0 0.48562758561525504
4754.0 0.4842699382124536
4756.0 0.48383783328000707
4758.0 0.48378186311657045
4760.0 0.48277932956691044
4762.0 0.48660597131811867
4764.0 0.48758819067656545
4766.0 0.4882304678010674
4768.0 0.49251606647512836
4770.0 0.4962949221167183
4772.0 0.5003531881233055
4774.0 0.5047196890306614
4776.0 0.5082967267917318
4778.0 0.5118386757569725
4780.0 0.5167601705537477
4782.0 0.5217217902000129
4784.0 0.5273947380482644
4786.0 0.5292175443711391
4788.0 0.5329394699863994
4790.0 0.5354173278537662
4792.0 0.5388387685527606
4794.0 0.5413844553057797
4796.0 0.5428973455548525
4798.0 0.5431607576806957
4800.0 0.5425928735450667
4802.0 0.5414604423059967
4804.0 0.5374158435123707
4806.0 0.5368566143626491
4808.0 0.5325279895735748
4810.0 0.5278589223229391
4812.0 0.5226820412297792
4814.0 0.5176046932163254
4816.0 0.5120539265814417
4818.0 0.5059654210580146
4820.0 0.5015358453888612
4822.0 0.49769093051695595
4824.0 0.4917728004917243
4826.0 0.4840203921445354
4828.0 0.47784476225338535
4830.0 0.4715949653074655
4832.0 0.46344154140251154
4834.0 0.45656518764346876
4836.0 0.4512821397557424
4838.0 0.4447818239009284
4840.0 0.43987660617139307
4842.0 0.43583559080427253
4844.0 0.4325483979778325
4846.0 0.43216640322852934
4848.0 0.42982156948251615
4850.0 0.4272665220665733
4852.0 0.42631022213961944
4854.0 0.42506902534400826
4856.0 0.4242924611254925
4858.0 0.42550034203311954
4860.0 0.42576162650024063
4862.0 0.427670829013339
4864.0 0.4275812687780389
4866.0 0.42993689736113855
4868.0 0.43215465911932843
4870.0 0.4355880455020543
4872.0 0.43942315448001557
4874.0 0.44221963591250407
4876.0 0.44823551493859654
4878.0 0.4521865341158165
4880.0 0.4555961227587745
4882.0 0.46028354737887583
4884.0 0.4656819334394217
4886.0 0.47236355371012284
4888.0 0.47725021412501517
4890.0 0.4837806138407947
4892.0 0.48933219713474135
4894.0 0.4934375282893608
4896.0 0.4982844579579567
4898.0 0.504097117460159
4900.0 0.5092779640512165
4902.0 0.5142936861396833
4904.0 0.5207726871020094
4906.0 0.5258043662613671
4908.0 0.5286674966025101
4910.0 0.5320639507443429
4912.0 0.535585459010127
4914.0 0.5376121467109974
4916.0 0.5406501383309179
4918.0 0.5440619469033203
4920.0 0.5444902575835181
4922.0 0.5461196538828355
4924.0 0.5488746423324764
4926.0 0.5509689105476553
4928.0 0.5522461708294576
4930.0 0.5535375433326669
4932.0 0.5530339584901145
4934.0 0.5540567043524498
4936.0 0.553000533417972
4938.0 0.5521347558716508
4940.0 0.5516690627746856
4942.0 0.55121610911635
4944.0 0.5472037348664351
4946.0 0.5434851990348045
4948.0 0.5395333332440856
4950.0 0.5363770828632598
4952.0 0.5337478589609249
4954.0 0.5295936213822311
4956.0 0.5221832079029358
4958.0 0.5180669019471148
4960.0 0.5129779339061437
4962.0 0.5084450046926724
4964.0 0.5034351796941458
4966.0 0.4987583205948974
4968.0 0.49247355966477896
4970.0 0.487318774956177
4972.0 0.4836545904448616
4974.0 0.47777541115849714
4976.0 0.47331520863539855
4978.0 0.4676911027020394
4980.0 0.4635249209991457
4982.0 0.46034078240260673
4984.0 0.4586876105789878
4986.0 0.4536944215943525
4988.0 0.44902240755802764
4990.0 0.4473808911838028
4992.0 0.44612339995361233
4994.0 0.44607796637502384
4996.0 0.445875004485976
4998.0 0.445523797159352
5000.0 0.44493345317770955
5002.0 0.44305867867732623
5004.0 0.44322168812445023
5006.0 0.4423455813205697
5008.0 0.44085379325568597
5010.0 0.43857705007018116
5012.0 0.43801950235250947
5014.0 0.43894256927732406
5016.0 0.43711372396289705
5018.0 0.4353739873453226
5020.0 0.4359182472255649
5022.0 0.43448880105825194
5024.0 0.43544461318123345
5026.0 0.436047990429444
5028.0 0.43709337734171705
5030.0 0.4391033229136796
5032.0 0.44067795345528077
5034.0 0.44164844825453875
5036.0 0.4425859765386835
5038.0 0.44566084601928224
5040.0 0.4454340653501837
5042.0 0.4458585214006611
5044.0 0.44722508522364784
5046.0 0.44729671705077945
5048.0 0.4493262679687781
5050.0 0.45152759347610577
5052.0 0.4537847040650179
5054.0 0.45401317648061434
5056.0 0.45706387030507273
5058.0 0.4578356256735824
5060.0 0.4588582357283478
5062.0 0.4611443659912039
5064.0 0.46379783885755277
5066.0 0.4666705088828804
5068.0 0.4697316416903095
5070.0 0.4717248648201919
5072.0 0.47449846176956506
5074.0 0.4761350096018715
5076.0 0.47741081171505534
5078.0 0.47859100068748217
5080.0 0.4821468538160389
5082.0 0.4840167192833371
5084.0 0.4838662392704939
5086.0 0.4844522360888882
5088.0 0.48571489793627276
5090.0 0.4857203400437067
5092.0 0.4867257415857548
5094.0 0.4880671335188565
5096.0 0.489076483239544
5098.0 0.4894016808216
5100.0 0.4897497471140301
5102.0 0.4909777849167124
5104.0 0.4924328713467739
5106.0 0.49324356967622934
5108.0 0.4932612544359615
5110.0 0.4945635694827605
5112.0 0.4945046764857115
5114.0 0.4930868298987301
5116.0 0.4936316920907722
5118.0 0.49350540256564424
5120.0 0.4932857923063808
5122.0 0.4928873809545024
5124.0 0.4928964744336592
5126.0 0.49166802083364936
5128.0 0.49072440547089613
5130.0 0.4909005086994251
5132.0 0.4894095173779181
5134.0 0.4900375428553047
5136.0 0.49039908283779765
5138.0 0.4893960563668264
5140.0 0.48974350347000456
5142.0 0.49083063799599946
5144.0 0.4898599625499179
5146.0 0.49141229746165604
5148.0 0.493910615928186
5150.0 0.4936915053263703
5152.0 0.4943011543150332
5154.0 0.49751656147812046
5156.0 0.49902690314251014
5158.0 0.49915585267870477
5160.0 0.4998092722755196
5162.0 0.501502661004049
5164.0 0.5035710996584006
5166.0 0.5047201502719213
5168.0 0.5067174009076122
5170.0 0.5096023309471872
5172.0 0.5109004402681716
5174.0 0.5141315676159169
5176.0 0.5154322448665477
5178.0 0.5157078145644198
5180.0 0.5195029956886537
5182.0 0.5214305429739805
5184.0 0.5225405363518886
5186.0 0.5252858798996684
5188.0 0.5288149331548505
5190.0 0.5308687150018002
5192.0 0.5336041503451051
5194.0 0.5359741208909368
5196.0 0.5389732055682139
5198.0 0.5414484993327521
5200.0 0.5431728325317847
5202.0 0.5454492134349047
5204.0 0.5459470327972569
5206.0 0.545673867303654
5208.0 0.546950164956052
5210.0 0.5486188752042415
5212.0 0.5480149246363474
5214.0 0.5458688381821367
5216.0 0.5444910527609661
5218.0 0.5426986534977735
5220.0 0.5416349632787085
5222.0 0.5404740212560478
5224.0 0.537614885830417
5226.0 0.5345650124077473
5228.0 0.5307345480243268
5230.0 0.5252292060521473
5232.0 0.5216173651790524
5234.0 0.5191271122812573
5236.0 0.5163008267350587
5238.0 0.5127578018769509
5240.0 0.5084657634840747
5242.0 0.5038609295928449
5244.0 0.5015296997476333
5246.0 0.4984949628414857
5248.0 0.49716783824025873
5250.0 0.49797290177808096
5252.0 0.49674895547142595
5254.0 0.49349412758688965
5256.0 0.491825631068938
5258.0 0.4898558027586895
5260.0 0.48860164249614096
5262.0 0.4880058329961097
5264.0 0.4872685052034557
5266.0 0.4875045523730844
5268.0 0.48645232597030014
5270.0 0.4857694028278951
5272.0 0.48655174874583007
5274.0 0.48819522969529305
5276.0 0.4871796042687274
5278.0 0.4872030309504654
5280.0 0.488128064418247
5282.0 0.48955593832356464
5284.0 0.4898118678304446
5286.0 0.48948365759059304
5288.0 0.49049938727917614
5290.0 0.49249119865103325
5292.0 0.4931031135376497
5294.0 0.493472115394278
5296.0 0.4947896196052606
5298.0 0.49458510322478694
5300.0 0.4933153021478284
5302.0 0.4944227771294939
5304.0 0.49481860280683637
5306.0 0.49506592160669444
5308.0 0.49593640602798184
5310.0 0.49537747413099825
5312.0 0.49593357512324704
5314.0 0.4950652909342921
5316.0 0.4936093570636339
5318.0 0.49288616692499976
5320.0 0.49151482363554333
5322.0 0.4906977117039985
5324.0 0.49049563119175316
5326.0 0.4905877291623782
5328.0 0.4931983717896707
5330.0 0.49383947564317116
5332.0 0.4945548242317284
5334.0 0.4956204523515541
5336.0 0.4946384946279595
5338.0 0.4943614514237829
5340.0 0.49630779735179675
5342.0 0.4978390069422413
5344.0 0.4973458472618009
5346.0 0.4982688929078093
5348.0 0.5005885649170797
5350.0 0.5028192874819198
5352.0 0.5036983814136511
5354.0 0.5048793737314518
5356.0 0.50618445140267
5358.0 0.5070763306153943
5360.0 0.5077633474287323
5362.0 0.5090582079597353
5364.0 0.5090597147175178
5366.0 0.5096106875009874
5368.0 0.5107589856605719
5370.0 0.5113298289483188
5372.0 0.5122912740039005
5374.0 0.5135816262384232
5376.0 0.5121956024165851
5378.0 0.5115485370281986
5380.0 0.5129139473569404
5382.0 0.5126035567872719
5384.0 0.5134020354914366
5386.0 0.512205521220395
5388.0 0.5114666847807885
5390.0 0.511200716356534
5392.0 0.5111819760016081
5394.0 0.5104170399851329
5396.0 0.5094025472251137
5398.0 0.5098792196597476
5400.0 0.5105702330213754
5402.0 0.5093749935283056
5404.0 0.5074798942129163
5406.0 0.5049568739022398
5408.0 0.5037313248186996
5410.0 0.503084058212447
5412.0 0.5020981622810012
5414.0 0.4995849420532448
5416.0 0.497666458634228
5418.0 0.4983110915977976
5420.0 0.4977104791878797
5422.0 0.4965656801147011
5424.0 0.49513389777627953
5426.0 0.49359609500795887
5428.0 0.49267383565735523
5430.0 0.4944599166194219
5432.0 0.4927575972314033
5434.0 0.4905330631593544
5436.0 0.49042779708356826
5438.0 0.4905403422620578
5440.0 0.4893843693531306
5442.0 0.4884290080545354
5444.0 0.4886790920044633
5446.0 0.4884083249370892
5448.0 0.4890701295805
5450.0 0.48907713292354005
5452.0 0.4895233141778562
5454.0 0.490275029790417
5456.0 0.49221392143266846
5458.0 0.4940004975321345
5460.0 0.49521740396093955
5462.0 0.4965398025589996
5464.0 0.498492029822149
5466.0 0.5015904767782863
5468.0 0.5037608023596646
5470.0 0.505997618640511
5472.0 0.5079849727691471
5474.0 0.5103128773800112
5476.0 0.5121639452858446
5478.0 0.5168474639606666
5480.0 0.5199041320192487
5482.0 0.5229951357821003
5484.0 0.5247254431640451
5486.0 0.5275280658033029
5488.0 0.5298504491491458
5490.0 0.5330683443599329
5492.0 0.5350574176368569
5494.0 0.5351757123307505
5496.0 0.5367012714289904
5498.0 0.5384853698752439
5500.0 0.5395346401207007
5502.0 0.5416263108124314
5504.0 0.5440412800594113
5506.0 0.5445056921123819
5508.0 0.544776056362938
5510.0 0.5448188543344932
5512.0 0.5444536254826667
5514.0 0.5461301052631711
5516.0 0.5487229220421733
5518.0 0.5480096337011297
5520.0 0.5479474295475285
5522.0 0.5487673235685716
5524.0 0.5485068417496612
5526.0 0.5489872188184168
5528.0 0.5488331428484687
5530.0 0.5472664601882425
5532.0 0.5466156601688469
5534.0 0.5473743697439631
5536.0 0.5473609578295606
5538.0 0.5463323534888348
5540.0 0.5440220810594668
5542.0 0.5421588866962651
5544.0 0.5408867224240682
5546.0 0.5403942309211537
5548.0 0.5397506359432297
5550.0 0.5388394493075799
5552.0 0.5382379013194936
5554.0 0.5374944617285015
5556.0 0.5345136101183277
5558.0 0.53204567895026
5560.0 0.5315594513213928
5562.0 0.5303426123569223
5564.0 0.5292058328005702
5566.0 0.5295397322086356
5568.0 0.5270908278388331
5570.0 0.52586687343393
5572.0 0.526220069713229
5574.0 0.5252247365746157
5576.0 0.5232901225761957
5578.0 0.5218760359093915
5580.0 0.5207444297934631
5582.0 0.5189859636885592
5584.0 0.5179521607267691
5586.0 0.5165140786301047
5588.0 0.513195908026047
5590.0 0.5121995019210055
5592.0 0.5107652544200776
5594.0 0.5073806727900074
5596.0 0.5041299316712485
5598.0 0.5032354834529847
5600.0 0.5016256698178572
5602.0 0.4988732273694155
5604.0 0.4959408902492803
5606.0 0.49316800121401666
5608.0 0.49128778491621755
5610.0 0.4877236166973666
5612.0 0.4856707745446515
5614.0 0.4806274383841607
5616.0 0.47869209751813635
5618.0 0.47728048643388576
5620.0 0.4737771252277463
5622.0 0.47117422242997414
5624.0 0.46816655755935127
5626.0 0.4659371306165761
5628.0 0.4632378967016691
5630.0 0.4604184978008846
5632.0 0.45766894814609255
5634.0 0.4544634332455254
5636.0 0.4517816081672645
5638.0 0.448196864934287
5640.0 0.4467267379480608
5642.0 0.4433782582103529
5644.0 0.43978133528825764
5646.0 0.4370614363534202
5648.0 0.43448325005796284
5650.0 0.43235729199311496
5652.0 0.4294756621990849
5654.0 0.4262362955155534
5656.0 0.42374448918193675
5658.0 0.4212559983983495
5660.0 0.42035924397459395
5662.0 0.4181094296140864
5664.0 0.4156290708513349
5666.0 0.41375974511366903
5668.0 0.4116151871713975
5670.0 0.4099242514554851
5672.0 0.40829253392323034
5674.0 0.4073930362815028
5676.0 0.4057514775311987
5678.0 0.4050263759517964
5680.0 0.4023608683583424
5682.0 0.4004746831005048
5684.0 0.4002177401652989
5686.0 0.3996195614038162
5688.0 0.39884972223141946
5690.0 0.3993649351968929
5692.0 0.3988690707198517
5694.0 0.39854565814343346
5696.0 0.39814802766007373
5698.0 0.3972920571573938
5700.0 0.3958775800866207
5702.0 0.39672954980563746
5704.0 0.39766405679693223
5706.0 0.39836075120899755
5708.0 0.39808798132147794
5710.0 0.39788751280668105
5712.0 0.3999271423851014
5714.0 0.40104075844051496
5716.0 0.3997545731251191
5718.0 0.4006471302934029
5720.0 0.4017174220175642
5722.0 0.40179847750541736
5724.0 0.40318525243967934
5726.0 0.4067552444240835
5728.0 0.4080187003194995
5730.0 0.4091261330098786
5732.0 0.4094239369165506
5734.0 0.41201199565190916
5736.0 0.41238664511222656
5738.0 0.4157225258229516
5740.0 0.4193924379517085
5742.0 0.4206395428871311
5744.0 0.4221869363550487
5746.0 0.42343766242734177
5748.0 0.4257810698516295
5750.0 0.42870207987831704
5752.0 0.43103623102399635
5754.0 0.43216260503077497
5756.0 0.43463492560629047
5758.0 0.43801820609375997
5760.0 0.44018285221302483
5762.0 0.4417768078443133
5764.0 0.44419673949331506
5766.0 0.4468101729928814
5768.0 0.45221898135927985
5770.0 0.45527232514755267
5772.0 0.45543832100853204
5774.0 0.4577583565132981
5776.0 0.46162635173456046
5778.0 0.4646021424852726
5780.0 0.46627432537361163
5782.0 0.46841923947282227
5784.0 0.47165369269105306
5786.0 0.47491766200944135
5788.0 0.4776596722914483
5790.0 0.4796503945143998
5792.0 0.48220993232959486
5794.0 0.48474577353675935
5796.0 0.488063007020531
5798.0 0.48883237247296113
5800.0 0.49049225205895847
5802.0 0.4923694563630615
5804.0 0.49616235039518414
5806.0 0.4975797841872997
5808.0 0.4998979375522868
5810.0 0.5031143852382078
5812.0 0.5033743014583453
5814.0 0.5039483657604755
5816.0 0.5052657854987742
5818.0 0.5079445841683549
5820.0 0.5089571726116006
5822.0 0.508895885117035
5824.0 0.5096764950850927
5826.0 0.5108354892117417
5828.0 0.5118120517779755
5830.0 0.5104370543852709
5832.0 0.5112538746678358
5834.0 0.5121361889238838
5836.0 0.511356854275084
5838.0 0.511589673186534
5840.0 0.5116599845120163
5842.0 0.5113151154583389
5844.0 0.5101569840361687
5846.0 0.5095295843130222
5848.0 0.5084125205152138
5850.0 0.5074649084924205
5852.0 0.5071858713643959
5854.0 0.5048282431837059
5856.0 0.5033846596969034
5858.0 0.5034861172977316
5860.0 0.5018290684593663
5862.0 0.49985686679644287
5864.0 0.49842068541939005
5866.0 0.49446083587162243
5868.0 0.4918458960407969
5870.0 0.49072431309962655
5872.0 0.49124483158449794
5874.0 0.4937447874698567
5876.0 0.4946568935104092
5878.0 0.4925320096422807
5880.0 0.49168771534770456
5882.0 0.4913270729173562
5884.0 0.4917788338038979
5886.0 0.4896656204533538
5888.0 0.48401645530403564
5890.0 0.47976110003075234
5892.0 0.4781733022262016
5894.0 0.4786274855718419
5896.0 0.47564031051629047
5898.0 0.4736982685464996
5900.0 0.47538434445432154
5902.0 0.47694335635145085
5904.0 0.4765182366883557
5906.0 0.47615867275154455
5908.0 0.47453334870182257
5910.0 0.47137284875648244
5912.0 0.4694630154651123
5914.0 0.4671814461390554
5916.0 0.46455938294186677
5918.0 0.46124996698007553
5920.0 0.4566687611713149
5922.0 0.45320314986882076
5924.0 0.45187682223210673
5926.0 0.4498180628720712
5928.0 0.44848983232080414
5930.0 0.44759273410905304
5932.0 0.4450333169408176
5934.0 0.44061549887245094
5936.0 0.43674443709102095
5938.0 0.4351941768955003
5940.0 0.4329374807330956
5942.0 0.43068548282560837
5944.0 0.4268331526366666
5946.0 0.4238310039342872
5948.0 0.42281491093977996
5950.0 0.42051359809978034
5952.0 0.4185833651726394
5954.0 0.4167394139808208
5956.0 0.4137952881711107
5958.0 0.41382647451702625
5960.0 0.41376453372847677
5962.0 0.4122381430802686
5964.0 0.4115584967701972
5966.0 0.4104456672275677
5968.0 0.40834354312246063
5970.0 0.4068065130792557
5972.0 0.4043880734585298
5974.0 0.40271473867579327
5976.0 0.40183938542511166
5978.0 0.3999616446664213
5980.0 0.3971774094781917
5982.0 0.39629929266727487
5984.0 0.39585108909927663
5986.0 0.39384833426177457
5988.0 0.3934760682823148
5990.0 0.3933207024068542
5992.0 0.39098045236735524
5994.0 0.3908340875752217
5996.0 0.3902571440764995
5998.0 0.38884792721897965
6000.0 0.38722730068501465
6002.0 0.38672530521587684
6004.0 0.38598940675212395
6006.0 0.38498942173384487
6008.0 0.38257670469608074
6010.0 0.3811891456073318
6012.0 0.38004838641722893
6014.0 0.3787236376088368
6016.0 0.37738486240539004
6018.0 0.37642019916366615
6020.0 0.37485560975548116
6022.0 0.3723756176105148
6024.0 0.37066747087323426
6026.0 0.36859683428122186
6028.0 0.3672239872285579
6030.0 0.36591470324005415
6032.0 0.3641388187236482
6034.0 0.36156533820531406
6036.0 0.3602250058023452
6038.0 0.35942509807378986
6040.0 0.3586508424614052
6042.0 0.3577234334300092
6044.0 0.35480287897520363
6046.0 0.3551011780770961
6048.0 0.3535678956697725
6050.0 0.3520511301948126
6052.0 0.35000976584300103
6054.0 0.3495509937035254
6056.0 0.34956134233643016
6058.0 0.34681518419275187
6060.0 0.3436765956271037
6062.0 0.33872893223500156
6064.0 0.33384944579478737
6066.0 0.32979661570405194
6068.0 0.3248340475319554
6070.0 0.32147043501520595
6072.0 0.31719747636612566
6074.0 0.3117772125692994
6076.0 0.3060494291160518
6078.0 0.3013768387195523
6080.0 0.2966859903216234
6082.0 0.29179527110381653
6084.0 0.2860076435197392
6086.0 0.28208903227714593
6088.0 0.2781254406482262
6090.0 0.2732668581862662
6092.0 0.2685628087160127
6094.0 0.2644701265048152
6096.0 0.2598642346208555
6098.0 0.25574862296117096
6100.0 0.25140017843719925
6102.0 0.24650800532873351
6104.0 0.24474882819625882
6106.0 0.2424709024737812
6108.0 0.23930080949854562
6110.0 0.23633502323604422
6112.0 0.23357516604561748
6114.0 0.23101128633133894
6116.0 0.22898168860706059
6118.0 0.22601527429260493
6120.0 0.22371798820926878
6122.0 0.2227052068573106
6124.0 0.22157194208452358
6126.0 0.2203610053859083
6128.0 0.21923241978800115
6130.0 0.2170283239966112
6132.0 0.21614485884798712
6134.0 0.21623991288921765
6136.0 0.21585554867953574
6138.0 0.2167550912664573
6140.0 0.21744754044144188
6142.0 0.21832498587541088
6144.0 0.21942211245919224
6146.0 0.22007301199553764
6148.0 0.22113701544542866
6150.0 0.22295648699105317
6152.0 0.22520312618825414
6154.0 0.22559727968296994
6156.0 0.2289501824569127
6158.0 0.231246381537396
6160.0 0.23373367194664
6162.0 0.23809722286650345
6164.0 0.24114683477802287
6166.0 0.24507222845584095
6168.0 0.24966255015532066
6170.0 0.25358213096602217
6172.0 0.2573788792685916
6174.0 0.26162102423888717
6176.0 0.2664050307797604
6178.0 0.2707869330679506
6180.0 0.2748223626679033
6182.0 0.27779832320434206
6184.0 0.2811978690516406
6186.0 0.2847310013093287
6188.0 0.2885006452935672
6190.0 0.29195725074388124
6192.0 0.29474876316977455
6194.0 0.29705890413662805
6196.0 0.2990845535281955
6198.0 0.30172370532788234
6200.0 0.30334459237034234
6202.0 0.30440600787108185
6204.0 0.30674730867853367
6206.0 0.3090051760841161
6208.0 0.3098992756169293
6210.0 0.31105981573645863
6212.0 0.31218587218616817
6214.0 0.313453259081203
6216.0 0.3144749315189246
6218.0 0.31636156356354633
6220.0 0.3175351348686488
6222.0 0.317513658187287
6224.0 0.3188655297871126
6226.0 0.31862852900822997
6228.0 0.32086319506067656
6230.0 0.32249499947410226
6232.0 0.31968078947917816
6234.0 0.31913678472414475
6236.0 0.3216032912088392
6238.0 0.32540325718853913
6240.0 0.3249049785884715
6242.0 0.3219703064443182
6244.0 0.32064346777019415
6246.0 0.3236238163060566
6248.0 0.3245490844536686
6250.0 0.32446894422292966
6252.0 0.3266812445940897
6254.0 0.3220505659275537
6256.0 0.3224149064020051
6258.0 0.3279653195975159
6260.0 0.3271507641667744
6262.0 0.32621348670832834
6264.0 0.325061901931127
6266.0 0.32716710960328454
6268.0 0.3282584651266138
6270.0 0.33121143391495605
6272.0 0.3329005871946168
6274.0 0.33173903214404443
6276.0 0.33040889907613846
6278.0 0.3293953725265688
6280.0 0.32954261046449135
6282.0 0.33176082110058197
6284.0 0.3301113119429721
6286.0 0.3291995798522433
6288.0 0.3311235827213511
6290.0 0.33519481820335606
6292.0 0.3390286275048312
6294.0 0.33674948946707584
6296.0 0.3342563184655046
6298.0 0.3351146655949779
6300.0 0.3379875713708239
6302.0 0.3377088527983083
6304.0 0.3363654581529022
6306.0 0.3367860149579358
6308.0 0.33757317537283904
6310.0 0.33731009431246767
6312.0 0.33767683087356176
6314.0 0.33781726682644664
6316.0 0.3414946365828656
6318.0 0.34229210925128273
6320.0 0.344262086576365
6322.0 0.34784014254640794
6324.0 0.34595343336913603
6326.0 0.346937328529896
6328.0 0.34493919482262797
6330.0 0.3453723849253147
6332.0 0.35174792276278494
6334.0 0.35112786020664305
6336.0 0.34737494400032615
6338.0 0.3461469212567918
6340.0 0.3471737567179415
6342.0 0.3487885873032577
6344.0 0.34880300411330956
6346.0 0.3480075726438186
6348.0 0.34986339913914477
6350.0 0.351182165074004
6352.0 0.3517440376504966
6354.0 0.3532113405118434
6356.0 0.3538546017277379
6358.0 0.35507216384049706
6360.0 0.35675012865397443
6362.0 0.3567991809445455
6364.0 0.3565981447478193
6366.0 0.3580826217392704
6368.0 0.3598457526140692
6370.0 0.36147732048213155
6372.0 0.36269788635648187
6374.0 0.36468341281804617
6376.0 0.3658280436002571
6378.0 0.3654420209709585
6380.0 0.36604810057836495
6382.0 0.36725486450621614
6384.0 0.3688615440637605
6386.0 0.3704879591546339
6388.0 0.3721537558679835
6390.0 0.37359069359490227
6392.0 0.37258995500984393
6394.0 0.3749178563875786
6396.0 0.37705897883386374
6398.0 0.3774040510523326
6400.0 0.3785982158778643
6402.0 0.37922087183995656
6404.0 0.38037789516420784
6406.0 0.38129219676621456
6408.0 0.38144494918706817
6410.0 0.3829002347830056
6412.0 0.38259157546022443
6414.0 0.38354699222389105
6416.0 0.38508545624788065
6418.0 0.3864539157587113
6420.0 0.38662049743263815
6422.0 0.38584577760158106
6424.0 0.38682894984242694
6426.0 0.3868162331169919
6428.0 0.3878763657849094
6430.0 0.38925909483653487
6432.0 0.38983229685507614
6434.0 0.39016532316314106
6436.0 0.39038916320024186
6438.0 0.38973882458647036
6440.0 0.38961431098432553
6442.0 0.39009832662431776
6444.0 0.39054669829316935
6446.0 0.38975797537197043
6448.0 0.3909612810517275
6450.0 0.3897900820254311
6452.0 0.38901809834883294
6454.0 0.38792423288343436
6456.0 0.38919624561289506
6458.0 0.38940685289402355
6460.0 0.38797932247760136
6462.0 0.3890434740620906
6464.0 0.39016392460184396
6466.0 0.38939790048368084
6468.0 0.38889816698924956
6470.0 0.39008310621891173
6472.0 0.3899872390101261
6474.0 0.3909696765164742
6476.0 0.39241704534601685
6478.0 0.39215844717862613
6480.0 0.39117416660539506
6482.0 0.3911859824773359
6484.0 0.3907833977365116
6486.0 0.38893915345523683
6488.0 0.3874427896658024
6490.0 0.3842526924103215
6492.0 0.3831718624887035
6494.0 0.383453055392501
6496.0 0.3845940882871355
6498.0 0.3840004865237541
6500.0 0.3838035414206054
6502.0 0.38423515872758596
6504.0 0.3847348512689942
6506.0 0.3839933819695927
6508.0 0.38213381891250486
6510.0 0.38154792366489826
6512.0 0.38088372837776624
6514.0 0.3787595233791509
6516.0 0.3767537929618485
6518.0 0.3747598406401141
6520.0 0.3728724739502709
6522.0 0.37245941329956
6524.0 0.3712032577999811
6526.0 0.36984548522174676
6528.0 0.3694383087579787
6530.0 0.3676491448483403
6532.0 0.36503739425583015
6534.0 0.3656630180474668
6536.0 0.3637286367859754
6538.0 0.36172124436079
6540.0 0.360701357642779
6542.0 0.35974590014333147
6544.0 0.3581018395819987
6546.0 0.35595070593896155
6548.0 0.3537155500716087
6550.0 0.35282433518896283
6552.0 0.35157956319482875
6554.0 0.3502094458661232
6556.0 0.3485671146288923
6558.0 0.34591170876005817
6560.0 0.3451718586019507
6562.0 0.34627951747822777
6564.0 0.345288170783733
6566.0 0.3413832262312495
6568.0 0.3381796342060068
6570.0 0.33669205404858477
6572.0 0.33422118775876475
6574.0 0.33191673326255516
6576.0 0.32990348876161707
6578.0 0.3272448255277656
6580.0 0.3252156905192
6582.0 0.3240011086945778
6584.0 0.32241870950252083
6586.0 0.32174357990493885
6588.0 0.31845434051808913
6590.0 0.3151225472100779
6592.0 0.3110254347964989
6594.0 0.3099538483374025
6596.0 0.30859999150981815
6598.0 0.3062933196587423
6600.0 0.3044517506446784
6602.0 0.30322594825317684
6604.0 0.30060930036624794
6606.0 0.29782590030107636
6608.0 0.2955404842736811
6610.0 0.29418598970210186
6612.0 0.2926193311100318
6614.0 0.290741020364372
6616.0 0.28795697913762186
6618.0 0.2855663426454397
6620.0 0.28395879504842664
6622.0 0.28167290875279033
6624.0 0.28075254533748434
6626.0 0.27857774240764976
6628.0 0.27618887223685795
6630.0 0.27369484639931324
6632.0 0.27315467869416754
6634.0 0.2713136005538857
6636.0 0.26823609835853524
6638.0 0.2665730695383061
6640.0 0.26503864092212165
6642.0 0.26253886267153176
6644.0 0.26162636469507594
6646.0 0.260403587014147
6648.0 0.25834774809035743
6650.0 0.2560305004837534
6652.0 0.2545302710720671
6654.0 0.2529497385055335
6656.0 0.25185016065133004
6658.0 0.24935463978937522
6660.0 0.2475375112499934
6662.0 0.24687612673783832
6664.0 0.2455129426806646
6666.0 0.24486382135879273
6668.0 0.24352012526041183
6670.0 0.2419727271421837
6672.0 0.2407388335216707
6674.0 0.23955811689573178
6676.0 0.23742720830210243
6678.0 0.23466246820466388
6680.0 0.23553509112180074
6682.0 0.23491796346689833
6684.0 0.23395053644263966
6686.0 0.23269512577832926
6688.0 0.23147509619536702
6690.0 0.2304920728908625
6692.0 0.2292082390454266
6694.0 0.2300501851843416
6696.0 0.22950452989951345
6698.0 0.22812061369712572
6700.0 0.22659137395812926
6702.0 0.22630241984520588
6704.0 0.2254013376737014
6706.0 0.22430165686137066
6708.0 0.2239788279569617
6710.0 0.22307976815542707
6712.0 0.22153444060231317
6714.0 0.22117728687184185
6716.0 0.2208021655290908
6718.0 0.2214786285688739
6720.0 0.21967678593839587
6722.0 0.2188278825251909
6724.0 0.21727033194065543
6726.0 0.21699264176957705
6728.0 0.21689517444661677
6730.0 0.21599364520721975
6732.0 0.2153529826236168
6734.0 0.21442100265887246
6736.0 0.21376405324889247
6738.0 0.21364617701272925
6740.0 0.2123579368340705
6742.0 0.21172280305544916
6744.0 0.21169822913376302
6746.0 0.21057474525901657
6748.0 0.2094540415500404
6750.0 0.20918271557102883
6752.0 0.20812318763498697
6754.0 0.20768915473397415
6756.0 0.20818161332563628
6758.0 0.20677443196547932
6760.0 0.2059904205943918
6762.0 0.20627525297842494
6764.0 0.20478525966888758
6766.0 0.2040013535277228
6768.0 0.20480823150206834
6770.0 0.20373885330154365
6772.0 0.20198768570426556
6774.0 0.20125084377037863
6776.0 0.20152394011100594
6778.0 0.20185874161757558
6780.0 0.20080050931467988
6782.0 0.19979391072601094
6784.0 0.19859491818000646
6786.0 0.19870001783476812
6788.0 0.20010681223891652
6790.0 0.1999576205947082
6792.0 0.1988682575439088
6794.0 0.1987639529929451
6796.0 0.19698682972029655
6798.0 0.1970478947986239
6800.0 0.19633141739365392
6802.0 0.19662218287066657
6804.0 0.1958895562717128
6806.0 0.19512058713098604
6808.0 0.19463238620006934
6810.0 0.19429113970948075
6812.0 0.19322924241926745
6814.0 0.19258906887800215
6816.0 0.1950065330976409
6818.0 0.1977347182432862
6820.0 0.1964277397819956
6822.0 0.19514493300118543
6824.0 0.19145448614972432
6826.0 0.19345700207520858
6828.0 0.19280924182557216
6830.0 0.19095719483204282
6832.0 0.19165918387214953
6834.0 0.1905260102695777
6836.0 0.19301649718564098
6838.0 0.1924515193495677
6840.0 0.19153379169394194
6842.0 0.19038158565145616
6844.0 0.18508624639574037
6846.0 0.1844743189170922
6848.0 0.18807386933196765
6850.0 0.18902017708129845
6852.0 0.19047732044379806
6854.0 0.19098860263904469
6856.0 0.19006215834603518
6858.0 0.18931271570731353
6860.0 0.18634399523191073
6862.0 0.18620556162399943
6864.0 0.18543554044976415
6866.0 0.18465941656552082
6868.0 0.18508378751936644
6870.0 0.1860376438670587
6872.0 0.18565032050910116
6874.0 0.1858131175272623
6876.0 0.1866512866237934
6878.0 0.18613008723512844
6880.0 0.18350737538397302
6882.0 0.18256706949110285
6884.0 0.18400479509720086
6886.0 0.1842141241257031
6888.0 0.1854533814203716
6890.0 0.18510620529630709
6892.0 0.1830005849100726
6894.0 0.18653810511177232
6896.0 0.1840439935021976
6898.0 0.18311764417317017
6900.0 0.18439337276762283
6902.0 0.18284834361700925
6904.0 0.18244626939687775
6906.0 0.18199267998164706
6908.0 0.1833226565762187
6910.0 0.18177285118003428
6912.0 0.18430924630705295
6914.0 0.18668302630592734
6916.0 0.18341939793342696
6918.0 0.1833268063077852
6920.0 0.18242196487584134
6922.0 0.1824964997131759
6924.0 0.1816462705755786
6926.0 0.18034323103658917
6928.0 0.18040773089268958
6930.0 0.1798666218021627
6932.0 0.17808408490640143
6934.0 0.17697767888002375
6936.0 0.1774587234988611
6938.0 0.1788135846372935
6940.0 0.17879112038026956
6942.0 0.17923114070434698
6944.0 0.17792392824012548
6946.0 0.17613366342914125
6948.0 0.17737795560508052
6950.0 0.17898660214266998
6952.0 0.17855282064472253
6954.0 0.17653540257064015
6956.0 0.17556153856410436
6958.0 0.17491178793832016
6960.0 0.17291549519821933
6962.0 0.17321500711537188
6964.0 0.17526942178554628
6966.0 0.17328663347383824
6968.0 0.1729486653608637
6970.0 0.17540314305765953
6972.0 0.1741152348575377
6974.0 0.17421120316114613
6976.0 0.1721937850943692
6978.0 0.1703199283680234
6980.0 0.16958473235099375
6982.0 0.1666151623441004
6984.0 0.16653880585738157
6986.0 0.16854114671027953
6988.0 0.16810840750470255
6990.0 0.1658209876444757
6992.0 0.16619950689844593
6994.0 0.16763134643233665
6996.0 0.16723970158552923
6998.0 0.16803460972353912
7000.0 0.16836774184800588
7002.0 0.1656042831694119
7004.0 0.16581585240755173
7006.0 0.16597928569966297
7008.0 0.16458452432978116
7010.0 0.16559901507760083
7012.0 0.16612221112709513
7014.0 0.16558717901692221
7016.0 0.16504248633215401
7018.0 0.1646335638444744
7020.0 0.16481358436065757
7022.0 0.1653821703109151
7024.0 0.1647885348676286
7026.0 0.16371873817967678
7028.0 0.1636615340460883
7030.0 0.16490659274586394
7032.0 0.16500106558377314
7034.0 0.16438657115360739
7036.0 0.16358831336638285
7038.0 0.16419011473150524
7040.0 0.16482346104406984
7042.0 0.1666567196655173
7044.0 0.1658645793255117
7046.0 0.16473822159084647
7048.0 0.16366083653217084
7050.0 0.1641021854007561
7052.0 0.16476889514689405
7054.0 0.16537974593447977
7056.0 0.16450169196149822
7058.0 0.1640855811227599
7060.0 0.1643190139658474
7062.0 0.16535944469831224
7064.0 0.16795940860546524
7066.0 0.16768152035569803
7068.0 0.1650288860381927
7070.0 0.16491658166296136
7072.0 0.16400447130465481
7074.0 0.16511065313154122
7076.0 0.16485698956265787
7078.0 0.16353625392849913
7080.0 0.16439487996100552
7082.0 0.16684108406585882
7084.0 0.16677030961176045
7086.0 0.16550868501352678
7088.0 0.16548553910694613
7090.0 0.1662531380493402
7092.0 0.1661417344474868
7094.0 0.16619240902349638
7096.0 0.1674673411462138
7098.0 0.1675440729479623
7100.0 0.16811662825873952
7102.0 0.16770777488058786
7104.0 0.16807210838552436
7106.0 0.1682227915514054
7108.0 0.16896069524316126
7110.0 0.1696650839692117
7112.0 0.16944281794567703
7114.0 0.16983954084234287
7116.0 0.16962668768352007
7118.0 0.16872800008713706
7120.0 0.16943132776316477
7122.0 0.17187486145763425
7124.0 0.17242707219304101
7126.0 0.16982859914683265
7128.0 0.16998588237137816
7130.0 0.1715600753253162
7132.0 0.17282120943773663
7134.0 0.17366439947336518
7136.0 0.17289730425142977
7138.0 0.17129820751069702
7140.0 0.17338624577563688
7142.0 0.1743404310157485
7144.0 0.17211113981623077
7146.0 0.17137658819508644
7148.0 0.17260595875550172
7150.0 0.1728747218940211
7152.0 0.17342894571327888
7154.0 0.17291022472572262
7156.0 0.1735280334193478
7158.0 0.17463202578517778
7160.0 0.1728379144082014
7162.0 0.1728293615189868
7164.0 0.17497747203479044
7166.0 0.17299366783264952
7168.0 0.17232339900006194
7170.0 0.17680847988550533
7172.0 0.17610551177796002
7174.0 0.17421113923644016
7176.0 0.1746303351313831
7178.0 0.17501188605962803
7180.0 0.17420706624916713
7182.0 0.1742434807371979
7184.0 0.1760392398920427
7186.0 0.1782990087976396
7188.0 0.17725889691285934
7190.0 0.17601881092531063
7192.0 0.17484172851219726
7194.0 0.1753882339961266
7196.0 0.17573224941278792
7198.0 0.17546454211441825
7200.0 0.17683722038273691
7202.0 0.17586556057580974
7204.0 0.17278589390698146
7206.0 0.1720958364434876
7208.0 0.17409493763149225
7210.0 0.17481984283230081
7212.0 0.17616343111817379
7214.0 0.17684540729536413
7216.0 0.17445829669580531
7218.0 0.17290472884163016
7220.0 0.1720015361533846
7222.0 0.17445979665941283
7224.0 0.17606758337138648
7226.0 0.1750952576869832
7228.0 0.17533216869276808
7230.0 0.17481419837546502
7232.0 0.17515334518696185
7234.0 0.1763422159358123
7236.0 0.17768765769850275
7238.0 0.17512610369586254
7240.0 0.17211744295459788
7242.0 0.17153378773795755
7244.0 0.17187497270432853
7246.0 0.1729715618204423
7248.0 0.17269828023944184
7250.0 0.16648416716896827
7252.0 0.16628439446434584
7254.0 0.16875777626658475
7256.0 0.16920982461733927
7258.0 0.1692381757550401
7260.0 0.16734868313622928
7262.0 0.1667311580055581
7264.0 0.16722680071392484
7266.0 0.16785630415033856
7268.0 0.16786275695924296
7270.0 0.1650578252144071
7272.0 0.16467726808553954
7274.0 0.16498798226117073
7276.0 0.16327111332102312
7278.0 0.1615801449497073
7280.0 0.16307346881176346
7282.0 0.1630399246569639
7284.0 0.16365284081366469
7286.0 0.1627151391313989
7288.0 0.16189300912072294
7290.0 0.1610932883367071
7292.0 0.15985951218913375
7294.0 0.15986109382724883
7296.0 0.1611060176441313
7298.0 0.16147839898770996
7300.0 0.16054311118306222
7302.0 0.16026436179202078
7304.0 0.1608882433618974
7306.0 0.16051914540242496
7308.0 0.16078367426763981
7310.0 0.16219775612645682
7312.0 0.16189474255098543
7314.0 0.16050031769185233
7316.0 0.15978674432592982
7318.0 0.1602464077967183
7320.0 0.15921854642191444
7322.0 0.15812419663209207
7324.0 0.15814228857907559
7326.0 0.15786873935731155
7328.0 0.15835069945735988
7330.0 0.15845830757472193
7332.0 0.15838888708228235
7334.0 0.1587139178550773
7336.0 0.1580334091976648
7338.0 0.16004845552885277
7340.0 0.15966640000391719
7342.0 0.15864528310995799
7344.0 0.16004172847488232
7346.0 0.16057653904707897
7348.0 0.16098241038511032
7350.0 0.16075268265051923
7352.0 0.1602757884002129
7354.0 0.16130258166180103
7356.0 0.16007721759495147
7358.0 0.16108672511434813
7360.0 0.16174988405896767
7362.0 0.16196442617733806
7364.0 0.163258498369461
7366.0 0.16359600579209801
7368.0 0.1628788089398364
7370.0 0.16587908234428886
7372.0 0.16566383725088463
7374.0 0.1647167433600949
7376.0 0.16498817643949779
7378.0 0.1652024011343596
7380.0 0.16460603595994136
7382.0 0.16349912748964618
7384.0 0.1639384530280148
7386.0 0.16411905517718445
7388.0 0.16417773684836381
7390.0 0.1633116624944734
7392.0 0.16305933000792747
7394.0 0.163385683620741
7396.0 0.16364514599095062
7398.0 0.16337081309647003
7400.0 0.1639962343742791
7402.0 0.1637550124162008
7404.0 0.1645379406856758
7406.0 0.1653285363013788
7408.0 0.16512083124204255
7410.0 0.1637108363964077
7412.0 0.16345379348977274
7414.0 0.16272158447607143
7416.0 0.1633268335811761
7418.0 0.1637180617008238
7420.0 0.16339779864654388
7422.0 0.16317778034389277
7424.0 0.16247277881537284
7426.0 0.16141659269911837
7428.0 0.16046792294388515
7430.0 0.160018765293506
7432.0 0.15877851519678046
7434.0 0.15763957681986682
7436.0 0.15781654304703535
7438.0 0.15635028452817243
7440.0 0.1543464693836819
7442.0 0.15274040939426847
7444.0 0.15200654290240018
7446.0 0.15089028817690078
7448.0 0.1487778640948563
7450.0 0.14871813145561466
7452.0 0.14703465804983445
7454.0 0.14636188102752548
7456.0 0.14465762918222183
7458.0 0.14330151944653394
7460.0 0.14326590392301292
7462.0 0.14225548875342656
7464.0 0.14129740310114722
7466.0 0.1402707030242566
7468.0 0.14020345813966034
7470.0 0.1383449944532578
7472.0 0.1378840505743189
7474.0 0.13634394550303142
7476.0 0.13613317508724498
7478.0 0.1362604859362959
7480.0 0.1347001709468055
7482.0 0.13445759675883745
7484.0 0.13400767634272526
7486.0 0.13337281285136948
7488.0 0.13308055175033104
7490.0 0.1325763263880296
7492.0 0.13235780705829187
7494.0 0.13152024252477615
7496.0 0.1304971770394504
7498.0 0.12950968897302487
7500.0 0.12933355280939787
7502.0 0.1292700513497746
7504.0 0.12849214081312424
7506.0 0.12799992907264507
7508.0 0.12810506761863433
7510.0 0.1277493915788952
7512.0 0.12812010546695485
7514.0 0.12901376345275573
7516.0 0.12899517979760072
7518.0 0.1289665324764618
7520.0 0.12892613950644258
7522.0 0.1288921976332888
7524.0 0.1288784066690484
7526.0 0.128861534902652
7528.0 0.12886279020404742
7530.0 0.12885440086597535
7532.0 0.1288451146257856
7534.0 0.12883760427778668
7536.0 0.1288288207411016
7538.0 0.12881946514084572
7540.0 0.1288115398508855
7542.0 0.12881810305014302
7544.0 0.1288312457824103
7546.0 0.1288391254093572
7548.0 0.12883210534005698
7550.0 0.12886014731996995
7552.0 0.12887148009652738
7554.0 0.12888809091343137
7556.0 0.12891002485090744
7558.0 0.1289156482712841
7560.0 0.12893295505250563
7562.0 0.12893879696717617
7564.0 0.12894038773440705
7566.0 0.1289484758835864
7568.0 0.12894439074415887
7570.0 0.12895669263987167
7572.0 0.12896166790587665
7574.0 0.12897244389663173
7576.0 0.12901477462080174
7578.0 0.12903316743323298
7580.0 0.129093075875239
7582.0 0.12914120385742597
7584.0 0.12918576385626093
7586.0 0.1292211524338242
7588.0 0.12923509415762094
7590.0 0.1292655994206303
7592.0 0.1292695395250215
7594.0 0.1292749740831279
7596.0 0.12929578559450008
7598.0 0.12929813334533768
7600.0 0.12933881060390903
7602.0 0.12935874985214718
7604.0 0.12937778039879894
7606.0 0.1294029089102976
7608.0 0.12941675595864444
7610.0 0.12947425653611205
7612.0 0.12949774098207217
7614.0 0.12952014753887975
7616.0 0.1295633414883
7618.0 0.12958679734317377
7620.0 0.12963541150075616
7622.0 0.1296611328898129
7624.0 0.1297064565165725
7626.0 0.12977307329233584
7628.0 0.12978803275946998
7630.0 0.12979626755061138
7632.0 0.12979131093054758
7634.0 0.12980259162732005
7636.0 0.12983825230878826
7638.0 0.1298518184803983
7640.0 0.12988393294751915
7642.0 0.12989607397358838
7644.0 0.12990967050939883
7646.0 0.12992288362928608
7648.0 0.1299286355677353
7650.0 0.12992291344884987
7652.0 0.1299275529754451
7654.0 0.1299564088425239
7656.0 0.12998883101773076
7658.0 0.1299872909640387
7660.0 0.12997212134433353
7662.0 0.1299495926092381
7664.0 0.12993096939169585
7666.0 0.12991586880509765
7668.0 0.1299140411682383
7670.0 0.12993584086051743
7672.0 0.129931483230563
7674.0 0.12994336564447742
7676.0 0.1299732791807589
7678.0 0.12999528119826348
7680.0 0.13001140134251385
7682.0 0.13001380266779616
7684.0 0.130003520191097
7686.0 0.12998404943339434
7688.0 0.12997677777214614
7690.0 0.12994653820974866
7692.0 0.1299508274222042
7694.0 0.12995057147917835
7696.0 0.1299498288010225
7698.0 0.12994724055692278
7700.0 0.12990544949115831
7702.0 0.1298877128911015
7704.0 0.12986867160352383
7706.0 0.12984755221770405
7708.0 0.1298157620857363
7710.0 0.12981316101919715
7712.0 0.12980023724193784
7714.0 0.12979620122892715
7716.0 0.1298005955439096
7718.0 0.1298265251944343
7720.0 0.12983391121337182
7722.0 0.12982118789576388
7724.0 0.12978731060198476
7726.0 0.12974505369973557
7728.0 0.12971249971449544
7730.0 0.12965887014006125
7732.0 0.1296613059595083
7734.0 0.12964342153038086
7736.0 0.1296178157510359
7738.0 0.1296051438022184
7740.0 0.1295674368581251
7742.0 0.12955959529362343
7744.0 0.12953988370271513
7746.0 0.1295251048634654
7748.0 0.12950492863562837
7750.0 0.12946120430381625
7752.0 0.1294278106001824
7754.0 0.1293793860277306
7756.0 0.1293412134771737
7758.0 0.12932860869736232
7760.0 0.12933640669743404
7762.0 0.12934482793655624
7764.0 0.1293377040758237
7766.0 0.129333234383535
7768.0 0.12933433394017532
7770.0 0.1292834896533287
7772.0 0.12925354266002176
7774.0 0.1292017839326573
7776.0 0.12915610955528206
7778.0 0.1291210671813779
7780.0 0.12907413674083965
7782.0 0.12905970951682888
7784.0 0.12903240697720264
7786.0 0.1290160872290024
7788.0 0.1289985188474842
7790.0 0.12894515727722072
7792.0 0.12892927784225747
7794.0 0.12889717949195606
7796.0 0.1288812948622196
7798.0 0.1288779916602214
7800.0 0.12885342273899705
7802.0 0.12884611497794124
7804.0 0.12880720894864775
7806.0 0.1287847346473131
7808.0 0.12876741089241406
7810.0 0.12871939721862702
7812.0 0.12872042435680184
7814.0 0.12869107760926987
7816.0 0.12865978614820492
7818.0 0.12863018279755045
7820.0 0.12861002935380947
7822.0 0.12861237261480554
7824.0 0.12857943913068623
7826.0 0.12855171349955233
7828.0 0.12853271435015154
7830.0 0.12850699125371326
7832.0 0.12850688693220474
7834.0 0.1284936376813073
7836.0 0.12849265210602012
7838.0 0.12848712282998173
7840.0 0.12846133768143528
7842.0 0.1284574031687823
7844.0 0.12842153298016148
7846.0 0.12840576592922395
7848.0 0.12839582375542008
7850.0 0.1283664522144526
7852.0 0.12834688023635227
7854.0 0.12827419560191866
7856.0 0.12823726886230938
7858.0 0.12820589448962932
7860.0 0.12816065764450052
7862.0 0.12814392766873622
7864.0 0.12811763321442776
7866.0 0.12811419200424953
7868.0 0.12811454087879642
7870.0 0.12811181741957667
7872.0 0.12812475161891748
7874.0 0.1281062288796787
7876.0 0.12808160779072378
7878.0 0.12805405190711952
7880.0 0.12802042948505826
7882.0 0.1280174638492245
7884.0 0.12799716366030026
7886.0 0.12799738731474047
7888.0 0.12800079509757567
7890.0 0.12800129566598092
7892.0 0.12799189635273778
7894.0 0.12794994302842072
7896.0 0.1279227790985321
7898.0 0.1278913147829726
7900.0 0.1278700355266467
7902.0 0.12788327127340143
7904.0 0.12789705137367055
7906.0 0.12790402124704325
7908.0 0.1278991974942924
7910.0 0.12787305264752072
7912.0 0.12784659599178338
7914.0 0.12782075083322153
7916.0 0.12780458288934887
7918.0 0.12780150066609997
7920.0 0.12781467819021217
7922.0 0.12783599568444265
7924.0 0.12784178376721891
7926.0 0.12785301728972853
7928.0 0.12785013200007228
7930.0 0.1278419356963319
7932.0 0.12782371219086958
7934.0 0.12780510619064678
7936.0 0.12778765616751656
7938.0 0.12778183166282805
7940.0 0.12778407126393862
7942.0 0.12780227895140892
7944.0 0.12782641358555266
7946.0 0.1278288541314965
7948.0 0.12782361921687016
7950.0 0.12781545373340986
7952.0 0.12781160892716936
7954.0 0.1278309465238398
7956.0 0.1278511841934359
7958.0 0.12787222351428046
7960.0 0.12788819986950492
7962.0 0.12790276938160738
7964.0 0.12788528331273383
7966.0 0.12786185194900174
7968.0 0.12784157021446246
7970.0 0.12783110623236776
7972.0 0.1278280111937695
7974.0 0.1278254801955512
7976.0 0.1278298642224297
7978.0 0.1278429543879444
7980.0 0.12785671438127064
7982.0 0.12784831556510082
7984.0 0.12783210241884346
7986.0 0.12782298475693848
7988.0 0.1278163359030536
7990.0 0.12781212205209758
7992.0 0.12781423793802835
7994.0 0.1278110798308556
7996.0 0.12778787583166282
7998.0 0.1277510911132549
8000.0 0.1277341836952502
8002.0 0.1277339879972917
8004.0 0.1277579612710995
8006.0 0.1277663080547171
8008.0 0.12777598496501003
8010.0 0.12777419854282676
8012.0 0.12776757942988776
8014.0 0.127785570277259
8016.0 0.12780224105538426
8018.0 0.127810199403876
8020.0 0.12781515928356937
8022.0 0.12781094139896526
8024.0 0.1277912088423446
8026.0 0.12778448881119522
8028.0 0.1277864331202653
8030.0 0.12779116124229015
8032.0 0.1277921464474483
8034.0 0.1277762202061304
8036.0 0.12777963148092356
8038.0 0.1277757458484068
8040.0 0.12775975135582798
8042.0 0.12773227651671754
8044.0 0.12771081255905445
8046.0 0.12769098619571895
8048.0 0.12766322290247803
8050.0 0.1276551755559172
8052.0 0.12765732065154714
8054.0 0.12767795156824335
8056.0 0.12768906903096677
8058.0 0.1277050641733146
8060.0 0.12771112130860426
8062.0 0.1277095925955285
8064.0 0.12769783306609028
8066.0 0.1276982941788883
8068.0 0.12769378922216074
8070.0 0.12768809416286633
8072.0 0.12768257842732864
8074.0 0.12767053483253624
8076.0 0.12767055360206
8078.0 0.1276652957841585
8080.0 0.12765964813915984
8082.0 0.12763689548941953
8084.0 0.12761921088995717
8086.0 0.12760744074977143
8088.0 0.1275936894164276
8090.0 0.12759493304033964
8092.0 0.12760856036981238
8094.0 0.12761799916863345
8096.0 0.1276052982666279
8098.0 0.12759101990815472
8100.0 0.12759469076924146
8102.0 0.12760451870971445
8104.0 0.1276080659242477
8106.0 0.12759936729132798
8108.0 0.1276034108322819
8110.0 0.12761140997625758
8112.0 0.12761564766808553
8114.0 0.12761396944035527
8116.0 0.1276122467829179
8118.0 0.12761242900689976
8120.0 0.1276217789066706
8122.0 0.1276139468829828
8124.0 0.12759228559773264
8126.0 0.12757242946785724
8128.0 0.12752921613610937
8130.0 0.1275121134209201
8132.0 0.1275102638782232
8134.0 0.1274929687675886
8136.0 0.12748888947803533
8138.0 0.1274423062777919
8140.0 0.12740151534746452
8142.0 0.12735220321743296
8144.0 0.1273039333839958
8146.0 0.12730932891421387
8148.0 0.1272668889813819
8150.0 0.127243696451131
8152.0 0.12722043857679086
8154.0 0.12720816268881457
8156.0 0.12721988397055187
8158.0 0.12717991803726367
8160.0 0.1271812079455904
8162.0 0.12713871690430323
8164.0 0.12704698293579297
8166.0 0.1270117525830452
8168.0 0.12694586808437866
8170.0 0.12691553328603022
8172.0 0.12687607105943702
8174.0 0.1268324489184895
8176.0 0.1268182961396591
8178.0 0.126776966316277
8180.0 0.12676467770323105
8182.0 0.12674062327824817
8184.0 0.12670891502545112
8186.0 0.12671499333330177
8188.0 0.12669321257572252
8190.0 0.1266818827050027
8192.0 0.126661521223038
8194.0 0.12662782383398064
8196.0 0.12660662858263122
8198.0 0.12657655833809184
8200.0 0.12657997347586641
8202.0 0.1265777761133268
8204.0 0.1265621922485
8206.0 0.12655493729117537
8208.0 0.12655006231524807
8210.0 0.12654802281612135
8212.0 0.12655144904105448
8214.0 0.12655760888993953
8216.0 0.12656826712472155
8218.0 0.12658076709639082
8220.0 0.12658281536281343
8222.0 0.12655909917813737
8224.0 0.12654149422532668
8226.0 0.12653850727932883
8228.0 0.12654306595565476
8230.0 0.12655601549668935
8232.0 0.12657945190808145
8234.0 0.1265910715071219
8236.0 0.12658303210958055
8238.0 0.12659343179763335
8240.0 0.12660197928861794
8242.0 0.12662287063820907
8244.0 0.12665485189883835
8246.0 0.12667494849582983
8248.0 0.12668818166510562
8250.0 0.12667808377742537
8252.0 0.12668225844971348
8254.0 0.12669184821530752
8256.0 0.12668565596791354
8258.0 0.12668373561145777
8260.0 0.1266713137319865
8262.0 0.1266857019607177
8264.0 0.1267057420646251
8266.0 0.12672671595448387
8268.0 0.12676845952949675
8270.0 0.12677896678790795
8272.0 0.1267922803938326
8274.0 0.12680537153294405
8276.0 0.12681328789492333
8278.0 0.12684498275752334
8280.0 0.12683859151071117
8282.0 0.1268324847475276
8284.0 0.12683103059417813
8286.0 0.12683385410242506
8288.0 0.12684942501275973
8290.0 0.1268693605375615
8292.0 0.12690437247992237
8294.0 0.12692766617038131
8296.0 0.12694001146069525
8298.0 0.12697039238609584
8300.0 0.12698371527465377
8302.0 0.12698983481958437
8304.0 0.12699714372026422
8306.0 0.12699005282741294
8308.0 0.12694487360465498
8310.0 0.12691696471248592
8312.0 0.1268855985937671
8314.0 0.12686653449679566
8316.0 0.12687011659624103
8318.0 0.126882512086647
8320.0 0.12688654066576077
8322.0 0.12689524741098623
8324.0 0.1269038575797013
8326.0 0.12691120494571984
8328.0 0.1269041043518746
8330.0 0.12689039714880682
8332.0 0.1268760676547961
8334.0 0.1268732246892964
8336.0 0.12688153408310132
8338.0 0.1268974694926094
8340.0 0.12690479862625606
8342.0 0.12690457127060237
8344.0 0.12689714597966797
8346.0 0.126885824672671
8348.0 0.12686845026575594
8350.0 0.12686335146832392
8352.0 0.12686469743013776
8354.0 0.1268735970792743
8356.0 0.1268956461175204
8358.0 0.12693581287415637
8360.0 0.1269360806855922
8362.0 0.12693061110177686
8364.0 0.12692997514334112
8366.0 0.12693963954349688
8368.0 0.12695528376487372
8370.0 0.12695284022657136
8372.0 0.12696453453119802
8374.0 0.12698029065618763
8376.0 0.12700154928107377
8378.0 0.12701405201728797
8380.0 0.127021326140497
8382.0 0.12703741014638936
8384.0 0.12705027081616946
8386.0 0.12705853407285453
8388.0 0.1270637567551055
8390.0 0.12705526838800796
8392.0 0.12702810205470155
8394.0 0.12699508979852672
8396.0 0.12699899908706158
8398.0 0.12704130722073975
8400.0 0.12706301244028026
8402.0 0.1271036091736342
8404.0 0.12711519292934778
8406.0 0.12714273410849922
8408.0 0.12719842640851833
8410.0 0.12721920701259257
8412.0 0.12733735649707603
8414.0 0.12739125776585847
8416.0 0.12744791951531376
8418.0 0.12752613085972986
8420.0 0.12754280102294024
8422.0 0.12760761677558735
8424.0 0.12762915665725322
8426.0 0.12766133951172
8428.0 0.12770516202942686
8430.0 0.1276965803001314
8432.0 0.12773382982179826
8434.0 0.1277472681523778
8436.0 0.12778789120695233
8438.0 0.12785742251828172
8440.0 0.12787664488758602
8442.0 0.1279457360553093
8444.0 0.12795885895082468
8446.0 0.12798006395189954
8448.0 0.12801291591167827
8450.0 0.12802136026429914
8452.0 0.12804669043676203
8454.0 0.12805374883909967
8456.0 0.12807340313686102
8458.0 0.1281004940133629
8460.0 0.1281112603048033
8462.0 0.12813710257444264
8464.0 0.12815305081149342
8466.0 0.12816382055398903
8468.0 0.12817393237299524
8470.0 0.12819198161068882
8472.0 0.12822613201610183
8474.0 0.12822643410984294
8476.0 0.12822930237851934
8478.0 0.12822561677531938
8480.0 0.1282059845801329
8482.0 0.12823151219140194
8484.0 0.12824410790161894
8486.0 0.12825499579676786
8488.0 0.1282656543682579
8490.0 0.12827108673184573
8492.0 0.12828723678876514
8494.0 0.12828731528353418
8496.0 0.12829703693276293
8498.0 0.12830881962790902
8500.0 0.12829994564754552
8502.0 0.12829361182336113
8504.0 0.12828588249812206
8506.0 0.12827459585468248
8508.0 0.12827205908640124
8510.0 0.12828953296080867
8512.0 0.1282728761641903
8514.0 0.12827329487133157
8516.0 0.1282577689347479
8518.0 0.12824316009872425
8520.0 0.12823965467440648
8522.0 0.12823503487296142
8524.0 0.12822902874319914
8526.0 0.12822409361385698
8528.0 0.1282193755479456
8530.0 0.1282141180668956
8532.0 0.12819366456466802
8534.0 0.12819228702040203
8536.0 0.12818367362933622
8538.0 0.12817342010104643
8540.0 0.12817452203108629
8542.0 0.12817417486106586
8544.0 0.12818011031188323
8546.0 0.12817616886547442
8548.0 0.12817217837897119
8550.0 0.12817175594650185
8552.0 0.12817799165782148
8554.0 0.12817288972442784
8556.0 0.1281567811209272
8558.0 0.1281387197826654
8560.0 0.1281244844197112
8562.0 0.1281056019496636
8564.0 0.12811241627223677
8566.0 0.12812169236541884
8568.0 0.12812002404698233
8570.0 0.12811666674158273
8572.0 0.12811656367461885
8574.0 0.1281056231390144
8576.0 0.12811284720447938
8578.0 0.12812264072246643
8580.0 0.1281250541013288
8582.0 0.12812839343407112
8584.0 0.12813210263195318
8586.0 0.12815768182525952
8588.0 0.12817690356378464
8590.0 0.1281917469127101
8592.0 0.12822755845675057
8594.0 0.1282280398828556
8596.0 0.1282136236458485
8598.0 0.12820705059908544
8600.0 0.1282077813808591
8602.0 0.12819377869692453
8604.0 0.12820135739329283
8606.0 0.12820204261813414
8608.0 0.12820147689130587
8610.0 0.12820312018964675
8612.0 0.1282053459779424
8614.0 0.12819604407540908
8616.0 0.12820409867818688
8618.0 0.12821488679773543
8620.0 0.12822865894405872
8622.0 0.12822500308498572
8624.0 0.12820022176663765
8626.0 0.12818326295443988
8628.0 0.12816865050086854
8630.0 0.12816563860055857
8632.0 0.12817367009383154
8634.0 0.128179436983868
8636.0 0.12819342815261456
8638.0 0.12820055238495512
8640.0 0.1281957714374676
8642.0 0.1282071613147336
8644.0 0.1282146081240814
8646.0 0.12822645656145895
8648.0 0.128230734657241
8650.0 0.12823212829957267
8652.0 0.128233563068107
8654.0 0.12824462172598494
8656.0 0.12828420844339491
8658.0 0.1282832575081192
8660.0 0.12827474608375644
8662.0 0.1282780914200732
8664.0 0.1282765465105573
8666.0 0.12829753896851756
8668.0 0.1283146079476661
8670.0 0.12833298036358262
8672.0 0.12835865221584686
8674.0 0.12835863548194315
8676.0 0.12837935795483188
8678.0 0.12839288788115089
8680.0 0.12838971753753917
8682.0 0.12837753821783088
8684.0 0.12836599108074917
8686.0 0.1283433026156307
8688.0 0.1283323398789662
8690.0 0.12833357530608638
8692.0 0.12833635773415175
8694.0 0.12834568311757816
8696.0 0.12836099038587317
8698.0 0.12836298604034135
8700.0 0.12836037873894107
8702.0 0.12835799200864667
8704.0 0.12835286777601929
8706.0 0.128351009977195
8708.0 0.12835551358161817
8710.0 0.1283551382917506
8712.0 0.1283432141987356
8714.0 0.12833711304521167
8716.0 0.12836661380650147
8718.0 0.12837856734049924
8720.0 0.12839966519645482
8722.0 0.12843359597666215
8724.0 0.12845123849130471
8726.0 0.12849148732232463
8728.0 0.1285071721103729
8730.0 0.12851793969502656
8732.0 0.12852786192444624
8734.0 0.12852069379946154
8736.0 0.12850428684748522
8738.0 0.12849211859142534
8740.0 0.12848008230438543
8742.0 0.1284642464716016
8744.0 0.12846887607764498
8746.0 0.128454246292205
8748.0 0.1284465027650588
8750.0 0.12843498716798038
8752.0 0.1284313737635853
8754.0 0.12844274712414092
8756.0 0.1284543087933796
8758.0 0.12847388861823536
8760.0 0.12847705805572704
8762.0 0.12846283926565594
8764.0 0.12846304548866233
8766.0 0.1284522886062884
8768.0 0.1284509943727896
8770.0 0.12847707749014425
8772.0 0.12850796161790512
8774.0 0.12850661560386215
8776.0 0.12843914208282387
8778.0 0.12843035143606565
8780.0 0.12844063622586263
8782.0 0.12845344746617063
8784.0 0.12846914776347773
8786.0 0.1285186638648072
8788.0 0.12850552267333684
8790.0 0.1284699235935583
8792.0 0.12843866596886236
8794.0 0.12842092395801963
8796.0 0.12837507126399003
8798.0 0.12836255018398812
8800.0 0.12833335278917932
8802.0 0.1283376515315915
8804.0 0.12837911161860263
8806.0 0.1283825922117988
8808.0 0.12839946642307712
8810.0 0.12840179143153457
8812.0 0.12838177458536698
8814.0 0.1283637639712377
8816.0 0.12835528337843916
8818.0 0.12835958451274468
8820.0 0.12839695125050785
8822.0 0.1284401555724858
8824.0 0.12846436396593017
8826.0 0.1284870505638383
8828.0 0.12849208163519824
8830.0 0.1284857948018418
8832.0 0.12847072125338693
8834.0 0.12843986652430647
8836.0 0.12838159942637786
8838.0 0.12835595510001968
8840.0 0.12831806467701068
8842.0 0.12830422647361253
8844.0 0.1283231985622869
8846.0 0.12834669993654385
8848.0 0.12836324085582848
8850.0 0.12834967358309554
8852.0 0.12831729335576694
8854.0 0.1282868449013039
8856.0 0.12824812955320616
8858.0 0.12822551537410087
8860.0 0.12818907427717566
8862.0 0.12817756877673517
8864.0 0.128188078022363
8866.0 0.12820540951363107
8868.0 0.12822513163549096
8870.0 0.12822143316129345
8872.0 0.12820932572050853
8874.0 0.1281878085437385
8876.0 0.12816442758145433
8878.0 0.12815926882528353
8880.0 0.12817647505406468
8882.0 0.12818927356457846
8884.0 0.12819003110183022
8886.0 0.12816829268536162
8888.0 0.12816813880860822
8890.0 0.12817888013414935
8892.0 0.1281839361568519
8894.0 0.12818384151922102
8896.0 0.12817078597727813
8898.0 0.12816800153285354
8900.0 0.128172202002411
8902.0 0.12817396779079868
8904.0 0.12817608024142205
8906.0 0.12818710958274912
8908.0 0.1281838382328262
8910.0 0.128158820560709
8912.0 0.12813263274054879
8914.0 0.1280994222811005
8916.0 0.12804343651951838
8918.0 0.12804418118211677
8920.0 0.12806030126286844
8922.0 0.12808233480455042
8924.0 0.1281068584956031
8926.0 0.12813355899020723
8928.0 0.12810994173155318
8930.0 0.12807377017181898
8932.0 0.12805091373378946
8934.0 0.1280345477515665
8936.0 0.12801821471938946
8938.0 0.12802526192614966
8940.0 0.12803431647826993
8942.0 0.12804421396086618
8944.0 0.12806053215514437
8946.0 0.12808667620671516
8948.0 0.1280996640217153
8950.0 0.12808447844611626
8952.0 0.12806087741776462
8954.0 0.12804271693935543
8956.0 0.1280280696079877
8958.0 0.1280310106468596
8960.0 0.1280894896357576
8962.0 0.12812070441789578
8964.0 0.12812194010881695
8966.0 0.1281074504426661
8968.0 0.12811005202475728
8970.0 0.1280786676269182
8972.0 0.12807469455108209
8974.0 0.1280747881466511
8976.0 0.12806399732196622
8978.0 0.128036903272426
8980.0 0.1280094773136066
8982.0 0.12799670940810917
8984.0 0.12798485468205448
8986.0 0.12797628227822602
8988.0 0.12798674073362173
8990.0 0.12795230237576896
8992.0 0.1279430629983936
8994.0 0.12792893652975312
8996.0 0.12791018421332556
8998.0 0.1279034074772321
9000.0 0.1278906588215573
9002.0 0.1278723305926533
9004.0 0.12786834451832424
9006.0 0.12787498056252608
9008.0 0.12789779355082473
9010.0 0.1279287778193187
9012.0 0.1279432747623518
9014.0 0.12792314819214742
9016.0 0.12789159822094062
9018.0 0.12786520700942136
9020.0 0.12784299518372744
9022.0 0.12785165647592986
9024.0 0.12787450045465312
9026.0 0.12787983484133422
9028.0 0.12787233028652173
9030.0 0.1278485305729774
9032.0 0.12784964997501852
9034.0 0.1278386326933896
9036.0 0.12782929324136771
9038.0 0.12784053513938848
9040.0 0.12781099760471315
9042.0 0.127762195104565
9044.0 0.12773765555552577
9046.0 0.12773509321380072
9048.0 0.127735509915252
9050.0 0.1277238260438713
9052.0 0.12773295395474146
9054.0 0.12771905649892773
9056.0 0.12769548882871487
9058.0 0.127703820782448
9060.0 0.12775081991874676
9062.0 0.127782374874674
9064.0 0.12780892120881002
9066.0 0.1278191901906747
9068.0 0.1277991200746382
9070.0 0.12777087190664435
9072.0 0.12776215500755134
9074.0 0.12777238404646177
9076.0 0.1277798040648273
9078.0 0.12777220380885798
9080.0 0.12777208085179495
9082.0 0.12778170750971682
9084.0 0.12778262094254944
9086.0 0.12777655547096448
9088.0 0.12777679226536348
9090.0 0.12778723378341483
9092.0 0.12780918958883045
9094.0 0.1278073278762521
9096.0 0.12780214735226553
9098.0 0.12779489600662833
9100.0 0.1277698223052201
9102.0 0.12774740473422347
9104.0 0.127762258613756
9106.0 0.12777639830376328
9108.0 0.12781571441752435
9110.0 0.12791522925323517
9112.0 0.1279252021858517
9114.0 0.12806357555286624
9116.0 0.1281441073556256
9118.0 0.1281286256178734
9120.0 0.12817901349763663
9122.0 0.12819763787623287
9124.0 0.12800294617456298
9126.0 0.12788923513326975
9128.0 0.127899523297004
9130.0 0.12786823810128523
9132.0 0.12786834487058926
9134.0 0.12786841680486186
9136.0 0.1278656104622809
9138.0 0.12786468108774715
9140.0 0.1278708438422184
9142.0 0.1278750621734971
9144.0 0.12790394800013233
9146.0 0.12792339427360927
9148.0 0.12792387867619734
9150.0 0.1279129170777712
9152.0 0.12792062375745747
9154.0 0.12793961859570954
9156.0 0.12796386832373807
9158.0 0.1279967499053074
9160.0 0.128029949080027
9162.0 0.12803611436574025
9164.0 0.12804338108636487
9166.0 0.128060223300006
9168.0 0.12808929586502651
9170.0 0.12812801811944258
9172.0 0.12812651831573485
9174.0 0.12813338282724548
9176.0 0.12811632168609252
9178.0 0.1280903701137246
9180.0 0.12809777990231191
9182.0 0.12813062922367077
9184.0 0.1282113331474489
9186.0 0.12826894936779837
9188.0 0.12832057458091112
9190.0 0.1283763684045201
9192.0 0.12839001955663606
9194.0 0.1283825108062071
9196.0 0.12838332137141095
9198.0 0.1283672505727698
9200.0 0.12833948332806783
9202.0 0.12834127031096382
9204.0 0.12833885888253072
9206.0 0.12834404664259333
9208.0 0.12834725653461235
9210.0 0.12834660521669664
9212.0 0.12837136163074622
9214.0 0.12840885103453054
9216.0 0.12840023226826391
9218.0 0.1283814412581143
9220.0 0.1283966632275771
9222.0 0.12841954440639358
9224.0 0.12842303124919927
9226.0 0.12841816116283686
9228.0 0.12842578652094386
9230.0 0.12847971135199165
9232.0 0.12851577737780412
9234.0 0.12854435767444106
9236.0 0.12857454627826187
9238.0 0.12858359511033685
9240.0 0.12856769777321134
9242.0 0.12855732675916368
9244.0 0.12854525383057364
9246.0 0.12853730982537098
9248.0 0.12852156981600762
9250.0 0.1285163529332046
9252.0 0.12849781541486724
9254.0 0.12847814953821718
9256.0 0.1284785133888508
9258.0 0.12850883919985676
9260.0 0.12853378128964943
9262.0 0.12853051983598002
9264.0 0.12852575798406035
9266.0 0.12848729976898524
9268.0 0.12845855169024464
9270.0 0.1284904245732649
9272.0 0.12854414615968213
9274.0 0.12856754481764215
9276.0 0.12867118049339207
9278.0 0.12876276886583848
9280.0 0.12875359351501792
9282.0 0.12872419528420495
9284.0 0.1285965463763432
9286.0 0.1284728503896541
9288.0 0.12840556890661523
9290.0 0.12837098697062857
9292.0 0.12831408994773089
9294.0 0.1283589597535499
9296.0 0.12832311460728837
9298.0 0.12839704912227912
9300.0 0.12845860631540615
9302.0 0.12847232017706214
9304.0 0.12837421325186935
9306.0 0.1283696014024851
9308.0 0.1283628810592926
9310.0 0.1283636659485939
9312.0 0.1283454023317629
9314.0 0.12831199734398355
9316.0 0.1283500336804037
9318.0 0.12836281227558735
9320.0 0.12832197816776994
9322.0 0.12829572979650294
9324.0 0.12840287015574242
9326.0 0.12846325283390486
9328.0 0.1284588359025289
9330.0 0.12839910620390735
9332.0 0.1283108968272074
9334.0 0.1280631870517705
9336.0 0.1278892056060177
9338.0 0.12777785651462753
9340.0 0.12771279614516887
9342.0 0.1277764765648281
9344.0 0.12793400307696653
9346.0 0.12803837360420106
9348.0 0.12804478875565545
9350.0 0.12806878066140448
9352.0 0.1281474221950408
9354.0 0.12822094584151533
9356.0 0.12829231812518066
9358.0 0.12835144898283665
9360.0 0.1283505181451314
9362.0 0.1283031301453161
9364.0 0.12829460172456314
9366.0 0.12830797751820924
9368.0 0.12836120849848015
9370.0 0.12842553794084235
9372.0 0.12845708775504008
9374.0 0.12845752092892446
9376.0 0.12844655515072623
9378.0 0.12843309364282582
9380.0 0.12840935742157047
9382.0 0.12844722937062436
9384.0 0.12861729238480574
9386.0 0.1287109147721372
9388.0 0.128712068979146
9390.0 0.1286870876066018
9392.0 0.12861185950790557
9394.0 0.12850986570931616
9396.0 0.12846257507064618
9398.0 0.12841396466860433
9400.0 0.12837115717850237
9402.0 0.1283360302910731
9404.0 0.1283118664962846
9406.0 0.12833397101169353
9408.0 0.1284429371357033
9410.0 0.1285083537682696
9412.0 0.12852546547248928
9414.0 0.12853618244891976
9416.0 0.1285577786860206
9418.0 0.1285955388594632
9420.0 0.12864540798067986
9422.0 0.1286521093147666
9424.0 0.12859769296301754
9426.0 0.12852489605591988
9428.0 0.1284815402983022
9430.0 0.12843540782056273
9432.0 0.12839912027635902
9434.0 0.1283909995966187
9436.0 0.1283953576291567
9438.0 0.1284426825586082
9440.0 0.12847518208580716
9442.0 0.12847652426453401
9444.0 0.12845732150088465
9446.0 0.1284261954104591
9448.0 0.12839667181139658
9450.0 0.12843095268520607
9452.0 0.12850304552882297
9454.0 0.1285176352544739
9456.0 0.12853793650751152
9458.0 0.12850489653945377
9460.0 0.12848913661957106
9462.0 0.12847554556268992
9464.0 0.12844139931688475
9466.0 0.12839157775787166
9468.0 0.12838154621914885
9470.0 0.12834151767192667
9472.0 0.12836149062230687
9474.0 0.1284580664992988
9476.0 0.12848313245458606
9478.0 0.12838061685338806
9480.0 0.12829573884953036
9482.0 0.12826691403927504
9484.0 0.128268766273321
9486.0 0.1282243351337941
9488.0 0.12818936225510333
9490.0 0.1282010141098399
9492.0 0.1282398685495733
9494.0 0.1282628891619434
9496.0 0.12829252167616562
9498.0 0.12831443559478606
9500.0 0.12832205533471067
9502.0 0.12833159850421552
9504.0 0.12835631768109676
9506.0 0.1283695253456022
9508.0 0.12845766640624312
9510.0 0.12852398530970885
9512.0 0.12854383043712597
9514.0 0.12852348404693403
9516.0 0.12854695860358772
9518.0 0.12846761923873692
9520.0 0.1284370956187038
9522.0 0.12836542984693827
9524.0 0.12825666764222846
9526.0 0.128214886922258
9528.0 0.12814994249900044
9530.0 0.12815038801372514
9532.0 0.1281981937726731
9534.0 0.12823965073232135
9536.0 0.12821820260187788
9538.0 0.12813230420928862
9540.0 0.12806198458070514
9542.0 0.12797972240730693
9544.0 0.12792837490368772
9546.0 0.12791600456113603
9548.0 0.12794799926860892
9550.0 0.12797208534582377
9552.0 0.12797530516674563
9554.0 0.1279455773920231
9556.0 0.12793238673970034
9558.0 0.12792404874305954
9560.0 0.12792109468553012
9562.0 0.12792325679862784
9564.0 0.1279320917672134
9566.0 0.12794082648258728
9568.0 0.12793826639300873
9570.0 0.12794767988273692
9572.0 0.1279475482434175
9574.0 0.12794286147431103
9576.0 0.1279186254989468
9578.0 0.12785143349318984
9580.0 0.1278343054149501
9582.0 0.12781659259598838
9584.0 0.12779036114317757
9586.0 0.12776962377695728
9588.0 0.12771153029055893
9590.0 0.12770968983835343
9592.0 0.12770498233931504
9594.0 0.12770051000250715
9596.0 0.12770644147476753
9598.0 0.1276745561922796
9600.0 0.12764849917542015
9602.0 0.12762180725558023
9604.0 0.12763079576119962
9606.0 0.12766069093118823
9608.0 0.12764609700542112
9610.0 0.12763609848846724
9612.0 0.12762547582992267
9614.0 0.12760659825769974
9616.0 0.12758737007609738
9618.0 0.12760029465328054
9620.0 0.12761701005293913
9622.0 0.12766183568533682
9624.0 0.12770789049649608
9626.0 0.12770679437384036
9628.0 0.12768556003775527
9630.0 0.12766108983859034
9632.0 0.12763130466584344
9634.0 0.12763541633331812
9636.0 0.12767199168665627
9638.0 0.12768613799081216
9640.0 0.12764414483194764
9642.0 0.12757801583548237
9644.0 0.12755161226153683
9646.0 0.12754263736353966
9648.0 0.12756313251333073
9650.0 0.12760565732617757
9652.0 0.12761877698215107
9654.0 0.12760696234124194
9656.0 0.12760347275845968
9658.0 0.12763010470914493
9660.0 0.127646185247481
9662.0 0.12761567948170816
9664.0 0.12758331387333713
9666.0 0.12756876283720753
9668.0 0.12759399576514394
9670.0 0.12757218978334814
9672.0 0.12751157769558186
9674.0 0.12747842693589467
9676.0 0.1275285356871167
9678.0 0.1275886658046348
9680.0 0.12762540549119483
9682.0 0.12767639137260972
9684.0 0.1276510664979482
9686.0 0.127589220789548
9688.0 0.12755371877691135
9690.0 0.12755035956421962
9692.0 0.12758835081055084
9694.0 0.1276303747095374
9696.0 0.12765690250104744
9698.0 0.12765089070249186
9700.0 0.12764149428585447
9702.0 0.12763355582965158
9704.0 0.1276270713080705
9706.0 0.1276566338203909
9708.0 0.12773771226941238
9710.0 0.12778757602818083
9712.0 0.12780129489897932
9714.0 0.12781061754783382
9716.0 0.1277920632640939
9718.0 0.12777245411926352
9720.0 0.12774363638744946
9722.0 0.12774586512742997
9724.0 0.12774170146694522
9726.0 0.1277411808013247
9728.0 0.1277331492692518
9730.0 0.12772150810541202
9732.0 0.12770893168961434
9734.0 0.12770461748842274
9736.0 0.12771570763996373
9738.0 0.12775081185529044
9740.0 0.1277494463859633
9742.0 0.1277303658685354
9744.0 0.1277393680012897
9746.0 0.1277638991905795
9748.0 0.12775568349552271
9750.0 0.12771738071730596
9752.0 0.12778189392245523
9754.0 0.12781792744334214
9756.0 0.12784085853146354
9758.0 0.12786488548740424
9760.0 0.12788342249181092
9762.0 0.12789591357832497
9764.0 0.12791228076645844
9766.0 0.12795209846995345
9768.0 0.12799401575100813
9770.0 0.12802167974649545
9772.0 0.12809138913036877
9774.0 0.12808414719443256
9776.0 0.12805195624498852
9778.0 0.12804854077791505
9780.0 0.12804004920948914
9782.0 0.12803332235168047
9784.0 0.12801120110196518
9786.0 0.12797332717559148
9788.0 0.1279765066655161
9790.0 0.12803044189666563
9792.0 0.1280972242648778
9794.0 0.1280964358106265
9796.0 0.12808334654150816
9798.0 0.1280665303706269
9800.0 0.128059355272637
9802.0 0.1281527636953911
9804.0 0.12820849561974773
9806.0 0.12823034933929123
9808.0 0.12824587677523508
9810.0 0.1282372815965534
9812.0 0.12826875426501616
9814.0 0.1282757194449293
9816.0 0.12830250969103718
9818.0 0.1283289811641282
9820.0 0.12831737224524886
9822.0 0.12829533582290512
9824.0 0.12827573537860085
9826.0 0.1282887212583887
9828.0 0.12833127788592394
9830.0 0.12835127351412476
9832.0 0.12843494721238238
9834.0 0.12843648460994753
9836.0 0.1284291915742171
9838.0 0.12842639156194796
9840.0 0.12842582518101067
9842.0 0.12838611658914942
9844.0 0.12837222853830813
9846.0 0.1283724170354805
9848.0 0.12838381155264578
9850.0 0.12839292644837674
9852.0 0.12844832052279273
9854.0 0.12846828579963204
9856.0 0.12845962839349703
9858.0 0.1284484069231879
9860.0 0.12842564131315087
9862.0 0.12837152805506852
9864.0 0.12836127885099977
9866.0 0.12837642981007638
9868.0 0.12837293202443648
9870.0 0.12833745197845361
9872.0 0.12832200377948205
9874.0 0.12831373987766767
9876.0 0.1283467317711012
9878.0 0.12842453874082926
9880.0 0.12849302218654876
9882.0 0.1285665971664042
9884.0 0.12856819702184483
9886.0 0.12858575315388637
9888.0 0.12858342693976396
9890.0 0.12856589956906045
9892.0 0.12856523296173564
9894.0 0.12855713227986218
9896.0 0.12864977890568804
9898.0 0.1287607189927916
9900.0 0.1287291170608979
9902.0 0.1285724351232673
9904.0 0.12848164071297863
9906.0 0.1284988704233559
9908.0 0.12851620404119035
9910.0 0.1285857204617245
9912.0 0.12862317122439207
9914.0 0.1286294379000508
9916.0 0.1286071878317351
9918.0 0.1285772759598798
9920.0 0.1285382138580566
9922.0 0.12858546621795644
9924.0 0.1287035560617092
9926.0 0.1287873846103214
9928.0 0.12879429533544728
9930.0 0.12876128148084953
9932.0 0.12872562837728016
9934.0 0.12866027896758647
9936.0 0.12862854565835966
9938.0 0.12861803433980615
9940.0 0.12861584418024571
9942.0 0.12863179582167697
9944.0 0.12863730511820692
9946.0 0.12863249295481496
9948.0 0.1286272701478777
9950.0 0.1286096068143752
9952.0 0.1285764556715326
9954.0 0.1285296463992053
9956.0 0.12845395718039632
9958.0 0.12842563792777695
9960.0 0.12845608704130115
9962.0 0.12852449751197206
9964.0 0.12862621887040296
9966.0 0.12872884575166768
9968.0 0.12879342140494007
9970.0 0.12882316474338057
9972.0 0.1287959723373044
9974.0 0.12874249288133374
9976.0 0.1286873304727053
9978.0 0.1286311814983819
9980.0 0.12858131207680484
9982.0 0.12854729332615017
9984.0 0.12856341287968154
9986.0 0.12862130172832112
9988.0 0.12866749920251222
9990.0 0.12868299903965272
9992.0 0.12866899289378536
9994.0 0.12864289957804848
9996.0 0.1285356860491207
9998.0 0.1284861667023752
