# z obs_date
# 0 52280
3580.0 0.6433143475354618
3582.0 0.631448184925334
3584.0 0.6324075434031674
3586.0 0.6303949698250008
3588.0 0.6322017715617567
3590.0 0.6297169644177366
3592.0 0.6248689814716084
3594.0 0.611652972996667
3596.0 0.6012466260084856
3598.0 0.6026851553342955
3600.0 0.6114567781761568
3602.0 0.6123644459161306
3604.0 0.6125158827572956
3606.0 0.6051817921788353
3608.0 0.5942408619307137
3610.0 0.5852824471522147
3612.0 0.5792147016435513
3614.0 0.574817501321222
3616.0 0.5761251462810362
3618.0 0.5805960349286606
3620.0 0.5869619950727282
3622.0 0.5852851851013092
3624.0 0.5842222412628512
3626.0 0.584412440425591
3628.0 0.587857842452235
3630.0 0.592459564892994
3632.0 0.5861234234034893
3634.0 0.5726841329617566
3636.0 0.5708101784589638
3638.0 0.5793475184410871
3640.0 0.5815021262724044
3642.0 0.5824196817822452
3644.0 0.5718663243909465
3646.0 0.5609760719356087
3648.0 0.5560810774496024
3650.0 0.5610261992665335
3652.0 0.563917950190497
3654.0 0.5629701927462292
3656.0 0.5586418887315545
3658.0 0.5559724302928069
3660.0 0.5527406960733313
3662.0 0.5532301199583944
3664.0 0.552198502797501
3666.0 0.5507957195040654
3668.0 0.5496596699427123
3670.0 0.5518607656489599
3672.0 0.5527082295779838
3674.0 0.5509230353433661
3676.0 0.5506170017477288
3678.0 0.5535293518695191
3680.0 0.5588236331446963
3682.0 0.5574617283013036
3684.0 0.5516171698186532
3686.0 0.5519937794254889
3688.0 0.5541649488518252
3690.0 0.5560094564300483
3692.0 0.5446378859592865
3694.0 0.5378622858432925
3696.0 0.5287948157776603
3698.0 0.5332241633198692
3700.0 0.5245818205269048
3702.0 0.5218523136339787
3704.0 0.5109170958878094
3706.0 0.507534094459663
3708.0 0.4967930915583033
3710.0 0.49394827041249806
3712.0 0.4973944254341015
3714.0 0.49556413790303905
3716.0 0.48678173374967393
3718.0 0.48605201253491154
3720.0 0.487198738423639
3722.0 0.4891459925454133
3724.0 0.48138689165237714
3726.0 0.4849573359615547
3728.0 0.49263926454939244
3730.0 0.5066213023912505
3732.0 0.5134841862712406
3734.0 0.5167695665052111
3736.0 0.5152890296330518
3738.0 0.5130175147746969
3740.0 0.5118023937814675
3742.0 0.5201455197766087
3744.0 0.5290928036266688
3746.0 0.5340628407860554
3748.0 0.5363406799517122
3750.0 0.5389279913585489
3752.0 0.5336523988616433
3754.0 0.5318411599069022
3756.0 0.5292671488698876
3758.0 0.5259665073397802
3760.0 0.5222092882194744
3762.0 0.5183067972300335
3764.0 0.5136530982464421
3766.0 0.5081021439766547
3768.0 0.5023531969052262
3770.0 0.4981470542188952
3772.0 0.4917243507846498
3774.0 0.48617684686662466
3776.0 0.48461266181928425
3778.0 0.4821272150200405
3780.0 0.4774214737734317
3782.0 0.47444757728051523
3784.0 0.47068215650426326
3786.0 0.4703372648116488
3788.0 0.47060102595854625
3790.0 0.4659816010609616
3792.0 0.46668491591307265
3794.0 0.46652734250681077
3796.0 0.46751305386666675
3798.0 0.4647633446725878
3800.0 0.46444249967727197
3802.0 0.46683159559033277
3804.0 0.4663347516363547
3806.0 0.4651020648930974
3808.0 0.46634848892589037
3810.0 0.47062828079832264
3812.0 0.47388078314667414
3814.0 0.47985960998781074
3816.0 0.4857471101245958
3818.0 0.48515855389813684
3820.0 0.4889979455247802
3822.0 0.4940317746246516
3824.0 0.502144880069113
3826.0 0.5107245208513915
3828.0 0.5178334368963821
3830.0 0.5266280439069907
3832.0 0.5351381238204045
3834.0 0.546199868706562
3836.0 0.5524421925224922
3838.0 0.5619863112521695
3840.0 0.5738940431717572
3842.0 0.5839234536176673
3844.0 0.5978305607191607
3846.0 0.610445017666292
3848.0 0.619513000191204
3850.0 0.6328339645396307
3852.0 0.639906511232885
3854.0 0.6500310541844037
3856.0 0.668115843859699
3858.0 0.6797731634528661
3860.0 0.6888859983802802
3862.0 0.7024421386366043
3864.0 0.7143554802208769
3866.0 0.7273723724240783
3868.0 0.7425246045216084
3870.0 0.7529807041588961
3872.0 0.7647585831636321
3874.0 0.772726484609664
3876.0 0.7819224673122517
3878.0 0.7958218292386209
3880.0 0.8103367830950731
3882.0 0.8232207090982009
3884.0 0.8312745474875006
3886.0 0.8330934855588017
3888.0 0.8390331002837746
3890.0 0.8488936478985935
3892.0 0.857918347830735
3894.0 0.8641182930305336
3896.0 0.8735130942318721
3898.0 0.8757442876597026
3900.0 0.8789768583227152
3902.0 0.8802586392707471
3904.0 0.88296214216096
3906.0 0.8886741869011793
3908.0 0.8913766465413531
3910.0 0.8983864603723858
3912.0 0.9062940088723003
3914.0 0.9130300553016346
3916.0 0.9172976801975351
3918.0 0.9227780227861041
3920.0 0.9293706287075123
3922.0 0.934599379993688
3924.0 0.9379579506394022
3926.0 0.9425738851116108
3928.0 0.9488789146771903
3930.0 0.9539296142176699
3932.0 0.9572218975911294
3934.0 0.9661441958137322
3936.0 0.9732468542837676
3938.0 0.9814426830276715
3940.0 0.9819572712103612
3942.0 0.982349357721984
3944.0 0.9869011436923719
3946.0 0.9929487041764606
3948.0 0.9961251308656828
3950.0 0.9977760481683813
3952.0 1.0
3954.0 0.9979292792204008
3956.0 0.993332498452033
3958.0 0.9879060812110902
3960.0 0.9793400575993484
3962.0 0.9666990588000065
3964.0 0.9594239550677726
3966.0 0.9483120710413931
3968.0 0.9393061753074561
3970.0 0.9294285043388506
3972.0 0.9168673310949693
3974.0 0.9083392325480414
3976.0 0.8970794738160476
3978.0 0.8837385380088858
3980.0 0.8762294405123686
3982.0 0.8697874074213354
3984.0 0.8595455639339691
3986.0 0.852241175996188
3988.0 0.8451519555008924
3990.0 0.8374885746759015
3992.0 0.8321526915057502
3994.0 0.8262065959666997
3996.0 0.8223849344800994
3998.0 0.8192408413033044
4000.0 0.8102751693425907
4002.0 0.807620653821401
4004.0 0.804184427443589
4006.0 0.7996689517443877
4008.0 0.7999883518134077
4010.0 0.8031203341917361
4012.0 0.8041991798642758
4014.0 0.8036245748558674
4016.0 0.8025790579101262
4018.0 0.8038448524344937
4020.0 0.8054520884067
4022.0 0.8043857406812447
4024.0 0.8078188257443798
4026.0 0.809589078602893
4028.0 0.808838046267573
4030.0 0.8134805341074589
4032.0 0.813939717828956
4034.0 0.8178125196992323
4036.0 0.8208383641561592
4038.0 0.8281390302423829
4040.0 0.8308804546453431
4042.0 0.835789732948688
4044.0 0.8410620563942403
4046.0 0.8451826334324753
4048.0 0.8494808617803417
4050.0 0.8528397585523104
4052.0 0.8504168070748026
4054.0 0.8501728190896809
4056.0 0.846624467145372
4058.0 0.8447604442311066
4060.0 0.8477230543319244
4062.0 0.8498362679971013
4064.0 0.8488465662781403
4066.0 0.851116689834118
4068.0 0.8505076559984841
4070.0 0.8474024599059207
4072.0 0.844831142497861
4074.0 0.8440569839935296
4076.0 0.84514442971318
4078.0 0.835348306678936
4080.0 0.832927311085803
4082.0 0.8295741473870375
4084.0 0.8318523813994673
4086.0 0.8314243095737505
4088.0 0.8321257004828979
4090.0 0.8303047265806821
4092.0 0.830237612244257
4094.0 0.8254262732776253
4096.0 0.8204157509922143
4098.0 0.8210302040803997
4100.0 0.8202268940036906
4102.0 0.8167645034852006
4104.0 0.8140467542039131
4106.0 0.8132809355847032
4108.0 0.8112457961029115
4110.0 0.8114240876544487
4112.0 0.811119119565703
4114.0 0.8068555963168971
4116.0 0.8016655596428894
4118.0 0.7974087983755019
4120.0 0.7952784252090969
4122.0 0.7915039431651147
4124.0 0.7912356781894925
4126.0 0.7891425744238916
4128.0 0.7868671028329461
4130.0 0.786799809410768
4132.0 0.7818397861705869
4134.0 0.7794427946526116
4136.0 0.778834133652127
4138.0 0.7773779675081459
4140.0 0.7769240117440807
4142.0 0.7769860327207841
4144.0 0.7777208165995861
4146.0 0.7788418500960645
4148.0 0.7805289043524927
4150.0 0.7843400926289699
4152.0 0.7811730053255289
4154.0 0.7782530900266725
4156.0 0.7767782414450927
4158.0 0.7769856494072558
4160.0 0.7777572103240401
4162.0 0.7809715313958925
4164.0 0.7807467981317742
4166.0 0.7813399998805116
4168.0 0.7806939701283764
4170.0 0.7816966814203
4172.0 0.7827780582530351
4174.0 0.7810915381786329
4176.0 0.7787678633875134
4178.0 0.7724319301539817
4180.0 0.7673562842646835
4182.0 0.7666245048346693
4184.0 0.7646486031734702
4186.0 0.7611815854726054
4188.0 0.7567958206111144
4190.0 0.7545059576964372
4192.0 0.7510582368910254
4194.0 0.7490467207523359
4196.0 0.7441345736505414
4198.0 0.7400509892447644
4200.0 0.7343541067454749
4202.0 0.728576154185956
4204.0 0.7267160673044789
4206.0 0.7222089305007211
4208.0 0.7182906564994975
4210.0 0.7142139686625896
4212.0 0.710152987494586
4214.0 0.7031623246483995
4216.0 0.6987319540600424
4218.0 0.6961512318680348
4220.0 0.6918958661951843
4222.0 0.6877459283014213
4224.0 0.6820549816154756
4226.0 0.6765158415026963
4228.0 0.67497840480605
4230.0 0.6711801244505392
4232.0 0.6665481459358382
4234.0 0.664785124052965
4236.0 0.6626489324310969
4238.0 0.6569288739754208
4240.0 0.6540407652129793
4242.0 0.6505118042994195
4244.0 0.6460283200015736
4246.0 0.6394085364668138
4248.0 0.6370797933066464
4250.0 0.63322581127206
4252.0 0.6297420572398372
4254.0 0.625428526529137
4256.0 0.6238868218381091
4258.0 0.623866391047022
4260.0 0.6190320444685863
4262.0 0.6173583171050532
4264.0 0.6162060374472712
4266.0 0.6141188278922208
4268.0 0.6123680752056856
4270.0 0.611440615303232
4272.0 0.6113931511427967
4274.0 0.6108669584841184
4276.0 0.6076594768760704
4278.0 0.6051946087040084
4280.0 0.6048874598173206
4282.0 0.6053690204983849
4284.0 0.6039282278176734
4286.0 0.6012294384911099
4288.0 0.5998317345404807
4290.0 0.5967362516137369
4292.0 0.5942797383077557
4294.0 0.5921266369386642
4296.0 0.5905068304919359
4298.0 0.5871606593411337
4300.0 0.58453234251762
4302.0 0.5832193927374048
4304.0 0.5818373842804105
4306.0 0.5801104101757443
4308.0 0.5796471638347201
4310.0 0.578186776575997
4312.0 0.5776582929771487
4314.0 0.5777389516587291
4316.0 0.5794375034076392
4318.0 0.5829929109500835
4320.0 0.5855380743550904
4322.0 0.5862095732864235
4324.0 0.5874314332157263
4326.0 0.5874787746732588
4328.0 0.588344400951129
4330.0 0.5875536395178498
4332.0 0.5855317538267325
4334.0 0.5852448377188078
4336.0 0.5860002434720563
4338.0 0.5845190383692181
4340.0 0.5833519860644122
4342.0 0.5803888367651971
4344.0 0.5777342879508466
4346.0 0.5742912920891307
4348.0 0.574986841213631
4350.0 0.5713644481947604
4352.0 0.5667612373059026
4354.0 0.5627394354525196
4356.0 0.5594905784891283
4358.0 0.5582406510847103
4360.0 0.5543158885052916
4362.0 0.5524847189430434
4364.0 0.5505247983343271
4366.0 0.5456198832279997
4368.0 0.5407581181718852
4370.0 0.5383769083120218
4372.0 0.5376999060772598
4374.0 0.5324368838884018
4376.0 0.5271646892042131
4378.0 0.5228735406427064
4380.0 0.5198498539221241
4382.0 0.5157259781591017
4384.0 0.5151699013107336
4386.0 0.5133937956451099
4388.0 0.5100678165091664
4390.0 0.5059166605230825
4392.0 0.5040264670955571
4394.0 0.5003805231817249
4396.0 0.49695648740765724
4398.0 0.4953409859874582
4400.0 0.4951031306348209
4402.0 0.4950627327538951
4404.0 0.49385512020806566
4406.0 0.4918558156078553
4408.0 0.4911180072204544
4410.0 0.49003830495374207
4412.0 0.48794288831847044
4414.0 0.4867270632850637
4416.0 0.48617418031956683
4418.0 0.4863243767477626
4420.0 0.4887099161873251
4422.0 0.49086769808531205
4424.0 0.4926061878496808
4426.0 0.49315847314610095
4428.0 0.4971417609154358
4430.0 0.5007279764141763
4432.0 0.503257767100274
4434.0 0.5058492290347824
4436.0 0.5101312293199995
4438.0 0.5159985018307381
4440.0 0.5197731479097103
4442.0 0.5238426837197143
4444.0 0.5286126229448838
4446.0 0.5324419284715383
4448.0 0.5358086596785253
4450.0 0.5399762043384424
4452.0 0.5433930303154204
4454.0 0.54694851004145
4456.0 0.552147324152296
4458.0 0.5570620188258439
4460.0 0.56025146265372
4462.0 0.5619274736747359
4464.0 0.5670824307548886
4466.0 0.5711007041541437
4468.0 0.5737633161531462
4470.0 0.5777258456337568
4472.0 0.5796903755226022
4474.0 0.5830742888883389
4476.0 0.5872724952055152
4478.0 0.5937960320176233
4480.0 0.5977229095730938
4482.0 0.6028854566914965
4484.0 0.6046388569408505
4486.0 0.6094449733328304
4488.0 0.6139776785424444
4490.0 0.6189226524256475
4492.0 0.6219594826706605
4494.0 0.627453020545663
4496.0 0.6343287145499212
4498.0 0.6390640133400654
4500.0 0.6398117216861877
4502.0 0.6436003171202991
4504.0 0.649283886787607
4506.0 0.6546378022452529
4508.0 0.6573301595253823
4510.0 0.6610830695280961
4512.0 0.6653193255022788
4514.0 0.6700539199658138
4516.0 0.6751791909111851
4518.0 0.6776715567195368
4520.0 0.6828411869147437
4522.0 0.6884055533695365
4524.0 0.693922501819223
4526.0 0.6981992929521776
4528.0 0.7029799311012678
4530.0 0.7049759433717281
4532.0 0.7090081245754744
4534.0 0.7129407576433716
4536.0 0.7190136643717984
4538.0 0.7257439782829614
4540.0 0.730061624777198
4542.0 0.7351173384976295
4544.0 0.7392706085954855
4546.0 0.742411729489544
4548.0 0.7458542379177691
4550.0 0.7511595965082936
4552.0 0.7556833004342101
4554.0 0.7613895504601874
4556.0 0.7653111971262778
4558.0 0.7695827704802092
4560.0 0.7741093444031003
4562.0 0.7774142936970385
4564.0 0.7800077646106266
4566.0 0.783233894501831
4568.0 0.7853212131979779
4570.0 0.7891702091043862
4572.0 0.7924049151532029
4574.0 0.7948894953823005
4576.0 0.7994234943851974
4578.0 0.805073535971208
4580.0 0.80619882246106
4582.0 0.8109861545721753
4584.0 0.8136188445743954
4586.0 0.814006567020009
4588.0 0.8185857280909156
4590.0 0.8242361270782003
4592.0 0.8248629215523852
4594.0 0.8280966308135497
4596.0 0.8315827110934638
4598.0 0.8333459169034966
4600.0 0.8341933966398316
4602.0 0.834868068694415
4604.0 0.835604398988971
4606.0 0.8344530133744219
4608.0 0.8346814590113076
4610.0 0.8333147315792317
4612.0 0.833362120390297
4614.0 0.8314578017142015
4616.0 0.8297335896209596
4618.0 0.8275595996657522
4620.0 0.8246401384363751
4622.0 0.821092187556693
4624.0 0.8159267632109566
4626.0 0.811068111977632
4628.0 0.8052432075583547
4630.0 0.8001136532618596
4632.0 0.7937975578800444
4634.0 0.7873876400146177
4636.0 0.7805666509105803
4638.0 0.7745787186243884
4640.0 0.7667033059528381
4642.0 0.7591456392885166
4644.0 0.7476143933271989
4646.0 0.738921040395945
4648.0 0.7307571988594622
4650.0 0.7223815080823275
4652.0 0.7133445462920781
4654.0 0.7033765130992478
4656.0 0.6942698683106395
4658.0 0.6847732383964084
4660.0 0.6765526054399599
4662.0 0.6677760351844454
4664.0 0.6586421831292889
4666.0 0.6529042746400996
4668.0 0.6480714035418425
4670.0 0.6418558155663626
4672.0 0.6350485634519716
4674.0 0.6287393225202882
4676.0 0.62221265240905
4678.0 0.6177949592065112
4680.0 0.6142087404082203
4682.0 0.6107354327999924
4684.0 0.6081081845666553
4686.0 0.6029242612323169
4688.0 0.5986400904530014
4690.0 0.5954307041362392
4692.0 0.5911187735012163
4694.0 0.5864621859809122
4696.0 0.5828888933724562
4698.0 0.5792271453050343
4700.0 0.5754072134578326
4702.0 0.5702814248944402
4704.0 0.5654248386494228
4706.0 0.5604961232508704
4708.0 0.5553683618341445
4710.0 0.5499585744698879
4712.0 0.543166564711156
4714.0 0.5374147323716738
4716.0 0.5301672936023486
4718.0 0.5248181380386339
4720.0 0.5199276505612653
4722.0 0.5143424447533057
4724.0 0.5088997129365183
4726.0 0.5037740992972478
4728.0 0.4956007484258028
4730.0 0.4891496892476182
4732.0 0.48243578778967056
4734.0 0.47938833689389587
4736.0 0.47486419301290256
4738.0 0.4697092530554495
4740.0 0.4656169941858643
4742.0 0.46174356897167
4744.0 0.4593820290020219
4746.0 0.45706911567449987
4748.0 0.4564502164560173
4750.0 0.45439500190298016
4752.0 0.45356927631000626
4754.0 0.4518987751434804
4756.0 0.4499753861068181
4758.0 0.45014693202707723
4760.0 0.448589888201526
4762.0 0.4480249926483675
4764.0 0.44939797885259375
4766.0 0.45175666034212153
4768.0 0.45407943488668406
4770.0 0.4556475920455436
4772.0 0.45780890147013953
4774.0 0.4607060592689349
4776.0 0.46396072370126906
4778.0 0.46772474040540024
4780.0 0.4708068679706885
4782.0 0.47475965399535086
4784.0 0.4778492172674405
4786.0 0.48173896309175734
4788.0 0.48326545523835207
4790.0 0.4844549111839406
4792.0 0.4868959058617321
4794.0 0.48750585557277115
4796.0 0.4881585726578536
4798.0 0.48888984926111795
4800.0 0.4878515233449715
4802.0 0.4863784702182748
4804.0 0.48403034992832544
4806.0 0.48230800419179887
4808.0 0.48118059911054256
4810.0 0.4801118908421676
4812.0 0.4781808306730748
4814.0 0.4740536274381945
4816.0 0.4698677080953081
4818.0 0.4650360066332478
4820.0 0.460911034552892
4822.0 0.4568518486367545
4824.0 0.4545723980380281
4826.0 0.451769902148949
4828.0 0.4484233939167382
4830.0 0.4450663772915428
4832.0 0.44103126948807053
4834.0 0.43866420274789253
4836.0 0.43697553865668287
4838.0 0.4352723769144994
4840.0 0.4325418082973011
4842.0 0.429096618563689
4844.0 0.42668465351079127
4846.0 0.4249523813172694
4848.0 0.42344937306286046
4850.0 0.4214138297573881
4852.0 0.4195709513491745
4854.0 0.41879782429591467
4856.0 0.41668864522578125
4858.0 0.4156476416668562
4860.0 0.4147018577384206
4862.0 0.41517374892105036
4864.0 0.41577125844929375
4866.0 0.416202776547261
4868.0 0.416717941269025
4870.0 0.4178020782744124
4872.0 0.4207014259186559
4874.0 0.4230697025572225
4876.0 0.42641577950983467
4878.0 0.4297612826474706
4880.0 0.43304964713339167
4882.0 0.43753278619731434
4884.0 0.44299806215277204
4886.0 0.44672194772870744
4888.0 0.4511902697470354
4890.0 0.4557530976936962
4892.0 0.4616050957850526
4894.0 0.46733705377831575
4896.0 0.473165630856623
4898.0 0.47924935678110664
4900.0 0.48260060646901654
4902.0 0.48669816999056426
4904.0 0.4939384836417403
4906.0 0.5010002715559853
4908.0 0.5063546963176395
4910.0 0.5113573415984919
4912.0 0.5166847573033586
4914.0 0.522219890764792
4916.0 0.5262811202406779
4918.0 0.5303281466750589
4920.0 0.5332372262024424
4922.0 0.535424824836291
4924.0 0.5366761621093755
4926.0 0.5391585668808029
4928.0 0.5406373879841859
4930.0 0.5412819442917656
4932.0 0.5396298317129615
4934.0 0.5375499606395534
4936.0 0.5353766796186936
4938.0 0.5339933488938008
4940.0 0.5326654309546172
4942.0 0.5304683770501277
4944.0 0.5290093815800729
4946.0 0.5267092995869864
4948.0 0.5234006239152145
4950.0 0.5215072268213501
4952.0 0.5182328639568562
4954.0 0.5151284434889516
4956.0 0.5114673825747131
4958.0 0.5075711896796049
4960.0 0.5040540552861122
4962.0 0.49893499958724413
4964.0 0.4951046920989035
4966.0 0.4908013085929142
4968.0 0.48612769165963704
4970.0 0.481743219842807
4972.0 0.47796447278765486
4974.0 0.47559045779982256
4976.0 0.4713537552659608
4978.0 0.46816154156617107
4980.0 0.4647610359496032
4982.0 0.4603909573906273
4984.0 0.45747907581242875
4986.0 0.454567336688253
4988.0 0.45037587317015904
4990.0 0.44799119769605866
4992.0 0.4453410575551963
4994.0 0.44327788931084877
4996.0 0.4409920205403552
4998.0 0.4394390103463221
5000.0 0.43847685991995855
5002.0 0.4369709610623506
5004.0 0.43550465615313794
5006.0 0.4347658033452198
5008.0 0.434071172004378
5010.0 0.4340671299450692
5012.0 0.43311631010488566
5014.0 0.43271710974286237
5016.0 0.4325836108669979
5018.0 0.43196302500732386
5020.0 0.43305312157109743
5022.0 0.4337749135439009
5024.0 0.4343321735306694
5026.0 0.43348446488864245
5028.0 0.43374215661063603
5030.0 0.43497135089272826
5032.0 0.43477913067680074
5034.0 0.4343724802652026
5036.0 0.4348942171817835
5038.0 0.43525538825842663
5040.0 0.4337681550928659
5042.0 0.43390328892416796
5044.0 0.43717229269335467
5046.0 0.4391587940911455
5048.0 0.4418106839963102
5050.0 0.4439348391245873
5052.0 0.4434783227713354
5054.0 0.44421107875753296
5056.0 0.4461545714639875
5058.0 0.44849665831951435
5060.0 0.45006185786186276
5062.0 0.4517128842391257
5064.0 0.45353013384190405
5066.0 0.4567729484484567
5068.0 0.457137308825304
5070.0 0.45882063908080334
5072.0 0.45974507088571803
5074.0 0.4613849875109906
5076.0 0.46406214402486856
5078.0 0.4655153464459166
5080.0 0.46619227762179055
5082.0 0.4678360652543364
5084.0 0.46958565191497914
5086.0 0.47105682777650293
5088.0 0.4720766445501948
5090.0 0.4726686159094366
5092.0 0.47457946097061154
5094.0 0.47628804895149157
5096.0 0.4776576134558208
5098.0 0.4783992639870677
5100.0 0.47856263810177113
5102.0 0.47956762267995484
5104.0 0.48095933955824516
5106.0 0.4809355794873413
5108.0 0.48030684079238845
5110.0 0.4803253498914103
5112.0 0.481386524886769
5114.0 0.4810807592797582
5116.0 0.48115272414713733
5118.0 0.4802788440024793
5120.0 0.48027666980154915
5122.0 0.48038349076046954
5124.0 0.48098052662558755
5126.0 0.48199140523845885
5128.0 0.48343032737063046
5130.0 0.48505473073146177
5132.0 0.48570311893844276
5134.0 0.48757396466904374
5136.0 0.4878792019926993
5138.0 0.48954074065307807
5140.0 0.48884338938440336
5142.0 0.4892588780053536
5144.0 0.48940090180695206
5146.0 0.4905467553889537
5148.0 0.49134690093736666
5150.0 0.4925398205174936
5152.0 0.4928756869488145
5154.0 0.49204034855968276
5156.0 0.4939627930088749
5158.0 0.49668992403894163
5160.0 0.5001435024421554
5162.0 0.5023627939897755
5164.0 0.5052352234368043
5166.0 0.5078213413879636
5168.0 0.5103991353146176
5170.0 0.5119594052830478
5172.0 0.5147390146622212
5174.0 0.5175848302640422
5176.0 0.5209553027174774
5178.0 0.5238309166234607
5180.0 0.5266624071691729
5182.0 0.5290893387064348
5184.0 0.5311824972945179
5186.0 0.5337011707378653
5188.0 0.5363908531089774
5190.0 0.537305105677687
5192.0 0.5387236947022168
5194.0 0.5397323534153599
5196.0 0.539581546192573
5198.0 0.5422991644348237
5200.0 0.5445036661069569
5202.0 0.5453979923469754
5204.0 0.5463345752246459
5206.0 0.5475039104348698
5208.0 0.5486516245141058
5210.0 0.5488239956651048
5212.0 0.549898527611318
5214.0 0.5505066450928571
5216.0 0.5503781583378278
5218.0 0.5493757955548614
5220.0 0.5476838699997822
5222.0 0.5464583637099454
5224.0 0.545116551200653
5226.0 0.5440713890279029
5228.0 0.5415632964849753
5230.0 0.540202025481618
5232.0 0.5388660082683053
5234.0 0.536934234610584
5236.0 0.5341932956068176
5238.0 0.5291242101544181
5240.0 0.5272080934283263
5242.0 0.5240826588628872
5244.0 0.5210486410258172
5246.0 0.5181782822917398
5248.0 0.515486407826263
5250.0 0.5122273754770417
5252.0 0.5103318266778212
5254.0 0.5085149846892626
5256.0 0.5066807922945715
5258.0 0.5041351422521817
5260.0 0.5015834171034074
5262.0 0.5007987657018246
5264.0 0.5006353241847562
5266.0 0.5001048433355988
5268.0 0.500865456966331
5270.0 0.5006558940204558
5272.0 0.5003196055717255
5274.0 0.499532934242583
5276.0 0.4978391385141961
5278.0 0.4973366600454575
5280.0 0.498126833804459
5282.0 0.4992783537728667
5284.0 0.5009510875434786
5286.0 0.5020944664289362
5288.0 0.5033263732996118
5290.0 0.5045698417562252
5292.0 0.5049085181181225
5294.0 0.506410435837186
5296.0 0.5065636503157055
5298.0 0.5052243297722372
5300.0 0.5042221619430716
5302.0 0.5043038278278592
5304.0 0.5035879057454948
5306.0 0.5045692925223598
5308.0 0.5055049362143037
5310.0 0.5054649027302902
5312.0 0.5057863153763825
5314.0 0.5062481792660104
5316.0 0.507251218420704
5318.0 0.5071155595308551
5320.0 0.5071810696584719
5322.0 0.5059830344348553
5324.0 0.5062184142621454
5326.0 0.5050583355333237
5328.0 0.504505346359246
5330.0 0.5050106936820137
5332.0 0.5045718021458494
5334.0 0.5039020310908551
5336.0 0.503300076129231
5338.0 0.5031197219784468
5340.0 0.5033648773748194
5342.0 0.5032566569063012
5344.0 0.5024515150160291
5346.0 0.5037877952411399
5348.0 0.5044185015100545
5350.0 0.503659541180385
5352.0 0.5031563477270333
5354.0 0.5030070387936458
5356.0 0.5031651628869148
5358.0 0.5033491363322189
5360.0 0.5031084121203435
5362.0 0.5023867584993039
5364.0 0.5019122528944193
5366.0 0.5026867810778977
5368.0 0.5032906673673886
5370.0 0.5033379672438723
5372.0 0.5035898476177056
5374.0 0.5047559623000274
5376.0 0.5066696707943704
5378.0 0.5074903279324963
5380.0 0.5071959426223768
5382.0 0.5073614854964075
5384.0 0.5069363811277939
5386.0 0.5054892445645133
5388.0 0.5047497934650601
5390.0 0.5046371141225541
5392.0 0.5056544155330231
5394.0 0.5050738434620394
5396.0 0.5039938314602392
5398.0 0.5037962126688657
5400.0 0.50294367584174
5402.0 0.5017319321312373
5404.0 0.5011635370813602
5406.0 0.4995668601287661
5408.0 0.49792756811953354
5410.0 0.49804475359509326
5412.0 0.49595653998857725
5414.0 0.49470786901099667
5416.0 0.49390758577257654
5418.0 0.492153580532595
5420.0 0.49028643509822956
5422.0 0.4885147880637589
5424.0 0.48742476429643633
5426.0 0.4847730660993117
5428.0 0.4838892165856524
5430.0 0.4818390144162737
5432.0 0.4811080291834445
5434.0 0.4809019508965253
5436.0 0.48016834490867144
5438.0 0.47894688834835636
5440.0 0.47895566465452866
5442.0 0.4776297342232469
5444.0 0.4770428531179997
5446.0 0.4763281385384175
5448.0 0.4753357861793557
5450.0 0.4743253021713959
5452.0 0.47393877808069546
5454.0 0.47280732309031565
5456.0 0.4736937960725352
5458.0 0.475484934970353
5460.0 0.47476417056200876
5462.0 0.47497734480980763
5464.0 0.4746604557325401
5466.0 0.47474682235158067
5468.0 0.4756235943341156
5470.0 0.47667739997187974
5472.0 0.4774857646096567
5474.0 0.47938079143769396
5476.0 0.4806365027208143
5478.0 0.4818248074785591
5480.0 0.48458939088574626
5482.0 0.48661351561924837
5484.0 0.4890728588357715
5486.0 0.4917417105535408
5488.0 0.49375321673601896
5490.0 0.4963058016900044
5492.0 0.4980660055393279
5494.0 0.4995942568486565
5496.0 0.5020601824089551
5498.0 0.5042881494736234
5500.0 0.5064250199658832
5502.0 0.5076328102590022
5504.0 0.5092463575789556
5506.0 0.5097835995593691
5508.0 0.5115284210420269
5510.0 0.5132194827954508
5512.0 0.514629531994168
5514.0 0.5164654219881131
5516.0 0.5171902911729201
5518.0 0.5172824092133532
5520.0 0.5170333514483022
5522.0 0.5169640515530971
5524.0 0.5170188196034263
5526.0 0.5177418036497551
5528.0 0.5175408809753179
5530.0 0.5169456796017635
5532.0 0.517919579500482
5534.0 0.5180118076946572
5536.0 0.5166628736516126
5538.0 0.5170034671617926
5540.0 0.5157430277936809
5542.0 0.5164117518850876
5544.0 0.5166923373571112
5546.0 0.5142930272144075
5548.0 0.5123712853162021
5550.0 0.5105833699461052
5552.0 0.5086072120647143
5554.0 0.5069451852646115
5556.0 0.5043604997356053
5558.0 0.501797679582754
5560.0 0.5014141180700015
5562.0 0.5002165114471475
5564.0 0.49812090651208585
5566.0 0.49477077505174466
5568.0 0.4924565147772522
5570.0 0.49164348031994315
5572.0 0.4905759911820743
5574.0 0.48917287689150885
5576.0 0.4880087438463635
5578.0 0.4866857682719847
5580.0 0.4858462923240475
5582.0 0.48426099171313225
5584.0 0.4823070727859578
5586.0 0.4812735150307474
5588.0 0.4804918825571429
5590.0 0.4785543430758651
5592.0 0.4767368919327955
5594.0 0.47576964312454995
5596.0 0.4734075358589211
5598.0 0.4716526131143491
5600.0 0.4682367848461694
5602.0 0.46696932092965543
5604.0 0.46514446233495677
5606.0 0.4620823283355376
5608.0 0.4592401808186845
5610.0 0.45729139515712625
5612.0 0.4558294937248586
5614.0 0.4547261163146501
5616.0 0.45216410236676985
5618.0 0.44972893388280855
5620.0 0.44725458373152965
5622.0 0.44516328999500226
5624.0 0.4428059696026952
5626.0 0.4397268683530474
5628.0 0.43804632229994944
5630.0 0.4346412018446227
5632.0 0.4326867322888244
5634.0 0.4305605527482955
5636.0 0.42821030023927403
5638.0 0.42595284251248755
5640.0 0.42341116669084466
5642.0 0.41961161002429787
5644.0 0.41718211957099793
5646.0 0.415251428286112
5648.0 0.4133382400422101
5650.0 0.41180256981944263
5652.0 0.40992995261609594
5654.0 0.40734115311126
5656.0 0.40513678857630236
5658.0 0.40231819820089876
5660.0 0.40119170129665843
5662.0 0.39995407053118015
5664.0 0.39701145453448167
5666.0 0.39532519624291285
5668.0 0.39297998358105
5670.0 0.3913645777710425
5672.0 0.3896474027582963
5674.0 0.3883139963036829
5676.0 0.3861570018557956
5678.0 0.3850280451132388
5680.0 0.3841442760456118
5682.0 0.38241674870590187
5684.0 0.3806403979956475
5686.0 0.37971261731729133
5688.0 0.37805937960943453
5690.0 0.37703270024629076
5692.0 0.3746851326504975
5694.0 0.37260245746043585
5696.0 0.3717097015932285
5698.0 0.37087082905094265
5700.0 0.37017803693573875
5702.0 0.3690396092837385
5704.0 0.36932999864215527
5706.0 0.36885059342107246
5708.0 0.36791755267077253
5710.0 0.36802971304968024
5712.0 0.36792144083742134
5714.0 0.36781329203367724
5716.0 0.36723671706719957
5718.0 0.3669100727211258
5720.0 0.3654277005777194
5722.0 0.36571159194494485
5724.0 0.36609577929854203
5726.0 0.3663062953009654
5728.0 0.36760723637934567
5730.0 0.36769310245752945
5732.0 0.36693486074722187
5734.0 0.36825217754209977
5736.0 0.36894632852155396
5738.0 0.37040134893630033
5740.0 0.37178096612270567
5742.0 0.3723647033999866
5744.0 0.3745175486141238
5746.0 0.37580183921209576
5748.0 0.377627642588628
5750.0 0.3797857835893647
5752.0 0.38130573954164126
5754.0 0.38432086504898194
5756.0 0.38771903431127175
5758.0 0.39014612530368703
5760.0 0.3929271110392005
5762.0 0.3944740041347545
5764.0 0.39696400263905973
5766.0 0.4013391773720742
5768.0 0.40423547618360967
5770.0 0.4073730826461356
5772.0 0.4094264994225495
5774.0 0.4124067808814339
5776.0 0.4162022496164124
5778.0 0.4197793623516243
5780.0 0.4242892722455942
5782.0 0.42835751780175835
5784.0 0.43115528305851775
5786.0 0.4353380999810151
5788.0 0.4390817155681943
5790.0 0.4409905617973198
5792.0 0.4446609110133703
5794.0 0.44903216577285915
5796.0 0.4509584917548448
5798.0 0.45411545652478696
5800.0 0.4575270602148998
5802.0 0.46115618645124307
5804.0 0.4655355405387655
5806.0 0.4685974925689413
5808.0 0.4715416578630308
5810.0 0.47557502079080793
5812.0 0.4778108407656554
5814.0 0.48103360324366534
5816.0 0.4840882841661604
5818.0 0.4878530758243154
5820.0 0.49152365448087415
5822.0 0.4931574044516544
5824.0 0.49666420982099774
5826.0 0.5003698192697772
5828.0 0.5011519314614571
5830.0 0.5041839448966386
5832.0 0.5058107146783714
5834.0 0.5071167523870604
5836.0 0.5083579971925691
5838.0 0.5100591491325154
5840.0 0.5114475664344712
5842.0 0.5121553755723737
5844.0 0.5118564069210495
5846.0 0.5123072996563861
5848.0 0.5125679542293524
5850.0 0.5116153176426789
5852.0 0.5102659433663077
5854.0 0.5098068188061148
5856.0 0.5100563009768656
5858.0 0.5095254985309179
5860.0 0.5086083745955046
5862.0 0.5079216216910931
5864.0 0.5082045537121489
5866.0 0.5093302356999867
5868.0 0.5075180255311548
5870.0 0.5081829698240972
5872.0 0.5077585970417219
5874.0 0.5066320684752391
5876.0 0.5053009867648528
5878.0 0.5043524693824996
5880.0 0.5033206337026808
5882.0 0.5006002678221959
5884.0 0.49988732089247145
5886.0 0.49904699260675867
5888.0 0.49658110053575233
5890.0 0.49516457920606277
5892.0 0.4941525777899496
5894.0 0.4922573355061532
5896.0 0.49091623717317373
5898.0 0.4895217366273807
5900.0 0.4879602534910461
5902.0 0.48541324367654265
5904.0 0.48399088225924525
5906.0 0.4833872197604567
5908.0 0.4823138298797384
5910.0 0.4798671522997814
5912.0 0.4773948290332558
5914.0 0.47574341359089745
5916.0 0.4737511887697446
5918.0 0.4720230977537504
5920.0 0.46932011483414604
5922.0 0.4665582134255296
5924.0 0.464810986373472
5926.0 0.46224610213737044
5928.0 0.45896934619807644
5930.0 0.4557165742879763
5932.0 0.45292820262340233
5934.0 0.4505751034739347
5936.0 0.4486830373987066
5938.0 0.4460280242882369
5940.0 0.4442392818328871
5942.0 0.44159528500320966
5944.0 0.4381324240401413
5946.0 0.4346750836387819
5948.0 0.4313520463431521
5950.0 0.42827761277048226
5952.0 0.42528864415018175
5954.0 0.4215838856440513
5956.0 0.41928303178833304
5958.0 0.4172108119019467
5960.0 0.41376053407927854
5962.0 0.4109346322927292
5964.0 0.40897847991035763
5966.0 0.4062683044303977
5968.0 0.405209257436522
5970.0 0.40395787787920656
5972.0 0.40195240731634824
5974.0 0.4002698934600022
5976.0 0.39817697073393277
5978.0 0.39588413328101096
5980.0 0.39370079370329736
5982.0 0.3917447826788857
5984.0 0.39012715479087035
5986.0 0.38892524496685377
5988.0 0.38662614862127226
5990.0 0.3850159642863682
5992.0 0.3830071183939845
5994.0 0.3821177958541068
5996.0 0.38113731752576063
5998.0 0.37816532771916406
6000.0 0.3760116422600292
6002.0 0.3749476295526166
6004.0 0.37304334155585345
6006.0 0.3716490814438134
6008.0 0.3702709952606663
6010.0 0.3687525897020236
6012.0 0.36757714665415114
6014.0 0.36654784794587225
6016.0 0.36452267725926196
6018.0 0.36274116552109986
6020.0 0.3608618616518562
6022.0 0.35908336354788883
6024.0 0.3584631318159495
6026.0 0.35700254017693106
6028.0 0.35603303389081914
6030.0 0.3550153902567345
6032.0 0.3537152759365566
6034.0 0.35211941913796463
6036.0 0.3495348277407116
6038.0 0.3469715203770502
6040.0 0.3445433440160833
6042.0 0.34344595925533594
6044.0 0.3422978438312511
6046.0 0.33982123598838426
6048.0 0.33791603368397116
6050.0 0.3359350709707401
6052.0 0.3342698934478026
6054.0 0.33248994913745517
6056.0 0.3305769082902638
6058.0 0.32748543595216123
6060.0 0.32453137902855317
6062.0 0.32152674052108005
6064.0 0.31852147249176005
6066.0 0.31443922281879966
6068.0 0.3108516110191729
6070.0 0.30666134982831234
6072.0 0.3032232683404832
6074.0 0.2994845977421604
6076.0 0.29529042056623045
6078.0 0.29182089762310076
6080.0 0.2874602936733911
6082.0 0.28302526668550193
6084.0 0.2787946662500717
6086.0 0.27388435648081927
6088.0 0.26861538774515487
6090.0 0.26429998560150497
6092.0 0.2591372516793064
6094.0 0.25409516694441064
6096.0 0.2503329740821958
6098.0 0.24530072677667783
6100.0 0.24110830106420184
6102.0 0.23738067821453618
6104.0 0.23355294956438002
6106.0 0.2302489648415299
6108.0 0.22646651131277945
6110.0 0.22379121150672446
6112.0 0.22161557395084155
6114.0 0.21952945800089124
6116.0 0.21705466555843855
6118.0 0.2149939606246988
6120.0 0.21329449567726513
6122.0 0.2111390259013777
6124.0 0.20931324642386004
6126.0 0.20791657130430657
6128.0 0.20653415921431129
6130.0 0.2055050489277336
6132.0 0.20499322241396803
6134.0 0.2045755631593036
6136.0 0.20354664549334378
6138.0 0.2035084863917522
6140.0 0.20389698572102283
6142.0 0.20376695000734316
6144.0 0.20404712380694368
6146.0 0.20480896568967732
6148.0 0.20491147135866508
6150.0 0.2060826440599005
6152.0 0.20658086870724157
6154.0 0.2078955934097275
6156.0 0.20892373743500822
6158.0 0.21085582262005248
6160.0 0.2120248567302952
6162.0 0.21483353483807313
6164.0 0.2170772707227542
6166.0 0.21829299196744575
6168.0 0.220664559901213
6170.0 0.2229119043498131
6172.0 0.22627464496266153
6174.0 0.22898045068851566
6176.0 0.23226000230444901
6178.0 0.23523617937099417
6180.0 0.23996203808601874
6182.0 0.24402834150968858
6184.0 0.24845281934840477
6186.0 0.2537518377523263
6188.0 0.25834589357277565
6190.0 0.26224714002282207
6192.0 0.2662123181231752
6194.0 0.27043512256346547
6196.0 0.2735217111837506
6198.0 0.27805076356942354
6200.0 0.28112827820032416
6202.0 0.28431349908896364
6204.0 0.28655598250572256
6206.0 0.28930544041070383
6208.0 0.293564007647159
6210.0 0.29599856213652903
6212.0 0.2980464007687438
6214.0 0.30105941151222876
6216.0 0.3037240462474173
6218.0 0.30495591531232513
6220.0 0.30654940497199895
6222.0 0.30799606049710704
6224.0 0.3094805753020526
6226.0 0.3109304722181049
6228.0 0.3121108739573621
6230.0 0.3137068744751955
6232.0 0.3140200124444169
6234.0 0.3144056416579415
6236.0 0.3141196613646041
6238.0 0.31399016299750343
6240.0 0.31421159189930004
6242.0 0.31532169575120905
6244.0 0.3162577692593469
6246.0 0.317656599691345
6248.0 0.31830959373291856
6250.0 0.3187305870157252
6252.0 0.31924836916283433
6254.0 0.3207299267255893
6256.0 0.3226560642595499
6258.0 0.32249636431491097
6260.0 0.3217251320060556
6262.0 0.32285926753505184
6264.0 0.3249391042470843
6266.0 0.32548726340279044
6268.0 0.32614742274311853
6270.0 0.32741640493290075
6272.0 0.32924180767887884
6274.0 0.3298798562439712
6276.0 0.3311353490659969
6278.0 0.33228882986345465
6280.0 0.33225518584024205
6282.0 0.3333552145659955
6284.0 0.3353920406837669
6286.0 0.3362160197786261
6288.0 0.3364314422042124
6290.0 0.3371695151189012
6292.0 0.33806185527858074
6294.0 0.33894789343662485
6296.0 0.33960208846572654
6298.0 0.33881387682854486
6300.0 0.3388980570567691
6302.0 0.3395084538100872
6304.0 0.3399375988898114
6306.0 0.3397693013574752
6308.0 0.34029599274183997
6310.0 0.3407392749429088
6312.0 0.3406360842435624
6314.0 0.34117217127486227
6316.0 0.34209155952299164
6318.0 0.34316109779958165
6320.0 0.3441078246338264
6322.0 0.3447802356394832
6324.0 0.345471173717889
6326.0 0.3463612075113105
6328.0 0.34705220356882854
6330.0 0.3476965335796203
6332.0 0.3492172348483385
6334.0 0.3499134168229161
6336.0 0.34999341117755395
6338.0 0.35036997809050024
6340.0 0.3509543617337186
6342.0 0.35178169903502127
6344.0 0.35343728016979814
6346.0 0.3548284278458394
6348.0 0.35645234103558743
6350.0 0.3575809955209279
6352.0 0.35814774166503965
6354.0 0.35940000507591013
6356.0 0.3599000639373656
6358.0 0.36019308811815964
6360.0 0.3605530415271443
6362.0 0.36180532426600803
6364.0 0.3619824231413811
6366.0 0.36351647267931764
6368.0 0.36402592098710007
6370.0 0.3639035790034756
6372.0 0.3648622686416316
6374.0 0.36623284461203753
6376.0 0.366662890594551
6378.0 0.366590084539806
6380.0 0.36718533959405614
6382.0 0.36801875135110534
6384.0 0.36850141111660883
6386.0 0.3694030008201086
6388.0 0.3692863382802338
6390.0 0.3693557097067283
6392.0 0.37061739832536555
6394.0 0.3718233042266393
6396.0 0.37282118424418564
6398.0 0.37296038468082965
6400.0 0.37349784594891156
6402.0 0.373013470137858
6404.0 0.3727610291126243
6406.0 0.37379805760606666
6408.0 0.37406950018466434
6410.0 0.3752449586896719
6412.0 0.3758673750835062
6414.0 0.3755356108801104
6416.0 0.3755209042960904
6418.0 0.3750775794649799
6420.0 0.37606099543169336
6422.0 0.37665689594488905
6424.0 0.37634752035845476
6426.0 0.3768971860976917
6428.0 0.3774575634823969
6430.0 0.3770438881080175
6432.0 0.3761733708339611
6434.0 0.3762669381222518
6436.0 0.376242849610199
6438.0 0.37678800769462173
6440.0 0.3774798516005098
6442.0 0.37767754357218475
6444.0 0.378798308038653
6446.0 0.3794177369869113
6448.0 0.37906676171049747
6450.0 0.37896957240542595
6452.0 0.37955939113443
6454.0 0.3801945911060067
6456.0 0.380902128139312
6458.0 0.38201910359751323
6460.0 0.38270822106059793
6462.0 0.3821789808350693
6464.0 0.3831834541156828
6466.0 0.3832754283823768
6468.0 0.38285730929042006
6470.0 0.381826841618102
6472.0 0.38081831743956407
6474.0 0.38000869607687415
6476.0 0.37998831967947794
6478.0 0.3804939056244062
6480.0 0.3807017849994919
6482.0 0.3808045111052432
6484.0 0.38158310674094126
6486.0 0.3812636950169576
6488.0 0.380950295688104
6490.0 0.38106737948459607
6492.0 0.38042448292670794
6494.0 0.3797421667956252
6496.0 0.37997289815549984
6498.0 0.37905748952226254
6500.0 0.37912813527645184
6502.0 0.3784999622723507
6504.0 0.37733188941266826
6506.0 0.37633088410047427
6508.0 0.37603149043743533
6510.0 0.3747135217062227
6512.0 0.37437195813519014
6514.0 0.3732705315085138
6516.0 0.37245810972051707
6518.0 0.37184766651566425
6520.0 0.3720332321059243
6522.0 0.37107410187335943
6524.0 0.3711124418908886
6526.0 0.37001564162713835
6528.0 0.36896251360560267
6530.0 0.3674812060322313
6532.0 0.3655079983004083
6534.0 0.3645726611955874
6536.0 0.3636909697336875
6538.0 0.36192286564879456
6540.0 0.3601640563882828
6542.0 0.35887947732753495
6544.0 0.3578384846723916
6546.0 0.35650447571202093
6548.0 0.35550585639192994
6550.0 0.3535272698646063
6552.0 0.3510784312112762
6554.0 0.3498707908550238
6556.0 0.34795770896002953
6558.0 0.34666777523929093
6560.0 0.34602232760943213
6562.0 0.3432780463004501
6564.0 0.341141559838265
6566.0 0.3388984392793731
6568.0 0.3374401686975135
6570.0 0.33513627634425663
6572.0 0.3339686533946177
6574.0 0.33204677679718475
6576.0 0.33095579844979445
6578.0 0.32971970225072006
6580.0 0.32752937200957016
6582.0 0.3262027689923513
6584.0 0.322961803403473
6586.0 0.31997451395776383
6588.0 0.3191771977938463
6590.0 0.3174752796799033
6592.0 0.3151763386340383
6594.0 0.3128687560237884
6596.0 0.3108573731305495
6598.0 0.30947361482067387
6600.0 0.30814959781732076
6602.0 0.30592755226332663
6604.0 0.3032828236141035
6606.0 0.3013131110132077
6608.0 0.2984101101936786
6610.0 0.2960456834671862
6612.0 0.2942027091691075
6614.0 0.29188871188738275
6616.0 0.28940800272503675
6618.0 0.2871828183601458
6620.0 0.28525843813151724
6622.0 0.283660549860272
6624.0 0.282820550050763
6626.0 0.2804369812855812
6628.0 0.27902155918539207
6630.0 0.27664924486196496
6632.0 0.2748666917004625
6634.0 0.2729118577812379
6636.0 0.2713839628421459
6638.0 0.2696936083217772
6640.0 0.26753972735556636
6642.0 0.2655745867095407
6644.0 0.2635988979880268
6646.0 0.2617555932486834
6648.0 0.26002959616243526
6650.0 0.25925038819351875
6652.0 0.257211193161284
6654.0 0.2557756519467543
6656.0 0.25374952079093116
6658.0 0.2517807123247498
6660.0 0.2501622992067202
6662.0 0.2487644869419203
6664.0 0.24724424766348288
6666.0 0.24582395392248965
6668.0 0.2443064871655964
6670.0 0.24251795796466089
6672.0 0.24115175513434559
6674.0 0.24019292172742793
6676.0 0.23907082029207047
6678.0 0.23794203558676133
6680.0 0.23725193136030948
6682.0 0.23523735629715492
6684.0 0.233309737962388
6686.0 0.2314683343562466
6688.0 0.23091169515304258
6690.0 0.2299889066679146
6692.0 0.2286615592214915
6694.0 0.22833118125813548
6696.0 0.22654923133261914
6698.0 0.22478231962391793
6700.0 0.22454553050643858
6702.0 0.2231089847667483
6704.0 0.2218476959025639
6706.0 0.2205007830956116
6708.0 0.2198834635888189
6710.0 0.21926043427088657
6712.0 0.21834842214128422
6714.0 0.21759593403238872
6716.0 0.21662415183041056
6718.0 0.21508815262779288
6720.0 0.21383342322675408
6722.0 0.2130451945538636
6724.0 0.21248391736193287
6726.0 0.21254563997950554
6728.0 0.21151634380090759
6730.0 0.21086077585767135
6732.0 0.21021565588014224
6734.0 0.2097537760971941
6736.0 0.2086436712244165
6738.0 0.2074670217320626
6740.0 0.20712909360666193
6742.0 0.20656708717357805
6744.0 0.20582426563642628
6746.0 0.20547814354249935
6748.0 0.20471933912018211
6750.0 0.2038878974379325
6752.0 0.20373505630467562
6754.0 0.20339930211801713
6756.0 0.20266534837978717
6758.0 0.20224732302784654
6760.0 0.2019265467636476
6762.0 0.20132246746344437
6764.0 0.2002973979636117
6766.0 0.20011492875463227
6768.0 0.1996104508809585
6770.0 0.19952816034403384
6772.0 0.19838347162300793
6774.0 0.19839162758170006
6776.0 0.19865791252885667
6778.0 0.1984821925544033
6780.0 0.19824498006974578
6782.0 0.19785724800101914
6784.0 0.19754435740045545
6786.0 0.19747270533576267
6788.0 0.1958651225276567
6790.0 0.19506491421808667
6792.0 0.19500860360837205
6794.0 0.19526061265825595
6796.0 0.19481847069874414
6798.0 0.1947726698647604
6800.0 0.19457753023182103
6802.0 0.19368239467111986
6804.0 0.19315455249296504
6806.0 0.19341617591833316
6808.0 0.19332677213505944
6810.0 0.19284464090983786
6812.0 0.1926089842629758
6814.0 0.1922089489457616
6816.0 0.19136134714816955
6818.0 0.19148037877130658
6820.0 0.19078170261491154
6822.0 0.1897614271688646
6824.0 0.1883612990428613
6826.0 0.186535577235935
6828.0 0.1867265310266664
6830.0 0.18698284919040953
6832.0 0.1867528494222563
6834.0 0.18714704982159006
6836.0 0.1871917612387891
6838.0 0.18763201262633572
6840.0 0.18769676148080477
6842.0 0.1876473581124968
6844.0 0.18723402800372752
6846.0 0.1860489291878513
6848.0 0.1857050654860649
6850.0 0.18606007772649358
6852.0 0.18668885216377434
6854.0 0.18619652693389596
6856.0 0.18655384302934588
6858.0 0.18630556264293183
6860.0 0.18597860213000875
6862.0 0.18591564647223396
6864.0 0.18541576505180477
6866.0 0.18624966876696777
6868.0 0.1862169361480495
6870.0 0.18556681710566864
6872.0 0.18515642633679194
6874.0 0.18618963490903692
6876.0 0.18658931504147364
6878.0 0.18694317019596712
6880.0 0.18723321553061187
6882.0 0.18618642635008945
6884.0 0.1855812255737904
6886.0 0.18491358507145697
6888.0 0.18542309925174377
6890.0 0.18597316552575446
6892.0 0.18495497263484256
6894.0 0.1849807599542613
6896.0 0.18494826696396394
6898.0 0.18499318408668175
6900.0 0.18448120640790217
6902.0 0.18500845212041242
6904.0 0.1846803000931223
6906.0 0.18432714501223765
6908.0 0.1844302826908308
6910.0 0.18417468920435967
6912.0 0.18447438920494072
6914.0 0.18509717293309355
6916.0 0.1855613943279819
6918.0 0.1854031049919875
6920.0 0.18567125304581086
6922.0 0.1866736924991934
6924.0 0.18743658837503663
6926.0 0.1876466943774212
6928.0 0.18759775491574468
6930.0 0.18750389412614915
6932.0 0.18707332332068552
6934.0 0.18587799414620665
6936.0 0.18504146589870024
6938.0 0.1846505265506311
6940.0 0.18414587552327505
6942.0 0.18388016829737278
6944.0 0.18344479514206555
6946.0 0.18229614968035124
6948.0 0.18170564928374044
6950.0 0.18148444014402038
6952.0 0.18091045899109748
6954.0 0.18079392481213422
6956.0 0.181040254023802
6958.0 0.18051613451657003
6960.0 0.18082978952355971
6962.0 0.1804123695143317
6964.0 0.18053786374460115
6966.0 0.18011076950298577
6968.0 0.17989854008173511
6970.0 0.17921087290204404
6972.0 0.17850549800092994
6974.0 0.17815101374162565
6976.0 0.1779187241525094
6978.0 0.17759057804353753
6980.0 0.17711018606936582
6982.0 0.1775693818926401
6984.0 0.17772679844654435
6986.0 0.1773263794250857
6988.0 0.17769879650197318
6990.0 0.177291684758747
6992.0 0.17673787107651776
6994.0 0.17665889070440557
6996.0 0.17612561880383398
6998.0 0.17642946834309586
7000.0 0.17593334608932976
7002.0 0.17483009744502165
7004.0 0.17468682141411265
7006.0 0.1742356679761746
7008.0 0.17368337199452155
7010.0 0.17367430595930156
7012.0 0.17365369102921352
7014.0 0.1732149134757526
7016.0 0.17370394899524
7018.0 0.1732630988948941
7020.0 0.17302468171982285
7022.0 0.17321042691839025
7024.0 0.17351958420116823
7026.0 0.17338972580700762
7028.0 0.17284286227148912
7030.0 0.17252117951158832
7032.0 0.17143299559261035
7034.0 0.1718472589420291
7036.0 0.1717644341410689
7038.0 0.17165627501441064
7040.0 0.17255253481270588
7042.0 0.17285419380765554
7044.0 0.17323689787315216
7046.0 0.1732676475406671
7048.0 0.17285252378638744
7050.0 0.17241964217315917
7052.0 0.17266755308157844
7054.0 0.17220509347378804
7056.0 0.1724040733267123
7058.0 0.17209809510020463
7060.0 0.1717681502005816
7062.0 0.17134401220476336
7064.0 0.17205871514804677
7066.0 0.1733535645734937
7068.0 0.1733184848708569
7070.0 0.1731746888657635
7072.0 0.17288600911321966
7074.0 0.17338406300133333
7076.0 0.17350819992581126
7078.0 0.17336051355269314
7080.0 0.1722589068164906
7082.0 0.17225087730766098
7084.0 0.17247667092574182
7086.0 0.17355678902589933
7088.0 0.17463214324802195
7090.0 0.1750198313793073
7092.0 0.17462574463774658
7094.0 0.174664893899907
7096.0 0.17422440398425662
7098.0 0.17547931358201688
7100.0 0.1754130399151486
7102.0 0.17462760851101392
7104.0 0.1754449957555653
7106.0 0.17563020795741308
7108.0 0.17569666756149802
7110.0 0.17612984144604726
7112.0 0.17631211228290813
7114.0 0.17655575472945315
7116.0 0.1770329922656798
7118.0 0.17636447751226714
7120.0 0.17637098171592916
7122.0 0.1765256816541247
7124.0 0.17634449724836432
7126.0 0.17579622283268584
7128.0 0.17574257833554807
7130.0 0.1755910591905055
7132.0 0.17621092903351102
7134.0 0.17695902790774812
7136.0 0.17772370478950342
7138.0 0.17737594631945908
7140.0 0.17733399643881326
7142.0 0.17743964628295647
7144.0 0.1767967957923233
7146.0 0.17631452807300457
7148.0 0.17636973390853417
7150.0 0.1767108188522387
7152.0 0.1767280615434458
7154.0 0.17676277720151845
7156.0 0.17765689223537953
7158.0 0.17859050107620533
7160.0 0.17943919843277595
7162.0 0.18062391498412697
7164.0 0.18202288557589694
7166.0 0.18205732660432727
7168.0 0.18215659470074524
7170.0 0.1830857587939981
7172.0 0.18265897907559453
7174.0 0.1831534096781771
7176.0 0.18369748380684303
7178.0 0.18369251737909806
7180.0 0.1829464589516898
7182.0 0.18294535038406262
7184.0 0.18263963073055178
7186.0 0.18078541650665406
7188.0 0.18057553051711558
7190.0 0.18123313200377228
7192.0 0.18181194601646755
7194.0 0.1811191318492273
7196.0 0.1813699422588056
7198.0 0.1808621324075706
7200.0 0.17979242801759687
7202.0 0.17854741552440903
7204.0 0.17938035233561211
7206.0 0.18096370992519925
7208.0 0.18073751572488098
7210.0 0.18062683078681704
7212.0 0.18167592580066783
7214.0 0.18128403019361525
7216.0 0.18158938838261535
7218.0 0.18200726685890187
7220.0 0.1815898321163382
7222.0 0.1818583344704753
7224.0 0.18199562994362944
7226.0 0.18174503200547762
7228.0 0.1813912639371726
7230.0 0.18118961376351106
7232.0 0.18069198960461
7234.0 0.1813906802708779
7236.0 0.1814035877153484
7238.0 0.18229612272506618
7240.0 0.18192998329977422
7242.0 0.18106062445946716
7244.0 0.18104401132017048
7246.0 0.1812023538806046
7248.0 0.18139537506041858
7250.0 0.18144051078710224
7252.0 0.18130394958638107
7254.0 0.1821684308395309
7256.0 0.18119438241845975
7258.0 0.18088937812792666
7260.0 0.1808407041309518
7262.0 0.18090843216344082
7264.0 0.1795223433913937
7266.0 0.18111090470637764
7268.0 0.18241675081229883
7270.0 0.18073707544676212
7272.0 0.17910614119646087
7274.0 0.17902549325984893
7276.0 0.17875560175556113
7278.0 0.17841344250867466
7280.0 0.17885314126393512
7282.0 0.17798854964766858
7284.0 0.17736930683163027
7286.0 0.1774084717212859
7288.0 0.1768453442193813
7290.0 0.1770187603073959
7292.0 0.17700334888956148
7294.0 0.1752631611536697
7296.0 0.17569796607390345
7298.0 0.1750139961416014
7300.0 0.1735594883500294
7302.0 0.1736044447333102
7304.0 0.17298585298888425
7306.0 0.17298238406455002
7308.0 0.17314786343346514
7310.0 0.1732801495547772
7312.0 0.17336544199125636
7314.0 0.17245995754089538
7316.0 0.17171564942704629
7318.0 0.17174864208838844
7320.0 0.1726902675152179
7322.0 0.17283190499368692
7324.0 0.17222275858753255
7326.0 0.1712296213172968
7328.0 0.17080403659542331
7330.0 0.17074090116569227
7332.0 0.17041378864949477
7334.0 0.16914940400468423
7336.0 0.16877873442196437
7338.0 0.169293069693263
7340.0 0.16890007967574264
7342.0 0.16913252203130094
7344.0 0.16929004186519334
7346.0 0.16863349313435488
7348.0 0.1685555414371849
7350.0 0.16878208263157995
7352.0 0.16946517353264756
7354.0 0.1701254740111282
7356.0 0.16999178893030856
7358.0 0.16942745645262233
7360.0 0.16980048255496852
7362.0 0.1697808548650415
7364.0 0.1692937755377523
7366.0 0.16932025970215905
7368.0 0.16942103228695482
7370.0 0.16919648786158664
7372.0 0.16949680115346144
7374.0 0.1696752693088483
7376.0 0.1703701325482237
7378.0 0.17007930572360397
7380.0 0.17028633029787713
7382.0 0.17027053803813152
7384.0 0.1707493071411102
7386.0 0.17162931092307152
7388.0 0.17136984261265736
7390.0 0.17094949662027228
7392.0 0.17187954916066264
7394.0 0.17185476834632038
7396.0 0.17173855939710062
7398.0 0.17217378416584717
7400.0 0.17167197876278917
7402.0 0.17161561115255325
7404.0 0.17222028184124855
7406.0 0.17165425915313517
7408.0 0.17070956142435306
7410.0 0.1703316525759846
7412.0 0.1703039542950122
7414.0 0.1708506020869172
7416.0 0.17149196505605319
7418.0 0.17129158430170383
7420.0 0.17081182853281585
7422.0 0.17068434939426108
7424.0 0.16983939712240798
7426.0 0.16971424289979908
7428.0 0.169710098223514
7430.0 0.1686219824147983
7432.0 0.16878076663605066
7434.0 0.1688161269460462
7436.0 0.16872722031319803
7438.0 0.1687505784560529
7440.0 0.1677149301711454
7442.0 0.166490566335964
7444.0 0.16505727626176134
7446.0 0.16421345201739027
7448.0 0.16397354718469484
7450.0 0.16261315810332097
7452.0 0.16080770426312532
7454.0 0.1598089278176413
7456.0 0.15886488521825698
7458.0 0.15787726840604827
7460.0 0.15736845119203305
7462.0 0.15740718449656163
7464.0 0.1564173528229788
7466.0 0.15483635650243446
7468.0 0.15422690091574018
7470.0 0.15256936419942127
7472.0 0.15122998560424117
7474.0 0.15092366834368712
7476.0 0.15047828534805044
7478.0 0.14994075955214492
7480.0 0.14821994473869596
7482.0 0.14776579070628135
7484.0 0.1472890146438259
7486.0 0.1470199429707326
7488.0 0.14605207278700796
7490.0 0.14655032542473306
7492.0 0.14745280148852594
7494.0 0.14639451117718819
7496.0 0.14621095810598664
7498.0 0.1459188107576966
7500.0 0.14548309107247917
7502.0 0.1455770419256986
7504.0 0.14529401116828855
7506.0 0.14486670237800425
7508.0 0.1448247659877928
7510.0 0.14479366060811388
7512.0 0.1448333942152462
7514.0 0.14469865245244162
7516.0 0.1444007667549919
7518.0 0.14386370390339365
7520.0 0.1435761321681317
7522.0 0.14309774527137417
7524.0 0.14311250621277125
7526.0 0.14322911872018163
7528.0 0.14299264414435048
7530.0 0.14289428814433913
7532.0 0.14286589800380353
7534.0 0.142627959146944
7536.0 0.14236910019373558
7538.0 0.14188768727123338
7540.0 0.14181249325270567
7542.0 0.14120128729758172
7544.0 0.1408545436759236
7546.0 0.14077540412368564
7548.0 0.14083337721277708
7550.0 0.1412923706328183
7552.0 0.1418218543553496
7554.0 0.1418436988426039
7556.0 0.14229081908640898
7558.0 0.14165467523944947
7560.0 0.14126391569929747
7562.0 0.14043115719505003
7564.0 0.13990543864252916
7566.0 0.1393436057843088
7568.0 0.1393646289712993
7570.0 0.13963058279050933
7572.0 0.13924122038165881
7574.0 0.13918921788539296
7576.0 0.13961749986973415
7578.0 0.13920105407171746
7580.0 0.13863863125615256
7582.0 0.13945589269020534
7584.0 0.14025269310690994
7586.0 0.14185166978390862
7588.0 0.14253487073029644
7590.0 0.14226144150607284
7592.0 0.14262338610847797
7594.0 0.14324359633474515
7596.0 0.14401578056268585
7598.0 0.14470673092727093
7600.0 0.14481170792332546
7602.0 0.14507118702992342
7604.0 0.14580322545052452
7606.0 0.14666668708780828
7608.0 0.14701100921050964
7610.0 0.1478928097814475
7612.0 0.149138909356319
7614.0 0.14977904348666596
7616.0 0.15006099103717402
7618.0 0.1505252070559052
7620.0 0.15089082747868154
7622.0 0.15141806166758717
7624.0 0.1522067067234254
7626.0 0.15352365927417358
7628.0 0.1543463217504547
7630.0 0.1547339399811966
7632.0 0.15510506502290936
7634.0 0.1554776009939794
7636.0 0.15486142189558666
7638.0 0.15440824682238746
7640.0 0.15408609309378374
7642.0 0.15416523761307674
7644.0 0.15466830729760903
7646.0 0.1550490371526575
7648.0 0.1556346596967362
7650.0 0.15623822152439595
7652.0 0.15604866473060552
7654.0 0.15587406519967753
7656.0 0.15583725280132668
7658.0 0.15645795658655584
7660.0 0.15677593237246804
7662.0 0.1572102228332266
7664.0 0.157272287817667
7666.0 0.15754336560598203
7668.0 0.15771368390045026
7670.0 0.15804187002086467
7672.0 0.15781636965555293
7674.0 0.15799587818080388
7676.0 0.1574538795771853
7678.0 0.15715231789891657
7680.0 0.15694194239472403
7682.0 0.15776846906397532
7684.0 0.15869889815496374
7686.0 0.15950688131084456
7688.0 0.15949819904336512
7690.0 0.15976517678654023
7692.0 0.16014218205195316
7694.0 0.16058691646584247
7696.0 0.16091408657709425
7698.0 0.16112513968299713
7700.0 0.16124069605104713
7702.0 0.16114382859582102
7704.0 0.1611528608714903
7706.0 0.16111022700102406
7708.0 0.16096498607552648
7710.0 0.16112299363096916
7712.0 0.16104339543705523
7714.0 0.160673148592164
7716.0 0.16090791549022684
7718.0 0.16099312031016194
7720.0 0.16119418442447006
7722.0 0.16122190022717134
7724.0 0.1609445083618908
7726.0 0.1609803632362722
7728.0 0.1610331328840499
7730.0 0.16130657648328164
7732.0 0.16189782393836175
7734.0 0.16219060788436493
7736.0 0.16232381819018932
7738.0 0.1623291517861169
7740.0 0.16229070626192932
7742.0 0.16223583343422363
7744.0 0.1621770358986753
7746.0 0.161984104813234
7748.0 0.1620546662194337
7750.0 0.16213803429706716
7752.0 0.16227630020655193
7754.0 0.16229572861412897
7756.0 0.16192574589628192
7758.0 0.16135436368147035
7760.0 0.16099148505649336
7762.0 0.1609575382168319
7764.0 0.16100099807061827
7766.0 0.16080571737908422
7768.0 0.16064558844500787
7770.0 0.16039383580353922
7772.0 0.160194067528639
7774.0 0.1598875964187417
7776.0 0.15973318366851785
7778.0 0.15960615876797724
7780.0 0.1594503912537696
7782.0 0.1592032654054708
7784.0 0.15916496883723583
7786.0 0.15892906336870255
7788.0 0.1586942816329402
7790.0 0.15857476611285268
7792.0 0.15825950163002592
7794.0 0.15808380246943696
7796.0 0.15807706386479664
7798.0 0.15792110329169184
7800.0 0.15743258108564168
7802.0 0.15711550743576205
7804.0 0.15697616586031293
7806.0 0.15715152050285042
7808.0 0.1573882507730715
7810.0 0.15697181840913252
7812.0 0.15597399994028913
7814.0 0.15541858947745732
7816.0 0.15500541130813544
7818.0 0.15500828296437505
7820.0 0.1547451538185298
7822.0 0.15455586955136527
7824.0 0.15498768948942893
7826.0 0.15474111084436815
7828.0 0.15414761793396517
7830.0 0.15361398572880985
7832.0 0.15338337759114884
7834.0 0.15336205885702267
7836.0 0.15307311416048727
7838.0 0.15271301608358706
7840.0 0.15237261782858288
7842.0 0.15184565316013734
7844.0 0.15123663853235
7846.0 0.15044014704842076
7848.0 0.14980498382363325
7850.0 0.1494066227307981
7852.0 0.14918964047294367
7854.0 0.14915830415850106
7856.0 0.14854946960753795
7858.0 0.148236282215473
7860.0 0.1482251837479144
7862.0 0.14827674543694672
7864.0 0.14774705276714512
7866.0 0.14739327201623809
7868.0 0.14705336668663946
7870.0 0.14714288061611103
7872.0 0.14696730053454393
7874.0 0.14632798778531786
7876.0 0.145980537383837
7878.0 0.1451967273376913
7880.0 0.14490339055336227
7882.0 0.14445398483488153
7884.0 0.1440784580205864
7886.0 0.14356208645063404
7888.0 0.1432872014356757
7890.0 0.14340015516071622
7892.0 0.14348654919576398
7894.0 0.1435007729815903
7896.0 0.14297225033977382
7898.0 0.14254399924586517
7900.0 0.14200232509528296
7902.0 0.14178157416346673
7904.0 0.14129106768251018
7906.0 0.14078205809383998
7908.0 0.13980878874361416
7910.0 0.1394502820492667
7912.0 0.1391528883061748
7914.0 0.139062790535124
7916.0 0.13890131902011624
7918.0 0.13845907365086668
7920.0 0.13806912778263888
7922.0 0.13759007190399344
7924.0 0.13731256438556355
7926.0 0.13700706809274185
7928.0 0.13682583080404723
7930.0 0.1367734274194821
7932.0 0.1367459398002802
7934.0 0.13630750787557613
7936.0 0.13627505524676659
7938.0 0.13622107928872743
7940.0 0.13587068337072256
7942.0 0.13551423716705974
7944.0 0.13543653867060793
7946.0 0.13548409907205766
7948.0 0.13509519977020817
7950.0 0.1348571746539901
7952.0 0.13452307431989508
7954.0 0.13403431085227063
7956.0 0.13374561567939028
7958.0 0.13381590918212222
7960.0 0.13414006079256258
7962.0 0.13381263568270313
7964.0 0.13352227722956228
7966.0 0.13323398361611358
7968.0 0.13328219318927043
7970.0 0.1331993216731707
7972.0 0.1331325778942847
7974.0 0.13343399681291607
7976.0 0.1336137794438702
7978.0 0.13411295668492057
7980.0 0.13400752681862121
7982.0 0.1336111614812584
7984.0 0.1333206087599184
7986.0 0.13310058344769846
7988.0 0.13277840197407267
7990.0 0.13232474592246704
7992.0 0.13205533091352353
7994.0 0.13199100626755758
7996.0 0.13207435089130987
7998.0 0.1323918161741964
8000.0 0.131980373771635
8002.0 0.13162293795572458
8004.0 0.1315758920146451
8006.0 0.13150792548635923
8008.0 0.1314100243089056
8010.0 0.13153973656367143
8012.0 0.13122973820513
8014.0 0.13094985398090767
8016.0 0.13071227342754949
8018.0 0.13056507367037892
8020.0 0.13058591035842665
8022.0 0.1302475572026383
8024.0 0.13022383490224296
8026.0 0.12993996012261988
8028.0 0.12994116409909906
8030.0 0.12970824214590862
8032.0 0.12973242135226484
8034.0 0.13008221857486207
8036.0 0.13003397160561164
8038.0 0.13002748766650168
8040.0 0.13002268686879423
8042.0 0.12986535496180673
8044.0 0.12967715660195647
8046.0 0.12936771503052918
8048.0 0.1292369940939816
8050.0 0.12924145284076152
8052.0 0.1291402025326166
8054.0 0.1294378448619939
8056.0 0.12933115336847956
8058.0 0.12914768826566622
8060.0 0.1290485875249301
8062.0 0.1291195367551247
8064.0 0.12900795734556747
8066.0 0.12902195631024846
8068.0 0.12893068104477434
8070.0 0.12889526250239472
8072.0 0.1289909209743579
8074.0 0.12910431918729803
8076.0 0.12901948532991386
8078.0 0.12901022768139492
8080.0 0.12890235486784773
8082.0 0.12860303027502437
8084.0 0.12844046010939628
8086.0 0.1277752039238512
8088.0 0.12799344259749243
8090.0 0.1284579646872386
8092.0 0.12853182080611208
8094.0 0.12844994547331853
8096.0 0.1285127445251723
8098.0 0.1288261188751227
8100.0 0.12866464691743495
8102.0 0.12838179270987213
8104.0 0.12792581183147994
8106.0 0.1278328703454383
8108.0 0.12757367987944193
8110.0 0.12733750207877226
8112.0 0.12682085056962344
8114.0 0.1262794110208598
8116.0 0.12583656965387743
8118.0 0.1256952021610091
8120.0 0.12555062995638427
8122.0 0.12537508988379648
8124.0 0.12495148932297481
8126.0 0.12432277901651227
8128.0 0.12356985343463925
8130.0 0.12310357872727083
8132.0 0.1228304739508587
8134.0 0.12255858938378707
8136.0 0.12232921462001735
8138.0 0.12195866675787845
8140.0 0.12144975581026073
8142.0 0.12082509526223828
8144.0 0.12009949437683708
8146.0 0.11952769348600104
8148.0 0.11879908633318498
8150.0 0.1181029804749041
8152.0 0.11747134100448169
8154.0 0.11676986438732218
8156.0 0.11584098145519203
8158.0 0.11519523473604408
8160.0 0.11430815862584463
8162.0 0.11335442823437461
8164.0 0.1124811479936512
8166.0 0.11161940108324865
8168.0 0.11062046973653496
8170.0 0.10957149637767091
8172.0 0.1085807439104632
8174.0 0.10764804197783673
8176.0 0.10684513744553704
8178.0 0.1061453528196788
8180.0 0.10544892066684809
8182.0 0.10495498647333577
8184.0 0.10452591282689107
8186.0 0.10424352838431707
8188.0 0.10412040257102398
8190.0 0.10417820104853044
8192.0 0.1039192240024601
8194.0 0.10374153125634905
8196.0 0.10352218741665148
8198.0 0.10325716723950297
8200.0 0.10307254569393244
8202.0 0.10283476632748086
8204.0 0.10254506403996808
8206.0 0.10211780188312582
8208.0 0.10192525544573088
8210.0 0.10167575689942632
8212.0 0.10162768303864798
8214.0 0.10144946273593525
8216.0 0.10144326934541145
8218.0 0.10138158755032838
8220.0 0.10129830224018319
8222.0 0.10114259137910095
8224.0 0.10128246887567396
8226.0 0.10144575554984285
8228.0 0.10158306003343291
8230.0 0.10171239352840974
8232.0 0.10180736914303638
8234.0 0.10196396799063924
8236.0 0.10188267487624143
8238.0 0.10177511309078947
8240.0 0.10180416090448015
8242.0 0.10226518479875116
8244.0 0.10266786237992548
8246.0 0.10319218158281084
8248.0 0.10339896325580439
8250.0 0.10363023488869987
8252.0 0.10370713721455926
8254.0 0.10368963011464422
8256.0 0.10378689464463474
8258.0 0.10404695601218664
8260.0 0.10457508402520058
8262.0 0.10478079096355604
8264.0 0.10498634273705384
8266.0 0.10515929300429064
8268.0 0.10545952548199099
8270.0 0.10538642994074499
8272.0 0.1053905917618897
8274.0 0.10553825698809365
8276.0 0.1055233983573859
8278.0 0.10556606518941021
8280.0 0.10565045843537102
8282.0 0.10605267924320422
8284.0 0.10629954158611334
8286.0 0.10635204778738015
8288.0 0.1063713087519309
8290.0 0.10606410972318313
8292.0 0.10607362552174121
8294.0 0.10605673567796506
8296.0 0.1064887753625254
8298.0 0.10645712345140808
8300.0 0.10637420716458873
8302.0 0.10646322825153837
8304.0 0.10679937849153147
8306.0 0.1069573412980174
8308.0 0.1068675602356581
8310.0 0.10685203767376275
8312.0 0.10669281259666669
8314.0 0.10658936401002643
8316.0 0.10645903806476015
8318.0 0.10656614620461553
8320.0 0.10675125216105942
8322.0 0.10679433901886257
8324.0 0.106834496715882
8326.0 0.10698244139485379
8328.0 0.1072395764166024
8330.0 0.10756818830793521
8332.0 0.10755797871847378
8334.0 0.10752841279159805
8336.0 0.1073863435466669
8338.0 0.10761009918446662
8340.0 0.10779205322046008
8342.0 0.10804693671396962
8344.0 0.10825223169800585
8346.0 0.10858359038366923
8348.0 0.10882858227267986
8350.0 0.10913783145835267
8352.0 0.10975881816374794
8354.0 0.10991247228648299
8356.0 0.10980366376920218
8358.0 0.10973410971690448
8360.0 0.10960159343919346
8362.0 0.10970736649378371
8364.0 0.11024369759553063
8366.0 0.11073536655245773
8368.0 0.11121959532194037
8370.0 0.11148895623328466
8372.0 0.11171674639540806
8374.0 0.11269751665239418
8376.0 0.11302375535689661
8378.0 0.11317599008018962
8380.0 0.11333022157761587
8382.0 0.11372736979908282
8384.0 0.11417428928839751
8386.0 0.11451028163948423
8388.0 0.1148386457747158
8390.0 0.11524693669964964
8392.0 0.11585255530812544
8394.0 0.11627524201264465
8396.0 0.1165149342216844
8398.0 0.1167934808049296
8400.0 0.11701975672641012
8402.0 0.11768108697564354
8404.0 0.11821264302139067
8406.0 0.11948980283804672
8408.0 0.1203649947881234
8410.0 0.12092621770697301
8412.0 0.12096002928226623
8414.0 0.12132129120296195
8416.0 0.12205639650593283
8418.0 0.12331118172288479
8420.0 0.12369576480202263
8422.0 0.12376477062524179
8424.0 0.12395623047187132
8426.0 0.12440128892021086
8428.0 0.12534165791511634
8430.0 0.12615148575022334
8432.0 0.12678441075085703
8434.0 0.12754559465401832
8436.0 0.12815396087382966
8438.0 0.12882738292365103
8440.0 0.13023395567921267
8442.0 0.1316435198310464
8444.0 0.13317527616416944
8446.0 0.13444175550152385
8448.0 0.13585044404623176
8450.0 0.13699092991474968
8452.0 0.13816713334329347
8454.0 0.13905529596055968
8456.0 0.1403568032937551
8458.0 0.14103398949613388
8460.0 0.1415261880186392
8462.0 0.14185318477348
8464.0 0.1422967204572076
8466.0 0.1428450738929368
8468.0 0.14367918016676146
8470.0 0.14421573167323476
8472.0 0.14500259006532404
8474.0 0.1456842007276762
8476.0 0.1461941930767817
8478.0 0.1468631172275479
8480.0 0.14722565044516883
8482.0 0.14747813725734943
8484.0 0.14789995275072507
8486.0 0.14873403590720305
8488.0 0.14944466678915702
8490.0 0.14983568652024779
8492.0 0.15035065108906476
8494.0 0.15097624351617184
8496.0 0.15097358119593085
8498.0 0.15124277906976893
8500.0 0.15148922987000404
8502.0 0.15164877948661157
8504.0 0.1519079962006513
8506.0 0.15204231388258607
8508.0 0.15227554248647496
8510.0 0.15250872016812142
8512.0 0.15316029278242438
8514.0 0.15334283205100258
8516.0 0.1535427693173542
8518.0 0.1538251327325468
8520.0 0.15404824773788375
8522.0 0.15467246572147453
8524.0 0.15492986352517368
8526.0 0.1549780741642877
8528.0 0.1550379426477689
8530.0 0.15521767211196055
8532.0 0.1552778514354374
8534.0 0.15510975498382992
8536.0 0.1550247929660178
8538.0 0.1550489669931369
8540.0 0.15493498317895818
8542.0 0.15489581216525425
8544.0 0.15488085102224522
8546.0 0.15500345463988982
8548.0 0.15542538305107184
8550.0 0.15557776385132885
8552.0 0.15548499405957542
8554.0 0.1554879758563131
8556.0 0.1557030471825191
8558.0 0.15590603910098572
8560.0 0.15629386696714256
8562.0 0.15609997089432265
8564.0 0.1557695240546504
8566.0 0.1557624770965493
8568.0 0.15602939355708179
8570.0 0.15618276694065564
8572.0 0.1560752338599619
8574.0 0.15601239328670097
8576.0 0.15615350028785588
8578.0 0.15642147702542689
8580.0 0.1563796950954962
8582.0 0.15559370398844316
8584.0 0.15492438920706092
8586.0 0.15483963214445406
8588.0 0.15545861584203827
8590.0 0.15563030095754565
8592.0 0.15590294137276312
8594.0 0.15619014766563089
8596.0 0.15631187698591342
8598.0 0.15636225606756174
8600.0 0.15586852621429798
8602.0 0.1561956455109751
8604.0 0.15597055472911986
8606.0 0.15672924631062227
8608.0 0.1572834518748031
8610.0 0.15738546206563048
8612.0 0.15722773778620852
8614.0 0.1568311423513686
8616.0 0.15662364679672908
8618.0 0.1566720174000757
8620.0 0.1567849940216382
8622.0 0.15716232538020591
8624.0 0.1572369850236187
8626.0 0.15704944902825102
8628.0 0.1569772537404254
8630.0 0.15672670749374015
8632.0 0.15650657070025145
8634.0 0.156487272259246
8636.0 0.1566106308313146
8638.0 0.15699681311437785
8640.0 0.15732005531254642
8642.0 0.1577503656559888
8644.0 0.1579525276148491
8646.0 0.15795976057514843
8648.0 0.1577533952822835
8650.0 0.15772868245433694
8652.0 0.15795091864987393
8654.0 0.15842841714445827
8656.0 0.15882895620963056
8658.0 0.15878376238861847
8660.0 0.15882391474551577
8662.0 0.1590343860019167
8664.0 0.15918683825242638
8666.0 0.15938643925942983
8668.0 0.15930448708121905
8670.0 0.15912147137581784
8672.0 0.15873699794469345
8674.0 0.1587810726657945
8676.0 0.15887630149214296
8678.0 0.15898343340270985
8680.0 0.15934053683987884
8682.0 0.1598296897121782
8684.0 0.15980384536431427
8686.0 0.1591984061492676
8688.0 0.15861147585823132
8690.0 0.15836600686799604
8692.0 0.1581009305643537
8694.0 0.1584625537170611
8696.0 0.15889474135200068
8698.0 0.15961863377463772
8700.0 0.16010070698098855
8702.0 0.16066375969817562
8704.0 0.16142137404764592
8706.0 0.1620857990523835
8708.0 0.16279321539425992
8710.0 0.16237442711115677
8712.0 0.16240929852389868
8714.0 0.1622392915644575
8716.0 0.16233974294610132
8718.0 0.16240443197278107
8720.0 0.16283527169309459
8722.0 0.16341437389023397
8724.0 0.16349762531159417
8726.0 0.16300932635072657
8728.0 0.1617955774671932
8730.0 0.16045032276695506
8732.0 0.1596404281119737
8734.0 0.15916940755425055
8736.0 0.15976847752873655
8738.0 0.16035055616029673
8740.0 0.16083359412072798
8742.0 0.16074212355397963
8744.0 0.16046322406273641
8746.0 0.16027395446780038
8748.0 0.15960249732495504
8750.0 0.15891946114279581
8752.0 0.15880174134018193
8754.0 0.15917294350928535
8756.0 0.16001845746959759
8758.0 0.16118822694966828
8760.0 0.16180388287452008
8762.0 0.16173207199381862
8764.0 0.16157601941213828
8766.0 0.16149810773485324
8768.0 0.1620089175743589
8770.0 0.16256071574907663
8772.0 0.16291044135608923
8774.0 0.16292877644543172
8776.0 0.16318500522107612
8778.0 0.16297232417298824
8780.0 0.16232888997642253
8782.0 0.16157639694761688
8784.0 0.16074217914765374
8786.0 0.1603407611774296
8788.0 0.15990124168222328
8790.0 0.15952607346435668
8792.0 0.15869811786208873
8794.0 0.15858463787031576
8796.0 0.1583855337543979
8798.0 0.15820380222304298
8800.0 0.15833515116347785
8802.0 0.15842470118674487
8804.0 0.15820210886108613
8806.0 0.15842350250459358
8808.0 0.15800424837186325
8810.0 0.15746931675292433
8812.0 0.15683132706847472
8814.0 0.15695013487382614
8816.0 0.15660663077284284
8818.0 0.15666887583095415
8820.0 0.15631202136802802
8822.0 0.1560364684877977
8824.0 0.1557288309019835
8826.0 0.15616889598095268
8828.0 0.15635362115903298
8830.0 0.15635286228439024
8832.0 0.15585407891384517
8834.0 0.15582859127372983
8836.0 0.15530467663721534
8838.0 0.15478047645120044
8840.0 0.15394724100668478
8842.0 0.15324378146316067
8844.0 0.15310666319978442
8846.0 0.1527648962131462
8848.0 0.15308604585019392
8850.0 0.15287099569388338
8852.0 0.15229525608196703
8854.0 0.15172900987982524
8856.0 0.1509704601956678
8858.0 0.14983667857094565
8860.0 0.14865330195802418
8862.0 0.1480648928978434
8864.0 0.14812626510842122
8866.0 0.14781584599043113
8868.0 0.14819530485135354
8870.0 0.1478933734307271
8872.0 0.14777693522751106
8874.0 0.14696454095654854
8876.0 0.14625955096203958
8878.0 0.1453990649850925
8880.0 0.14535258930135
8882.0 0.14552391084629904
8884.0 0.1460477303205432
8886.0 0.14559055472606444
8888.0 0.14523083715441681
8890.0 0.14491067154140858
8892.0 0.14431435011971774
8894.0 0.14366948883358802
8896.0 0.14276947443486038
8898.0 0.14327141820233424
8900.0 0.14379788739757746
8902.0 0.1447372958531532
8904.0 0.1444235096047144
8906.0 0.1434920462197728
8908.0 0.14226373049815494
8910.0 0.14174106448682045
8912.0 0.14110570105798523
8914.0 0.14062202148460573
8916.0 0.1399844007375941
8918.0 0.13941717028675063
8920.0 0.13942753247790296
8922.0 0.13939937677647224
8924.0 0.13921134275180652
8926.0 0.1391827128302411
8928.0 0.1385953566919203
8930.0 0.13818329034624457
8932.0 0.13782015661120212
8934.0 0.1372731437783732
8936.0 0.13710457673429813
8938.0 0.13745012122602243
8940.0 0.13835223817408848
8942.0 0.13852261622577178
8944.0 0.1386291697517529
8946.0 0.1386503623493394
8948.0 0.13840562354407568
8950.0 0.13867853638996966
8952.0 0.13901664573135297
8954.0 0.13900366287584187
8956.0 0.13847168089138484
8958.0 0.13831043904785445
8960.0 0.13860074865565022
8962.0 0.13884053440287247
8964.0 0.1385730724609767
8966.0 0.13840094120512927
8968.0 0.13799338230663083
8970.0 0.13771756404681956
8972.0 0.13716918900748865
8974.0 0.13684247384096923
8976.0 0.136503839589922
8978.0 0.13667855368760806
8980.0 0.13693928134785588
8982.0 0.13731258962335502
8984.0 0.13764135524076274
8986.0 0.13781930466602918
8988.0 0.1377547537039434
8990.0 0.1374792513580262
8992.0 0.13719924870609593
8994.0 0.13687568877013248
8996.0 0.1361385046403792
8998.0 0.13536545273653125
9000.0 0.13461353761332667
9002.0 0.1343672214680685
9004.0 0.13422582539010558
9006.0 0.13396613461721146
9008.0 0.1337706430680901
9010.0 0.13322890475041138
9012.0 0.1335168935147958
9014.0 0.13404204093973834
9016.0 0.13481210989403486
9018.0 0.13431906088173703
9020.0 0.13365875138892
9022.0 0.13287622675353514
9024.0 0.13250520111189593
9026.0 0.1322886974255261
9028.0 0.13284296387190145
9030.0 0.1327025704525445
9032.0 0.1325618227162187
9034.0 0.1323177752518804
9036.0 0.1324175905714193
9038.0 0.13215493032994305
9040.0 0.13198423811543863
9042.0 0.13182441742918144
9044.0 0.13202353526512142
9046.0 0.13195290046557542
9048.0 0.13161793428204957
9050.0 0.13107785015391282
9052.0 0.13050244441811978
9054.0 0.13031575939912537
9056.0 0.1302510034302316
9058.0 0.1304208530212019
9060.0 0.13032633299474908
9062.0 0.12984520857243104
9064.0 0.1296818310964701
9066.0 0.13029671568664966
9068.0 0.13055472874221624
9070.0 0.13065138136850765
9072.0 0.13016862998562576
9074.0 0.13004848358222995
9076.0 0.12991268258397626
9078.0 0.13001824258369357
9080.0 0.13013910728461006
9082.0 0.12976443009513963
9084.0 0.12962883792531174
9086.0 0.12973440795095667
9088.0 0.1303698567227844
9090.0 0.1304475308787521
9092.0 0.13052735133061805
9094.0 0.1304614196055877
9096.0 0.13031537308289784
9098.0 0.1302213863442316
9100.0 0.1302737961551106
9102.0 0.1303001098394774
9104.0 0.13091580919333218
9106.0 0.13122129067768742
9108.0 0.13130014389180686
9110.0 0.13138798099802773
9112.0 0.13091601607119302
9114.0 0.13034491450125252
9116.0 0.12878150578323713
9118.0 0.1284815941203535
9120.0 0.12877063399403044
9122.0 0.12978551805357158
9124.0 0.13000220775920399
9126.0 0.13055039368386775
9128.0 0.13043529072468307
9130.0 0.12964132920379015
9132.0 0.12932322641913438
9134.0 0.1296806952640057
9136.0 0.12978224645946757
9138.0 0.12949026933764898
9140.0 0.12943201577290234
9142.0 0.12900147556479646
9144.0 0.1294810754002679
9146.0 0.13027355719847544
9148.0 0.13131886762438263
9150.0 0.1315455025179631
9152.0 0.13202696621854348
9154.0 0.13133799546921984
9156.0 0.13076793695338287
9158.0 0.13093003954066684
9160.0 0.13154122368154775
9162.0 0.13189029416909437
9164.0 0.13227110237684925
9166.0 0.13224734600238078
9168.0 0.13175722087611463
9170.0 0.13171360847355504
9172.0 0.13243277530544656
9174.0 0.13274535860923195
9176.0 0.13295044658449703
9178.0 0.13247433522271906
9180.0 0.13248300872094487
9182.0 0.132195679825781
9184.0 0.1315363817535723
9186.0 0.13106451750529138
9188.0 0.13183485309830792
9190.0 0.13279291408529678
9192.0 0.13400133673582335
9194.0 0.13368379977887665
9196.0 0.13376826543087447
9198.0 0.13347860271596682
9200.0 0.1329464078158375
9202.0 0.13258074632192227
9204.0 0.1318646744161118
9206.0 0.13221349500298993
9208.0 0.13256159100245812
9210.0 0.13294472828580753
9212.0 0.13301027144418123
9214.0 0.13279697199854898
9216.0 0.13223124046735563
9218.0 0.13206585228443787
9220.0 0.13192354884673532
9222.0 0.13173283795980648
9224.0 0.13133531564392215
9226.0 0.13098424264255762
9228.0 0.1306230716009119
9230.0 0.12981221647561006
9232.0 0.12944461488346268
9234.0 0.12956053381864766
9236.0 0.1300172145985722
9238.0 0.1300139883704067
9240.0 0.13040661504584003
9242.0 0.1313616887258286
9244.0 0.13236787719262205
9246.0 0.13285985570836548
9248.0 0.13353251887771805
9250.0 0.13359209572917455
9252.0 0.13321122262215973
9254.0 0.13200079817240076
9256.0 0.13085008593764957
9258.0 0.13028337898156991
9260.0 0.13080086542445196
9262.0 0.13006797576973633
9264.0 0.1294424951898118
9266.0 0.12941735335224938
9268.0 0.1293169629164202
9270.0 0.12773918966771936
9272.0 0.1260929278851831
9274.0 0.1245978894246101
9276.0 0.12352161454771833
9278.0 0.12297061205104103
9280.0 0.122695141632433
9282.0 0.1214518803825959
9284.0 0.12178842990288465
9286.0 0.12406218220456092
9288.0 0.12596183954586307
9290.0 0.12742198414253803
9292.0 0.12798173765643545
9294.0 0.1279329682899358
9296.0 0.12727395166406572
9298.0 0.12582671515676142
9300.0 0.12548877640304315
9302.0 0.12494408495432563
9304.0 0.12478849572040503
9306.0 0.12478138772561574
9308.0 0.12445988102606782
9310.0 0.12527291655250666
9312.0 0.12656969007568056
9314.0 0.12951767683451154
9316.0 0.13086729676324324
9318.0 0.13299814013273986
9320.0 0.1333189707948183
9322.0 0.1314363839746628
9324.0 0.12879188619504084
9326.0 0.127375117341919
9328.0 0.1267624809233957
9330.0 0.12763591525592743
9332.0 0.1282273091555961
9334.0 0.1286085740504419
9336.0 0.12849320185692267
9338.0 0.12801770199752982
9340.0 0.12759214686048276
9342.0 0.12651241364595758
9344.0 0.126257383271378
9346.0 0.12539404340834578
9348.0 0.1258268645304152
9350.0 0.12606391540032913
9352.0 0.12686508290369922
9354.0 0.1279067542281826
9356.0 0.12834759897962777
9358.0 0.12775655677898037
9360.0 0.12787113369651612
9362.0 0.12703870675579612
9364.0 0.12633466053814388
9366.0 0.12628368935366194
9368.0 0.12582889582982837
9370.0 0.12623573843445127
9372.0 0.12646970734543592
9374.0 0.1272114017333485
9376.0 0.12708838550271068
9378.0 0.12708312034896246
9380.0 0.12700289279329088
9382.0 0.1272010286232437
9384.0 0.12771098853457163
9386.0 0.12745524952746026
9388.0 0.1280760919261215
9390.0 0.12795241095767873
9392.0 0.12727396513203196
9394.0 0.12708440114228803
9396.0 0.12621137253388887
9398.0 0.12589479262284545
9400.0 0.12523248037482484
9402.0 0.12553585456825095
9404.0 0.12496200439898718
9406.0 0.12486061973446644
9408.0 0.12467370461164871
9410.0 0.12550884401891582
9412.0 0.1268094828658601
9414.0 0.12711477778939528
9416.0 0.1262965202227338
9418.0 0.12591456844922408
9420.0 0.12648131246900252
9422.0 0.12674814196187426
9424.0 0.12643961249658542
9426.0 0.1268365179148475
9428.0 0.12723044397387137
9430.0 0.12851736522644158
9432.0 0.12919844536151423
9434.0 0.12881923490433317
9436.0 0.12877187840546508
9438.0 0.12791073275414394
9440.0 0.12751066787756282
9442.0 0.1270154140873617
9444.0 0.1269538420221128
9446.0 0.1272392770024347
9448.0 0.12733314623407632
9450.0 0.12743359188705017
9452.0 0.12662132361149153
9454.0 0.12578116930320707
9456.0 0.125512688650231
9458.0 0.12510636930733382
9460.0 0.1251156585210666
9462.0 0.12531242870704673
9464.0 0.12600613917833692
9466.0 0.12632975510504624
9468.0 0.12659159463401842
9470.0 0.12655184270319686
9472.0 0.12674020584740422
9474.0 0.12680084515828155
9476.0 0.12694979515801189
9478.0 0.12738986502931607
9480.0 0.12723860763557035
9482.0 0.12683180794299567
9484.0 0.12718365007732665
9486.0 0.12667878956568351
9488.0 0.12668228070767396
9490.0 0.12682066718321508
9492.0 0.12747421227959618
9494.0 0.1278000859202081
9496.0 0.127683208748265
9498.0 0.12798956502757589
9500.0 0.1279487930741682
9502.0 0.12710320141995912
9504.0 0.1260516630532487
9506.0 0.1259182759703146
9508.0 0.12584356850260986
9510.0 0.12518300647679265
9512.0 0.12412513748373841
9514.0 0.12344086174699578
9516.0 0.12346017436185745
9518.0 0.12366671507222944
9520.0 0.12438776310163673
9522.0 0.12571912280818162
9524.0 0.12563746709550452
9526.0 0.12477553112248926
9528.0 0.12389025199287068
9530.0 0.12334872146798011
9532.0 0.12233397139178658
9534.0 0.12135218341826558
9536.0 0.12021633546429848
9538.0 0.11983921909433762
9540.0 0.11986230166597983
9542.0 0.11968935544715345
9544.0 0.12025096704485977
9546.0 0.12062979639395817
9548.0 0.12175943880501129
9550.0 0.1220037530921146
9552.0 0.12244891051622328
9554.0 0.12273679928719702
9556.0 0.12322834526481052
9558.0 0.12245008559130875
9560.0 0.12116998633154588
9562.0 0.12016931183602493
9564.0 0.11918986597631938
9566.0 0.1189186383955681
9568.0 0.11886952231131649
9570.0 0.11888205345028455
9572.0 0.11860215655089651
9574.0 0.1186685096274613
9576.0 0.11910238340478412
9578.0 0.11982885621390084
9580.0 0.12050268790842052
9582.0 0.12026992620835367
9584.0 0.11973524683103326
9586.0 0.11953316610287848
9588.0 0.1189893954151692
9590.0 0.11819036115213755
9592.0 0.11743998535669466
9594.0 0.1173551764855722
9596.0 0.11656764884841428
9598.0 0.11571689852890028
9600.0 0.11577074218495056
9602.0 0.11537942000214763
9604.0 0.1160550064722296
9606.0 0.11603819509013848
9608.0 0.1163537030796662
9610.0 0.11665423047875347
9612.0 0.11707496190393413
9614.0 0.11719518863009584
9616.0 0.11728208092655174
9618.0 0.11635029853387849
9620.0 0.11587653536790506
9622.0 0.11598447205699658
9624.0 0.11613336292606334
9626.0 0.1161295090722279
9628.0 0.11649200172963847
9630.0 0.11669331050130145
9632.0 0.11672995310025469
9634.0 0.11698144715165548
9636.0 0.11750904036786165
9638.0 0.11725738762123766
9640.0 0.11674848465834219
9642.0 0.11683049412165794
9644.0 0.11671312756786746
9646.0 0.11641895899584308
9648.0 0.11623428151975435
9650.0 0.11580135582125242
9652.0 0.11525087803630749
9654.0 0.11412330163965147
9656.0 0.11354172457697781
9658.0 0.1132459378320244
9660.0 0.11314383647035381
9662.0 0.11341769623713359
9664.0 0.11336617511958859
9666.0 0.11351505202273753
9668.0 0.11345366446652194
9670.0 0.11372164461578826
9672.0 0.11357741597535351
9674.0 0.1135312553359171
9676.0 0.11352702347243764
9678.0 0.11314661479956002
9680.0 0.11287267501185749
9682.0 0.11296876662691198
9684.0 0.11299598996027463
9686.0 0.11351614815985074
9688.0 0.11327076964656264
9690.0 0.11296168505379357
9692.0 0.11308080774798734
9694.0 0.11287153300168348
9696.0 0.11318404109395826
9698.0 0.11382375638430346
9700.0 0.11355986161631075
9702.0 0.11331593589417312
9704.0 0.1137367243581971
9706.0 0.11341538109178453
9708.0 0.11299800236599535
9710.0 0.11241573484420303
9712.0 0.1121582705721217
9714.0 0.11226662817042203
9716.0 0.11269533442619194
9718.0 0.11260503914438669
9720.0 0.11296265997790705
9722.0 0.11275058066692309
9724.0 0.11269154637439269
9726.0 0.11325941770317077
9728.0 0.11253816255406128
9730.0 0.11156748347793416
9732.0 0.11149834960547314
9734.0 0.11172021318932425
9736.0 0.11226409985280286
9738.0 0.11238161226901584
9740.0 0.11229133540755301
9742.0 0.11209982499818838
9744.0 0.11238811223869039
9746.0 0.1126325171435579
9748.0 0.11305408908078225
9750.0 0.11334570230938146
9752.0 0.11359731098428714
9754.0 0.11349504804948331
9756.0 0.11370439717174226
9758.0 0.11391832313154622
9760.0 0.11419133479755345
9762.0 0.11461045173226397
9764.0 0.11467445031933991
9766.0 0.11468744135274059
9768.0 0.11466078808876495
9770.0 0.11419911792152031
9772.0 0.11390650797859891
9774.0 0.11370337962209756
9776.0 0.1133231684460587
9778.0 0.1129097914638268
9780.0 0.11267564210430311
9782.0 0.1125477174787397
9784.0 0.11278812064755979
9786.0 0.11313294345428704
9788.0 0.11322647912069876
9790.0 0.11380679610409422
9792.0 0.11490715375541324
9794.0 0.11543971800940989
9796.0 0.11584382210403812
9798.0 0.11651496508486865
9800.0 0.11644503680494987
9802.0 0.11574437260564631
9804.0 0.11600997486085483
9806.0 0.1164373217445147
9808.0 0.11650912248389224
9810.0 0.11656651512527332
9812.0 0.11590200464673889
9814.0 0.11468188484670341
9816.0 0.11393254376306944
9818.0 0.11410292430676344
9820.0 0.11446723450374513
9822.0 0.11527214649762708
9824.0 0.11622483709178126
9826.0 0.11735569566513833
9828.0 0.11847118984234023
9830.0 0.1197056082701197
9832.0 0.12022807407268006
9834.0 0.11933007023442924
9836.0 0.11837357704136531
9838.0 0.118128386728482
9840.0 0.11686486062243868
9842.0 0.11585645587899583
9844.0 0.1152405875960433
9846.0 0.11486323386715128
9848.0 0.11420272722320543
9850.0 0.11385418240077849
9852.0 0.1137279376121384
9854.0 0.1144715526557878
9856.0 0.11552665640286416
9858.0 0.11707586365030705
9860.0 0.11835348005892748
9862.0 0.11866238404878725
9864.0 0.11815331674479843
9866.0 0.11706112545669659
9868.0 0.11699362910243215
9870.0 0.11680512656427516
9872.0 0.11633369948716962
9874.0 0.1158759571135323
9876.0 0.1151751487379888
9878.0 0.11433257550082049
9880.0 0.1137931630009837
9882.0 0.11343699789950719
9884.0 0.1139319866085437
9886.0 0.1147216773295526
9888.0 0.11558705419900574
9890.0 0.1168441749915276
9892.0 0.11843457495870718
9894.0 0.11967755710684067
9896.0 0.12100067756012166
9898.0 0.12109244079729528
9900.0 0.12089349782257833
9902.0 0.11960057629819416
9904.0 0.11814171125936891
9906.0 0.11672100783480092
9908.0 0.1155247365927724
9910.0 0.11500998359113729
9912.0 0.11425325894039572
9914.0 0.11350350890905479
9916.0 0.11350795062983526
9918.0 0.11448015943218318
9920.0 0.11509117022539335
9922.0 0.11587879072126235
9924.0 0.11715414049397352
9926.0 0.11867083432798257
9928.0 0.1195763086171167
9930.0 0.12016794524993801
9932.0 0.12089864571695862
9934.0 0.12026963511379328
9936.0 0.11971995789167961
9938.0 0.11870304450380484
9940.0 0.11743162805184662
9942.0 0.11682802020568354
9944.0 0.11587331012846289
9946.0 0.11562969593000103
9948.0 0.11497769617076861
9950.0 0.11503846468702239
9952.0 0.11502491834770057
9954.0 0.11497324937973606
9956.0 0.11555214288336929
9958.0 0.11716588083905201
9960.0 0.11887110539256877
9962.0 0.11922008986133255
9964.0 0.11926277285458531
9966.0 0.11932493032185292
9968.0 0.11934104119404489
9970.0 0.11842048022245424
9972.0 0.1172098227548084
9974.0 0.11599206931200083
9976.0 0.11479459266884982
9978.0 0.1144365202180444
9980.0 0.11413585785869257
9982.0 0.11420503742367212
9984.0 0.11423753001201063
9986.0 0.1151873638722185
9988.0 0.11616575361700147
9990.0 0.11723381267774803
9992.0 0.11788440129198219
9994.0 0.11782527709425965
9996.0 0.11833291852774203
9998.0 0.1178321710606059
