# z obs_date
# 0 52280
3580.0 0.2442441709223341
3582.0 0.24669383824925945
3584.0 0.2411216034791356
3586.0 0.2393425525753519
3588.0 0.2398911756422793
3590.0 0.22751327699485543
3592.0 0.2321336469395558
3594.0 0.23619413831858047
3596.0 0.2458667411318793
3598.0 0.24436425157995978
3600.0 0.23687322232095462
3602.0 0.24213939238602689
3604.0 0.2479397880895329
3606.0 0.24806296463754351
3608.0 0.24948088938244975
3610.0 0.25466635628396317
3612.0 0.248221523712437
3614.0 0.24704960126576908
3616.0 0.2437750369293167
3618.0 0.24123757105087362
3620.0 0.24443019100757313
3622.0 0.24539332497630786
3624.0 0.24072479852186016
3626.0 0.23540393838050827
3628.0 0.2433589617531712
3630.0 0.25126463297239193
3632.0 0.25130619181577796
3634.0 0.24680168382238907
3636.0 0.24569542019453083
3638.0 0.2440728426911906
3640.0 0.24656508321088796
3642.0 0.24384795014816935
3644.0 0.25135289273079825
3646.0 0.24564498283597758
3648.0 0.2351278572503865
3650.0 0.24522684368126288
3652.0 0.24914448616449275
3654.0 0.25732228015645986
3656.0 0.25010588935932293
3658.0 0.2467291993397127
3660.0 0.24857638156895995
3662.0 0.24681954446278323
3664.0 0.24628069723022253
3666.0 0.2384737971902413
3668.0 0.24266765921616018
3670.0 0.24258823755621006
3672.0 0.23990472847545455
3674.0 0.2323646168705229
3676.0 0.23281132553569897
3678.0 0.23584931838526896
3680.0 0.23145707996282758
3682.0 0.23147508625812205
3684.0 0.2316873521059403
3686.0 0.23748667273940602
3688.0 0.23869870004398974
3690.0 0.2348522072181932
3692.0 0.2303716209069686
3694.0 0.23420290418924736
3696.0 0.23014322460893602
3698.0 0.23138768755904474
3700.0 0.23622153243817898
3702.0 0.2322711694659158
3704.0 0.23722810496186336
3706.0 0.23722467821141513
3708.0 0.24240383178397004
3710.0 0.24899688881009713
3712.0 0.24733986680152617
3714.0 0.2504962783039417
3716.0 0.2550011248085775
3718.0 0.263493095581002
3720.0 0.2671723398424554
3722.0 0.2717541974816556
3724.0 0.27968251419433515
3726.0 0.28416390047639783
3728.0 0.30015411450844764
3730.0 0.30883237057252444
3732.0 0.30256734045150907
3734.0 0.299252937293382
3736.0 0.30492140386594274
3738.0 0.3097671051756447
3740.0 0.30225566964322975
3742.0 0.29974260613004255
3744.0 0.29775349842484705
3746.0 0.29519535094487126
3748.0 0.3007490359097212
3750.0 0.2977279563447537
3752.0 0.3024049597822066
3754.0 0.30555216538963265
3756.0 0.3055137693759255
3758.0 0.3010725205981468
3760.0 0.2934526393438258
3762.0 0.29253154323096275
3764.0 0.29720878598109624
3766.0 0.2911862445515129
3768.0 0.2857530563474358
3770.0 0.28229406646458516
3772.0 0.2805820816763122
3774.0 0.2844488773686508
3776.0 0.2803345020690417
3778.0 0.28140673387810616
3780.0 0.27977335890606553
3782.0 0.27771855869422
3784.0 0.2881218689226441
3786.0 0.2882126395742934
3788.0 0.2881109079912111
3790.0 0.29355361951912884
3792.0 0.2876202703131349
3794.0 0.2836276680454039
3796.0 0.28303169334573725
3798.0 0.2817628450673019
3800.0 0.2806827741871631
3802.0 0.27712062618930616
3804.0 0.2842328312153999
3806.0 0.2866826969658662
3808.0 0.2813795953957806
3810.0 0.2847197183766982
3812.0 0.2893697948733581
3814.0 0.2651173165442139
3816.0 0.2575695085230743
3818.0 0.24624284311078456
3820.0 0.23800326030869431
3822.0 0.22928274929807244
3824.0 0.21605095317684989
3826.0 0.2068896262979043
3828.0 0.2014092862327191
3830.0 0.18562097701142596
3832.0 0.17539196910338062
3834.0 0.1666128856225248
3836.0 0.1547601374330725
3838.0 0.15228097646155248
3840.0 0.14608065226747977
3842.0 0.13198119854488463
3844.0 0.13322635856628465
3846.0 0.13520158090085133
3848.0 0.13262325523180366
3850.0 0.1314948447130869
3852.0 0.13012145533982214
3854.0 0.1305581857045103
3856.0 0.1269740972629377
3858.0 0.1228536030070661
3860.0 0.12442178442964338
3862.0 0.12712309536113467
3864.0 0.12375929321057715
3866.0 0.12284852101699412
3868.0 0.12632846399100026
3870.0 0.12527558518041718
3872.0 0.12468781210318397
3874.0 0.12671021364531687
3876.0 0.13177756514321534
3878.0 0.13264791299161194
3880.0 0.1326021016081986
3882.0 0.14036910315456289
3884.0 0.1515133573496752
3886.0 0.1544952865898101
3888.0 0.15511263417896037
3890.0 0.16378452391144177
3892.0 0.1610438901416649
3894.0 0.17350285143395183
3896.0 0.18173461531182022
3898.0 0.18885664904885818
3900.0 0.18670201467295058
3902.0 0.19474718801310723
3904.0 0.20301296087512083
3906.0 0.21165615166161542
3908.0 0.2224232065129787
3910.0 0.23711427733810797
3912.0 0.24848021031370793
3914.0 0.26516196228441435
3916.0 0.2718560132422228
3918.0 0.28026596170907575
3920.0 0.2976441740827238
3922.0 0.3107265543425327
3924.0 0.3254696041744765
3926.0 0.3448744126707612
3928.0 0.3478901441086299
3930.0 0.35596307389338344
3932.0 0.3652304692598167
3934.0 0.38231357484884887
3936.0 0.3954844919598676
3938.0 0.4134420161466972
3940.0 0.42602755691975047
3942.0 0.4331528690000276
3944.0 0.4380365525722259
3946.0 0.4483990629140464
3948.0 0.455435473308287
3950.0 0.45962060110643993
3952.0 0.4644679163132064
3954.0 0.4732816900290671
3956.0 0.4775145358807824
3958.0 0.48332690799836064
3960.0 0.48374653126586314
3962.0 0.48233776397749606
3964.0 0.47870539311619664
3966.0 0.46475970601635896
3968.0 0.45593726275233404
3970.0 0.45997541477734954
3972.0 0.4606730344096119
3974.0 0.4657847589792821
3976.0 0.46841171039114377
3978.0 0.4609902405468245
3980.0 0.46274171710703943
3982.0 0.45218609489426664
3984.0 0.4602525615294186
3986.0 0.45896199189521597
3988.0 0.46216370189171274
3990.0 0.46084379673017906
3992.0 0.4545251150580592
3994.0 0.4524408861022006
3996.0 0.45495705659840074
3998.0 0.44861273452983036
4000.0 0.44994502004420206
4002.0 0.44599887627559653
4004.0 0.44333838105154766
4006.0 0.4406473721111591
4008.0 0.42793095565690425
4010.0 0.41853002436960013
4012.0 0.4157175506201604
4014.0 0.4088368047604959
4016.0 0.40653053174479115
4018.0 0.39544154963868827
4020.0 0.3704552540784085
4022.0 0.3673042920491855
4024.0 0.3571159212297431
4026.0 0.3495089767401002
4028.0 0.3410874608828648
4030.0 0.3394107116294085
4032.0 0.3397368037429172
4034.0 0.3396449541337692
4036.0 0.3530010694225024
4038.0 0.35633396862901234
4040.0 0.357783811145357
4042.0 0.36981630826474143
4044.0 0.38836432715154623
4046.0 0.3982042985284237
4048.0 0.4059125543893556
4050.0 0.41794911678207014
4052.0 0.4323753764673643
4054.0 0.4400123672986046
4056.0 0.44701934183514497
4058.0 0.4552776497318177
4060.0 0.47309016677453974
4062.0 0.4858844780961994
4064.0 0.4896413260108551
4066.0 0.49038820741818934
4068.0 0.5012035875924172
4070.0 0.5076591421497876
4072.0 0.5163160206766031
4074.0 0.5284068689322027
4076.0 0.5350201723676086
4078.0 0.5443875461379781
4080.0 0.5468209874855476
4082.0 0.5457083707904581
4084.0 0.5493092046631478
4086.0 0.5553470192582401
4088.0 0.5511229207492364
4090.0 0.5437180878967667
4092.0 0.5422291151855717
4094.0 0.5415481011559788
4096.0 0.5370651365031263
4098.0 0.5348086249604989
4100.0 0.5303970646927307
4102.0 0.5268318395407089
4104.0 0.5234410359299243
4106.0 0.5155369759705462
4108.0 0.5096489770720048
4110.0 0.5030777792314209
4112.0 0.49225906222212545
4114.0 0.47939628461318134
4116.0 0.46905237335330824
4118.0 0.4570904133517817
4120.0 0.4389638248052888
4122.0 0.4267496280733962
4124.0 0.4235366479955979
4126.0 0.4231887298963277
4128.0 0.4132864359252889
4130.0 0.4098077731396601
4132.0 0.409814405777016
4134.0 0.40715882758035693
4136.0 0.3986274177725187
4138.0 0.40504497821848423
4140.0 0.40600609870420484
4142.0 0.4077978821277978
4144.0 0.41964541261530464
4146.0 0.4227518856297954
4148.0 0.42544567472497563
4150.0 0.4302822408984164
4152.0 0.43555283383395105
4154.0 0.43154170228873207
4156.0 0.41703140531596306
4158.0 0.40840312063433803
4160.0 0.40124770668086984
4162.0 0.3901809211056453
4164.0 0.38271087658878367
4166.0 0.38086149312520795
4168.0 0.36720486199223895
4170.0 0.3532951948867043
4172.0 0.3448786242108184
4174.0 0.33870383828917094
4176.0 0.33656493367233514
4178.0 0.33544738796507656
4180.0 0.32833160170466974
4182.0 0.3225492085328922
4184.0 0.31986301081703494
4186.0 0.31863879948793594
4188.0 0.31676425691300164
4190.0 0.30561902867288454
4192.0 0.3073733387069403
4194.0 0.30707949488736125
4196.0 0.30558103833797284
4198.0 0.30382237718017513
4200.0 0.30893911793393314
4202.0 0.3179899922010699
4204.0 0.3230845565417793
4206.0 0.3265827199248459
4208.0 0.32904164677287623
4210.0 0.33337892691437265
4212.0 0.34090492561341185
4214.0 0.3551918189865631
4216.0 0.3593973314344401
4218.0 0.36140512424400784
4220.0 0.3694730326554862
4222.0 0.3676558465103164
4224.0 0.3644271693807367
4226.0 0.3623759385767458
4228.0 0.35829801200135203
4230.0 0.35282055506869486
4232.0 0.3313251173011538
4234.0 0.31732984032184297
4236.0 0.3076524162178924
4238.0 0.2862369241376331
4240.0 0.2734037259869618
4242.0 0.2582038060589323
4244.0 0.24964581262876537
4246.0 0.2434875775231612
4248.0 0.2388121864083534
4250.0 0.2279649804599231
4252.0 0.22683002045197884
4254.0 0.22253155485392148
4256.0 0.21688127477742972
4258.0 0.21939637978349266
4260.0 0.2182431935507068
4262.0 0.22206891476050863
4264.0 0.223919519202047
4266.0 0.22820413866574368
4268.0 0.22945666291027264
4270.0 0.23672698544038168
4272.0 0.24059583094452835
4274.0 0.2459295532725797
4276.0 0.2520124779348767
4278.0 0.25706034877512257
4280.0 0.26524237790704797
4282.0 0.266858382689003
4284.0 0.2715188830100038
4286.0 0.2782497413127563
4288.0 0.2834241472593876
4290.0 0.2942978773684891
4292.0 0.29902525669782953
4294.0 0.30190525424759895
4296.0 0.30960341616091996
4298.0 0.31767379777774873
4300.0 0.32399613687208106
4302.0 0.33454616457077285
4304.0 0.348345695657575
4306.0 0.3595250549261931
4308.0 0.3653635041787866
4310.0 0.36686265332661466
4312.0 0.3695388984970247
4314.0 0.374885178505992
4316.0 0.37967071466010477
4318.0 0.38140482964786404
4320.0 0.3794392779451499
4322.0 0.37641317561497345
4324.0 0.37531660144602375
4326.0 0.3750703134252819
4328.0 0.3637167168458331
4330.0 0.36128121123994145
4332.0 0.3640568903788516
4334.0 0.3556556926487004
4336.0 0.3478420944363738
4338.0 0.3463009172289612
4340.0 0.3426843782336701
4342.0 0.34073752766713633
4344.0 0.3498138744262199
4346.0 0.34233217590156706
4348.0 0.33805834302510845
4350.0 0.33625637582374956
4352.0 0.33696300389876843
4354.0 0.34082411211738867
4356.0 0.34208728894747126
4358.0 0.34524419066102896
4360.0 0.34869375996210883
4362.0 0.35045501826393055
4364.0 0.3552406395040629
4366.0 0.3604536151096101
4368.0 0.3576375671828012
4370.0 0.36311188911957765
4372.0 0.3671692991378128
4374.0 0.3708170480464423
4376.0 0.37193969623096007
4378.0 0.3733624527967602
4380.0 0.38122184034299567
4382.0 0.38504853563964375
4384.0 0.3811360075058339
4386.0 0.3815961448716451
4388.0 0.3831824392792997
4390.0 0.3864872605920251
4392.0 0.39027484552021574
4394.0 0.3871926780409774
4396.0 0.3823778273865363
4398.0 0.37544990198228545
4400.0 0.3720113896591328
4402.0 0.37465297971845857
4404.0 0.3691634460124597
4406.0 0.36526028962182894
4408.0 0.3594863509984176
4410.0 0.3602704007382766
4412.0 0.3581872268317047
4414.0 0.35798836009989826
4416.0 0.3620041359379642
4418.0 0.36306086102587337
4420.0 0.35662269460040125
4422.0 0.3606170857010899
4424.0 0.3648699873047199
4426.0 0.3660631345543753
4428.0 0.37041569488080567
4430.0 0.3722495871104576
4432.0 0.37614567370292307
4434.0 0.3822999914394898
4436.0 0.38510320128307457
4438.0 0.3818751457854772
4440.0 0.37949099208175535
4442.0 0.37985278381321536
4444.0 0.3765979274010317
4446.0 0.36953902768110497
4448.0 0.3647853837301556
4450.0 0.36053516384664486
4452.0 0.35930220363678544
4454.0 0.35610779807704224
4456.0 0.34464849700570077
4458.0 0.34096152672348
4460.0 0.3323268843404895
4462.0 0.3254320610240568
4464.0 0.3210166992618683
4466.0 0.31696370315042494
4468.0 0.3173484408725681
4470.0 0.3164408354374803
4472.0 0.3101653177478766
4474.0 0.3009174368472084
4476.0 0.29491868410919586
4478.0 0.294698886215981
4480.0 0.2906004957844816
4482.0 0.28946858784895824
4484.0 0.28597031744415724
4486.0 0.29005024598223117
4488.0 0.2868071723904384
4490.0 0.2848778341075431
4492.0 0.2807583569665957
4494.0 0.2810254995856176
4496.0 0.28396511553257064
4498.0 0.2765966816020702
4500.0 0.28128473319520675
4502.0 0.2845093713610461
4504.0 0.2906312621552946
4506.0 0.2939536080044684
4508.0 0.29564591955612574
4510.0 0.29363392236908925
4512.0 0.29537414012934354
4514.0 0.30094052509343694
4516.0 0.3039025805548442
4518.0 0.30985488931651595
4520.0 0.31864141899032344
4522.0 0.325021579750488
4524.0 0.33587209091474257
4526.0 0.3422397844520155
4528.0 0.35184802610433646
4530.0 0.35939251114376497
4532.0 0.3678594552702873
4534.0 0.38235322404501826
4536.0 0.395715748902982
4538.0 0.40864178616055286
4540.0 0.42110918386381974
4542.0 0.43544863243315085
4544.0 0.44684683230296524
4546.0 0.46151426116925565
4548.0 0.47763466219978584
4550.0 0.4883867523905128
4552.0 0.5091466382149865
4554.0 0.5212631326334005
4556.0 0.5390013971520181
4558.0 0.5541217469379922
4560.0 0.568414546900354
4562.0 0.5910274834845323
4564.0 0.6012818607963307
4566.0 0.6091151693789907
4568.0 0.6263845690912054
4570.0 0.6242054671700289
4572.0 0.62632662120804
4574.0 0.6271154604263728
4576.0 0.6288949292695102
4578.0 0.626691006318804
4580.0 0.6216080550700673
4582.0 0.6126632387657399
4584.0 0.6023743520554404
4586.0 0.5892120116978415
4588.0 0.5905753506655731
4590.0 0.5886006119356866
4592.0 0.5873147843337924
4594.0 0.5932358180477304
4596.0 0.5965921764541657
4598.0 0.6021727814062812
4600.0 0.6043394207313265
4602.0 0.6078318260817349
4604.0 0.6111457962975618
4606.0 0.6132677269715779
4608.0 0.6183705168216269
4610.0 0.6172077026537411
4612.0 0.6154376299693589
4614.0 0.6179977431567395
4616.0 0.6126911572838987
4618.0 0.6107518728801956
4620.0 0.6084549871080586
4622.0 0.6085685171834478
4624.0 0.6060221616125113
4626.0 0.607658067049022
4628.0 0.6098297958360712
4630.0 0.6095121578965332
4632.0 0.606839093285498
4634.0 0.6084122516456839
4636.0 0.6140626824688182
4638.0 0.6169983973383012
4640.0 0.6174433965783426
4642.0 0.6231179058615546
4644.0 0.6296627460315478
4646.0 0.6337925485810573
4648.0 0.6366192384864101
4650.0 0.6409102110160182
4652.0 0.6480603470590324
4654.0 0.6459087666989469
4656.0 0.6422931817058607
4658.0 0.6442516188552115
4660.0 0.6433872203037295
4662.0 0.6361977519062135
4664.0 0.6354909432318977
4666.0 0.6355022584779378
4668.0 0.6268767174075244
4670.0 0.6219211545787204
4672.0 0.6139173821319279
4674.0 0.6081021517728594
4676.0 0.602757721138974
4678.0 0.5997985278700524
4680.0 0.5937059291908952
4682.0 0.5838783165281436
4684.0 0.5766561465230069
4686.0 0.562295689240546
4688.0 0.5586981983551689
4690.0 0.555335323206805
4692.0 0.5459166766955624
4694.0 0.5360853458334953
4696.0 0.5343945243134275
4698.0 0.5302437792925758
4700.0 0.5259169906077713
4702.0 0.5210116758961171
4704.0 0.520842174795021
4706.0 0.5231354382085952
4708.0 0.5259711516158353
4710.0 0.5227301768735727
4712.0 0.52184425455582
4714.0 0.5184689928481924
4716.0 0.514437921158427
4718.0 0.5131234273520178
4720.0 0.5146046350238188
4722.0 0.5119319378808452
4724.0 0.5068735326422328
4726.0 0.5043924203988751
4728.0 0.5035418803612416
4730.0 0.49654617046792043
4732.0 0.4855562667838827
4734.0 0.47342315918337774
4736.0 0.47140914629237207
4738.0 0.47194991551472965
4740.0 0.4609234411025476
4742.0 0.45112347468681474
4744.0 0.4473214170908711
4746.0 0.44096079830435564
4748.0 0.4350273460312611
4750.0 0.4250644887887407
4752.0 0.4188154933383627
4754.0 0.41100451322741743
4756.0 0.40097152304716216
4758.0 0.39380540346465437
4760.0 0.38626870050988954
4762.0 0.3779449308086051
4764.0 0.3739476927656516
4766.0 0.3680484112386248
4768.0 0.36471600266085136
4770.0 0.3591281274229163
4772.0 0.3533034555545241
4774.0 0.35189890050011197
4776.0 0.3508672190707121
4778.0 0.34621753756300305
4780.0 0.3497795799325162
4782.0 0.34489808255474463
4784.0 0.3440915110375528
4786.0 0.34541118632426515
4788.0 0.34533124975063273
4790.0 0.3410360249989258
4792.0 0.3471692373636539
4794.0 0.34833739330666386
4796.0 0.34635062225022767
4798.0 0.352951061348389
4800.0 0.3588202316617955
4802.0 0.3618839713490199
4804.0 0.3661056824732229
4806.0 0.3768574643502648
4808.0 0.39137195982895295
4810.0 0.4006963996651982
4812.0 0.41414670497762746
4814.0 0.4248233019596011
4816.0 0.4366849785727385
4818.0 0.44972716262998924
4820.0 0.46922791673058173
4822.0 0.47798157299561067
4824.0 0.4892982379944613
4826.0 0.49870575376608595
4828.0 0.5049924696825947
4830.0 0.5115841374627998
4832.0 0.5171878030441034
4834.0 0.5213291042304974
4836.0 0.527250605387537
4838.0 0.5327996728036593
4840.0 0.5394837923387399
4842.0 0.5406843864766991
4844.0 0.5431668207716496
4846.0 0.5454849111444016
4848.0 0.5503639921581388
4850.0 0.5517792118079262
4852.0 0.5502678028257423
4854.0 0.5457046488255309
4856.0 0.5438325722172724
4858.0 0.5445117010250096
4860.0 0.5440806434701293
4862.0 0.5433092194666399
4864.0 0.5390089680706915
4866.0 0.5389336421535961
4868.0 0.5332524737571868
4870.0 0.5284256133751966
4872.0 0.5284630809487203
4874.0 0.533881980553239
4876.0 0.5371345097144339
4878.0 0.5382279757355123
4880.0 0.5410417555747065
4882.0 0.5489871727986495
4884.0 0.5536445490075838
4886.0 0.5582048860026726
4888.0 0.5701416601285361
4890.0 0.5838518595217994
4892.0 0.5985721821865991
4894.0 0.6103264497331948
4896.0 0.623857827409363
4898.0 0.6412961329706391
4900.0 0.654326814984095
4902.0 0.6665571503107846
4904.0 0.6811264229023491
4906.0 0.6962264998481293
4908.0 0.7058323857505914
4910.0 0.7112247159121983
4912.0 0.7186642417203388
4914.0 0.7223683792448534
4916.0 0.722499934259746
4918.0 0.7218278960161804
4920.0 0.7198127594054557
4922.0 0.7127400324634512
4924.0 0.7086162920821196
4926.0 0.701586768766843
4928.0 0.6903189143593195
4930.0 0.6846703910390063
4932.0 0.6760933805044388
4934.0 0.6664007360145838
4936.0 0.6588959376743171
4938.0 0.645250950396756
4940.0 0.6333578499755336
4942.0 0.6265534163963269
4944.0 0.6131050520580007
4946.0 0.6033649093397769
4948.0 0.593325919071582
4950.0 0.5778737898208888
4952.0 0.5664603304746293
4954.0 0.5551114230481463
4956.0 0.543944999840661
4958.0 0.5324236733831279
4960.0 0.5244765251510421
4962.0 0.5161266058403206
4964.0 0.5072887976016665
4966.0 0.5000743198135641
4968.0 0.49437629306363406
4970.0 0.48855614375879297
4972.0 0.4849949815053988
4974.0 0.48214113917716717
4976.0 0.48074412603906136
4978.0 0.4813705162258555
4980.0 0.47786366060714874
4982.0 0.48460220474987875
4984.0 0.4968024824525911
4986.0 0.5045996729844008
4988.0 0.5130787332163416
4990.0 0.521538638556388
4992.0 0.5359032832944369
4994.0 0.5419272437011476
4996.0 0.5497912196221472
4998.0 0.5595676579813971
5000.0 0.5677485120158053
5002.0 0.5771922579139367
5004.0 0.5858788435532368
5006.0 0.5901200763297254
5008.0 0.5963519965396736
5010.0 0.6003111805112639
5012.0 0.6040586179075011
5014.0 0.6081785604861644
5016.0 0.6140773121385247
5018.0 0.6160904086339393
5020.0 0.618136723570493
5022.0 0.62373002726727
5024.0 0.6293564407966905
5026.0 0.627288861372203
5028.0 0.6313762599502422
5030.0 0.6365490534770608
5032.0 0.6399406244545176
5034.0 0.6413211808663092
5036.0 0.6439007858037451
5038.0 0.6468088995385385
5040.0 0.6481861480065744
5042.0 0.6481672674723203
5044.0 0.6421095285211549
5046.0 0.6284391160399219
5048.0 0.6224927149325271
5050.0 0.6169475296285665
5052.0 0.6025619624944021
5054.0 0.594596032012958
5056.0 0.5856218546271973
5058.0 0.577433774982342
5060.0 0.5714562893107709
5062.0 0.5655471933560937
5064.0 0.554108786184156
5066.0 0.5466208370102649
5068.0 0.5372271705449447
5070.0 0.522747292850278
5072.0 0.51451360833796
5074.0 0.5045884833091646
5076.0 0.4925452725859602
5078.0 0.48255812748582005
5080.0 0.4758184680149439
5082.0 0.4715685572400394
5084.0 0.461935447480138
5086.0 0.447473173079494
5088.0 0.4439562417274164
5090.0 0.4387323061826114
5092.0 0.4307737361668343
5094.0 0.422637868560556
5096.0 0.41532535146969307
5098.0 0.40512306926953173
5100.0 0.39687224520157677
5102.0 0.3874799100280367
5104.0 0.3750308304154786
5106.0 0.3670753845000067
5108.0 0.3574601794037432
5110.0 0.3503312581397661
5112.0 0.3472336298847998
5114.0 0.34431141493960343
5116.0 0.34326716092821347
5118.0 0.34466891083771684
5120.0 0.348393682689531
5122.0 0.3490514233008067
5124.0 0.3566488621405041
5126.0 0.36285989641380023
5128.0 0.3650883482777836
5130.0 0.3725094118054385
5132.0 0.37599226318062207
5134.0 0.387966418699385
5136.0 0.39719118048073737
5138.0 0.40246287130650443
5140.0 0.4129223690385979
5142.0 0.42338176725939075
5144.0 0.431341885161141
5146.0 0.4435552365516728
5148.0 0.45274505933498566
5150.0 0.4620875963371886
5152.0 0.4767977080298547
5154.0 0.4884857359498645
5156.0 0.4985083448068117
5158.0 0.5066397660969917
5160.0 0.5153777268446397
5162.0 0.5245791580448543
5164.0 0.5364528165864669
5166.0 0.5426424849531153
5168.0 0.5455764695805213
5170.0 0.5455044872171981
5172.0 0.5465958860105158
5174.0 0.5500861691381562
5176.0 0.5470216729210796
5178.0 0.5423838366422259
5180.0 0.5452795013311635
5182.0 0.5451382585989221
5184.0 0.541323904632914
5186.0 0.537844980149607
5188.0 0.5377796726266293
5190.0 0.5408627203332794
5192.0 0.539960768185532
5194.0 0.5441480446454724
5196.0 0.5467111266554542
5198.0 0.5469866542708764
5200.0 0.5526543800270758
5202.0 0.5571974733220298
5204.0 0.5545529109188072
5206.0 0.5504279551361191
5208.0 0.5509851380430345
5210.0 0.5496580784367612
5212.0 0.5471214143407431
5214.0 0.5467652073766408
5216.0 0.5408857653922029
5218.0 0.5369481428516117
5220.0 0.5314839761368796
5222.0 0.5219902585738171
5224.0 0.5146040572007299
5226.0 0.5123773084786925
5228.0 0.5070216085485234
5230.0 0.507197749920997
5232.0 0.5068253728062281
5234.0 0.5045004602084797
5236.0 0.509730439428644
5238.0 0.5113524192459694
5240.0 0.5171972192635979
5242.0 0.5237462041962727
5244.0 0.5277256351986537
5246.0 0.5370762927063061
5248.0 0.5357407780646001
5250.0 0.5358131024680027
5252.0 0.542186697142336
5254.0 0.5463255907928455
5256.0 0.546852049508905
5258.0 0.5392685702870365
5260.0 0.5370403590899
5262.0 0.5344148153665595
5264.0 0.5318222169789902
5266.0 0.5268931582146527
5268.0 0.523615456515942
5270.0 0.5235981277554249
5272.0 0.5227068249717822
5274.0 0.5201114763559285
5276.0 0.5184120750508302
5278.0 0.5186684503066031
5280.0 0.5196497151563113
5282.0 0.5210137205642272
5284.0 0.5259471994945887
5286.0 0.5313428112067656
5288.0 0.5396000814062119
5290.0 0.5439336582099575
5292.0 0.5511840880684238
5294.0 0.55412878163266
5296.0 0.5577095537655078
5298.0 0.5665840620851885
5300.0 0.5749188062860949
5302.0 0.579633328875499
5304.0 0.5852362716179198
5306.0 0.593132687889051
5308.0 0.5927914749622358
5310.0 0.5946553161945872
5312.0 0.5987340495659119
5314.0 0.6008734987740318
5316.0 0.5978411036552806
5318.0 0.6056082539945333
5320.0 0.6088095749618415
5322.0 0.6022556600366518
5324.0 0.6023411302449234
5326.0 0.6002837773620691
5328.0 0.5993779242887793
5330.0 0.6019915319125397
5332.0 0.6053210403750798
5334.0 0.6032402158124556
5336.0 0.6023302071377695
5338.0 0.6047927462155426
5340.0 0.6045291551204109
5342.0 0.6085517462571204
5344.0 0.6084489585433374
5346.0 0.6079835923757416
5348.0 0.6094970489128133
5350.0 0.607898394059079
5352.0 0.6088545163346659
5354.0 0.6071569313719671
5356.0 0.6041134299032631
5358.0 0.6018880058368254
5360.0 0.6005387970873171
5362.0 0.5988941800655034
5364.0 0.5929710943703292
5366.0 0.5890338168512841
5368.0 0.5877840013381177
5370.0 0.5864285806442923
5372.0 0.5835549351885033
5374.0 0.5829136656964342
5376.0 0.5809456341877507
5378.0 0.5784477985416707
5380.0 0.5733034805464143
5382.0 0.570995700499681
5384.0 0.5729768270079479
5386.0 0.5772633721586182
5388.0 0.5789382201773814
5390.0 0.582063891816677
5392.0 0.5848065617411758
5394.0 0.5843247144524301
5396.0 0.5883425180574008
5398.0 0.5915257751084683
5400.0 0.5916287107768583
5402.0 0.5925771136800804
5404.0 0.5928628097997685
5406.0 0.5962306243522418
5408.0 0.5987034716000004
5410.0 0.6036171155175901
5412.0 0.6082454354135376
5414.0 0.606863907805401
5416.0 0.6045672151029539
5418.0 0.6038077274451348
5420.0 0.6022334648344851
5422.0 0.6015362888857713
5424.0 0.6008117980114184
5426.0 0.5997907470612965
5428.0 0.5986724326516141
5430.0 0.5936714459678858
5432.0 0.5906842760239687
5434.0 0.5917772775142494
5436.0 0.5917421523505036
5438.0 0.5881236880265275
5440.0 0.5896654398986425
5442.0 0.5863617132712535
5444.0 0.5793376617026064
5446.0 0.5709763333225351
5448.0 0.5712955949789649
5450.0 0.5696134792222334
5452.0 0.5642559514379253
5454.0 0.5578924411262478
5456.0 0.5591023777399695
5458.0 0.5585005208680753
5460.0 0.5520607255328628
5462.0 0.5454394477429682
5464.0 0.5421440553655694
5466.0 0.5344481898431502
5468.0 0.5304486143225392
5470.0 0.5270546623460527
5472.0 0.5163326725266931
5474.0 0.5120336427519336
5476.0 0.511166194607072
5478.0 0.5077290221216203
5480.0 0.5024851503397936
5482.0 0.5035438770241137
5484.0 0.5015762890052046
5486.0 0.5025689923449344
5488.0 0.5017117224889682
5490.0 0.5090653459481147
5492.0 0.5145932337437509
5494.0 0.523455100410013
5496.0 0.5286496875453338
5498.0 0.5317424613258013
5500.0 0.5412923309366516
5502.0 0.5455478880299043
5504.0 0.5496881422363228
5506.0 0.5622894076648539
5508.0 0.5687095448537345
5510.0 0.5748645583548427
5512.0 0.5802597231755429
5514.0 0.5865170481118704
5516.0 0.5922567905524123
5518.0 0.5990236206171767
5520.0 0.6032949401467
5522.0 0.6033961405619643
5524.0 0.6084113347710687
5526.0 0.6081838499786703
5528.0 0.6040053356909221
5530.0 0.6034877600446183
5532.0 0.6072585492483166
5534.0 0.609846579263626
5536.0 0.6039928981815634
5538.0 0.6037390760675841
5540.0 0.5987599275722902
5542.0 0.5919130983951995
5544.0 0.5842725461312704
5546.0 0.5750398161368051
5548.0 0.575371442821029
5550.0 0.5830283317657472
5552.0 0.5856720123369082
5554.0 0.5826014257411163
5556.0 0.5727430693902898
5558.0 0.5650331293434486
5560.0 0.559182816375252
5562.0 0.555758842100425
5564.0 0.5495630956545866
5566.0 0.545106184666133
5568.0 0.5432124314918692
5570.0 0.5349303280229241
5572.0 0.5344290015084406
5574.0 0.5316859057003833
5576.0 0.5329285173346803
5578.0 0.5280767990508505
5580.0 0.5235164556941958
5582.0 0.5202317933285315
5584.0 0.5148932318752317
5586.0 0.5084346573220607
5588.0 0.5043798023699488
5590.0 0.49914256111525523
5592.0 0.4954495298919235
5594.0 0.4889954791555786
5596.0 0.4854139327268926
5598.0 0.480299795402654
5600.0 0.4710958784738333
5602.0 0.46849536754324006
5604.0 0.4640639768953831
5606.0 0.45582826780750696
5608.0 0.4500821386719362
5610.0 0.4459487226888454
5612.0 0.4431549038226128
5614.0 0.4422404754834186
5616.0 0.43909118229930294
5618.0 0.43624337967931615
5620.0 0.437320683260652
5622.0 0.4416527140622544
5624.0 0.4441932756949118
5626.0 0.4469334319679082
5628.0 0.4544530055033446
5630.0 0.4606237714599588
5632.0 0.4627975154874098
5634.0 0.4657009494533935
5636.0 0.473407350713284
5638.0 0.47852420589235445
5640.0 0.4839972368784027
5642.0 0.49286683873773846
5644.0 0.49738573064055713
5646.0 0.5041376039550036
5648.0 0.5110720574935415
5650.0 0.5125503015970561
5652.0 0.515687866008624
5654.0 0.5207364717564122
5656.0 0.5247556050837696
5658.0 0.5255099567528455
5660.0 0.5272950673545213
5662.0 0.5271677478072696
5664.0 0.5280979677719511
5666.0 0.5279421712885042
5668.0 0.5262257958913582
5670.0 0.5271439177172205
5672.0 0.5273250005229266
5674.0 0.5253080143707054
5676.0 0.5242471434133255
5678.0 0.5235941848243768
5680.0 0.5208143159623552
5682.0 0.5217541470899225
5684.0 0.521096490805688
5686.0 0.51748692142195
5688.0 0.5122355582941117
5690.0 0.5086603210590083
5692.0 0.5049342552165951
5694.0 0.5047828548629818
5696.0 0.49892718405056696
5698.0 0.49473546254300055
5700.0 0.4994716134572213
5702.0 0.5004297900121221
5704.0 0.5031326614696658
5706.0 0.5027471777530302
5708.0 0.4979380573270656
5710.0 0.49499816875299335
5712.0 0.4998298268933039
5714.0 0.49917891246520785
5716.0 0.4981531764787306
5718.0 0.49605307951940675
5720.0 0.49660462997870114
5722.0 0.4970802955618855
5724.0 0.49869198050748276
5726.0 0.49701174088315664
5728.0 0.4960607073532962
5730.0 0.49852284130296365
5732.0 0.4954936921705441
5734.0 0.49536463124968944
5736.0 0.4944317215313666
5738.0 0.48813952045292275
5740.0 0.48776111984579396
5742.0 0.48441886045323346
5744.0 0.48011971973212164
5746.0 0.4799482185489294
5748.0 0.4781894382025639
5750.0 0.4772050569079855
5752.0 0.4746353213509588
5754.0 0.4717644011839408
5756.0 0.4679533431101096
5758.0 0.46269643487789297
5760.0 0.4571389565883373
5762.0 0.45427104709582006
5764.0 0.4503047359304464
5766.0 0.44397377562176554
5768.0 0.4414218357167353
5770.0 0.43823268860076026
5772.0 0.4305638752455944
5774.0 0.4254398787128237
5776.0 0.4218795480978137
5778.0 0.4193742778308633
5780.0 0.4110739354648053
5782.0 0.40502172284477334
5784.0 0.3986479816377266
5786.0 0.39697693063096456
5788.0 0.3936688822856204
5790.0 0.38761495886261926
5792.0 0.3810043722176411
5794.0 0.3741954755491574
5796.0 0.3670459874235201
5798.0 0.3595600179406199
5800.0 0.3525532931649071
5802.0 0.3463006553641121
5804.0 0.34136563999489455
5806.0 0.33616092349529614
5808.0 0.3313547403227259
5810.0 0.32494038247094204
5812.0 0.3197398049931171
5814.0 0.31605768163231235
5816.0 0.3122395431890535
5818.0 0.3073686994459829
5820.0 0.30503379339014014
5822.0 0.30117035448962093
5824.0 0.29917964885245324
5826.0 0.29729962908941854
5828.0 0.29683372136606906
5830.0 0.29786017606258436
5832.0 0.2992169784843898
5834.0 0.30600411130480326
5836.0 0.3141428425022459
5838.0 0.3188499020824764
5840.0 0.32800155056659713
5842.0 0.33342708897208756
5844.0 0.3436290515450063
5846.0 0.35959604626333436
5848.0 0.37170727444769797
5850.0 0.38286039634513996
5852.0 0.393036881942291
5854.0 0.41037362677409206
5856.0 0.42371296395696817
5858.0 0.43537443802143194
5860.0 0.4452307630014814
5862.0 0.4526224846911039
5864.0 0.4592754670154127
5866.0 0.4665633977636876
5868.0 0.4751667787740148
5870.0 0.47978239095734243
5872.0 0.4874832747041571
5874.0 0.495910382929782
5876.0 0.5035576423950362
5878.0 0.5091411002000816
5880.0 0.51475735948996
5882.0 0.5187797749101662
5884.0 0.5247653175299182
5886.0 0.5311483012729247
5888.0 0.5376681216067881
5890.0 0.5402450178690787
5892.0 0.5427241247400981
5894.0 0.5476703537698193
5896.0 0.5532411203620718
5898.0 0.5594414583829979
5900.0 0.5616734473148223
5902.0 0.5656689223499188
5904.0 0.5729380339104928
5906.0 0.5765408373820521
5908.0 0.5777084583998673
5910.0 0.5840496414197272
5912.0 0.5868529213141978
5914.0 0.5894770317678579
5916.0 0.5925510834066546
5918.0 0.5949459377997148
5920.0 0.5909065644963364
5922.0 0.5901345331728152
5924.0 0.5894085599259996
5926.0 0.5851369411699127
5928.0 0.5798896387923645
5930.0 0.5749617461174684
5932.0 0.5743288344195226
5934.0 0.5701084790381122
5936.0 0.5661525726649353
5938.0 0.5629030557919877
5940.0 0.5579648729566502
5942.0 0.5534165641965386
5944.0 0.5515246262817782
5946.0 0.5512508128690227
5948.0 0.5466793997351909
5950.0 0.5426326196844543
5952.0 0.5372094581983373
5954.0 0.5327927419963988
5956.0 0.5344265548892851
5958.0 0.5367449496100031
5960.0 0.5335317612745838
5962.0 0.5318102333505889
5964.0 0.5295826020838689
5966.0 0.524835764731073
5968.0 0.521995310865291
5970.0 0.5260513510808076
5972.0 0.5247843129992137
5974.0 0.522659427433695
5976.0 0.5209954299113678
5978.0 0.518674419981771
5980.0 0.5175343739511798
5982.0 0.5156455181464086
5984.0 0.5163931936532432
5986.0 0.5156296602335794
5988.0 0.5159151061946746
5990.0 0.5148985950167811
5992.0 0.5119233507089437
5994.0 0.5100943073534421
5996.0 0.5076199267867562
5998.0 0.5078016422510527
6000.0 0.5061487850965377
6002.0 0.5040802854386403
6004.0 0.5004873150088656
6006.0 0.5023548501721454
6008.0 0.49948343433083575
6010.0 0.49623277778067865
6012.0 0.4932673698430391
6014.0 0.49118439912903106
6016.0 0.48908181315831223
6018.0 0.4886678263262815
6020.0 0.4882813032064415
6022.0 0.48806453605837635
6024.0 0.48647741975418846
6026.0 0.48490065674507216
6028.0 0.48389236970052424
6030.0 0.48432424065778895
6032.0 0.48363148554609103
6034.0 0.48044625507298633
6036.0 0.48179413365081875
6038.0 0.47989102712936116
6040.0 0.47754111013575157
6042.0 0.47993374801427346
6044.0 0.4784081198353404
6046.0 0.4781405268935171
6048.0 0.47596135675667123
6050.0 0.47631033574309267
6052.0 0.47651371224583255
6054.0 0.47671974805052
6056.0 0.4759250256426175
6058.0 0.4740931467919263
6060.0 0.4740682044024099
6062.0 0.47201007117922694
6064.0 0.4660499397231901
6066.0 0.4672918913293288
6068.0 0.46834351180629397
6070.0 0.4639131002296683
6072.0 0.4600585098851955
6074.0 0.45836484551998713
6076.0 0.458616122966098
6078.0 0.4572067069866889
6080.0 0.4557719130082079
6082.0 0.45164344388442973
6084.0 0.4466087042224666
6086.0 0.4440236938395733
6088.0 0.43898893307382414
6090.0 0.43773811304359217
6092.0 0.4359370669850285
6094.0 0.43451222940199535
6096.0 0.4371143590680478
6098.0 0.43949370488873524
6100.0 0.4398792714437185
6102.0 0.44218785666781824
6104.0 0.4454377276204264
6106.0 0.44584906111951234
6108.0 0.44802948505921464
6110.0 0.451881319604171
6112.0 0.45455663646123845
6114.0 0.4570088990584073
6116.0 0.4591729240735808
6118.0 0.4680524375916255
6120.0 0.4728899772812449
6122.0 0.47673706235281
6124.0 0.4811549464725716
6126.0 0.4827661042631341
6128.0 0.488239503646037
6130.0 0.49173872177322064
6132.0 0.4899656806484523
6134.0 0.4930385370229527
6136.0 0.49403375326799803
6138.0 0.4935213833545455
6140.0 0.4990697238097147
6142.0 0.5032090099999865
6144.0 0.5034427436096383
6146.0 0.5017877416818737
6148.0 0.4999809669736265
6150.0 0.4987908213715884
6152.0 0.4970961773304327
6154.0 0.498158537759057
6156.0 0.49896166409785087
6158.0 0.4983177544392328
6160.0 0.4914560105520199
6162.0 0.486174680462805
6164.0 0.4816192265109291
6166.0 0.47709071120421004
6168.0 0.4758770315035087
6170.0 0.47557693890260716
6172.0 0.4746064841020104
6174.0 0.4721392860255115
6176.0 0.4627188617694731
6178.0 0.4573429591228191
6180.0 0.4525620082706078
6182.0 0.45043946117689365
6184.0 0.4454207158447447
6186.0 0.4450215907209614
6188.0 0.4375474497787674
6190.0 0.43475381300121296
6192.0 0.4360374702435191
6194.0 0.43539724094833143
6196.0 0.43658247761662194
6198.0 0.435107429827748
6200.0 0.4365362628770449
6202.0 0.4376898575931001
6204.0 0.4370893752858983
6206.0 0.4379495873842431
6208.0 0.442434111391068
6210.0 0.447853210490629
6212.0 0.4516485292909025
6214.0 0.45567814731974643
6216.0 0.4550005588257679
6218.0 0.46056951420661385
6220.0 0.4653140129685712
6222.0 0.4706233041733714
6224.0 0.4739107744145612
6226.0 0.47539127694834854
6228.0 0.4795711296642075
6230.0 0.48068075295708784
6232.0 0.48008498246456005
6234.0 0.4829173170976639
6236.0 0.48308589427500837
6238.0 0.48267432837251
6240.0 0.4820434954653463
6242.0 0.48363919550506784
6244.0 0.480920096795113
6246.0 0.480220834656229
6248.0 0.48100310383600375
6250.0 0.4783465304290845
6252.0 0.4761032065287825
6254.0 0.47335928715810954
6256.0 0.47392662958223475
6258.0 0.47770602425408665
6260.0 0.47563904516510314
6262.0 0.47376473285913534
6264.0 0.470524506333188
6266.0 0.46618263294886547
6268.0 0.4640143779757681
6270.0 0.45976134200742963
6272.0 0.4578533514777633
6274.0 0.4557318046461425
6276.0 0.45518889218613623
6278.0 0.45207798860412324
6280.0 0.4539047734362949
6282.0 0.4532603284271874
6284.0 0.4529477533924552
6286.0 0.4535872705477801
6288.0 0.4497411947526201
6290.0 0.44605825774928926
6292.0 0.445846298898229
6294.0 0.44659930157250216
6296.0 0.44175021488964056
6298.0 0.4412675336139096
6300.0 0.43959307448898266
6302.0 0.4339061741589821
6304.0 0.4333946443545052
6306.0 0.4331380156967609
6308.0 0.4305079339754865
6310.0 0.429860896141251
6312.0 0.42436444706166593
6314.0 0.4214213881534202
6316.0 0.42095923374258054
6318.0 0.4194622214682774
6320.0 0.4174991341869251
6322.0 0.4149951242715902
6324.0 0.412600136968327
6326.0 0.4052736038843411
6328.0 0.4003886158062452
6330.0 0.3922498250450409
6332.0 0.3883164795949453
6334.0 0.3836490656653753
6336.0 0.3788300136867842
6338.0 0.3709491544466255
6340.0 0.3647001081695461
6342.0 0.3580479742579777
6344.0 0.35037249093741957
6346.0 0.34347615155074074
6348.0 0.33898075144061307
6350.0 0.3388307172166826
6352.0 0.3384341746003915
6354.0 0.33715468245944863
6356.0 0.33618069807760065
6358.0 0.3350094350822702
6360.0 0.33020434914537256
6362.0 0.3277296677741746
6364.0 0.32621064111078746
6366.0 0.32275909961923943
6368.0 0.32147562996560897
6370.0 0.32163972957017506
6372.0 0.3166999999806867
6374.0 0.3150794789433422
6376.0 0.31461922601162196
6378.0 0.317190773334365
6380.0 0.31563791501674004
6382.0 0.31399113835798936
6384.0 0.31339611461092937
6386.0 0.30925486332886637
6388.0 0.3065857212683851
6390.0 0.3032288635236834
6392.0 0.2984089541387224
6394.0 0.29482690246889787
6396.0 0.29141828019705246
6398.0 0.28866850137077704
6400.0 0.285557349971724
6402.0 0.2811377001628027
6404.0 0.27789155931145776
6406.0 0.2772362814499055
6408.0 0.2749348286331414
6410.0 0.2727140124696006
6412.0 0.26949933898538364
6414.0 0.2638158682063121
6416.0 0.2613580647483608
6418.0 0.2581304929054811
6420.0 0.2543577599412874
6422.0 0.2510278735167333
6424.0 0.24810103759394775
6426.0 0.2445576576053174
6428.0 0.2429503664945386
6430.0 0.24131524922787698
6432.0 0.23676752145102187
6434.0 0.2350386867847676
6436.0 0.23258179392727715
6438.0 0.2291892747032475
6440.0 0.22979038652962358
6442.0 0.22736311264890938
6444.0 0.22440064535899115
6446.0 0.22470633159312844
6448.0 0.2242971538037722
6450.0 0.23040162482946197
6452.0 0.2368138302676521
6454.0 0.2426142056968459
6456.0 0.2462562926604967
6458.0 0.25341809338978144
6460.0 0.26069752287020315
6462.0 0.27000947815475906
6464.0 0.2756959674225717
6466.0 0.2816404624990495
6468.0 0.2943364494057228
6470.0 0.3058037196205213
6472.0 0.32152021982929685
6474.0 0.3330944748810862
6476.0 0.3438242370931944
6478.0 0.36228707957487744
6480.0 0.3758929525539189
6482.0 0.3900895292846476
6484.0 0.40953749392852107
6486.0 0.42512817669658765
6488.0 0.4430555589717773
6490.0 0.4649040455101131
6492.0 0.4852114424778387
6494.0 0.5042347288416643
6496.0 0.5276936790369312
6498.0 0.5506628473250303
6500.0 0.5717827683828459
6502.0 0.6032680301475819
6504.0 0.6322609722298329
6506.0 0.6513840210494635
6508.0 0.6856449433772223
6510.0 0.7103548909294609
6512.0 0.7316743470099996
6514.0 0.7677043447862395
6516.0 0.7898294480471401
6518.0 0.8135852274635187
6520.0 0.8554197218938436
6522.0 0.8803268913169261
6524.0 0.9032197396547498
6526.0 0.9291314384803098
6528.0 0.9437606988762051
6530.0 0.9668049219976064
6532.0 0.9976490548374011
6534.0 0.9981453264098596
6536.0 0.9994745768052017
6538.0 1.0
6540.0 0.9970422450054086
6542.0 0.9929715458244807
6544.0 0.9916612724295748
6546.0 0.9905740610017844
6548.0 0.9872714291360756
6550.0 0.9842825602743435
6552.0 0.9823761113128571
6554.0 0.9796931699157344
6556.0 0.97681655852814
6558.0 0.9738739364628047
6560.0 0.9693751071368535
6562.0 0.965399733062172
6564.0 0.9685020832112677
6566.0 0.9705300397716027
6568.0 0.9621263123765229
6570.0 0.9516560413709995
6572.0 0.943066090463543
6574.0 0.9364729781172351
6576.0 0.9342712180949643
6578.0 0.9273537307985567
6580.0 0.9196187012295304
6582.0 0.9150963942179822
6584.0 0.9118998946796623
6586.0 0.9095330658067085
6588.0 0.904876360698657
6590.0 0.8959454329224419
6592.0 0.888546621367106
6594.0 0.8824762474831519
6596.0 0.8775088983272433
6598.0 0.8658135076421433
6600.0 0.859006907058336
6602.0 0.8441304818056498
6604.0 0.8305417324337577
6606.0 0.8193939176494829
6608.0 0.8090325596516222
6610.0 0.7931850979357398
6612.0 0.783643101484122
6614.0 0.7692220316081372
6616.0 0.75896038178727
6618.0 0.7496388737587781
6620.0 0.7337640270432139
6622.0 0.7258175414941371
6624.0 0.7160700668375202
6626.0 0.7000585359606907
6628.0 0.6911523295959512
6630.0 0.6833599854327144
6632.0 0.6722968608930622
6634.0 0.6597418575311195
6636.0 0.6503103099177437
6638.0 0.6412712995453548
6640.0 0.6340746446019985
6642.0 0.6271339913514611
6644.0 0.6193693500590789
6646.0 0.6112433509417067
6648.0 0.6037262697328521
6650.0 0.5985618731503869
6652.0 0.5916158503805803
6654.0 0.5875806515297534
6656.0 0.5804886338523191
6658.0 0.5732993369807551
6660.0 0.5671235098973875
6662.0 0.5607436826853803
6664.0 0.5557331806432124
6666.0 0.5499521777927504
6668.0 0.5488937562927776
6670.0 0.5470272653717713
6672.0 0.5420067561844282
6674.0 0.5322128092727785
6676.0 0.53004007894792
6678.0 0.5281229734486537
6680.0 0.5277625171179728
6682.0 0.5235584429352153
6684.0 0.5168463076266985
6686.0 0.5092296131803836
6688.0 0.506359832440921
6690.0 0.5008438895230028
6692.0 0.49463770823767517
6694.0 0.49522021206732963
6696.0 0.48911118648696594
6698.0 0.48625032349764297
6700.0 0.4842543574101086
6702.0 0.48142825190574995
6704.0 0.47157794930926566
6706.0 0.46960308520258237
6708.0 0.4687558046940049
6710.0 0.4669653069152488
6712.0 0.462599056242163
6714.0 0.46263292470535
6716.0 0.4640747973791878
6718.0 0.4651221229991131
6720.0 0.46338359724772477
6722.0 0.4607768982425288
6724.0 0.45584457315991417
6726.0 0.45141251065640686
6728.0 0.45001118414173763
6730.0 0.4491290898696464
6732.0 0.45283470302649537
6734.0 0.4486036838754454
6736.0 0.4457222735574695
6738.0 0.43582356706302217
6740.0 0.4291386315454756
6742.0 0.42884128608436434
6744.0 0.4295075282343464
6746.0 0.4253003601903887
6748.0 0.4243192852556515
6750.0 0.42263293103590993
6752.0 0.4218820498207911
6754.0 0.4216855158179734
6756.0 0.4210666438234921
6758.0 0.4208145424110429
6760.0 0.4190124985421264
6762.0 0.41662847568762873
6764.0 0.416880814784549
6766.0 0.4166602833091615
6768.0 0.4161162532865391
6770.0 0.4154432152476688
6772.0 0.4129586958271869
6774.0 0.4122590279364884
6776.0 0.4123374509265661
6778.0 0.4115792707747354
6780.0 0.41127333566072405
6782.0 0.40919774717813134
6784.0 0.4088671483830513
6786.0 0.4083827855738854
6788.0 0.406556407330336
6790.0 0.40738834467302837
6792.0 0.4064284164630175
6794.0 0.40391540888938926
6796.0 0.40386810227838216
6798.0 0.4020910200510093
6800.0 0.40255549782370403
6802.0 0.4012852559815193
6804.0 0.40188574553895995
6806.0 0.40126882428816524
6808.0 0.40190317029006595
6810.0 0.40028512655095544
6812.0 0.39921683060054125
6814.0 0.3981981556099621
6816.0 0.395698200075404
6818.0 0.39569902305784316
6820.0 0.39560600541693075
6822.0 0.39520069891774234
6824.0 0.39287357774152915
6826.0 0.3922185057683001
6828.0 0.3949746030194043
6830.0 0.39219716627878054
6832.0 0.396976565773219
6834.0 0.3986867909093224
6836.0 0.39794351667746786
6838.0 0.3890717925894209
6840.0 0.39425269621513476
6842.0 0.3962924402388805
6844.0 0.39359948090770674
6846.0 0.39118708529664575
6848.0 0.39264811826938517
6850.0 0.3934937678065568
6852.0 0.3905507208421078
6854.0 0.39087605499988304
6856.0 0.38786236009802855
6858.0 0.3891183613201906
6860.0 0.38690495065050295
6862.0 0.3865504023247033
6864.0 0.38679218535570664
6866.0 0.3848600631944668
6868.0 0.38124192267307394
6870.0 0.38284369214493946
6872.0 0.3855913130723277
6874.0 0.38110445029233747
6876.0 0.3833462059759725
6878.0 0.38147506924283026
6880.0 0.3838396141221373
6882.0 0.3839206180325471
6884.0 0.3823175769813847
6886.0 0.38033791778905396
6888.0 0.3834606680458518
6890.0 0.3808496210178271
6892.0 0.37950047791208286
6894.0 0.37550404058856385
6896.0 0.3755202005266604
6898.0 0.38233448058880004
6900.0 0.37970444558637134
6902.0 0.37572199741638557
6904.0 0.37675884217336575
6906.0 0.37552039649781477
6908.0 0.37646578400416
6910.0 0.3732505276442132
6912.0 0.37407303132544756
6914.0 0.3754956554273578
6916.0 0.3747744054410077
6918.0 0.3744332644524412
6920.0 0.3745526025581052
6922.0 0.3738546146762214
6924.0 0.37661533003615727
6926.0 0.37578764695088185
6928.0 0.376284991311268
6930.0 0.37115335233629443
6932.0 0.3666299754669152
6934.0 0.368051252288861
6936.0 0.3679641384214104
6938.0 0.3692772665609545
6940.0 0.3679872009204212
6942.0 0.36644148513782104
6944.0 0.3668635160041692
6946.0 0.3659880174984085
6948.0 0.36451120429643896
6950.0 0.36607495370093524
6952.0 0.3628806713061605
6954.0 0.3616536554009147
6956.0 0.36408910245172654
6958.0 0.3671622668729011
6960.0 0.36976366507886416
6962.0 0.37140511494792927
6964.0 0.3695926428000324
6966.0 0.365825391498578
6968.0 0.37173757366541355
6970.0 0.3714477542749481
6972.0 0.3733779600672494
6974.0 0.37177044151660193
6976.0 0.372436733872608
6978.0 0.3728986623287371
6980.0 0.3735343008618066
6982.0 0.3705526620423538
6984.0 0.36717323529879176
6986.0 0.3649080906923853
6988.0 0.367079338427251
6990.0 0.3692944213209346
6992.0 0.37493183992158147
6994.0 0.3751090044383746
6996.0 0.3745129791820679
6998.0 0.37434113505024436
7000.0 0.3746460486439591
7002.0 0.37569385793429383
7004.0 0.37324099051014326
7006.0 0.371355035240522
7008.0 0.37204290827423653
7010.0 0.37545976795320246
7012.0 0.37472921047949564
7014.0 0.37118457117809234
7016.0 0.3714348045693554
7018.0 0.36746604531702026
7020.0 0.3665183556476081
7022.0 0.36587833694076566
7024.0 0.3650676073996877
7026.0 0.36573700788862423
7028.0 0.36690057705647605
7030.0 0.3659983222810758
7032.0 0.3659702436184394
7034.0 0.3650529420721131
7036.0 0.36379002829587676
7038.0 0.3633803502935917
7040.0 0.3663656603851446
7042.0 0.36431768057071645
7044.0 0.3657503155840618
7046.0 0.36896151572487806
7048.0 0.36769510901996977
7050.0 0.36762025010484156
7052.0 0.36554824692683563
7054.0 0.36948359489377586
7056.0 0.3738529034425524
7058.0 0.3692824748998559
7060.0 0.367262423769288
7062.0 0.36815198135226157
7064.0 0.36933411570464414
7066.0 0.37020413414830905
7068.0 0.3722143765174324
7070.0 0.3696492843165444
7072.0 0.3639495153110729
7074.0 0.36277301837807663
7076.0 0.3634007821735999
7078.0 0.36691998875792553
7080.0 0.36774442428961573
7082.0 0.36180468339664185
7084.0 0.35651061322078503
7086.0 0.35998467074902807
7088.0 0.35934821242455883
7090.0 0.35544441781292285
7092.0 0.3589942827001757
7094.0 0.36162624624027045
7096.0 0.35923652441152204
7098.0 0.35357166916915755
7100.0 0.3555629703207446
7102.0 0.3566749541225218
7104.0 0.3555063187118435
7106.0 0.356165161819911
7108.0 0.35653296648762817
7110.0 0.3574828504717452
7112.0 0.35566157356879025
7114.0 0.3566156458484462
7116.0 0.3578262098398098
7118.0 0.35927173215586056
7120.0 0.35617210603401817
7122.0 0.3547700262921847
7124.0 0.35315846119032795
7126.0 0.3533228998801476
7128.0 0.35319026281524485
7130.0 0.35194344769929503
7132.0 0.3523019392933346
7134.0 0.35192791811203133
7136.0 0.3518529610735768
7138.0 0.34980569734461125
7140.0 0.3508627946795128
7142.0 0.34991996826489724
7144.0 0.3506270052515339
7146.0 0.3499367383047189
7148.0 0.3507641948466426
7150.0 0.35365268522039794
7152.0 0.35125399583122713
7154.0 0.353709391765437
7156.0 0.35133520882516267
7158.0 0.35135427306018124
7160.0 0.3493145342745818
7162.0 0.3523604630772729
7164.0 0.3528594902893314
7166.0 0.350768121303441
7168.0 0.35143419394628383
7170.0 0.3529766239719918
7172.0 0.3496174113345344
7174.0 0.35306048776319016
7176.0 0.3562011479539452
7178.0 0.354250158299143
7180.0 0.3575501857404788
7182.0 0.35902131751554445
7184.0 0.3580972296719389
7186.0 0.3598908868842636
7188.0 0.36232624383523065
7190.0 0.36259207392515497
7192.0 0.3600685575523493
7194.0 0.3621761103993715
7196.0 0.3624284498395167
7198.0 0.36030521294141193
7200.0 0.3595619050379248
7202.0 0.36187755638777014
7204.0 0.36192240726470076
7206.0 0.3582841245972561
7208.0 0.3591905303143197
7210.0 0.3645194550870148
7212.0 0.3654876398620085
7214.0 0.3666501250621004
7216.0 0.3646238022047222
7218.0 0.36582893688037205
7220.0 0.37067084402401235
7222.0 0.36837242647723684
7224.0 0.3667032138922037
7226.0 0.3646914746117267
7228.0 0.36307899915898023
7230.0 0.3617063089846102
7232.0 0.3611161256474088
7234.0 0.35726681502931884
7236.0 0.3561667271127067
7238.0 0.357364687241726
7240.0 0.3571588513073184
7242.0 0.35695001455904485
7244.0 0.3643794208706519
7246.0 0.3639430371517781
7248.0 0.3626640242105618
7250.0 0.35844594305377486
7252.0 0.3571459267460385
7254.0 0.35874475069336303
7256.0 0.35915282291627676
7258.0 0.35779454990239656
7260.0 0.35906789390618277
7262.0 0.3579743282222557
7264.0 0.35945498099323564
7266.0 0.36066535798075056
7268.0 0.3637673672462254
7270.0 0.3662302270376628
7272.0 0.3681555535744376
7274.0 0.36570534217164613
7276.0 0.3635609166202415
7278.0 0.36712408136239627
7280.0 0.37366415625373894
7282.0 0.3754523539059178
7284.0 0.3777597709098102
7286.0 0.37533900694453154
7288.0 0.37665118952156873
7290.0 0.37505904715320376
7292.0 0.3753291662062385
7294.0 0.38044209637019505
7296.0 0.38357497419964215
7298.0 0.38381841782508896
7300.0 0.3845536712660927
7302.0 0.3857751432913606
7304.0 0.3881650248181142
7306.0 0.38838466467711513
7308.0 0.38659262227854807
7310.0 0.387568937101297
7312.0 0.38707619735353194
7314.0 0.3843717847910831
7316.0 0.3825895743279022
7318.0 0.38305934226608906
7320.0 0.3783749674772934
7322.0 0.3774979999005656
7324.0 0.37517729590954535
7326.0 0.3757448342264244
7328.0 0.3692738114909843
7330.0 0.3678190651678891
7332.0 0.3691084612693271
7334.0 0.3660984367557664
7336.0 0.36675665589504564
7338.0 0.36762174413077164
7340.0 0.367366601709366
7342.0 0.36638692352168784
7344.0 0.36192546662292396
7346.0 0.3620640064330699
7348.0 0.36106798152839353
7350.0 0.3603517125134194
7352.0 0.35648504464034486
7354.0 0.35640830836426973
7356.0 0.35612338101678576
7358.0 0.3570172751118007
7360.0 0.35652355450737067
7362.0 0.3581064870015664
7364.0 0.3573489263663031
7366.0 0.3556287599332952
7368.0 0.35102482701402526
7370.0 0.3525755758038957
7372.0 0.35409368767572136
7374.0 0.3487641775025644
7376.0 0.34599292152618616
7378.0 0.3497019630439644
7380.0 0.3527523390409399
7382.0 0.34965778394466307
7384.0 0.3487753225482687
7386.0 0.34534932596585244
7388.0 0.3433564877349219
7390.0 0.3428482649008485
7392.0 0.3393786642956559
7394.0 0.3398504178668472
7396.0 0.3395516375721656
7398.0 0.3410355209572853
7400.0 0.3405154569873037
7402.0 0.3386085700445799
7404.0 0.339146505477074
7406.0 0.3402873639219272
7408.0 0.3393383161213077
7410.0 0.3418832933937907
7412.0 0.3405350313450605
7414.0 0.34064911325980113
7416.0 0.33994240769294465
7418.0 0.3398551907571622
7420.0 0.34071437625134476
7422.0 0.34561723987339976
7424.0 0.344934228061691
7426.0 0.3444095686268683
7428.0 0.3469445792790193
7430.0 0.34781817420269245
7432.0 0.3493648293355563
7434.0 0.35081499919756937
7436.0 0.3511706737343917
7438.0 0.3501668355159169
7440.0 0.3473629738783488
7442.0 0.3489040548375388
7444.0 0.35283840153693496
7446.0 0.3498684186901389
7448.0 0.3483573164037445
7450.0 0.34722686978469847
7452.0 0.3519321501497561
7454.0 0.3541025966163846
7456.0 0.3549438935283118
7458.0 0.3516608371897157
7460.0 0.3493704646662738
7462.0 0.3473935730570989
7464.0 0.3510781773891183
7466.0 0.35154077329086053
7468.0 0.347508267698366
7470.0 0.34802192734167725
7472.0 0.3488351017528685
7474.0 0.3492425703478466
7476.0 0.348322476324761
7478.0 0.34652288323843505
7480.0 0.3434137168685668
7482.0 0.3429026680023387
7484.0 0.3425340865303462
7486.0 0.34193177378446765
7488.0 0.34143508618702256
7490.0 0.34106761522265167
7492.0 0.3404500399572512
7494.0 0.33996746626626295
7496.0 0.33960118209490187
7498.0 0.3389683057032056
7500.0 0.33849959686068015
7502.0 0.338134998682172
7504.0 0.33748657134479837
7506.0 0.3370317276814779
7508.0 0.3366675254428656
7510.0 0.33600511667151295
7512.0 0.33556486864864143
7514.0 0.33519976709711974
7516.0 0.33452327142779287
7518.0 0.3340986850195693
7520.0 0.3337317645938082
7522.0 0.33304167064689333
7524.0 0.33263250101293235
7526.0 0.3322637192708086
7528.0 0.3315601127210185
7530.0 0.331166113518259
7532.0 0.3307932317598217
7534.0 0.3300812004406595
7536.0 0.3296996424793499
7538.0 0.32931547232363345
7540.0 0.3286094807616408
7542.0 0.32823333468172655
7544.0 0.3278366766724659
7546.0 0.3271386727648416
7548.0 0.32676715115850125
7550.0 0.326353273961623
7552.0 0.3256724720744733
7554.0 0.3253009671662031
7556.0 0.32486970674947174
7558.0 0.3242064361673718
7560.0 0.3238347013094861
7562.0 0.32338622142777645
7564.0 0.32274039995775533
7566.0 0.3223682302680124
7568.0 0.32190294164256283
7570.0 0.3212743223265425
7572.0 0.3209018006997411
7574.0 0.3204196615032162
7576.0 0.31270718519951396
7578.0 0.3128144505619166
7580.0 0.31574358962270926
7582.0 0.32228483809026004
7584.0 0.3225431181790321
7586.0 0.31746724765290707
7588.0 0.317892337603265
7590.0 0.3169682475702765
7592.0 0.31507009187288404
7594.0 0.31612614650184134
7596.0 0.3151912065519233
7598.0 0.31147725332920173
7600.0 0.3132987909571002
7602.0 0.31388307352723116
7604.0 0.3127875281474922
7606.0 0.31210125672226385
7608.0 0.3113052149774882
7610.0 0.3106386390687155
7612.0 0.30924803264268697
7614.0 0.3075620672798545
7616.0 0.30777939085246925
7618.0 0.30805610864051375
7620.0 0.3088274475961467
7622.0 0.3103114564055082
7624.0 0.3094045773706158
7626.0 0.30830542765575847
7628.0 0.30578040964902375
7630.0 0.30687965491361624
7632.0 0.30647094495831523
7634.0 0.3061831148493465
7636.0 0.3067684331105289
7638.0 0.3071873878874421
7640.0 0.3039151077515152
7642.0 0.3073987278888431
7644.0 0.30976530717346906
7646.0 0.3056983180036475
7648.0 0.3086384973480193
7650.0 0.3107703846316593
7652.0 0.3122959133363341
7654.0 0.3139674309065556
7656.0 0.31532310102569705
7658.0 0.3143058506346562
7660.0 0.316478357495535
7662.0 0.3180039330776772
7664.0 0.31471454171575813
7666.0 0.3166360654922693
7668.0 0.31851979278453973
7670.0 0.31546375317243264
7672.0 0.3162042850467414
7674.0 0.319346554627183
7676.0 0.32422116904798387
7678.0 0.3230441421267932
7680.0 0.32387594315728285
7682.0 0.32707852783106767
7684.0 0.3242541381725659
7686.0 0.32077120677233356
7688.0 0.3216877074757886
7690.0 0.32200921365411095
7692.0 0.32308700583061045
7694.0 0.3240132868891787
7696.0 0.3245474925981553
7698.0 0.3223216362205198
7700.0 0.31962734798123693
7702.0 0.31749389377118986
7704.0 0.313769145815184
7706.0 0.3119338922598999
7708.0 0.30924119166433733
7710.0 0.30907480809835297
7712.0 0.3104938846837882
7714.0 0.31014180450655826
7716.0 0.30665838000981127
7718.0 0.30080191269520157
7720.0 0.2996275153113577
7722.0 0.2980841412931938
7724.0 0.29923404503478723
7726.0 0.30005274092187123
7728.0 0.3000461775015706
7730.0 0.3001991732363668
7732.0 0.2997874249567157
7734.0 0.30154650838741165
7736.0 0.30332183875780955
7738.0 0.3054905866943506
7740.0 0.30871499824923765
7742.0 0.31370163862344513
7744.0 0.31604768593328886
7746.0 0.32444340827725626
7748.0 0.32435262079341376
7750.0 0.3245707645324692
7752.0 0.32465932925083374
7754.0 0.32487329346823296
7756.0 0.3249709872802998
7758.0 0.32506420983694184
7760.0 0.3252723326133659
7762.0 0.32536900032784344
7764.0 0.3254704075910033
7766.0 0.32567226454455095
7768.0 0.32576670180245737
7770.0 0.32587664441778946
7772.0 0.32607246898013764
7774.0 0.32616482395745583
7776.0 0.3262824420086188
7778.0 0.326473187983337
7780.0 0.326562449835399
7782.0 0.326688239859828
7784.0 0.3268744783607914
7786.0 0.326959504398687
7788.0 0.3270943830370238
7790.0 0.32727542305994284
7792.0 0.32735655914916134
7794.0 0.32750124836913524
7796.0 0.32767564568588875
7798.0 0.3277538088377494
7800.0 0.32790791844840045
7802.0 0.3280758686466099
7804.0 0.3281519310886405
7806.0 0.32831371595754294
7808.0 0.3286452121523181
7810.0 0.3281583707829278
7812.0 0.32428017194803965
7814.0 0.3234077876131321
7816.0 0.32136481346181334
7818.0 0.324645845560775
7820.0 0.3228461552767269
7822.0 0.32145811444285055
7824.0 0.31987025625012855
7826.0 0.3183980025595098
7828.0 0.3195403421985905
7830.0 0.322351264735654
7832.0 0.3187439236774372
7834.0 0.31498723573458126
7836.0 0.31744460344314596
7838.0 0.3185059939065179
7840.0 0.31840454078491465
7842.0 0.3149077172744085
7844.0 0.3089130883016231
7846.0 0.30885517956348724
7848.0 0.310443051326682
7850.0 0.3160752584762889
7852.0 0.31498111797409867
7854.0 0.3121421235472332
7856.0 0.3118124068603447
7858.0 0.31401873184311696
7860.0 0.3139658205466587
7862.0 0.3106417975000744
7864.0 0.3098382238806082
7866.0 0.3097032371257482
7868.0 0.30892388964943823
7870.0 0.31000092435237214
7872.0 0.31392371865160235
7874.0 0.3166241605958735
7876.0 0.31091196668227244
7878.0 0.30973331647659613
7880.0 0.3086528686129156
7882.0 0.31613216720766296
7884.0 0.315943387220983
7886.0 0.3128216675574431
7888.0 0.3070062315710721
7890.0 0.2998262638820197
7892.0 0.30177479836551524
7894.0 0.3057558828554966
7896.0 0.3092542556323429
7898.0 0.3101513260197013
7900.0 0.3113950073931236
7902.0 0.30817706501045733
7904.0 0.3070603139859808
7906.0 0.30789272399445095
7908.0 0.30597364573082453
7910.0 0.3049907258140675
7912.0 0.30765893444250814
7914.0 0.30718951726934396
7916.0 0.30417510338592657
7918.0 0.3054333997155691
7920.0 0.305375207787179
7922.0 0.3068828271211909
7924.0 0.3084633269629383
7926.0 0.3089432163458182
7928.0 0.309189627347616
7930.0 0.30845880166237993
7932.0 0.3090767985151514
7934.0 0.30883842240359705
7936.0 0.30832625687476983
7938.0 0.30641228715642443
7940.0 0.30944290891979026
7942.0 0.30931723671330913
7944.0 0.3055642494491533
7946.0 0.3041680059635708
7948.0 0.30283557506611647
7950.0 0.30518650371540507
7952.0 0.307192015854631
7954.0 0.3043689219590204
7956.0 0.30718880533452436
7958.0 0.3076045136478715
7960.0 0.30577745201216244
7962.0 0.3035488173661483
7964.0 0.30255514780278897
7966.0 0.30419547270120495
7968.0 0.30005161054695983
7970.0 0.3034381307571225
7972.0 0.2990523346719548
7974.0 0.29842792317814104
7976.0 0.29911638866772977
7978.0 0.2983356727363422
7980.0 0.29944612596181347
7982.0 0.29698395439490427
7984.0 0.2957873446206067
7986.0 0.29892932313428844
7988.0 0.3000513863796233
7990.0 0.3014582791817926
7992.0 0.29866212703082773
7994.0 0.29946171063235927
7996.0 0.30260040286259976
7998.0 0.30536933581463066
8000.0 0.3042717704798877
8002.0 0.3009785640957826
8004.0 0.30186258776541663
8006.0 0.3010227499163623
8008.0 0.29700768561744456
8010.0 0.2999112940845685
8012.0 0.3005757187163981
8014.0 0.30004759727080155
8016.0 0.2984927486855308
8018.0 0.29982224668770624
8020.0 0.3001092605729727
8022.0 0.30040155600023605
8024.0 0.3001769795652182
8026.0 0.3005517536708145
8028.0 0.3000305428018088
8030.0 0.2983327503422913
8032.0 0.29471975440620557
8034.0 0.295487129238737
8036.0 0.2990659963783887
8038.0 0.30099495640074647
8040.0 0.3011727632508611
8042.0 0.296986848825609
8044.0 0.2965563358078395
8046.0 0.2925667335563959
8048.0 0.29332400045253254
8050.0 0.29784724803343
8052.0 0.29732403717475836
8054.0 0.2982502641355717
8056.0 0.29893824892190146
8058.0 0.2973859577850936
8060.0 0.2966402299849373
8062.0 0.296264136688841
8064.0 0.2922117195295161
8066.0 0.29207889859272806
8068.0 0.28836728517470656
8070.0 0.290820498356516
8072.0 0.28745579119991527
8074.0 0.29076689889228924
8076.0 0.2912006480590953
8078.0 0.29232417321395626
8080.0 0.2912727681879846
8082.0 0.2897007391898206
8084.0 0.2907058628440499
8086.0 0.29105171533469953
8088.0 0.28951909054732144
8090.0 0.2899641392625756
8092.0 0.2873273524411329
8094.0 0.2872570315681652
8096.0 0.28374273937149785
8098.0 0.2846779109673563
8100.0 0.28634993120183994
8102.0 0.28621344426163187
8104.0 0.2830982172065377
8106.0 0.2808133078169504
8108.0 0.28036826057606656
8110.0 0.28216880106121045
8112.0 0.2809223173331555
8114.0 0.27966562437824477
8116.0 0.28602447816756
8118.0 0.2841396535347182
8120.0 0.27842942834869144
8122.0 0.27728024762914527
8124.0 0.2809613182992457
8126.0 0.27923355472517203
8128.0 0.27789997857362975
8130.0 0.2758674300879944
8132.0 0.2753935730555885
8134.0 0.2762079854673042
8136.0 0.27597140716753765
8138.0 0.2726187083899555
8140.0 0.27121793460406507
8142.0 0.2709423053604401
8144.0 0.2716072303331122
8146.0 0.2711371207358474
8148.0 0.2723757566490892
8150.0 0.27411412088763476
8152.0 0.2732885286910212
8154.0 0.27235090198825423
8156.0 0.27346427599916284
8158.0 0.276691556211247
8160.0 0.27604932655105907
8162.0 0.27807788297456604
8164.0 0.2791579009047911
8166.0 0.27949153185503134
8168.0 0.27844187475238036
8170.0 0.2800697999525592
8172.0 0.2792584549077001
8174.0 0.2808451319585862
8176.0 0.28081631696243986
8178.0 0.28097583114859
8180.0 0.28165865040700466
8182.0 0.2813857924732372
8184.0 0.28157235580557793
8186.0 0.2866636101115352
8188.0 0.2897478424823991
8190.0 0.2881666462967564
8192.0 0.28575681473487796
8194.0 0.28798962459349153
8196.0 0.28989893303232156
8198.0 0.2918291136633971
8200.0 0.2943484802573518
8202.0 0.29369926204105884
8204.0 0.2928203570136911
8206.0 0.2850967217757956
8208.0 0.28377766017948103
8210.0 0.2812570047838209
8212.0 0.2836437267898743
8214.0 0.2855062846566934
8216.0 0.2871078232187542
8218.0 0.2914972096452205
8220.0 0.2897728458379135
8222.0 0.29130516831885567
8224.0 0.2913557643747482
8226.0 0.2873255854872141
8228.0 0.2850375681420581
8230.0 0.2872735587609745
8232.0 0.2900239760974328
8234.0 0.2872773349101856
8236.0 0.285148346591949
8238.0 0.2837098733187273
8240.0 0.28424548805149596
8242.0 0.2844468520538836
8244.0 0.28639171710119343
8246.0 0.2862580193263733
8248.0 0.2860744886906958
8250.0 0.2812846955591385
8252.0 0.2881248069672652
8254.0 0.2882934999968711
8256.0 0.2884387787682094
8258.0 0.28141497609578486
8260.0 0.2839753896826691
8262.0 0.2846627646619827
8264.0 0.2853191074911114
8266.0 0.2822550984355767
8268.0 0.28073082097075136
8270.0 0.27630902394553863
8272.0 0.2780616841226576
8274.0 0.27963714134097023
8276.0 0.27238842643669997
8278.0 0.26879106786387363
8280.0 0.26552872535949396
8282.0 0.2657062273800125
8284.0 0.2681216603745268
8286.0 0.2716342654132449
8288.0 0.2643534502835049
8290.0 0.26019472880155137
8292.0 0.258142926879353
8294.0 0.25966272763563447
8296.0 0.25917466453589016
8298.0 0.2577867427208078
8300.0 0.25298274755305206
8302.0 0.2506933435190773
8304.0 0.25351948817695935
8306.0 0.262622426699938
8308.0 0.26454854918743365
8310.0 0.263475080755304
8312.0 0.2556816684573272
8314.0 0.25540987193576187
8316.0 0.25691620752388744
8318.0 0.2541506408675821
8320.0 0.25259916464165233
8322.0 0.2492166487540246
8324.0 0.24584996480524152
8326.0 0.24315563139609772
8328.0 0.23717037059850068
8330.0 0.23554203759495906
8332.0 0.2346116035967518
8334.0 0.2335362833525362
8336.0 0.2293251242033636
8338.0 0.22818832419731086
8340.0 0.2274899745147963
8342.0 0.22047742177168794
8344.0 0.21617565798033997
8346.0 0.2074704562359173
8348.0 0.20572794798246685
8350.0 0.20509157876960954
8352.0 0.1993495839541101
8354.0 0.19369929211461598
8356.0 0.19178938603669743
8358.0 0.19825087392493973
8360.0 0.19525519828155496
8362.0 0.19295925618236992
8364.0 0.18506981287170268
8366.0 0.18152001257907133
8368.0 0.17741690669401075
8370.0 0.1704887638623713
8372.0 0.16563208335676785
8374.0 0.16566325071117963
8376.0 0.1606040502302737
8378.0 0.15948570978054344
8380.0 0.15853039591769585
8382.0 0.15426107575090836
8384.0 0.14871079619441588
8386.0 0.14373882574720753
8388.0 0.14480427004185542
8390.0 0.1444843175868232
8392.0 0.14357216908785736
8394.0 0.14589276034872017
8396.0 0.1491989432334526
8398.0 0.15122946821255812
8400.0 0.14927079879314295
8402.0 0.14833801294831883
8404.0 0.14957519189586127
8406.0 0.15168668857950746
8408.0 0.1571143333956388
8410.0 0.1604440192274523
8412.0 0.1585579516346096
8414.0 0.1607054181557425
8416.0 0.16391308466226062
8418.0 0.16709367750972196
8420.0 0.1698195947913576
8422.0 0.17117120178714315
8424.0 0.16783645071389
8426.0 0.1683937833012384
8428.0 0.16753472482995274
8430.0 0.171824410890283
8432.0 0.1737646502364006
8434.0 0.17473904776577978
8436.0 0.1809234237082635
8438.0 0.18288946335693393
8440.0 0.1845632181655368
8442.0 0.1837515883825388
8444.0 0.18651676499320163
8446.0 0.1902653948386582
8448.0 0.19035675198137478
8450.0 0.19234454111647167
8452.0 0.1965308487864949
8454.0 0.20500745101326523
8456.0 0.20643949301977627
8458.0 0.20748677771456747
8460.0 0.21315610844545707
8462.0 0.2184702975749781
8464.0 0.22479597645032617
8466.0 0.22730178938103057
8468.0 0.22873332262210055
8470.0 0.22929289175494016
8472.0 0.22954514660904404
8474.0 0.23340317074333336
8476.0 0.2400153834311877
8478.0 0.24388505139385652
8480.0 0.24859105611857266
8482.0 0.2564437939637948
8484.0 0.2561919407643795
8486.0 0.2557500423372002
8488.0 0.2592849841030005
8490.0 0.2642999118811303
8492.0 0.2646031041133543
8494.0 0.2654954904512718
8496.0 0.2669197986930714
8498.0 0.26967414011571744
8500.0 0.27598973855846437
8502.0 0.27958456376812085
8504.0 0.2835477316762477
8506.0 0.2927208952087791
8508.0 0.29522967959036756
8510.0 0.29769625071855677
8512.0 0.3038744879556254
8514.0 0.3035379568188214
8516.0 0.3042398594144825
8518.0 0.3082710382802456
8520.0 0.3050401524354753
8522.0 0.30205413580581125
8524.0 0.29826803271906605
8526.0 0.29769781250295535
8528.0 0.29650949767728835
8530.0 0.297785706253979
8532.0 0.294834669166243
8534.0 0.2914843760286215
8536.0 0.2803727168007066
8538.0 0.2791575992607244
8540.0 0.2788772970998943
8542.0 0.27252235253844986
8544.0 0.26568639647436765
8546.0 0.2593802540088381
8548.0 0.25462339559140884
8550.0 0.2514312322635849
8552.0 0.2482784712722891
8554.0 0.2473233014458908
8556.0 0.2504932549829898
8558.0 0.25460486440009167
8560.0 0.255389296161734
8562.0 0.25068535587065244
8564.0 0.24593321545346505
8566.0 0.246898596176098
8568.0 0.2490903479872944
8570.0 0.24838097102911721
8572.0 0.25363365123092363
8574.0 0.25649034689975425
8576.0 0.26009537270322935
8578.0 0.260070021757888
8580.0 0.2653124443789818
8582.0 0.26967732090588475
8584.0 0.2734529927775821
8586.0 0.2749732711506705
8588.0 0.27811300574677167
8590.0 0.2790277918519034
8592.0 0.28035837841848377
8594.0 0.28226415549190254
8596.0 0.28828577593984706
8598.0 0.2925709690331065
8600.0 0.2993438837189284
8602.0 0.300813570766922
8604.0 0.30437028805439414
8606.0 0.3080218460219555
8608.0 0.31265059961598035
8610.0 0.31890468278579187
8612.0 0.3295951580003063
8614.0 0.3369996305290932
8616.0 0.3414180663048687
8618.0 0.3474563853964944
8620.0 0.36297008945692005
8622.0 0.36591352903971014
8624.0 0.36434915123792105
8626.0 0.3625880045626752
8628.0 0.36189479583629064
8630.0 0.36035038405058545
8632.0 0.37140717734311657
8634.0 0.3778466960069945
8636.0 0.38457168303660516
8638.0 0.3859205232343556
8640.0 0.38970134463002115
8642.0 0.39878083290821337
8644.0 0.40958315994675504
8646.0 0.4122618380870055
8648.0 0.40494795316244336
8650.0 0.41185087472106807
8652.0 0.414885718555121
8654.0 0.4182591061131306
8656.0 0.4216726067841257
8658.0 0.4238924967404242
8660.0 0.4243913373462893
8662.0 0.42216583570885075
8664.0 0.42015847117717187
8666.0 0.41819015808454063
8668.0 0.41483099372093635
8670.0 0.4116410524886332
8672.0 0.41109541139363504
8674.0 0.4119076719790647
8676.0 0.4127131769959166
8678.0 0.413842968775742
8680.0 0.40810097605928464
8682.0 0.40468348526952147
8684.0 0.4020432027752768
8686.0 0.4020821716996752
8688.0 0.40037908928748733
8690.0 0.3886665550296904
8692.0 0.3964771262547352
8694.0 0.40194051107260215
8696.0 0.39329176200577237
8698.0 0.39182610644693633
8700.0 0.3897228445750187
8702.0 0.38881677249494434
8704.0 0.38806758826253035
8706.0 0.38665726516796356
8708.0 0.3924147663459308
8710.0 0.39115849533641245
8712.0 0.38910272843629684
8714.0 0.38326802039725794
8716.0 0.3775493817709467
8718.0 0.36828108528595294
8720.0 0.36529888980204206
8722.0 0.36806918358123475
8724.0 0.37078306773600267
8726.0 0.3651932893362611
8728.0 0.3607261639452579
8730.0 0.3540906337839426
8732.0 0.3375796049640628
8734.0 0.3379278161179539
8736.0 0.3439683007132974
8738.0 0.3432235685440898
8740.0 0.34384950735826236
8742.0 0.3439828237806451
8744.0 0.3312881510855083
8746.0 0.32683337041480837
8748.0 0.3265131916477858
8750.0 0.3286256770367227
8752.0 0.3274004711837205
8754.0 0.32492129907717177
8756.0 0.3190306153242435
8758.0 0.31571838853927325
8760.0 0.30715999506223646
8762.0 0.30473158036473724
8764.0 0.30496437978301777
8766.0 0.30223311840519274
8768.0 0.30466780903654783
8770.0 0.3052332282441777
8772.0 0.3032986676903822
8774.0 0.30429221902765363
8776.0 0.30248212141909214
8778.0 0.29471574647266435
8780.0 0.2911096643418224
8782.0 0.295458845495578
8784.0 0.2958104266739957
8786.0 0.2952232157864862
8788.0 0.2954393737622286
8790.0 0.2997466770756609
8792.0 0.2912965682006366
8794.0 0.2854531805193005
8796.0 0.28325516400187417
8798.0 0.2834378918959735
8800.0 0.28448327583514205
8802.0 0.2847804460714023
8804.0 0.28382942260097127
8806.0 0.28083024910649695
8808.0 0.2804166926582216
8810.0 0.280146753111468
8812.0 0.2785310111888895
8814.0 0.2764332704204087
8816.0 0.2775014728117123
8818.0 0.27672569870381736
8820.0 0.27260176819358406
8822.0 0.2712290173267526
8824.0 0.27015249038859923
8826.0 0.2731733684168328
8828.0 0.2697923951701292
8830.0 0.26746193334053275
8832.0 0.2609051828546757
8834.0 0.2582257719453346
8836.0 0.2535761988940714
8838.0 0.2596802484119788
8840.0 0.2575091283986003
8842.0 0.2551896472270627
8844.0 0.24982380730116696
8846.0 0.25078640735821206
8848.0 0.253539055126247
8850.0 0.25107657918455445
8852.0 0.25171014014420073
8854.0 0.25027310214246923
8856.0 0.24748849275896498
8858.0 0.25149842852454224
8860.0 0.25191415116809235
8862.0 0.25065683203858546
8864.0 0.24964517891711885
8866.0 0.2484862886969944
8868.0 0.25064732921795907
8870.0 0.24352768636717706
8872.0 0.23872995731490892
8874.0 0.24101529496123553
8876.0 0.24537777215780857
8878.0 0.2500668141697973
8880.0 0.24142798086121006
8882.0 0.24424958084104778
8884.0 0.24502955450280778
8886.0 0.24431802170207104
8888.0 0.2411824530527599
8890.0 0.2448985515431495
8892.0 0.238537724482372
8894.0 0.23431201387654477
8896.0 0.23493101668532543
8898.0 0.2408218578844014
8900.0 0.2422915253027934
8902.0 0.24473170876473627
8904.0 0.24748274770916373
8906.0 0.2468897373721085
8908.0 0.2404609073142153
8910.0 0.2385332198809269
8912.0 0.24264766586933711
8914.0 0.24999086283924066
8916.0 0.2602443866011046
8918.0 0.2576547861628776
8920.0 0.2538510027146276
8922.0 0.24516137136159935
8924.0 0.24286623648312392
8926.0 0.24123632864757708
8928.0 0.2444243421189723
8930.0 0.24165679610238613
8932.0 0.23869107983876484
8934.0 0.23975707213641156
8936.0 0.24295713566477872
8938.0 0.23975996469360616
8940.0 0.2332045842577027
8942.0 0.23610561637085736
8944.0 0.2396497465818224
8946.0 0.23751226362624125
8948.0 0.2363283656420773
8950.0 0.23858276871324943
8952.0 0.23897931818884274
8954.0 0.2379331564524811
8956.0 0.23374232369865008
8958.0 0.2370352456057274
8960.0 0.23456168092072158
8962.0 0.22788334838099622
8964.0 0.2308445896940177
8966.0 0.23124211442166823
8968.0 0.23141575920535556
8970.0 0.23646842136288254
8972.0 0.24201674888230212
8974.0 0.2437847726524455
8976.0 0.2398744473047508
8978.0 0.23502874706022084
8980.0 0.23074928268786785
8982.0 0.23059603515182522
8984.0 0.23193813807980368
8986.0 0.23448507199681232
8988.0 0.23715864895920508
8990.0 0.23752651809073028
8992.0 0.23976942851884867
8994.0 0.23829003903983756
8996.0 0.23060211217952328
8998.0 0.23217651866729866
9000.0 0.23060427113288548
9002.0 0.23347001507265866
9004.0 0.236191465798339
9006.0 0.23421178022618253
9008.0 0.23190578054943345
9010.0 0.22335985348911044
9012.0 0.22221059334266152
9014.0 0.2185637007516148
9016.0 0.21727726190770685
9018.0 0.2189125557460402
9020.0 0.21411352243186133
9022.0 0.21136499084178764
9024.0 0.21467176486394762
9026.0 0.21774650595872044
9028.0 0.21752126784577522
9030.0 0.21427494830515523
9032.0 0.21280382004448084
9034.0 0.21370195688719745
9036.0 0.2145261289974495
9038.0 0.2154061966569524
9040.0 0.2197764410087321
9042.0 0.22158380138354897
9044.0 0.21931874629071912
9046.0 0.22037806254217177
9048.0 0.22382223763981052
9050.0 0.2310259016115729
9052.0 0.22329635510995494
9054.0 0.21677451338520373
9056.0 0.21591185686184036
9058.0 0.22388878527322034
9060.0 0.22257818230522958
9062.0 0.22312918297531198
9064.0 0.2182008285148562
9066.0 0.21416660595784887
9068.0 0.21965444234424
9070.0 0.2235598968822269
9072.0 0.22727534089526527
9074.0 0.227179292542212
9076.0 0.22896029105587395
9078.0 0.22672082180386594
9080.0 0.22390150345609564
9082.0 0.2242978924434683
9084.0 0.22856028802657716
9086.0 0.2300678896730926
9088.0 0.2324527775371604
9090.0 0.23143217587401396
9092.0 0.22600928504884338
9094.0 0.22249850392311438
9096.0 0.22326182966336175
9098.0 0.22559060820809004
9100.0 0.2216727668816007
9102.0 0.22044041368194645
9104.0 0.21979365104992526
9106.0 0.21785637967842478
9108.0 0.22304688616861695
9110.0 0.22326247881497463
9112.0 0.22786505646914584
9114.0 0.21855355475086363
9116.0 0.22215576425807873
9118.0 0.22265997468017734
9120.0 0.22472772773955652
9122.0 0.22427869758612404
9124.0 0.22557261015482163
9126.0 0.2258496385822153
9128.0 0.22395074649386015
9130.0 0.21555287473353255
9132.0 0.21477063736552882
9134.0 0.21385608712290635
9136.0 0.2151508746196988
9138.0 0.215391513212824
9140.0 0.21649810032847785
9142.0 0.21689894034014853
9144.0 0.21879163659168108
9146.0 0.2166107670417523
9148.0 0.2111747259313146
9150.0 0.21168188337876293
9152.0 0.21371781128451392
9154.0 0.21604768707599553
9156.0 0.21637978282598216
9158.0 0.2102944309552201
9160.0 0.20438884267748764
9162.0 0.20948186002491317
9164.0 0.2123790353030923
9166.0 0.21000492988109193
9168.0 0.2103817043011892
9170.0 0.20673623288709841
9172.0 0.20074789018398195
9174.0 0.20467487730351464
9176.0 0.20779032617694246
9178.0 0.2095661551266084
9180.0 0.21734873665115048
9182.0 0.21343077951926
9184.0 0.2115975027105089
9186.0 0.2097865529652493
9188.0 0.2068928130792163
9190.0 0.20834246416752664
9192.0 0.21048406430841785
9194.0 0.21515602651025817
9196.0 0.21297145402376128
9198.0 0.2118973606949186
9200.0 0.21846113354688837
9202.0 0.21646295501790525
9204.0 0.214518575829701
9206.0 0.21260386276484752
9208.0 0.21076644933318353
9210.0 0.2110121791244549
9212.0 0.22200559074365767
9214.0 0.22193035655501694
9216.0 0.22074896774096503
9218.0 0.21062439790031567
9220.0 0.21293297178079731
9222.0 0.2149079544217872
9224.0 0.21666540442531276
9226.0 0.2148795950668309
9228.0 0.21406176521275894
9230.0 0.2116005945761105
9232.0 0.2132846153876043
9234.0 0.21335087281213272
9236.0 0.20880929026332753
9238.0 0.2086047750798696
9240.0 0.20772782626896188
9242.0 0.21449552427263732
9244.0 0.21714679846253362
9246.0 0.21945278564286486
9248.0 0.21223850955107143
9250.0 0.21354583175818478
9252.0 0.21646803330339975
9254.0 0.22262183376393319
9256.0 0.22278643757088543
9258.0 0.2226202478791735
9260.0 0.22453668014157432
9262.0 0.22730759605601675
9264.0 0.2314387209534101
9266.0 0.23290138752553594
9268.0 0.2240116175009933
9270.0 0.2117017646524591
9272.0 0.22021554759486334
9274.0 0.2228208745622496
9276.0 0.22126671806738096
9278.0 0.2141910033778567
9280.0 0.21233504807794204
9282.0 0.21130948063331675
9284.0 0.2140512924696139
9286.0 0.21412221769248108
9288.0 0.21468431649613848
9290.0 0.21464988760678474
9292.0 0.21456141391799466
9294.0 0.21543305359355847
9296.0 0.21227383311077394
9298.0 0.20874910306939068
9300.0 0.20451244520086972
9302.0 0.20254989800377665
9304.0 0.2020692050403876
9306.0 0.20430569781918936
9308.0 0.2105105188475137
9310.0 0.20833114004276898
9312.0 0.20375081849276447
9314.0 0.20052657788548023
9316.0 0.19980285126851985
9318.0 0.20241512592551406
9320.0 0.19991889322244527
9322.0 0.2004304247017923
9324.0 0.20455119241678868
9326.0 0.21526070912549147
9328.0 0.2195387066098033
9330.0 0.22444106656763005
9332.0 0.21956664866773323
9334.0 0.21473531034962065
9336.0 0.19779076703048779
9338.0 0.1989710915246565
9340.0 0.19873109996386215
9342.0 0.19746490850996615
9344.0 0.20028883416151874
9346.0 0.2008454672978999
9348.0 0.19716385848659532
9350.0 0.19896234978635552
9352.0 0.19912130782180743
9354.0 0.19023639482313065
9356.0 0.19633958891917827
9358.0 0.20050764595487713
9360.0 0.20313440756572568
9362.0 0.20621259970554695
9364.0 0.20785036063725315
9366.0 0.20175574670488125
9368.0 0.19525437653623817
9370.0 0.19280445275306796
9372.0 0.20019638708219922
9374.0 0.1998170207300697
9376.0 0.19926244320860906
9378.0 0.19677906270985884
9380.0 0.19907099545236373
9382.0 0.20090298186391695
9384.0 0.1985296874880383
9386.0 0.19832530868256426
9388.0 0.1984168635716706
9390.0 0.19538954198108285
9392.0 0.19042546997156204
9394.0 0.18586901727745558
9396.0 0.193041191653261
9398.0 0.1990666647724033
9400.0 0.20608453094051188
9402.0 0.19918804690353248
9404.0 0.19282951072258872
9406.0 0.18548931059037738
9408.0 0.19725702293093367
9410.0 0.19786909196220784
9412.0 0.196928521847041
9414.0 0.20406378591824464
9416.0 0.20391077010679143
9418.0 0.20418337799144878
9420.0 0.20675368466578894
9422.0 0.2053393466574113
9424.0 0.20389342436182495
9426.0 0.1937284466148839
9428.0 0.19214763315177452
9430.0 0.19378221251896266
9432.0 0.19584878228265656
9434.0 0.19594863738484425
9436.0 0.19546260272669533
9438.0 0.19874575248437795
9440.0 0.19899288804964466
9442.0 0.20029895230775605
9444.0 0.19333550533969573
9446.0 0.1917628590761206
9448.0 0.19480428333792899
9450.0 0.19218075956310057
9452.0 0.18989064721705798
9454.0 0.18887360322845784
9456.0 0.20779515246249577
9458.0 0.2112133497099494
9460.0 0.2092229228736675
9462.0 0.19229099611345363
9464.0 0.1910995818831657
9466.0 0.19786820326199867
9468.0 0.20220740446331564
9470.0 0.20047195708960566
9472.0 0.19187042646201202
9474.0 0.1879457318084594
9476.0 0.18517447425823058
9478.0 0.1817761564752289
9480.0 0.18608734728826556
9482.0 0.18932558620978723
9484.0 0.19583270780309323
9486.0 0.19889101209140775
9488.0 0.19764120631225043
9490.0 0.19213930639947616
9492.0 0.1951024936013062
9494.0 0.194818944248929
9496.0 0.19192692476875636
9498.0 0.1961334528836961
9500.0 0.19727811202856937
9502.0 0.19343813919014058
9504.0 0.19099408045956545
9506.0 0.1920599396964829
9508.0 0.1935271810204866
9510.0 0.19349908510500313
9512.0 0.19471959452897664
9514.0 0.19441733987992746
9516.0 0.19494462216292827
9518.0 0.19487750175839388
9520.0 0.19472251504338633
9522.0 0.19404995344791087
9524.0 0.19293283302509204
9526.0 0.19318959652645268
9528.0 0.19438316383348378
9530.0 0.1958484510739766
9532.0 0.1963182122933929
9534.0 0.1981056104798405
9536.0 0.19775668238054478
9538.0 0.1964526955941341
9540.0 0.19503559259541522
9542.0 0.19405803419762835
9544.0 0.192891991263251
9546.0 0.1938836507772827
9548.0 0.19588435309900437
9550.0 0.1934752997621804
9552.0 0.1934720751183748
9554.0 0.1917539280900518
9556.0 0.19421574509177145
9558.0 0.19335305753309287
9560.0 0.19185578197881703
9562.0 0.19124447807410308
9564.0 0.19224968244500837
9566.0 0.19297741062699159
9568.0 0.19180120952701502
9570.0 0.19237580480116587
9572.0 0.19287902249140482
9574.0 0.1921804023680994
9576.0 0.19230220271698575
9578.0 0.19267525189280693
9580.0 0.1936331172327367
9582.0 0.19240089844579117
9584.0 0.1920375093715604
9586.0 0.19247179668880127
9588.0 0.19265529981019627
9590.0 0.19337053639691015
9592.0 0.19456672805356465
9594.0 0.19462787940750514
9596.0 0.19459708405181755
9598.0 0.19475963865732326
9600.0 0.19463094911135406
9602.0 0.19442004883322186
9604.0 0.19451436429417407
9606.0 0.19455256479399105
9608.0 0.19462536659844884
9610.0 0.19442641904291685
9612.0 0.19419337467942852
9614.0 0.1945534452998099
9616.0 0.19472417199709952
9618.0 0.19518603961994793
9620.0 0.19529639860890824
9622.0 0.195405220324913
9624.0 0.19416217625544924
9626.0 0.1942328311539595
9628.0 0.19539343025189268
9630.0 0.19570654167693327
9632.0 0.19596639215719372
9634.0 0.19490168797814333
9636.0 0.19481238169577295
9638.0 0.19492763009056632
9640.0 0.19451227230319124
9642.0 0.19422297738645064
9644.0 0.1947863886539837
9646.0 0.19511212409384154
9648.0 0.1958352920501463
9650.0 0.19567521566170828
9652.0 0.1955821755784038
9654.0 0.1953439380869556
9656.0 0.1950503906760126
9658.0 0.19445818934320575
9660.0 0.19480133293845373
9662.0 0.19494919920862075
9664.0 0.19422637856707203
9666.0 0.1945628838082888
9668.0 0.1951341149819334
9670.0 0.19559400890378728
9672.0 0.19583819267185656
9674.0 0.1967419015367988
9676.0 0.19674842086713898
9678.0 0.19675766090799998
9680.0 0.19649037497524452
9682.0 0.19633390754007798
9684.0 0.19573977146862906
9686.0 0.1955334227552756
9688.0 0.1952878978112571
9690.0 0.19524089364283667
9692.0 0.19513742522888303
9694.0 0.19462384679981884
9696.0 0.19541368693926056
9698.0 0.19620471955262583
9700.0 0.19663176908555355
9702.0 0.19665896531099655
9704.0 0.19645338831140038
9706.0 0.19568211339788583
9708.0 0.19503193124678733
9710.0 0.1952604282450745
9712.0 0.19548095385518185
9714.0 0.19609712850266678
9716.0 0.195997000474271
9718.0 0.19592613501821227
9720.0 0.1954537079146896
9722.0 0.19553787449329063
9724.0 0.19583990768353615
9726.0 0.19590589704088482
9728.0 0.19594489636299411
9730.0 0.1959358564298259
9732.0 0.19611221431949316
9734.0 0.1964808793399091
9736.0 0.1958857343410631
9738.0 0.19559729451579994
9740.0 0.19573517682529196
9742.0 0.19568905885922516
9744.0 0.19560945452817208
9746.0 0.19556662847019007
9748.0 0.19560639567802762
9750.0 0.19646491105827732
9752.0 0.1961563816781082
9754.0 0.1957120249951389
9756.0 0.19550869930590578
9758.0 0.19542649648302304
9760.0 0.19528095208399376
9762.0 0.19555199880829885
9764.0 0.19587959670495803
9766.0 0.1955668808642999
9768.0 0.19568223741520485
9770.0 0.19679445884668598
9772.0 0.196776665592426
9774.0 0.1967585664505583
9776.0 0.19700884025995555
9778.0 0.19691898452061113
9780.0 0.19634175588421143
9782.0 0.19615907366498977
9784.0 0.19600264574064405
9786.0 0.19585800136229614
9788.0 0.19559328848044352
9790.0 0.19478756426070837
9792.0 0.1955120762115574
9794.0 0.19603311002992535
9796.0 0.19707033029121385
9798.0 0.19673884067432024
9800.0 0.19566775697390978
9802.0 0.1959880598199449
9804.0 0.19618052554655221
9806.0 0.19713638723788485
9808.0 0.1968029195911321
9810.0 0.19603634566635714
9812.0 0.19599035958668476
9814.0 0.19597864066372142
9816.0 0.19669868202810986
9818.0 0.19678445909325967
9820.0 0.19693502150713194
9822.0 0.19751373222930976
9824.0 0.1977112695762473
9826.0 0.19709449501698065
9828.0 0.19668254705333302
9830.0 0.19607962378877827
9832.0 0.19528503438501674
9834.0 0.1951396447191132
9836.0 0.1961558859969063
9838.0 0.19623899500251013
9840.0 0.1963410321234306
9842.0 0.19678540613580311
9844.0 0.1968948541646048
9846.0 0.19687077075767478
9848.0 0.1968852832669609
9850.0 0.19690027643520783
9852.0 0.19665578114066548
9854.0 0.19649710046399138
9856.0 0.19601096809853616
9858.0 0.19539845081388557
9860.0 0.1948657046825179
9862.0 0.19477945265336696
9864.0 0.1948728258823011
9866.0 0.19522359617082305
9868.0 0.19527481736231245
9870.0 0.19531224508431957
9872.0 0.19509945112644467
9874.0 0.19530423107002942
9876.0 0.19589487073069445
9878.0 0.19626794210830556
9880.0 0.1964958525742294
9882.0 0.19561359159057204
9884.0 0.19523495616555464
9886.0 0.19447793425017587
9888.0 0.19452599547235902
9890.0 0.19454313893864197
9892.0 0.19391827211753748
9894.0 0.1943941326640266
9896.0 0.19524358206736092
9898.0 0.19530125366328097
9900.0 0.19528234434975714
9902.0 0.19453720045616532
9904.0 0.19492415549029707
9906.0 0.19549970922553608
9908.0 0.19510405259294641
9910.0 0.19482531190558489
9912.0 0.1934655731154502
9914.0 0.19342408164949207
9916.0 0.19337233371702325
9918.0 0.1941563280080772
9920.0 0.1942693234458085
9922.0 0.1937051468447686
9924.0 0.19349375546708852
9926.0 0.19327194185911534
9928.0 0.19338512039456332
9930.0 0.19341846189913983
9932.0 0.19346782855602299
9934.0 0.19386913611726828
9936.0 0.19422366847403613
9938.0 0.19406652124542187
9940.0 0.19417903764270744
9942.0 0.19463807152093762
9944.0 0.194538417492167
9946.0 0.19446443229974103
9948.0 0.19356005624746223
9950.0 0.19379131602906813
9952.0 0.1946279408502
9954.0 0.1939757510124669
9956.0 0.19357071050745164
9958.0 0.1922714515187585
9960.0 0.19290109427491142
9962.0 0.19439346493142637
9964.0 0.19499611484488175
9966.0 0.19531450108814064
9968.0 0.19633579451121383
9970.0 0.196236314705657
9972.0 0.19605570601971956
9974.0 0.19376214659680532
9976.0 0.19280022004669492
9978.0 0.19294776039551106
9980.0 0.19355452470698414
9982.0 0.19447174713510165
9984.0 0.1948659895824067
9986.0 0.19509422794415324
9988.0 0.19600471207272277
9990.0 0.19539147436516835
9992.0 0.1946145137510853
9994.0 0.19386759866173678
9996.0 0.19389904183338427
9998.0 0.19536413407884828
