# z obs_date
# 0 52280
3580.0 0.60383283950566
3582.0 0.6111043309776067
3584.0 0.5895240538222326
3586.0 0.5875507733854518
3588.0 0.5802554353313091
3590.0 0.5900982077381788
3592.0 0.607178740689121
3594.0 0.6036583614977543
3596.0 0.6085899467211103
3598.0 0.6156784790023112
3600.0 0.6138661318941283
3602.0 0.6148099229374171
3604.0 0.6224859216318384
3606.0 0.6166908216102297
3608.0 0.6149497316441938
3610.0 0.6263696206709498
3612.0 0.6294299005449869
3614.0 0.6238697976384676
3616.0 0.6394900845229893
3618.0 0.6434044205284899
3620.0 0.6600461182871306
3622.0 0.6551575800550755
3624.0 0.6549078174985682
3626.0 0.67167211807105
3628.0 0.6631066168389786
3630.0 0.6440397322438882
3632.0 0.6488185380086137
3634.0 0.6696104135723542
3636.0 0.6885855122055408
3638.0 0.6958322836065338
3640.0 0.7000469252868518
3642.0 0.700536167629829
3644.0 0.7007797817079326
3646.0 0.7036258258127214
3648.0 0.687373188216886
3650.0 0.6978157180590729
3652.0 0.7181007917272055
3654.0 0.7173780037229022
3656.0 0.7307728597810808
3658.0 0.7367427290019785
3660.0 0.7330363096152082
3662.0 0.7384975948749187
3664.0 0.7380599959831166
3666.0 0.7438446192918651
3668.0 0.7393989674018844
3670.0 0.737422098065123
3672.0 0.7569556104516758
3674.0 0.7617361593434124
3676.0 0.7362798878493368
3678.0 0.7366846456941337
3680.0 0.731167342296902
3682.0 0.7396269395881031
3684.0 0.7461277217371098
3686.0 0.7385418477671564
3688.0 0.7303586419251625
3690.0 0.7238382314392727
3692.0 0.7226422540211559
3694.0 0.7198822070753562
3696.0 0.7112762764338119
3698.0 0.7058857137139425
3700.0 0.7006960005728575
3702.0 0.6859820155214277
3704.0 0.6741075412181148
3706.0 0.6636497133797092
3708.0 0.6636618786344711
3710.0 0.6729149949209233
3712.0 0.6690486518067812
3714.0 0.654268339101177
3716.0 0.6451624812838751
3718.0 0.6356098464035485
3720.0 0.6398855547420775
3722.0 0.6517281950965553
3724.0 0.6580677164032859
3726.0 0.6622925084533682
3728.0 0.6575884803732257
3730.0 0.648223699050616
3732.0 0.6312858914556685
3734.0 0.615017948688142
3736.0 0.6170912358319266
3738.0 0.6111696399092714
3740.0 0.5984986567874068
3742.0 0.6020577432075467
3744.0 0.5929334540944382
3746.0 0.5801326600244497
3748.0 0.5972676970654304
3750.0 0.5986133551742693
3752.0 0.5979375599925831
3754.0 0.5963176706253528
3756.0 0.5912425943734404
3758.0 0.5902646794523853
3760.0 0.5885361755667803
3762.0 0.590892543671716
3764.0 0.5912177863875221
3766.0 0.5824881834101561
3768.0 0.5796569881713822
3770.0 0.5802723838180847
3772.0 0.5865947632136693
3774.0 0.5889205367134894
3776.0 0.5802567436253513
3778.0 0.5694653902825917
3780.0 0.5774414893761953
3782.0 0.5818419586430753
3784.0 0.5786488304203798
3786.0 0.5818682028597936
3788.0 0.5849360608784444
3790.0 0.5924852942125635
3792.0 0.6032470747028567
3794.0 0.611767564921787
3796.0 0.6028878774187361
3798.0 0.6009824039671714
3800.0 0.6110820561293961
3802.0 0.6261320314046367
3804.0 0.6291677952308652
3806.0 0.624862364873599
3808.0 0.6264618827459107
3810.0 0.6314779942501176
3812.0 0.6429394052912306
3814.0 0.6469352321523989
3816.0 0.6528368124052267
3818.0 0.6657718228479627
3820.0 0.6625996250071725
3822.0 0.6601957537425831
3824.0 0.6703218026700851
3826.0 0.6691807965750756
3828.0 0.670679287732084
3830.0 0.6819787249898541
3832.0 0.6925484742103711
3834.0 0.7017437327992491
3836.0 0.7047481393229782
3838.0 0.7187304294198348
3840.0 0.7351988082864058
3842.0 0.7281680646599321
3844.0 0.74121901484656
3846.0 0.7520952527752083
3848.0 0.7607842190638208
3850.0 0.7689516313273171
3852.0 0.7870108474376454
3854.0 0.7928231330921223
3856.0 0.8008018195647815
3858.0 0.8070548020768995
3860.0 0.8224813409178651
3862.0 0.8281994207823786
3864.0 0.8476387792566281
3866.0 0.8493980265013122
3868.0 0.8429173927993486
3870.0 0.8584969441169414
3872.0 0.8686960464664033
3874.0 0.8801913026314163
3876.0 0.8940027335179468
3878.0 0.8961879539236915
3880.0 0.9024182681887637
3882.0 0.908128901302574
3884.0 0.9092530807323259
3886.0 0.9120773240665149
3888.0 0.9212142261786314
3890.0 0.9298511186568632
3892.0 0.9472525921429323
3894.0 0.9467005036746737
3896.0 0.9478248329165053
3898.0 0.9310565697483015
3900.0 0.9272486526733132
3902.0 0.9497176351144119
3904.0 0.9757241473493979
3906.0 0.9716860380870581
3908.0 0.9685599184995164
3910.0 0.9838686397904776
3912.0 0.9909374771023783
3914.0 0.9869462918514359
3916.0 0.9780068617398411
3918.0 0.9858756757498077
3920.0 0.9887732071684431
3922.0 0.9845858078595233
3924.0 0.9870198463874779
3926.0 0.9946356995841303
3928.0 0.9977175818702255
3930.0 0.9904824352065479
3932.0 0.9772312736456603
3934.0 0.9621102997723324
3936.0 0.9731654569103294
3938.0 0.9882701171523313
3940.0 0.9952837055926119
3942.0 0.9974863333577146
3944.0 0.9967482002010097
3946.0 1.0
3948.0 0.9907568790978248
3950.0 0.9797971158160614
3952.0 0.97190101733821
3954.0 0.965125833187305
3956.0 0.9535695860757833
3958.0 0.9415639985262866
3960.0 0.9310952982005114
3962.0 0.9128703669681153
3964.0 0.8939502794244524
3966.0 0.8891288060107075
3968.0 0.8825388271101021
3970.0 0.8756942291264972
3972.0 0.8704930268737009
3974.0 0.8595938604630716
3976.0 0.8538423557180598
3978.0 0.859270631827737
3980.0 0.8511026027951373
3982.0 0.8476027696818589
3984.0 0.8499282138560759
3986.0 0.8440094868437398
3988.0 0.8367925659743597
3990.0 0.8415063272411601
3992.0 0.8354723740624664
3994.0 0.8403218662784088
3996.0 0.8380145566979587
3998.0 0.8342094312933719
4000.0 0.8285319457188809
4002.0 0.8194777565996261
4004.0 0.8228434506011151
4006.0 0.8317022163528889
4008.0 0.843245671730244
4010.0 0.8335995892969567
4012.0 0.8364993539038135
4014.0 0.8546574191139611
4016.0 0.85054499339808
4018.0 0.8509951696303197
4020.0 0.8518059793198667
4022.0 0.8511748643176414
4024.0 0.8521972015922921
4026.0 0.8592225871517443
4028.0 0.8550868990294587
4030.0 0.851818855889374
4032.0 0.8573630751176141
4034.0 0.8589829449903028
4036.0 0.8716928780623102
4038.0 0.8694652520285177
4040.0 0.8586189369974784
4042.0 0.8649489428596575
4044.0 0.8698720980192203
4046.0 0.8715948287460871
4048.0 0.8637765781673279
4050.0 0.8623988517081301
4052.0 0.8707437335742728
4054.0 0.8721938369053311
4056.0 0.8659503651820939
4058.0 0.8547637691717738
4060.0 0.8490247366367566
4062.0 0.8455134020699708
4064.0 0.8393903946965436
4066.0 0.8349320346367712
4068.0 0.8285804461067251
4070.0 0.8241872939361679
4072.0 0.8150121082043346
4074.0 0.8138670063207437
4076.0 0.8026401536097086
4078.0 0.7911388889556953
4080.0 0.7897425869689382
4082.0 0.781151690761381
4084.0 0.7688924644524511
4086.0 0.7660197903468905
4088.0 0.7679971927956094
4090.0 0.7579665606288707
4092.0 0.7509451257012566
4094.0 0.7494396255341615
4096.0 0.7516882883249506
4098.0 0.7465529285313833
4100.0 0.734314361333475
4102.0 0.7379523726846193
4104.0 0.7495251464118221
4106.0 0.7487550003490915
4108.0 0.7428800007679861
4110.0 0.7381206833839599
4112.0 0.7347763108801348
4114.0 0.7418056043184862
4116.0 0.7455472268552158
4118.0 0.740475060273048
4120.0 0.745781810965764
4122.0 0.7484610083367745
4124.0 0.7489947945885759
4126.0 0.754762056160623
4128.0 0.7583686812442421
4130.0 0.758913487081086
4132.0 0.7559087005159375
4134.0 0.7521329279392913
4136.0 0.7560608192076208
4138.0 0.7663801412043261
4140.0 0.7743905334249492
4142.0 0.7745160763718725
4144.0 0.776171006972807
4146.0 0.7761152550372429
4148.0 0.7864672479539841
4150.0 0.7879053603525182
4152.0 0.7847239138410328
4154.0 0.7873822536396609
4156.0 0.7922096256814333
4158.0 0.7947469804371692
4160.0 0.7899618151106911
4162.0 0.7827862923689477
4164.0 0.7942654029255675
4166.0 0.7942383932202997
4168.0 0.7893883068507715
4170.0 0.7889715467392981
4172.0 0.7864873668136937
4174.0 0.7854399878729627
4176.0 0.7858021239458218
4178.0 0.7855914564799233
4180.0 0.7804219637293107
4182.0 0.773277800124615
4184.0 0.777707055883634
4186.0 0.7739847041734829
4188.0 0.768613903207492
4190.0 0.7650626610531582
4192.0 0.7730707320141824
4194.0 0.7779855969732433
4196.0 0.7634286135837852
4198.0 0.757912188644092
4200.0 0.7568535161221164
4202.0 0.758269502227615
4204.0 0.7562894812708741
4206.0 0.7525154596156952
4208.0 0.7548100991351693
4210.0 0.7576009610877007
4212.0 0.7526371404761998
4214.0 0.7446951943512821
4216.0 0.7417585362255766
4218.0 0.7443802559017412
4220.0 0.7474666865450568
4222.0 0.7426323813544665
4224.0 0.7385597186290638
4226.0 0.7357748416139757
4228.0 0.7334401375429344
4230.0 0.7339269774350181
4232.0 0.7335021159638493
4234.0 0.7315613924543111
4236.0 0.7305880264974429
4238.0 0.7319616544428066
4240.0 0.7330783626787359
4242.0 0.7338995173808414
4244.0 0.7386212820595107
4246.0 0.7331951187617354
4248.0 0.72945580185344
4250.0 0.7337590557953737
4252.0 0.7391412383114742
4254.0 0.7366965259579358
4256.0 0.7360910223265753
4258.0 0.734165655520424
4260.0 0.7324094257766629
4262.0 0.7276164504123427
4264.0 0.7301182124707717
4266.0 0.7375041343968396
4268.0 0.7314017096105179
4270.0 0.729986348242318
4272.0 0.7301787589351595
4274.0 0.7285158163425707
4276.0 0.7277340173989668
4278.0 0.7379366304914353
4280.0 0.7403517240133798
4282.0 0.7398487658166648
4284.0 0.734983831153826
4286.0 0.7270950026132703
4288.0 0.7223537776462533
4290.0 0.7168434881883505
4292.0 0.7186930252297873
4294.0 0.7177215092080885
4296.0 0.7184085169563211
4298.0 0.7151062782489125
4300.0 0.7115960441813699
4302.0 0.7103071470952711
4304.0 0.7094349110858245
4306.0 0.7047836401266713
4308.0 0.7015604329792133
4310.0 0.7017181392958778
4312.0 0.7003375959947281
4314.0 0.6955302022895745
4316.0 0.7000560765184481
4318.0 0.7012402425749151
4320.0 0.6806013921393277
4322.0 0.6940620239212099
4324.0 0.7022875394959809
4326.0 0.6884740135430757
4328.0 0.6863366102061369
4330.0 0.680645881939022
4332.0 0.677487143906024
4334.0 0.6744415253935818
4336.0 0.6745044270145376
4338.0 0.6757571233535172
4340.0 0.6741957290474312
4342.0 0.6733944139154983
4344.0 0.6758617484737185
4346.0 0.6713568357951992
4348.0 0.6638145583408435
4350.0 0.6694763578327184
4352.0 0.6729292847639239
4354.0 0.6718191320818191
4356.0 0.6707753278299107
4358.0 0.6764428908526584
4360.0 0.6747292750319351
4362.0 0.6747279207056219
4364.0 0.6784451292236127
4366.0 0.6767765839429942
4368.0 0.680041224166819
4370.0 0.6794104220139181
4372.0 0.6812465932806463
4374.0 0.6846572539002264
4376.0 0.6853810144684331
4378.0 0.6849564234274458
4380.0 0.6908408475167234
4382.0 0.7033014365104351
4384.0 0.6990807510544166
4386.0 0.6974761346582969
4388.0 0.7037965373426504
4390.0 0.7096111448111173
4392.0 0.7107045013000767
4394.0 0.712880219137338
4396.0 0.718336332349197
4398.0 0.7200184283473692
4400.0 0.7196730571255207
4402.0 0.7282773449409589
4404.0 0.7300257940691841
4406.0 0.7317879666425052
4408.0 0.736541175286233
4410.0 0.7411097998075382
4412.0 0.7381001142085911
4414.0 0.7340645272098093
4416.0 0.7398314146278994
4418.0 0.7464473276010938
4420.0 0.7505779274298531
4422.0 0.7543406020710315
4424.0 0.7557649177278406
4426.0 0.7590081624209384
4428.0 0.7586689686738337
4430.0 0.7603000769469157
4432.0 0.7671441548431625
4434.0 0.7751357370139468
4436.0 0.7729702543577915
4438.0 0.7721901878053281
4440.0 0.7815501536064359
4442.0 0.7919990908959621
4444.0 0.7941573843200105
4446.0 0.8028572693446666
4448.0 0.8075652536726043
4450.0 0.8043303667147413
4452.0 0.8066858987554781
4454.0 0.8145386223127178
4456.0 0.8202630294579165
4458.0 0.8204885549046288
4460.0 0.827275008809437
4462.0 0.8343602581284935
4464.0 0.8335934729872182
4466.0 0.8381772444684121
4468.0 0.8430439541788344
4470.0 0.8458116180591153
4472.0 0.8447895671568783
4474.0 0.8500056734433041
4476.0 0.859867644720632
4478.0 0.8675546231158474
4480.0 0.8672550029158016
4482.0 0.8700227161484063
4484.0 0.8806556740639155
4486.0 0.8812699384380919
4488.0 0.875047503965646
4490.0 0.8828990833691852
4492.0 0.8880393258757086
4494.0 0.8895432819319372
4496.0 0.8943487734625943
4498.0 0.9016661300637457
4500.0 0.9042795557139597
4502.0 0.9107585568797942
4504.0 0.9204327876455501
4506.0 0.9271315464578774
4508.0 0.9365928727810827
4510.0 0.9413651640219715
4512.0 0.9385414001896403
4514.0 0.9418028493857546
4516.0 0.9593577919959481
4518.0 0.9608829093250948
4520.0 0.9606539525985792
4522.0 0.9551671128415008
4524.0 0.9574522802458338
4526.0 0.9628582790032443
4528.0 0.9656771195478204
4530.0 0.9676572953187784
4532.0 0.9686895499173124
4534.0 0.9720421542428961
4536.0 0.9749564300166156
4538.0 0.9762570311205159
4540.0 0.9787602017586483
4542.0 0.9816570910555327
4544.0 0.9825656937761911
4546.0 0.9829477750441412
4548.0 0.9838498507633909
4550.0 0.9855222750166598
4552.0 0.9937147285774128
4554.0 0.9867130711839871
4556.0 0.9834750703239296
4558.0 0.9866520176734467
4560.0 0.9914210406373478
4562.0 0.9907484825356901
4564.0 0.9881437789544052
4566.0 0.9912062550485647
4568.0 0.9968309110038444
4570.0 0.9886593090669006
4572.0 0.9878892409428949
4574.0 0.9881938247425865
4576.0 0.9940756423869742
4578.0 0.9951192003779687
4580.0 0.9956934107812286
4582.0 0.9872284524878815
4584.0 0.9864662013951891
4586.0 0.9940156675551336
4588.0 0.9967755553816045
4590.0 0.9933928395020801
4592.0 0.9904244364066254
4594.0 0.9898167334696897
4596.0 0.9902378683450451
4598.0 0.9912768430304945
4600.0 0.9839471566069578
4602.0 0.9775782233829015
4604.0 0.9770113594373364
4606.0 0.9722805735136983
4608.0 0.9640098742852593
4610.0 0.9612341083163048
4612.0 0.9576722240879603
4614.0 0.9509548376144985
4616.0 0.9528047051607834
4618.0 0.9485545193212523
4620.0 0.9452681811759132
4622.0 0.938112758275919
4624.0 0.9243418916365448
4626.0 0.915239221276131
4628.0 0.9102735477610452
4630.0 0.9052762091243723
4632.0 0.8966325379019112
4634.0 0.8881059333202576
4636.0 0.8795245199137134
4638.0 0.8686701526748495
4640.0 0.8643141116795419
4642.0 0.8580708672881646
4644.0 0.847153169334355
4646.0 0.8390347013032253
4648.0 0.828070073005329
4650.0 0.8203782829087709
4652.0 0.8182617666350948
4654.0 0.8153363863494762
4656.0 0.8093298350634134
4658.0 0.8024276657856593
4660.0 0.796408732769897
4662.0 0.7954527172793036
4664.0 0.788213230841254
4666.0 0.7816302030614095
4668.0 0.7816548973832528
4670.0 0.7842120443666754
4672.0 0.783574126807964
4674.0 0.7822593969857762
4676.0 0.7828802075697203
4678.0 0.7807131490080726
4680.0 0.7775113947603445
4682.0 0.7745446392390959
4684.0 0.7747821428311182
4686.0 0.7720288831746754
4688.0 0.7696117295252465
4690.0 0.7728926107269097
4692.0 0.7730272347254715
4694.0 0.7668520253856101
4696.0 0.7652270302209497
4698.0 0.7606586189341953
4700.0 0.7614727558725446
4702.0 0.7664934535274279
4704.0 0.7652997385538112
4706.0 0.7647390913617359
4708.0 0.7608274003084601
4710.0 0.7600121487488216
4712.0 0.7627553217039437
4714.0 0.762829901986458
4716.0 0.7646353929090495
4718.0 0.7641488527728153
4720.0 0.7587163841032898
4722.0 0.7563359841035416
4724.0 0.7570025436790353
4726.0 0.7554212597981261
4728.0 0.7502663089069707
4730.0 0.7504971125288791
4732.0 0.7492889301071644
4734.0 0.7495057650368854
4736.0 0.7530801579620544
4738.0 0.7565731133987281
4740.0 0.7551791538666887
4742.0 0.7516697899825584
4744.0 0.7464628556307777
4746.0 0.7532307311709054
4748.0 0.7653477386646138
4750.0 0.7623916137457025
4752.0 0.7628749033767765
4754.0 0.7653545885225209
4756.0 0.7654489515056416
4758.0 0.7644321518941698
4760.0 0.7655504759391035
4762.0 0.7692057857798724
4764.0 0.7711713546951674
4766.0 0.7730981652297335
4768.0 0.7733874178017571
4770.0 0.7738840139564468
4772.0 0.7697926828701044
4774.0 0.7730489219205366
4776.0 0.7761658289075171
4778.0 0.7815725820463508
4780.0 0.7814626232490354
4782.0 0.778589759575903
4784.0 0.7794816196073634
4786.0 0.7811727997785498
4788.0 0.788711600434046
4790.0 0.7855675795194453
4792.0 0.7805587712290559
4794.0 0.7856197047184533
4796.0 0.7816895439111632
4798.0 0.7792994725877368
4800.0 0.7789284058660422
4802.0 0.7715816155122731
4804.0 0.7696536978901186
4806.0 0.7727005794255115
4808.0 0.7741275568997571
4810.0 0.7709982356491283
4812.0 0.7624272484022975
4814.0 0.7562921955704346
4816.0 0.76129416495553
4818.0 0.7540265739328368
4820.0 0.7495699114903586
4822.0 0.7442049573142353
4824.0 0.7434344063473619
4826.0 0.7456650418442506
4828.0 0.7480763625967416
4830.0 0.7472145819944831
4832.0 0.7462841067389204
4834.0 0.7469106197929215
4836.0 0.7482451316123153
4838.0 0.7482098537920324
4840.0 0.7489373432313134
4842.0 0.7507583510377032
4844.0 0.7512242619188053
4846.0 0.7519499293423656
4848.0 0.7532636844759452
4850.0 0.7539764487805756
4852.0 0.7544452866755539
4854.0 0.7557363827215969
4856.0 0.7567242190757472
4858.0 0.7571787463419475
4860.0 0.7585441604455888
4862.0 0.7590170951230872
4864.0 0.7593868345929469
4866.0 0.7607724945129684
4868.0 0.7612067929636948
4870.0 0.7607344040599945
4872.0 0.7625874177083769
4874.0 0.7672545536622868
4876.0 0.7718813744351916
4878.0 0.7763506948691598
4880.0 0.7805691278091639
4882.0 0.7840782948376589
4884.0 0.7835070650134255
4886.0 0.7845122211517849
4888.0 0.7881011738758756
4890.0 0.7952822962218616
4892.0 0.8009429482738472
4894.0 0.804343976972383
4896.0 0.8073774049863588
4898.0 0.8033001690853621
4900.0 0.8015667092759196
4902.0 0.8099257346048181
4904.0 0.8146973922793669
4906.0 0.8164300092841085
4908.0 0.8118912766794845
4910.0 0.8120660344260597
4912.0 0.8110436711777793
4914.0 0.8062999760959134
4916.0 0.8083644263376482
4918.0 0.8067551906251413
4920.0 0.8048227618904168
4922.0 0.802057456560124
4924.0 0.7991388786295939
4926.0 0.7948692694429502
4928.0 0.7945555797879439
4930.0 0.7966925292420112
4932.0 0.7940149967293894
4934.0 0.7909326865788918
4936.0 0.7885694450223305
4938.0 0.7856596661959342
4940.0 0.7828114997385649
4942.0 0.780737739421504
4944.0 0.7773956235414957
4946.0 0.7746323753499657
4948.0 0.77227020939492
4950.0 0.7693163958832304
4952.0 0.7665578049366665
4954.0 0.7640679638729839
4956.0 0.7612393729593357
4958.0 0.7588865258778991
4960.0 0.7567733392177393
4962.0 0.7541166192855318
4964.0 0.7517923975530784
4966.0 0.7493328899845112
4968.0 0.746389141946183
4970.0 0.743246139290132
4972.0 0.7385452831257143
4974.0 0.7341783112076073
4976.0 0.7300870411209082
4978.0 0.7288413741195611
4980.0 0.7283349019208972
4982.0 0.72580380630517
4984.0 0.7233271864546676
4986.0 0.7257048541940904
4988.0 0.7266484453899974
4990.0 0.7249374682444975
4992.0 0.7249832485586346
4994.0 0.7250140087634565
4996.0 0.7247582235636758
4998.0 0.7252394312311772
5000.0 0.7254317308845354
5002.0 0.7260995642318935
5004.0 0.7266060278102666
5006.0 0.7267202521800824
5008.0 0.7270901567421941
5010.0 0.7273096528704855
5012.0 0.727557861151676
5014.0 0.7279303310413556
5016.0 0.7280192023022469
5018.0 0.7280210530643113
5020.0 0.728705988014091
5022.0 0.7288462000127442
5024.0 0.7290659951169068
5026.0 0.7294363498957278
5028.0 0.7294821229260727
5030.0 0.730706936243016
5032.0 0.7348731065360373
5034.0 0.7281017086648914
5036.0 0.7220106471754707
5038.0 0.7305575965198967
5040.0 0.7390807427347316
5042.0 0.7466008254079557
5044.0 0.75238499270722
5046.0 0.7391207922510397
5048.0 0.7362379949837553
5050.0 0.7347590055111688
5052.0 0.736856426292187
5054.0 0.742911756555792
5056.0 0.7476442295306736
5058.0 0.7531675547785313
5060.0 0.7529018813402597
5062.0 0.7564145786306946
5064.0 0.7613663961008277
5066.0 0.7641880083803544
5068.0 0.7597486209028902
5070.0 0.752953317366423
5072.0 0.7579822948358905
5074.0 0.7593889316249782
5076.0 0.7630572475524969
5078.0 0.7594380108977358
5080.0 0.7546144667528548
5082.0 0.7528842713719126
5084.0 0.7608645896518803
5086.0 0.7614692696764084
5088.0 0.7616169687448542
5090.0 0.7647108603304227
5092.0 0.7661853159588662
5094.0 0.7639050360462635
5096.0 0.7625802667630165
5098.0 0.7601577194918753
5100.0 0.7600006373949296
5102.0 0.7620784782350178
5104.0 0.7622541839741401
5106.0 0.7658961737187775
5108.0 0.7650063013242278
5110.0 0.7626039961743178
5112.0 0.7608733662944781
5114.0 0.7583928816425484
5116.0 0.756416717400746
5118.0 0.7532314548787193
5120.0 0.7480328206447028
5122.0 0.7464531697379281
5124.0 0.7481894261162401
5126.0 0.7480378022057805
5128.0 0.7474273072802261
5130.0 0.7483979626877224
5132.0 0.7516503503119071
5134.0 0.7512065122071956
5136.0 0.7479481395851432
5138.0 0.7489945053112766
5140.0 0.7533834238629405
5142.0 0.7524680747451788
5144.0 0.7522922273210881
5146.0 0.7518073789063957
5148.0 0.7519315891872179
5150.0 0.7603395619969188
5152.0 0.7665025455822373
5154.0 0.7688162323976924
5156.0 0.7705823464359114
5158.0 0.7730053713995976
5160.0 0.773178542453354
5162.0 0.783361387715874
5164.0 0.7861545249707471
5166.0 0.786182994652916
5168.0 0.7859398150921763
5170.0 0.7936232495521641
5172.0 0.7938552691838044
5174.0 0.7952725905907698
5176.0 0.8030541920426624
5178.0 0.8069572561417843
5180.0 0.8151168155137601
5182.0 0.8228373372285998
5184.0 0.8236846853335811
5186.0 0.8227073731607757
5188.0 0.8267339765733509
5190.0 0.8273468535094147
5192.0 0.8284514304538132
5194.0 0.8298720686895775
5196.0 0.8315297758542861
5198.0 0.8339249518855913
5200.0 0.8330358534615541
5202.0 0.8316854208058381
5204.0 0.8333216510872941
5206.0 0.8305045199629814
5208.0 0.8261490792864562
5210.0 0.8242158273887641
5212.0 0.8210296500312759
5214.0 0.8152268194448947
5216.0 0.8112861949792435
5218.0 0.8080205339091845
5220.0 0.8000720840945212
5222.0 0.7969228892853277
5224.0 0.7956400382728186
5226.0 0.7947701003793576
5228.0 0.7915068161263807
5230.0 0.7868575651606462
5232.0 0.7795617985274643
5234.0 0.7826679078433928
5236.0 0.78418163211718
5238.0 0.7807249435641099
5240.0 0.7723031128479166
5242.0 0.7675934534007256
5244.0 0.7629378485103158
5246.0 0.761432613116347
5248.0 0.7621883311274755
5250.0 0.7602620060712977
5252.0 0.7589180872006894
5254.0 0.7556934936669564
5256.0 0.7561899088116742
5258.0 0.7518392311202342
5260.0 0.7497158827850114
5262.0 0.7457176706977541
5264.0 0.7406672136013734
5266.0 0.7385586910034466
5268.0 0.7356254527808223
5270.0 0.7339630966305359
5272.0 0.7324501609849732
5274.0 0.7342864059441018
5276.0 0.732201977900052
5278.0 0.7307816136758994
5280.0 0.7273127726330609
5282.0 0.721844322973046
5284.0 0.7241292866015993
5286.0 0.7255673195370659
5288.0 0.7227311776539637
5290.0 0.7190326375122508
5292.0 0.7202626717359455
5294.0 0.7210247626247197
5296.0 0.7155574974359092
5298.0 0.717235688179452
5300.0 0.7166773183922891
5302.0 0.7181524280952782
5304.0 0.7138987681045924
5306.0 0.7130518447566573
5308.0 0.7164816689386286
5310.0 0.7204863917434531
5312.0 0.7227441213906022
5314.0 0.7221992481614865
5316.0 0.7261976831725354
5318.0 0.725569898908185
5320.0 0.7272032382615526
5322.0 0.7304315877675337
5324.0 0.7314891992478393
5326.0 0.7341832924007243
5328.0 0.7333142619228361
5330.0 0.7340608529539954
5332.0 0.7357039566757274
5334.0 0.7400318616425597
5336.0 0.7428292034991392
5338.0 0.7384718064166195
5340.0 0.7363974974148078
5342.0 0.7383166308137956
5344.0 0.7400159796050074
5346.0 0.7465254054864691
5348.0 0.7501256206391782
5350.0 0.750138355264325
5352.0 0.7497757732193604
5354.0 0.7496027506836633
5356.0 0.7567712254256009
5358.0 0.7607041932480475
5360.0 0.7642998252603277
5362.0 0.7658452641387722
5364.0 0.7643151574023072
5366.0 0.7635757719306256
5368.0 0.7682424541377982
5370.0 0.7709501103833065
5372.0 0.7759050126403614
5374.0 0.777718939927451
5376.0 0.7741458939239834
5378.0 0.7698783188381194
5380.0 0.7699848631706592
5382.0 0.7740136026417397
5384.0 0.7773128674287919
5386.0 0.7788640553723256
5388.0 0.7790610361818241
5390.0 0.7789161465819854
5392.0 0.7762306243542502
5394.0 0.7782249878768952
5396.0 0.7793508733071588
5398.0 0.7769200687142972
5400.0 0.7747555484132227
5402.0 0.7707316124450574
5404.0 0.7693406358921063
5406.0 0.765067360362572
5408.0 0.7633858260829871
5410.0 0.7603156596950753
5412.0 0.7621879940459841
5414.0 0.7628952156058313
5416.0 0.7623999570850155
5418.0 0.7586238950408379
5420.0 0.7492462524329205
5422.0 0.7467704980471016
5424.0 0.7427497970833108
5426.0 0.7443632176657375
5428.0 0.7496231866908004
5430.0 0.7469218913519274
5432.0 0.7395155232939401
5434.0 0.7344759959801916
5436.0 0.7355423795515021
5438.0 0.7348328821498431
5440.0 0.7351694288170811
5442.0 0.7333381270663106
5444.0 0.7344047869969755
5446.0 0.735534924413484
5448.0 0.7353225094923647
5450.0 0.7349688128932108
5452.0 0.7369803946690807
5454.0 0.7357922553993411
5456.0 0.7360145529345237
5458.0 0.7367544851554603
5460.0 0.7387102295777945
5462.0 0.7405096736008601
5464.0 0.7416562415330638
5466.0 0.7429503078146137
5468.0 0.7439459562954795
5470.0 0.7404582850421186
5472.0 0.7386535091938851
5474.0 0.7394606367147326
5476.0 0.7479879172764855
5478.0 0.7498838085340432
5480.0 0.749924330158401
5482.0 0.7468556523540272
5484.0 0.7462061851822518
5486.0 0.745541785864875
5488.0 0.7417339993916099
5490.0 0.7508179489148911
5492.0 0.7567694321065642
5494.0 0.7583665974184446
5496.0 0.7593436379832716
5498.0 0.7602535024830027
5500.0 0.7564975212752054
5502.0 0.7594585530750586
5504.0 0.759492643967631
5506.0 0.7592186965919605
5508.0 0.7623002922269737
5510.0 0.761121903422053
5512.0 0.757971549187216
5514.0 0.7574005401950127
5516.0 0.7589157985763084
5518.0 0.7602843854471053
5520.0 0.7587648819920274
5522.0 0.756167643567678
5524.0 0.7544514462316078
5526.0 0.7569514915015986
5528.0 0.75545618346574
5530.0 0.7536449592813165
5532.0 0.7522860403808561
5534.0 0.7533596937307977
5536.0 0.7499817646321809
5538.0 0.7482885383224753
5540.0 0.7481982639602099
5542.0 0.744204954494688
5544.0 0.7394876354252383
5546.0 0.7379198356621061
5548.0 0.7384905946008855
5550.0 0.7380746195521927
5552.0 0.7367223711549229
5554.0 0.7333296743333094
5556.0 0.7307094885287231
5558.0 0.7295843915326764
5560.0 0.7270132074466399
5562.0 0.7228616288109135
5564.0 0.7185198286141349
5566.0 0.7177630589539938
5568.0 0.7122287960997762
5570.0 0.7086455874825945
5572.0 0.7075342838647207
5574.0 0.7039009091402872
5576.0 0.7016184974082816
5578.0 0.6980455232687817
5580.0 0.6951401936593831
5582.0 0.6920413772670178
5584.0 0.6899738639625392
5586.0 0.6879749816145309
5588.0 0.6864536519381403
5590.0 0.6840463406144957
5592.0 0.6776483284268989
5594.0 0.677064565576476
5596.0 0.6741507442192582
5598.0 0.6730611928324522
5600.0 0.6692815131229238
5602.0 0.6670002350471507
5604.0 0.6629420133410302
5606.0 0.663303736605272
5608.0 0.6621546030816784
5610.0 0.6585372448056882
5612.0 0.6556314314806335
5614.0 0.6538230720671945
5616.0 0.6487099874847302
5618.0 0.6443461471162516
5620.0 0.643289501569395
5622.0 0.6426329959874262
5624.0 0.6403107074762554
5626.0 0.6397252807443213
5628.0 0.6368376419787869
5630.0 0.6362961584039654
5632.0 0.6330217120143701
5634.0 0.6234070702545687
5636.0 0.6187220207194345
5638.0 0.6230299112030683
5640.0 0.6292290421009128
5642.0 0.629978066926761
5644.0 0.6306811171612378
5646.0 0.6239171588535071
5648.0 0.622402526577023
5650.0 0.6195670111552234
5652.0 0.6213332034229611
5654.0 0.6196715445580815
5656.0 0.6180222086359345
5658.0 0.613758564448275
5660.0 0.6111222566204604
5662.0 0.6082665119667267
5664.0 0.6077321307537655
5666.0 0.6082189218077145
5668.0 0.6112841154648723
5670.0 0.6126464315924491
5672.0 0.6115023784146509
5674.0 0.6096020619301477
5676.0 0.6113178448120735
5678.0 0.611709035127562
5680.0 0.6111589229119124
5682.0 0.6130323144219445
5684.0 0.6119241581922505
5686.0 0.6109663497131802
5688.0 0.6091824715102466
5690.0 0.60988765613196
5692.0 0.6098222332713072
5694.0 0.6107005892489399
5696.0 0.6129178188258368
5698.0 0.6133220249846468
5700.0 0.6159977114368568
5702.0 0.6135415623983581
5704.0 0.6121040063545159
5706.0 0.6144010849954965
5708.0 0.6138771567971681
5710.0 0.6150476116770027
5712.0 0.6180450305833853
5714.0 0.6191293029986493
5716.0 0.6203200273541617
5718.0 0.6195066279912551
5720.0 0.6148125683334865
5722.0 0.6152953233057536
5724.0 0.6199786363159634
5726.0 0.6225633675621612
5728.0 0.6211217895702129
5730.0 0.618155152576392
5732.0 0.6178087773920186
5734.0 0.6170993820477718
5736.0 0.6215257995020544
5738.0 0.6242843364675996
5740.0 0.624871718134886
5742.0 0.6249518871941439
5744.0 0.6255841223425079
5746.0 0.6284749140356651
5748.0 0.6328486994341906
5750.0 0.6328355018683157
5752.0 0.6334231843635936
5754.0 0.6308610801988641
5756.0 0.6330648174030118
5758.0 0.6348251837786583
5760.0 0.6410915892788598
5762.0 0.6435518286651877
5764.0 0.6439934893804872
5766.0 0.6488954000267467
5768.0 0.6529764333356471
5770.0 0.6572202753255717
5772.0 0.6576652200021706
5774.0 0.6590579950668127
5776.0 0.6585247854293466
5778.0 0.6604982112080092
5780.0 0.665674690341775
5782.0 0.6694315326510524
5784.0 0.6671493989454944
5786.0 0.664317483376497
5788.0 0.6659350928041589
5790.0 0.669125387753561
5792.0 0.6752220499487442
5794.0 0.6774449544553612
5796.0 0.6795312488014895
5798.0 0.682347416715731
5800.0 0.6859446908959851
5802.0 0.6853409815588306
5804.0 0.6870086585618412
5806.0 0.6887053311913849
5808.0 0.6934480906938758
5810.0 0.6974374940728105
5812.0 0.7020940553912719
5814.0 0.7072254985946289
5816.0 0.7126685988685885
5818.0 0.7150277986094965
5820.0 0.7128248235177131
5822.0 0.7146846423512123
5824.0 0.714956769646702
5826.0 0.7147286704516199
5828.0 0.7188687426504341
5830.0 0.7219833511960217
5832.0 0.7221614844807868
5834.0 0.7194311324522226
5836.0 0.7179375085179036
5838.0 0.7166817455997513
5840.0 0.710733424018282
5842.0 0.7089599377026552
5844.0 0.7096401263773436
5846.0 0.7089621476264415
5848.0 0.7126506658833384
5850.0 0.7128024670233343
5852.0 0.7161808154629191
5854.0 0.7252242042532884
5856.0 0.7247922530386972
5858.0 0.7238887144336044
5860.0 0.7227726456423473
5862.0 0.7170766811797336
5864.0 0.7147801857630812
5866.0 0.7154769753301198
5868.0 0.714280236035732
5870.0 0.7119288938815965
5872.0 0.710346766230399
5874.0 0.7074319014970027
5876.0 0.7056717354606614
5878.0 0.7034792933659538
5880.0 0.7006278084784807
5882.0 0.6987884207772495
5884.0 0.6968677405318555
5886.0 0.6947324861816772
5888.0 0.6922659653109882
5890.0 0.6904772828077631
5892.0 0.6883215041388594
5894.0 0.6857540643901939
5896.0 0.6836830347778552
5898.0 0.6814999397189658
5900.0 0.6789559794843706
5902.0 0.6771310250359567
5904.0 0.6746654454463258
5906.0 0.6724800610620661
5908.0 0.6708193925998084
5910.0 0.6682661939398
5912.0 0.6673443035300938
5914.0 0.6671125283756453
5916.0 0.6638476016494549
5918.0 0.6598192161063142
5920.0 0.6560592739925609
5922.0 0.6540994989258242
5924.0 0.6495139170171979
5926.0 0.6466550792256648
5928.0 0.645701603528
5930.0 0.6488334297676631
5932.0 0.6467328737267694
5934.0 0.6449954391811552
5936.0 0.6434072184457101
5938.0 0.6433940605009676
5940.0 0.640603647738882
5942.0 0.6381908670564419
5944.0 0.6366928424387592
5946.0 0.6339286612797949
5948.0 0.6325941943117663
5950.0 0.6328889760898408
5952.0 0.6310819406594546
5954.0 0.63113743390146
5956.0 0.6313213141084364
5958.0 0.6276157642654712
5960.0 0.6256982220399497
5962.0 0.6241561880964978
5964.0 0.6224984556978522
5966.0 0.6224919676744001
5968.0 0.6223557846972717
5970.0 0.6220849908578195
5972.0 0.6188626152851723
5974.0 0.615349862273787
5976.0 0.6139640258028205
5978.0 0.6138466045661678
5980.0 0.6127131248382026
5982.0 0.610187251190366
5984.0 0.6115498694282675
5986.0 0.6106310726630264
5988.0 0.6099198749583715
5990.0 0.6069142096448832
5992.0 0.6016804041125289
5994.0 0.5986484680561519
5996.0 0.5925613122150567
5998.0 0.5886111394050083
6000.0 0.5852698614956029
6002.0 0.5842740511990376
6004.0 0.5812259597572044
6006.0 0.5778424605072376
6008.0 0.5762260490539997
6010.0 0.5739593576261637
6012.0 0.5712960546949185
6014.0 0.566403788531418
6016.0 0.5624598448540341
6018.0 0.5602317203566293
6020.0 0.557043838287483
6022.0 0.5521615694466695
6024.0 0.5481057462072402
6026.0 0.5432999147623043
6028.0 0.5379170362302258
6030.0 0.5338670989062364
6032.0 0.5291961840546341
6034.0 0.5248371729072566
6036.0 0.523048419221261
6038.0 0.520305267835756
6040.0 0.516600639570948
6042.0 0.5134626769410614
6044.0 0.510190496937648
6046.0 0.5036342008539937
6048.0 0.4966661401540215
6050.0 0.49243919873786673
6052.0 0.485613883325534
6054.0 0.47663717169630704
6056.0 0.4768192993873086
6058.0 0.4751062676124546
6060.0 0.46884496451679686
6062.0 0.46250189238658
6064.0 0.4607985895475443
6066.0 0.45787061087423
6068.0 0.4547191679453686
6070.0 0.450179722529004
6072.0 0.44301050707161194
6074.0 0.43656805473019483
6076.0 0.43192438022959107
6078.0 0.42689823923280573
6080.0 0.42249378093209095
6082.0 0.4159191614073904
6084.0 0.40985115007094847
6086.0 0.4037900787589196
6088.0 0.3997054575871929
6090.0 0.3943754519359231
6092.0 0.38634076496776054
6094.0 0.38139736278274367
6096.0 0.37736915894415585
6098.0 0.3717763055729311
6100.0 0.3668562784629389
6102.0 0.36178243917501834
6104.0 0.356987816383166
6106.0 0.3539303087872082
6108.0 0.3519499007661265
6110.0 0.35142517830685027
6112.0 0.35091228139738145
6114.0 0.3502472913611753
6116.0 0.34806427286180197
6118.0 0.347537901683824
6120.0 0.346288955916985
6122.0 0.3464430732367625
6124.0 0.34552134455107425
6126.0 0.3462082966308929
6128.0 0.3425611947242807
6130.0 0.34198909352331236
6132.0 0.3457970122819664
6134.0 0.351492345441099
6136.0 0.35071429171909746
6138.0 0.35253395816068217
6140.0 0.3542225659749348
6142.0 0.35470560003588164
6144.0 0.35721113889223255
6146.0 0.3582435997517632
6148.0 0.36140180309385267
6150.0 0.36509452947186044
6152.0 0.36805526339748573
6154.0 0.37433643764343244
6156.0 0.37943789617048984
6158.0 0.3833674787289186
6160.0 0.3854369010936942
6162.0 0.38928668807461886
6164.0 0.39330930222851923
6166.0 0.3935207582019998
6168.0 0.39331561657386716
6170.0 0.39470420117490496
6172.0 0.3965392394938231
6174.0 0.4010472852335912
6176.0 0.4058143830057655
6178.0 0.41205379992840696
6180.0 0.41573340638562595
6182.0 0.4231176551633147
6184.0 0.42760326101664325
6186.0 0.4303528876505589
6188.0 0.43170571822748643
6190.0 0.4304074710567363
6192.0 0.43446987887231225
6194.0 0.4414861065399806
6196.0 0.44691762907267163
6198.0 0.45239108031328384
6200.0 0.45514959910100683
6202.0 0.45929788010702316
6204.0 0.46317495982666923
6206.0 0.46565622705970217
6208.0 0.4699151424698733
6210.0 0.472896066497708
6212.0 0.47574125802707545
6214.0 0.47877479435938447
6216.0 0.48001769639288017
6218.0 0.4808228425322713
6220.0 0.4856833101725347
6222.0 0.48448278569909464
6224.0 0.4830819157325664
6226.0 0.48520879595735855
6228.0 0.4926919246764473
6230.0 0.49859377548447464
6232.0 0.5049795676786609
6234.0 0.5094322207962748
6236.0 0.512188764095963
6238.0 0.5164885735988242
6240.0 0.5208553303273974
6242.0 0.5251211297693691
6244.0 0.5261383250207274
6246.0 0.5275047061214505
6248.0 0.5303910038953843
6250.0 0.5338279371412262
6252.0 0.5378574871798643
6254.0 0.5394122462329848
6256.0 0.5423746352148331
6258.0 0.5460704895949612
6260.0 0.5509261987075585
6262.0 0.5535044984286548
6264.0 0.5567919131308602
6266.0 0.5623183040312371
6268.0 0.5638002698669708
6270.0 0.5663900043053334
6272.0 0.5677603021382446
6274.0 0.5675065560354408
6276.0 0.5679837315237652
6278.0 0.569719705651442
6280.0 0.574528411898717
6282.0 0.5783257342125995
6284.0 0.582086015333564
6286.0 0.582944186161323
6288.0 0.583375982377606
6290.0 0.585429718717493
6292.0 0.589173349408649
6294.0 0.5921826041097942
6296.0 0.5942012034476997
6298.0 0.5968385915280492
6300.0 0.5997287497673554
6302.0 0.6012682695249985
6304.0 0.6000041692919171
6306.0 0.6020770237576153
6308.0 0.6019317705375363
6310.0 0.6007463587616428
6312.0 0.602594684136728
6314.0 0.606416609959363
6316.0 0.6073405982061634
6318.0 0.6079255228201332
6320.0 0.6076089109411437
6322.0 0.6110063451861233
6324.0 0.6146987526013707
6326.0 0.6209904839449034
6328.0 0.6207882557911015
6330.0 0.6209455290068833
6332.0 0.62315378510254
6334.0 0.6284451930896021
6336.0 0.6302781190557784
6338.0 0.6318297668098988
6340.0 0.6321768184047323
6342.0 0.6330215666723602
6344.0 0.6344110253452038
6346.0 0.6380526957162951
6348.0 0.6437478590112143
6350.0 0.6448330389187797
6352.0 0.6450325077880147
6354.0 0.6472763039878561
6356.0 0.6479126597784984
6358.0 0.6499590151665599
6360.0 0.646513760219859
6362.0 0.6445689660746321
6364.0 0.6462216122810716
6366.0 0.6480380746698137
6368.0 0.6494061754877669
6370.0 0.6531470314905862
6372.0 0.6524850078836103
6374.0 0.652112013360422
6376.0 0.6530264674765797
6378.0 0.653964333758254
6380.0 0.6550255792569792
6382.0 0.6570154700785256
6384.0 0.6593139349854761
6386.0 0.6603875643183191
6388.0 0.6594453720534164
6390.0 0.6589642296337161
6392.0 0.6577505347721156
6394.0 0.6562148219059337
6396.0 0.6563896052923647
6398.0 0.655834403446852
6400.0 0.6554160397336731
6402.0 0.6548320250473277
6404.0 0.653982687002581
6406.0 0.6531355833739024
6408.0 0.6524315379461825
6410.0 0.6521011858980602
6412.0 0.6515801286943622
6414.0 0.6510510613992657
6416.0 0.6506998433133192
6418.0 0.6502246363834149
6420.0 0.6496603386476519
6422.0 0.6493049206699635
6424.0 0.6488409278175686
6426.0 0.6481927427025956
6428.0 0.6476534282545123
6430.0 0.6470664520748283
6432.0 0.6457893125872785
6434.0 0.6452886763955772
6436.0 0.6449567688159085
6438.0 0.6429307906250659
6440.0 0.6419416540224442
6442.0 0.6418362604810282
6444.0 0.6417562660817828
6446.0 0.640991179553167
6448.0 0.6373521795409501
6450.0 0.6352793014969084
6452.0 0.6369878820338934
6454.0 0.6342052067991032
6456.0 0.6328989010262002
6458.0 0.6316219651029812
6460.0 0.6320528213873895
6462.0 0.6293158986524813
6464.0 0.6260145266054266
6466.0 0.6241855385711482
6468.0 0.6215390204266729
6470.0 0.6208240384943281
6472.0 0.61982667237124
6474.0 0.6156948880427644
6476.0 0.6130449779773954
6478.0 0.6133528936117044
6480.0 0.6129256103247364
6482.0 0.6120325636257556
6484.0 0.6075095460606025
6486.0 0.6044934893131471
6488.0 0.6018046332029184
6490.0 0.5985890425207886
6492.0 0.5943589036953311
6494.0 0.593596552396159
6496.0 0.591415797136104
6498.0 0.5880186784872307
6500.0 0.5849089195002695
6502.0 0.5804195415569421
6504.0 0.5685065958281513
6506.0 0.5629160346923079
6508.0 0.5527964500928898
6510.0 0.5531447462045644
6512.0 0.552775062731948
6514.0 0.557364534150946
6516.0 0.5613812737775071
6518.0 0.5609188561107566
6520.0 0.5593034716350188
6522.0 0.554263706000264
6524.0 0.5500195256330654
6526.0 0.5467910489511605
6528.0 0.5430177597465555
6530.0 0.539889685616817
6532.0 0.5389117593605263
6534.0 0.5369969672621704
6536.0 0.5351764758306178
6538.0 0.5326756570882857
6540.0 0.5287974388731552
6542.0 0.5253101606938223
6544.0 0.5231559987591797
6546.0 0.5206570972117786
6548.0 0.5179298111910803
6550.0 0.51522595817093
6552.0 0.5130081872896816
6554.0 0.5104060367411168
6556.0 0.5082372109563251
6558.0 0.505858605519522
6560.0 0.5032223772445693
6562.0 0.500838540145754
6564.0 0.4980903300622274
6566.0 0.4957569440288897
6568.0 0.49326515386040454
6570.0 0.4903466429339257
6572.0 0.4883216078181726
6574.0 0.4860837184550064
6576.0 0.4832869614404906
6578.0 0.48117664434123647
6580.0 0.4785226357992078
6582.0 0.4759598648704371
6584.0 0.47398331337248506
6586.0 0.4718767436340588
6588.0 0.4683636089504289
6590.0 0.4644423890400173
6592.0 0.46043904031074084
6594.0 0.4562944497456657
6596.0 0.4526384948388472
6598.0 0.4495996643038546
6600.0 0.4476997473114546
6602.0 0.44663341548356644
6604.0 0.44589655051829064
6606.0 0.443659713156001
6608.0 0.44109354524827216
6610.0 0.43767033631207947
6612.0 0.4359880248550824
6614.0 0.4340705261368652
6616.0 0.4322354882535168
6618.0 0.42956727462294003
6620.0 0.42865558440314505
6622.0 0.42845107616264644
6624.0 0.4265825518573802
6626.0 0.4256034341740486
6628.0 0.424823134714558
6630.0 0.42412458884184345
6632.0 0.42198641629971856
6634.0 0.42060791398506553
6636.0 0.4187880539468151
6638.0 0.4178321668054577
6640.0 0.41735031579293425
6642.0 0.41594329111197675
6644.0 0.41503963777339875
6646.0 0.41425883470178176
6648.0 0.40964320127972825
6650.0 0.4074887964231083
6652.0 0.4061291635146052
6654.0 0.40492918005044676
6656.0 0.4049235331798767
6658.0 0.40331484003345136
6660.0 0.3989993212483634
6662.0 0.3962220200077046
6664.0 0.3942255561686796
6666.0 0.3951825094878634
6668.0 0.3945345318240576
6670.0 0.39268795197778955
6672.0 0.3908261754853499
6674.0 0.388411392849818
6676.0 0.38587710572102973
6678.0 0.38416965213466175
6680.0 0.3847713174540983
6682.0 0.38666700869448395
6684.0 0.3861147006041242
6686.0 0.38506764264913484
6688.0 0.3837814202413804
6690.0 0.3827329522304999
6692.0 0.38078172989303016
6694.0 0.3789965616953647
6696.0 0.3784795293822677
6698.0 0.3768763305189479
6700.0 0.3758888921183859
6702.0 0.3745340817927707
6704.0 0.3709969074365402
6706.0 0.37032367623335255
6708.0 0.3688870933461897
6710.0 0.3689943259623364
6712.0 0.36987379028502854
6714.0 0.36845375409626396
6716.0 0.3679434165048864
6718.0 0.3675392655291775
6720.0 0.3645334202649176
6722.0 0.36349847205408103
6724.0 0.3629868673420559
6726.0 0.36142824518604527
6728.0 0.3606113129399716
6730.0 0.3605178917193172
6732.0 0.36178520912905227
6734.0 0.3611945969371931
6736.0 0.36061689243423345
6738.0 0.35848191307252614
6740.0 0.35839638915053046
6742.0 0.35591394535394427
6744.0 0.35388615470625
6746.0 0.3514984416844904
6748.0 0.3494879134080207
6750.0 0.34978978290482626
6752.0 0.34882559406206204
6754.0 0.34923171207969067
6756.0 0.34976908723121314
6758.0 0.3498281577664733
6760.0 0.3496610874115594
6762.0 0.3488499403677621
6764.0 0.34823538515551244
6766.0 0.3478275229802343
6768.0 0.3476302042991732
6770.0 0.3470243878126654
6772.0 0.3464803951100831
6774.0 0.34603790655955574
6776.0 0.3456509127896598
6778.0 0.34515672495334687
6780.0 0.34466158636755434
6782.0 0.34427591214042136
6784.0 0.34379877300747624
6786.0 0.34307443275381294
6788.0 0.34287107907835473
6790.0 0.34255667965600983
6792.0 0.34155589435040096
6794.0 0.3412437653843826
6796.0 0.34089340018068337
6798.0 0.34027574321126913
6800.0 0.3398197226605262
6802.0 0.3398858431634729
6804.0 0.3395361876006379
6806.0 0.33889263914283724
6808.0 0.3380229076116045
6810.0 0.3380001312501533
6812.0 0.34054524106521167
6814.0 0.3399653555987285
6816.0 0.33879700805085267
6818.0 0.3400707315672595
6820.0 0.3410327086707282
6822.0 0.34189553095796577
6824.0 0.3428389923802544
6826.0 0.34342282965968146
6828.0 0.3444475099004388
6830.0 0.34352750150860706
6832.0 0.3428100703223137
6834.0 0.34283578777567664
6836.0 0.3381028701307583
6838.0 0.33578750328005263
6840.0 0.33642979259094374
6842.0 0.33913928119213876
6844.0 0.3407610617889385
6846.0 0.33979623336831905
6848.0 0.3375714498997008
6850.0 0.33634587539719385
6852.0 0.33568180847213697
6854.0 0.3383216057405404
6856.0 0.3385030243097433
6858.0 0.3377418161625055
6860.0 0.33603043449696546
6862.0 0.33610740132807304
6864.0 0.3363223840626572
6866.0 0.3383631058045013
6868.0 0.33903374803675457
6870.0 0.3395435527844342
6872.0 0.34118827478753583
6874.0 0.3408718758481297
6876.0 0.3393916297709546
6878.0 0.33905003232753994
6880.0 0.3387315671118692
6882.0 0.33868000796081754
6884.0 0.34058984523915004
6886.0 0.33949481767497286
6888.0 0.33647337394374716
6890.0 0.33452263248993397
6892.0 0.33472173394579224
6894.0 0.33649664796558815
6896.0 0.33689218706023005
6898.0 0.3377574240738336
6900.0 0.3365147025745881
6902.0 0.33343446202538685
6904.0 0.33228904262625986
6906.0 0.3343329132119651
6908.0 0.3371469399159835
6910.0 0.3371981455516177
6912.0 0.33651334401111294
6914.0 0.33494679342714273
6916.0 0.3339050652121054
6918.0 0.3334755927034827
6920.0 0.33178811735459346
6922.0 0.33039897586950945
6924.0 0.33062208382679
6926.0 0.32977247607890126
6928.0 0.3298922022109787
6930.0 0.328968850589481
6932.0 0.3312506732682164
6934.0 0.33089570929734163
6936.0 0.3315055522072693
6938.0 0.3301464080946243
6940.0 0.3308104536517409
6942.0 0.33090812024556304
6944.0 0.3307639208727178
6946.0 0.33041358000535004
6948.0 0.3284265575723321
6950.0 0.327514359340641
6952.0 0.3271045427526197
6954.0 0.3270868051842612
6956.0 0.32729838672081374
6958.0 0.3281775765009005
6960.0 0.3292898698810142
6962.0 0.3295029353539031
6964.0 0.33003229647488047
6966.0 0.32912517134528485
6968.0 0.3304626569044903
6970.0 0.32905164420175775
6972.0 0.32723381065193297
6974.0 0.32718178002405174
6976.0 0.3273802556177516
6978.0 0.3285922377312186
6980.0 0.33163995499582827
6982.0 0.33322738440258404
6984.0 0.33233806239693103
6986.0 0.33153472311868526
6988.0 0.3325396808403579
6990.0 0.33332923176700213
6992.0 0.3320456897876942
6994.0 0.3332049964470694
6996.0 0.33418550625713966
6998.0 0.3345921554969022
7000.0 0.33160751512047865
7002.0 0.3307663004703478
7004.0 0.3320640267934404
7006.0 0.33403286987348846
7008.0 0.3353263478994277
7010.0 0.33491475911409735
7012.0 0.3341108538788334
7014.0 0.3345794548111823
7016.0 0.33363898762090705
7018.0 0.33268185839976755
7020.0 0.33306978038852764
7022.0 0.3340969623063694
7024.0 0.3340883514228192
7026.0 0.33366484898175847
7028.0 0.33539232654575635
7030.0 0.33434895104552825
7032.0 0.3344790618115669
7034.0 0.3362344290245759
7036.0 0.3361677260203819
7038.0 0.33584913989219
7040.0 0.3353948721275628
7042.0 0.33473954979495874
7044.0 0.33419840851816324
7046.0 0.3348641774913156
7048.0 0.3341419466416769
7050.0 0.33681495974291814
7052.0 0.3368070377363669
7054.0 0.3371234255817729
7056.0 0.3385406811985821
7058.0 0.3381028569964001
7060.0 0.338147879239458
7062.0 0.33808662300130565
7064.0 0.3371995084669015
7066.0 0.33964016996166263
7068.0 0.34023982808290026
7070.0 0.3395695925919192
7072.0 0.34097872611353097
7074.0 0.342554365320688
7076.0 0.34283420469319015
7078.0 0.34266052761522187
7080.0 0.3418428413577994
7082.0 0.3427210107333508
7084.0 0.3445309235679464
7086.0 0.3463260534574051
7088.0 0.3468535597323936
7090.0 0.34497702072572306
7092.0 0.34470030002297003
7094.0 0.3440592580018208
7096.0 0.3425674119061267
7098.0 0.34280537825779117
7100.0 0.34638746683207167
7102.0 0.3464506575834299
7104.0 0.34721367128485503
7106.0 0.3458031266722496
7108.0 0.3491793987688385
7110.0 0.3487683012969525
7112.0 0.34540768121232646
7114.0 0.3483404911219492
7116.0 0.3493221599299249
7118.0 0.3483263610028822
7120.0 0.3462837432277376
7122.0 0.3460349457019285
7124.0 0.34939805710422694
7126.0 0.3478145275876652
7128.0 0.3473702991683929
7130.0 0.3460711119684102
7132.0 0.3469497916341731
7134.0 0.34530563630911737
7136.0 0.3437730399594212
7138.0 0.3435938427105103
7140.0 0.344201451583572
7142.0 0.3449229551452646
7144.0 0.34425385648554535
7146.0 0.3442739547453339
7148.0 0.34429989086254326
7150.0 0.34617440773426
7152.0 0.3449193287978061
7154.0 0.34205561975374454
7156.0 0.3391016714929713
7158.0 0.3392856159982522
7160.0 0.34095507255671614
7162.0 0.34439222972428785
7164.0 0.34192732800764253
7166.0 0.33813615159813726
7168.0 0.33866116794254164
7170.0 0.33920612743922923
7172.0 0.33946868933610846
7174.0 0.33953275978680375
7176.0 0.33936179097611874
7178.0 0.33784206956349977
7180.0 0.3373759932425173
7182.0 0.3350155601686419
7184.0 0.33011290111631675
7186.0 0.3303014055407852
7188.0 0.33106414247028965
7190.0 0.33428759305621336
7192.0 0.33562838881153145
7194.0 0.3350232467993212
7196.0 0.3343303594190163
7198.0 0.33364524764629244
7200.0 0.33200860176435715
7202.0 0.33034530612727203
7204.0 0.32827272576898237
7206.0 0.3293290612875033
7208.0 0.3313885888259563
7210.0 0.3305834909281558
7212.0 0.3328207544120739
7214.0 0.33232007039252814
7216.0 0.32895840071497523
7218.0 0.327357499247262
7220.0 0.3252979095163472
7222.0 0.3273951869719477
7224.0 0.32935109927065526
7226.0 0.33036220728347354
7228.0 0.33054863787224115
7230.0 0.3292745282096375
7232.0 0.32779096234375577
7234.0 0.32577586900473343
7236.0 0.3254468689275672
7238.0 0.32481883011655055
7240.0 0.32673954285205514
7242.0 0.3269761115670682
7244.0 0.3271440069110369
7246.0 0.3278087583131039
7248.0 0.3273978809527882
7250.0 0.32646738500339817
7252.0 0.325060570105645
7254.0 0.32566523777629325
7256.0 0.32538114977668225
7258.0 0.32744964819255074
7260.0 0.32690938036335904
7262.0 0.3259460196239442
7264.0 0.3257740041886688
7266.0 0.3246884624834149
7268.0 0.32445755926302455
7270.0 0.32557071104888874
7272.0 0.32551197286842487
7274.0 0.32581533336810126
7276.0 0.32635255866168633
7278.0 0.3248032328249739
7280.0 0.3228210896959277
7282.0 0.3195542661751382
7284.0 0.32155766677507847
7286.0 0.3237028647120055
7288.0 0.3244669113313141
7290.0 0.32435210073441195
7292.0 0.32311095594560896
7294.0 0.32090758073692055
7296.0 0.3197506731694094
7298.0 0.32088813093347185
7300.0 0.32273132866978244
7302.0 0.3234959849039825
7304.0 0.322575587209682
7306.0 0.32101121750400635
7308.0 0.3208595928754947
7310.0 0.32081107527622954
7312.0 0.32197125647666375
7314.0 0.32013609278019856
7316.0 0.31944342754643645
7318.0 0.3199586371835945
7320.0 0.3191113632388551
7322.0 0.3182675341471208
7324.0 0.31719136694836114
7326.0 0.3168808342795593
7328.0 0.31598132668289164
7330.0 0.31636901267781137
7332.0 0.31684154049146335
7334.0 0.31617774227278284
7336.0 0.3122339844859107
7338.0 0.3119902694225796
7340.0 0.31299461469852785
7342.0 0.31484437441613405
7344.0 0.3139479447410525
7346.0 0.3126655303880076
7348.0 0.30964145773129265
7350.0 0.30810234535704106
7352.0 0.3083460918730311
7354.0 0.31035563031786817
7356.0 0.3093432845567007
7358.0 0.3078832120615732
7360.0 0.3057955907106119
7362.0 0.3033670546584855
7364.0 0.3021725007296227
7366.0 0.3019639233356218
7368.0 0.3029238205446366
7370.0 0.30329267070284405
7372.0 0.30174941177743714
7374.0 0.3037569806884894
7376.0 0.30362026282992916
7378.0 0.3017458764486201
7380.0 0.3001954274735536
7382.0 0.2984215715459362
7384.0 0.29629883275260055
7386.0 0.294899374936225
7388.0 0.29310481243142245
7390.0 0.29217264106109736
7392.0 0.291692581629125
7394.0 0.29070080953330624
7396.0 0.2893564524949049
7398.0 0.2874224071016572
7400.0 0.28685331440211426
7402.0 0.2852506753200737
7404.0 0.2835105419817571
7406.0 0.28159347773406557
7408.0 0.28209332778595353
7410.0 0.2811017015202855
7412.0 0.2801681499857094
7414.0 0.27802274704564683
7416.0 0.2784323489640321
7418.0 0.2783617825713977
7420.0 0.2777721564457083
7422.0 0.27490039329822796
7424.0 0.27316154132937265
7426.0 0.2709862458396188
7428.0 0.2690818348612464
7430.0 0.26818121444274634
7432.0 0.2664180472525232
7434.0 0.26703846252274765
7436.0 0.26549308457056614
7438.0 0.2643940109265915
7440.0 0.260698869521416
7442.0 0.2602409485559022
7444.0 0.2591337425368279
7446.0 0.25865255411588756
7448.0 0.2578587096265488
7450.0 0.25678288784248104
7452.0 0.25355410409409906
7454.0 0.2508034831015761
7456.0 0.247145808809337
7458.0 0.24520304780541416
7460.0 0.24513279928642118
7462.0 0.2460078558063061
7464.0 0.243241740248009
7466.0 0.24045407013042683
7468.0 0.2355510530276698
7470.0 0.23265111182041004
7472.0 0.22993248843568412
7474.0 0.23000531642650587
7476.0 0.23571253282837473
7478.0 0.239496618595687
7480.0 0.2435686775547359
7482.0 0.2449941406691947
7484.0 0.24594030989902566
7486.0 0.2451101441522238
7488.0 0.24495659547230522
7490.0 0.2448928793047393
7492.0 0.2459315204991269
7494.0 0.24674979875585829
7496.0 0.24724750802134637
7498.0 0.24774608998204967
7500.0 0.2483110076489666
7502.0 0.24907956191197028
7504.0 0.24951147668573184
7506.0 0.25026494813845673
7508.0 0.25085745416212574
7510.0 0.2515823171866652
7512.0 0.2523432808651843
7514.0 0.25300393728501985
7516.0 0.2535783074589682
7518.0 0.2544048364565323
7520.0 0.2554329330272164
7522.0 0.2556230572276011
7524.0 0.2568326551236786
7526.0 0.2571382277354173
7528.0 0.257804459632933
7530.0 0.2587754105379817
7532.0 0.25908823575499296
7534.0 0.2599910579920268
7536.0 0.2607393031618302
7538.0 0.2610397241462527
7540.0 0.26177443053424626
7542.0 0.26262006802533366
7544.0 0.263271382657087
7546.0 0.26398267377291673
7548.0 0.26478475104692933
7550.0 0.2655200001213153
7552.0 0.2661331701058723
7554.0 0.2668246831442558
7556.0 0.26759443091419494
7558.0 0.2682283994915273
7560.0 0.2687232516032455
7562.0 0.2693214947861392
7564.0 0.27015229613940944
7566.0 0.2705347615574837
7568.0 0.2709392766007168
7570.0 0.2731197282628911
7572.0 0.27618713011336965
7574.0 0.27808380729322124
7576.0 0.2788772744092481
7578.0 0.27780749700384383
7580.0 0.28072760403775077
7582.0 0.28291994687429073
7584.0 0.28192721133267096
7586.0 0.28126331102427277
7588.0 0.2815469907635616
7590.0 0.27867681238391767
7592.0 0.27949746367947215
7594.0 0.27898879026654805
7596.0 0.2832632848761289
7598.0 0.28588942536716605
7600.0 0.28658622079762075
7602.0 0.28668961229999107
7604.0 0.2866414062431204
7606.0 0.28543611015553233
7608.0 0.28434861179290377
7610.0 0.28699873080547994
7612.0 0.28935825671744075
7614.0 0.288451239172197
7616.0 0.2887105834925036
7618.0 0.2887453299306812
7620.0 0.28502881806161684
7622.0 0.28715711199448674
7624.0 0.28853650118626467
7626.0 0.28766527129619
7628.0 0.28868480626537435
7630.0 0.2887021391145462
7632.0 0.28890100259947
7634.0 0.2870174346847536
7636.0 0.287582021829765
7638.0 0.2890622785471775
7640.0 0.28882331553389756
7642.0 0.28716139410488317
7644.0 0.2850959406134027
7646.0 0.28377657691202196
7648.0 0.2840782093652395
7650.0 0.2872661468573122
7652.0 0.28732763469036554
7654.0 0.28454831675727027
7656.0 0.28215649677625504
7658.0 0.2810145478593029
7660.0 0.282118531888831
7662.0 0.2851624895438961
7664.0 0.288424549216567
7666.0 0.2883886092579686
7668.0 0.28783503893185347
7670.0 0.28598468003998884
7672.0 0.2852966523029893
7674.0 0.2849057386010547
7676.0 0.2846227077222552
7678.0 0.2841595720082449
7680.0 0.28467461300925345
7682.0 0.283880756758863
7684.0 0.2842910330608008
7686.0 0.28407854611600863
7688.0 0.28611749849375245
7690.0 0.2848520766520115
7692.0 0.2849708797579838
7694.0 0.28222955393463744
7696.0 0.2819693244777037
7698.0 0.2804807690044922
7700.0 0.2822300561574177
7702.0 0.2832929596127248
7704.0 0.2840611106002318
7706.0 0.2844553102112548
7708.0 0.2836660533356045
7710.0 0.28388632517825446
7712.0 0.2850029757432074
7714.0 0.2842258007123641
7716.0 0.28282907126161094
7718.0 0.28388313211513116
7720.0 0.2822632876835844
7722.0 0.27984486465745473
7724.0 0.2831291175563038
7726.0 0.28563313540807234
7728.0 0.2830532526529663
7730.0 0.28392516097098824
7732.0 0.28415825207391027
7734.0 0.2833131717797178
7736.0 0.28252894287374763
7738.0 0.2817232111450406
7740.0 0.2808920019490664
7742.0 0.28028112333617716
7744.0 0.28159651620029436
7746.0 0.2843603352800491
7748.0 0.28011662360499034
7750.0 0.2789194687405713
7752.0 0.278357533625245
7754.0 0.27791369267289756
7756.0 0.27834865937166964
7758.0 0.27836249267495144
7760.0 0.2780113724048908
7762.0 0.27754972651020066
7764.0 0.27686194441949386
7766.0 0.2765157078030791
7768.0 0.27630867850162166
7770.0 0.2758350593120899
7772.0 0.2756097139978227
7774.0 0.27534355984558906
7776.0 0.2749838128502278
7778.0 0.2744702495168035
7780.0 0.2741981558012569
7782.0 0.27382366078199133
7784.0 0.2733363853023721
7786.0 0.2730617812657348
7788.0 0.272890336287328
7790.0 0.27220314869524814
7792.0 0.2715874968886622
7794.0 0.2717024625551355
7796.0 0.2711897188028269
7798.0 0.27074504071833194
7800.0 0.2708087298965923
7802.0 0.27077618538952203
7804.0 0.27070822526536764
7806.0 0.2695278183276882
7808.0 0.26870357656456034
7810.0 0.26782253634513403
7812.0 0.2674412746699353
7814.0 0.26802761991994856
7816.0 0.26738300897815986
7818.0 0.26721741333616505
7820.0 0.2684283578124804
7822.0 0.269447846512695
7824.0 0.27005854615139574
7826.0 0.26853062849014947
7828.0 0.2683365859844855
7830.0 0.26822414240245035
7832.0 0.2651373093242049
7834.0 0.26223487542033086
7836.0 0.26143917705612874
7838.0 0.2632629311049077
7840.0 0.2652062444214589
7842.0 0.26608586602459955
7844.0 0.2664152959854745
7846.0 0.2638726626935736
7848.0 0.260480354676765
7850.0 0.2593928315338329
7852.0 0.26284458425967255
7854.0 0.26455037889075317
7856.0 0.25967324412307924
7858.0 0.2552499576075902
7860.0 0.25361933624317123
7862.0 0.25468154922370034
7864.0 0.2557680645031324
7866.0 0.2560476458942194
7868.0 0.257562111838778
7870.0 0.25646530277346596
7872.0 0.2534930032106221
7874.0 0.25256576151884685
7876.0 0.2517142083984827
7878.0 0.2523812667655322
7880.0 0.2509799885271304
7882.0 0.25083071554232633
7884.0 0.25013766733477877
7886.0 0.2494805066117227
7888.0 0.24552356716247478
7890.0 0.2425326215658543
7892.0 0.24162795073896634
7894.0 0.24473306695828553
7896.0 0.24953479153648658
7898.0 0.24952891472863187
7900.0 0.2472240248810925
7902.0 0.24459031482813973
7904.0 0.24185324904079522
7906.0 0.24428357582365373
7908.0 0.24534926371100985
7910.0 0.24469096870564955
7912.0 0.24481405803202105
7914.0 0.2448328534739617
7916.0 0.2429508876549853
7918.0 0.2415331283017647
7920.0 0.2423367068961244
7922.0 0.242900956980435
7924.0 0.2403581099467318
7926.0 0.2389268732866224
7928.0 0.23350708355865013
7930.0 0.23282992341627282
7932.0 0.23293395124516242
7934.0 0.23271498278107808
7936.0 0.23381210151212475
7938.0 0.23553429311859414
7940.0 0.23681058025263038
7942.0 0.23782081715586945
7944.0 0.23699091033159642
7946.0 0.23487432440989467
7948.0 0.23382429511746808
7950.0 0.23272552303338068
7952.0 0.23048342738534772
7954.0 0.23217371016321503
7956.0 0.23296295589118746
7958.0 0.232382057155697
7960.0 0.2295308288674853
7962.0 0.22936807222250033
7964.0 0.22817643405629148
7966.0 0.22789244367880293
7968.0 0.22773881135467194
7970.0 0.22911889391785759
7972.0 0.2284917859559308
7974.0 0.22705314948098965
7976.0 0.22665308115705446
7978.0 0.22584069540866902
7980.0 0.22457991997745821
7982.0 0.2229765893577898
7984.0 0.223585883024634
7986.0 0.22208039221921727
7988.0 0.21960791109065012
7990.0 0.2186740045848379
7992.0 0.21836517290235677
7994.0 0.21764298489593015
7996.0 0.2180179732957259
7998.0 0.2177400272385859
8000.0 0.21707566566515246
8002.0 0.2154313913173305
8004.0 0.2166991973335911
8006.0 0.21893329553856047
8008.0 0.21560279072337654
8010.0 0.21173253618558707
8012.0 0.21291805342597486
8014.0 0.21583431756478097
8016.0 0.2169036685195432
8018.0 0.21495613249972947
8020.0 0.21261399901834732
8022.0 0.210367545125321
8024.0 0.2103419065213256
8026.0 0.21175443389066942
8028.0 0.21120329385745348
8030.0 0.20861567219205093
8032.0 0.2080300499742789
8034.0 0.20710059002318976
8036.0 0.20606966255073095
8038.0 0.20266035074510194
8040.0 0.20153210320855072
8042.0 0.20167106153200903
8044.0 0.19979403667485024
8046.0 0.19889243059886097
8048.0 0.1999648273478928
8050.0 0.19705493911098862
8052.0 0.19637267904347988
8054.0 0.19639590768962953
8056.0 0.19504138360977513
8058.0 0.19281810065159563
8060.0 0.19161134567857593
8062.0 0.1888167132945016
8064.0 0.1891915691778566
8066.0 0.1890844919736914
8068.0 0.1861952134471644
8070.0 0.18358214236576506
8072.0 0.18125584789873145
8074.0 0.17952240888281037
8076.0 0.17846817852489585
8078.0 0.17658440973862255
8080.0 0.17417741113129348
8082.0 0.17096974018129277
8084.0 0.16954037805007208
8086.0 0.16411817625808897
8088.0 0.16224308423366163
8090.0 0.1614291766986146
8092.0 0.16147536309047453
8094.0 0.15777304951639465
8096.0 0.15456776016912221
8098.0 0.15357231789996864
8100.0 0.15145975371898826
8102.0 0.1503778860759346
8104.0 0.14985680121742642
8106.0 0.14846457178473105
8108.0 0.14392314380479548
8110.0 0.14119296865634137
8112.0 0.1392386698810967
8114.0 0.13719437456678776
8116.0 0.13660201612253
8118.0 0.13728511573980415
8120.0 0.13543911726693927
8122.0 0.13311748644346072
8124.0 0.1278997869417172
8126.0 0.1248960813376092
8128.0 0.12558694575124946
8130.0 0.1279246445043505
8132.0 0.12834608792373353
8134.0 0.12714451110699876
8136.0 0.12861584058354367
8138.0 0.12883623741144745
8140.0 0.12591825558911884
8142.0 0.12444467269368878
8144.0 0.12421822668257078
8146.0 0.12325925070269457
8148.0 0.12333384819641983
8150.0 0.12296766815451898
8152.0 0.12014881470957409
8154.0 0.11989718375714103
8156.0 0.12093111449766236
8158.0 0.11937148935976144
8160.0 0.1170549584778751
8162.0 0.11489894662576455
8164.0 0.11385211798231133
8166.0 0.11290768333379861
8168.0 0.1126912720481293
8170.0 0.11271956590323318
8172.0 0.11171928140591791
8174.0 0.11248711002095665
8176.0 0.11076237209314224
8178.0 0.11022409728494265
8180.0 0.11024755404375568
8182.0 0.10852110458910638
8184.0 0.10949584639575721
8186.0 0.11125566913645268
8188.0 0.1119128580122061
8190.0 0.11092503119714736
8192.0 0.10934387547506227
8194.0 0.10912555305903957
8196.0 0.10937521400144334
8198.0 0.11085881513959289
8200.0 0.11583569548461822
8202.0 0.11822440204260332
8204.0 0.11888292650573173
8206.0 0.11055286718435649
8208.0 0.1099183363528119
8210.0 0.10854869316434874
8212.0 0.10907420205805374
8214.0 0.10836261775122134
8216.0 0.11038094829190612
8218.0 0.11259720865824104
8220.0 0.11255285442348019
8222.0 0.11392340734171913
8224.0 0.11499785432063338
8226.0 0.11512736711082751
8228.0 0.11696967654062844
8230.0 0.11717646942757388
8232.0 0.11538389253349872
8234.0 0.11319174296631448
8236.0 0.11295933023017074
8238.0 0.1126542883181855
8240.0 0.11318976624963781
8242.0 0.11527152791889352
8244.0 0.11687333158567094
8246.0 0.11739127798630976
8248.0 0.11867848585323233
8250.0 0.11970002679154214
8252.0 0.11982337898647966
8254.0 0.1179724934487341
8256.0 0.11670069559896673
8258.0 0.11769058861251118
8260.0 0.12075592254853434
8262.0 0.12104166905983743
8264.0 0.12040541150249233
8266.0 0.12411366154516959
8268.0 0.1255049401010465
8270.0 0.12657014438217318
8272.0 0.1276820969394971
8274.0 0.13004886257764212
8276.0 0.12835280028471793
8278.0 0.1267311877869317
8280.0 0.12848700027397808
8282.0 0.12983079310992865
8284.0 0.12964581485812376
8286.0 0.12846041069728115
8288.0 0.13077290574069012
8290.0 0.13339360898659772
8292.0 0.1334803456085186
8294.0 0.13328238617224816
8296.0 0.1344321444334636
8298.0 0.13515615288432847
8300.0 0.1353865856893629
8302.0 0.13506703022499716
8304.0 0.13844496085560912
8306.0 0.13902250545462463
8308.0 0.13885861305725478
8310.0 0.13829288439963022
8312.0 0.13878361455015453
8314.0 0.1396809549012679
8316.0 0.14245853994783556
8318.0 0.14234919823291556
8320.0 0.14198334052188438
8322.0 0.1397457639496915
8324.0 0.13581702064923065
8326.0 0.13566246274220048
8328.0 0.13670301389375894
8330.0 0.14233100157853562
8332.0 0.15126875987904148
8334.0 0.1556677958132004
8336.0 0.15527117520690825
8338.0 0.15288905732831243
8340.0 0.15633311376792564
8342.0 0.1583191253342751
8344.0 0.15968963697643224
8346.0 0.15660803536001314
8348.0 0.15728561668741728
8350.0 0.16032682208205176
8352.0 0.1638574097476379
8354.0 0.16912044163889756
8356.0 0.17641759669853974
8358.0 0.17771126896433495
8360.0 0.1760009896426567
8362.0 0.1736640144277517
8364.0 0.17270749852325717
8366.0 0.17206271129479891
8368.0 0.17232318928028006
8370.0 0.17136461867191247
8372.0 0.1742716274723406
8374.0 0.17617016820501008
8376.0 0.1742375211508608
8378.0 0.1779760948248668
8380.0 0.18337976449496013
8382.0 0.18153271838908908
8384.0 0.1822794876745168
8386.0 0.18556971610711276
8388.0 0.1927517733803814
8390.0 0.19579326741482742
8392.0 0.19751545472186985
8394.0 0.20219215708091323
8396.0 0.20256647954865503
8398.0 0.20219862668802513
8400.0 0.20209646280662683
8402.0 0.20334520258938432
8404.0 0.2050377562034442
8406.0 0.20463573428651774
8408.0 0.2063815571082964
8410.0 0.2077832439680539
8412.0 0.20798760124477353
8414.0 0.21091793643226422
8416.0 0.2110519266494359
8418.0 0.21725200177043874
8420.0 0.21912466659304486
8422.0 0.2206461961253013
8424.0 0.2212797403090687
8426.0 0.2241394386526723
8428.0 0.22660436572067394
8430.0 0.22782824679923386
8432.0 0.22606866175934376
8434.0 0.2240002858091327
8436.0 0.22424546226413195
8438.0 0.22561781880142198
8440.0 0.2275690914349792
8442.0 0.2331133479174808
8444.0 0.23357226638728898
8446.0 0.23285652746751268
8448.0 0.23238736454960823
8450.0 0.233506250857081
8452.0 0.23567069712386848
8454.0 0.23475546422571406
8456.0 0.23490877360144444
8458.0 0.2379257200350792
8460.0 0.2406510041102556
8462.0 0.24074489999393486
8464.0 0.24146785210296307
8466.0 0.24276231808539842
8468.0 0.24486412521703066
8470.0 0.24337893395545646
8472.0 0.24009498299911813
8474.0 0.24009016071913544
8476.0 0.24253397044145708
8478.0 0.2490104455775738
8480.0 0.2502693315645092
8482.0 0.2511023145119331
8484.0 0.24989641989809924
8486.0 0.24692331076621463
8488.0 0.2444853684501618
8490.0 0.24457672138026942
8492.0 0.2478409017162702
8494.0 0.2505419227840525
8496.0 0.2502794988261706
8498.0 0.24811659485008775
8500.0 0.24834485705181772
8502.0 0.2515018756688369
8504.0 0.2526333348383754
8506.0 0.25363842097629563
8508.0 0.2535862061552163
8510.0 0.254063997735149
8512.0 0.2544725201599043
8514.0 0.2518329932503262
8516.0 0.25241618531100096
8518.0 0.2542050948420357
8520.0 0.25363868022476327
8522.0 0.2525112974705384
8524.0 0.2513602065624255
8526.0 0.25036653122242497
8528.0 0.2518254673707217
8530.0 0.2527455631625853
8532.0 0.2551832251489707
8534.0 0.2578931271609348
8536.0 0.26056222163125736
8538.0 0.2587146988656223
8540.0 0.25848563379236905
8542.0 0.2575135312911197
8544.0 0.2534452749981482
8546.0 0.25528398162817156
8548.0 0.25512211462145085
8550.0 0.25872705338950536
8552.0 0.2600953004670886
8554.0 0.2613724383117535
8556.0 0.2606174466126874
8558.0 0.2574015542482415
8560.0 0.2563270827755412
8562.0 0.2580766483700942
8564.0 0.26317033863637634
8566.0 0.2648089916881014
8568.0 0.26224476888581594
8570.0 0.2631096908125966
8572.0 0.26362646086071684
8574.0 0.26386868042725076
8576.0 0.2641568849612399
8578.0 0.26314520667481683
8580.0 0.2613729847858863
8582.0 0.26134257790134974
8584.0 0.262580145317774
8586.0 0.2642734881250894
8588.0 0.2632727402382061
8590.0 0.2622679240801525
8592.0 0.2643205313656727
8594.0 0.2621548189609076
8596.0 0.2624180356797827
8598.0 0.2603905911579445
8600.0 0.2610093108751055
8602.0 0.26208402703430433
8604.0 0.2618426235483514
8606.0 0.2641690054144925
8608.0 0.26660500990147806
8610.0 0.2678649717680337
8612.0 0.26420922449463774
8614.0 0.26322544306901186
8616.0 0.26526633641267855
8618.0 0.26673904580753155
8620.0 0.27017511407338257
8622.0 0.27391131781255934
8624.0 0.26609559892897633
8626.0 0.2632195994323831
8628.0 0.2629967822375457
8630.0 0.2631612064597415
8632.0 0.26316812344829316
8634.0 0.2635021417535187
8636.0 0.2682459659180634
8638.0 0.27001340103754545
8640.0 0.2690333895167366
8642.0 0.26539185479350047
8644.0 0.2648482966453835
8646.0 0.2663713282044675
8648.0 0.2683935368216785
8650.0 0.26778046802264566
8652.0 0.2672352350788819
8654.0 0.2688219550295839
8656.0 0.2691556207661361
8658.0 0.2672801370890196
8660.0 0.26460038283181864
8662.0 0.2635599141002431
8664.0 0.2626922424628393
8666.0 0.26284049799204434
8668.0 0.2628110604677033
8670.0 0.2640465762763903
8672.0 0.26817520512728354
8674.0 0.2690496437449579
8676.0 0.2685428296513564
8678.0 0.2546210644187571
8680.0 0.2523747441588446
8682.0 0.2528128153257583
8684.0 0.26111271391529484
8686.0 0.2629681842164284
8688.0 0.26519019473464567
8690.0 0.26241815044842665
8692.0 0.26371245733629217
8694.0 0.26524093840083934
8696.0 0.26557614431218346
8698.0 0.2661701834835866
8700.0 0.26632095232572883
8702.0 0.2643676941940754
8704.0 0.265113427507253
8706.0 0.26687683018210956
8708.0 0.26575814572437956
8710.0 0.26584361980320365
8712.0 0.2670729338686132
8714.0 0.2605036474712693
8716.0 0.2578425571024542
8718.0 0.25600464692233416
8720.0 0.25548419913427173
8722.0 0.25447389505337137
8724.0 0.25242956064222866
8726.0 0.25358667836451904
8728.0 0.25430135747174476
8730.0 0.2540426435506264
8732.0 0.24798431532467083
8734.0 0.2513113191019554
8736.0 0.25723444392445627
8738.0 0.24756030471207432
8740.0 0.2479049428257682
8742.0 0.2508367382234057
8744.0 0.25787406555463593
8746.0 0.26163407505273084
8748.0 0.26216763897215595
8750.0 0.2651542589646609
8752.0 0.260655392750689
8754.0 0.2510321744042492
8756.0 0.24739564345069937
8758.0 0.24653980926105337
8760.0 0.24709837575784344
8762.0 0.24666334593138975
8764.0 0.24869857668255407
8766.0 0.2505484071501026
8768.0 0.2466536587662499
8770.0 0.2435474477101014
8772.0 0.23928377889128422
8774.0 0.23991598858345742
8776.0 0.24109207635828003
8778.0 0.24452641711998305
8780.0 0.24508558046340836
8782.0 0.2437249015849614
8784.0 0.24071662581636144
8786.0 0.2420825810467565
8788.0 0.23964374671279368
8790.0 0.23670589566793232
8792.0 0.24129889427368317
8794.0 0.23810415742422206
8796.0 0.23459539203120439
8798.0 0.23582717378464896
8800.0 0.23347541078182799
8802.0 0.2316874673585956
8804.0 0.23361794758814763
8806.0 0.22913768684631985
8808.0 0.22422260904348623
8810.0 0.22188334683363878
8812.0 0.22213594978612244
8814.0 0.22274795696805136
8816.0 0.22159284596820328
8818.0 0.2217668628793383
8820.0 0.22216064261366078
8822.0 0.22235177489073565
8824.0 0.22154864794487644
8826.0 0.22000571701405872
8828.0 0.22113120745943765
8830.0 0.21987824602332035
8832.0 0.21615441127464102
8834.0 0.20803678719442575
8836.0 0.2072464789503403
8838.0 0.2071184414386824
8840.0 0.207215205638616
8842.0 0.209822867543178
8844.0 0.2112199684778653
8846.0 0.20904908528596805
8848.0 0.2045664100092298
8850.0 0.2017887039316165
8852.0 0.2026333529012049
8854.0 0.20169594095225393
8856.0 0.20216585564853895
8858.0 0.20234953771381325
8860.0 0.19681236131991087
8862.0 0.19335574173375772
8864.0 0.19436319544127245
8866.0 0.19417855792963373
8868.0 0.19539741526461465
8870.0 0.19206946840761757
8872.0 0.18911904199951915
8874.0 0.18657635993398494
8876.0 0.18961878162988774
8878.0 0.18678405475595894
8880.0 0.18375531247202417
8882.0 0.18279889149197365
8884.0 0.17985272837639768
8886.0 0.17935656247317647
8888.0 0.18010297729982677
8890.0 0.17911447600537223
8892.0 0.17960770713862026
8894.0 0.18417159261292834
8896.0 0.1815145847486169
8898.0 0.18151616310307328
8900.0 0.18162858804893964
8902.0 0.1797755901674304
8904.0 0.1800569264075481
8906.0 0.1830186565868666
8908.0 0.18257099471474764
8910.0 0.17857832042353805
8912.0 0.1703602392814863
8914.0 0.16811765968823755
8916.0 0.17431957917825483
8918.0 0.18308658536995612
8920.0 0.18980827854390478
8922.0 0.19247506142769114
8924.0 0.18765180748132984
8926.0 0.18543805451415812
8928.0 0.1867188861660223
8930.0 0.18997250137986707
8932.0 0.18479906338233196
8934.0 0.18248627035162826
8936.0 0.17830646836089586
8938.0 0.18401329873879813
8940.0 0.1821633618054244
8942.0 0.17901224933089224
8944.0 0.17601051858869457
8946.0 0.17655418460445113
8948.0 0.1803995001523956
8950.0 0.18066958663854493
8952.0 0.18032728230129286
8954.0 0.17784705945292617
8956.0 0.1848614409434137
8958.0 0.18588983236267154
8960.0 0.18388299189666155
8962.0 0.18524355049574373
8964.0 0.18436674542984158
8966.0 0.18135287104304945
8968.0 0.18408584878111378
8970.0 0.1842838800375461
8972.0 0.18011110261762447
8974.0 0.17733531632075583
8976.0 0.177713990708004
8978.0 0.17959192623442527
8980.0 0.17964214346040824
8982.0 0.17906473074745463
8984.0 0.1784234419801702
8986.0 0.179868090518021
8988.0 0.17988507251929298
8990.0 0.17826565479983883
8992.0 0.1729715958488368
8994.0 0.17300386941390372
8996.0 0.17479704098803917
8998.0 0.1814953992155226
9000.0 0.18026939919013565
9002.0 0.17756242800147035
9004.0 0.17908432324780618
9006.0 0.1799724239788933
9008.0 0.17933542769180214
9010.0 0.1728186271874538
9012.0 0.17386585577365954
9014.0 0.17695958667977038
9016.0 0.17776992545093595
9018.0 0.1769201224823521
9020.0 0.17386243196645138
9022.0 0.1721793765098548
9024.0 0.17229782850665107
9026.0 0.17411472540857942
9028.0 0.17383602373500445
9030.0 0.17455846495108598
9032.0 0.1742139305270726
9034.0 0.1747183646119792
9036.0 0.17509460806929417
9038.0 0.1735378274551277
9040.0 0.1692628796622474
9042.0 0.16668395010327422
9044.0 0.165395961640738
9046.0 0.1743984601849234
9048.0 0.1724811682685001
9050.0 0.16882679977433535
9052.0 0.1702013196677077
9054.0 0.1681846299909324
9056.0 0.1654681473017249
9058.0 0.16627511873559642
9060.0 0.17020976369673602
9062.0 0.17503888085154126
9064.0 0.17368169791302107
9066.0 0.17648028498766197
9068.0 0.17940054290979376
9070.0 0.17346841055079742
9072.0 0.1738568120627642
9074.0 0.17544377550097986
9076.0 0.17023279177818787
9078.0 0.16838182750050817
9080.0 0.16992674662355428
9082.0 0.17132239331196775
9084.0 0.17394084421265377
9086.0 0.1752791985446893
9088.0 0.17558852784570705
9090.0 0.1743885250842852
9092.0 0.17214353396993196
9094.0 0.1707010357095804
9096.0 0.16986132456358888
9098.0 0.17049277844577604
9100.0 0.1716425092734176
9102.0 0.17297815097035543
9104.0 0.17370444631351264
9106.0 0.17345633652275136
9108.0 0.17259235371367093
9110.0 0.1716973516816128
9112.0 0.1719133478251815
9114.0 0.17210960598358926
9116.0 0.17315773774912288
9118.0 0.17424933387566463
9120.0 0.1748911862014317
9122.0 0.17509674166298977
9124.0 0.17468434471015046
9126.0 0.1751977252049288
9128.0 0.1753907522188993
9130.0 0.17719567644439657
9132.0 0.17747554416063854
9134.0 0.17751805511523777
9136.0 0.17767664176471193
9138.0 0.17731403134214427
9140.0 0.17599995346839598
9142.0 0.17652298917902473
9144.0 0.17810693276034026
9146.0 0.17712250920067582
9148.0 0.1746554471069173
9150.0 0.1734434787618311
9152.0 0.17226930350731384
9154.0 0.1718678341309464
9156.0 0.17245994674241238
9158.0 0.17249786700051678
9160.0 0.17133454800208456
9162.0 0.17107114796181203
9164.0 0.17167983646881108
9166.0 0.17323169458905008
9168.0 0.17358793298521816
9170.0 0.17163979041303756
9172.0 0.1700100904345432
9174.0 0.17030820538049968
9176.0 0.17100086053482083
9178.0 0.1720672519549723
9180.0 0.17224254234231304
9182.0 0.1680048547611791
9184.0 0.1676691289979947
9186.0 0.16848274490085594
9188.0 0.16901840103033142
9190.0 0.16985275794046714
9192.0 0.16978149913748602
9194.0 0.16981162148212514
9196.0 0.16938803069559408
9198.0 0.1705471195531273
9200.0 0.17262429408511556
9202.0 0.17107909586839531
9204.0 0.16380738934979425
9206.0 0.157222087951256
9208.0 0.15266533269204194
9210.0 0.15177363949625006
9212.0 0.154680108112283
9214.0 0.15662844443300297
9216.0 0.15985770908508373
9218.0 0.16219596732181144
9220.0 0.16379303958497862
9222.0 0.16452894293916043
9224.0 0.16573019572165076
9226.0 0.17017191228224737
9228.0 0.17146177606851076
9230.0 0.17024550520958412
9232.0 0.16775313562392224
9234.0 0.1638156166623524
9236.0 0.1595647301318639
9238.0 0.1545991952827201
9240.0 0.15186427718513731
9242.0 0.1521209745772783
9244.0 0.15398186740016154
9246.0 0.1567723785184736
9248.0 0.1596450305050891
9250.0 0.16140817045088196
9252.0 0.16103865983604482
9254.0 0.15938784862096933
9256.0 0.15674282804750964
9258.0 0.1540872556031641
9260.0 0.15199906197703678
9262.0 0.15174868815053155
9264.0 0.153052200754245
9266.0 0.15434879591266182
9268.0 0.15465877160330832
9270.0 0.15523858796710213
9272.0 0.153571902501533
9274.0 0.15103319263373435
9276.0 0.15014790331177497
9278.0 0.153599371026525
9280.0 0.15602659441268785
9282.0 0.16013634546297778
9284.0 0.16041459069151442
9286.0 0.1618731841414404
9288.0 0.16311319515181924
9290.0 0.16719217111740498
9292.0 0.16909658756811416
9294.0 0.17011845794388528
9296.0 0.1691645119016327
9298.0 0.16707301176161252
9300.0 0.16380323552159567
9302.0 0.16243168249904524
9304.0 0.16158722104185932
9306.0 0.15983717416882123
9308.0 0.1594521999481401
9310.0 0.15796436825265409
9312.0 0.15857035138300032
9314.0 0.16046184274489184
9316.0 0.16148854203774002
9318.0 0.16401008892290095
9320.0 0.16744316337479612
9322.0 0.17196248170999512
9324.0 0.1749674196279605
9326.0 0.17978213182395453
9328.0 0.1840782352925565
9330.0 0.18702257852992757
9332.0 0.18284078784263452
9334.0 0.17405821791284348
9336.0 0.15820194220919928
9338.0 0.1406530195273082
9340.0 0.13591457381642086
9342.0 0.14008734092725217
9344.0 0.14707418898440988
9346.0 0.15688778638512024
9348.0 0.1613520982536905
9350.0 0.15737949697875017
9352.0 0.15609512836020073
9354.0 0.1559739247622083
9356.0 0.15069986370189992
9358.0 0.1421578037141581
9360.0 0.13202583763325423
9362.0 0.12437365325942905
9364.0 0.11808300374148141
9366.0 0.12663590085375018
9368.0 0.13835194936052891
9370.0 0.14869023410253565
9372.0 0.16488200760030552
9374.0 0.17032248145328924
9376.0 0.16830216611306598
9378.0 0.1653438763016589
9380.0 0.15926567714126297
9382.0 0.155611287681064
9384.0 0.1599687262428843
9386.0 0.16401539667501938
9388.0 0.16195307888226196
9390.0 0.15659696756762112
9392.0 0.15106749926082066
9394.0 0.1469768640896187
9396.0 0.14634513590565323
9398.0 0.14492040038196655
9400.0 0.14721168796145823
9402.0 0.15182798285770213
9404.0 0.15523114208230926
9406.0 0.15873927850655192
9408.0 0.1601089066522918
9410.0 0.15429992892678618
9412.0 0.14875902298748123
9414.0 0.14420035122758265
9416.0 0.14171879544331936
9418.0 0.1433543181656254
9420.0 0.1466659515509244
9422.0 0.14966695323043677
9424.0 0.15497222166754246
9426.0 0.1554323205192468
9428.0 0.15495148394645053
9430.0 0.15467567348918893
9432.0 0.1532127472774298
9434.0 0.15204228121457644
9436.0 0.149839952073662
9438.0 0.1493456005209803
9440.0 0.14841626963778973
9442.0 0.14750173163425864
9444.0 0.15125061295084852
9446.0 0.15437139000652128
9448.0 0.15332933610879065
9450.0 0.15212402883907947
9452.0 0.1526348656242196
9454.0 0.1542517350732182
9456.0 0.155813048869066
9458.0 0.15514119447804928
9460.0 0.15090920303066246
9462.0 0.14452149614444523
9464.0 0.14295230585892552
9466.0 0.1437955947554704
9468.0 0.14511861496670106
9470.0 0.1425877266435922
9472.0 0.14158306763142744
9474.0 0.14257227140761092
9476.0 0.1432702550906141
9478.0 0.14439195967366672
9480.0 0.14498963025760825
9482.0 0.14326790446439372
9484.0 0.14076706881871978
9486.0 0.13946445866709448
9488.0 0.1403005820330165
9490.0 0.14238979307691815
9492.0 0.14355735908493394
9494.0 0.1464739314825761
9496.0 0.14434940220508194
9498.0 0.1417461276848896
9500.0 0.1417502319396378
9502.0 0.1433746128718221
9504.0 0.1412606695709225
9506.0 0.13952855521407695
9508.0 0.1378410543761519
9510.0 0.13625893592283658
9512.0 0.1353525516688954
9514.0 0.13587780489746845
9516.0 0.13728290779821226
9518.0 0.13852601991126046
9520.0 0.1410683977150708
9522.0 0.14112998294791368
9524.0 0.139695223464081
9526.0 0.13917169301561896
9528.0 0.13738275623543936
9530.0 0.13707838460121946
9532.0 0.13494470289656352
9534.0 0.13357927998082195
9536.0 0.13235049157590012
9538.0 0.1321881149913301
9540.0 0.13187280911122018
9542.0 0.13298034227836186
9544.0 0.13537005447556463
9546.0 0.13600310240820868
9548.0 0.137988153862032
9550.0 0.13847808261748704
9552.0 0.1373299858090228
9554.0 0.1371104498138336
9556.0 0.13605982778554782
9558.0 0.13638909667193957
9560.0 0.13548443124137868
9562.0 0.13570210124295592
9564.0 0.13505808345940648
9566.0 0.13539424753682333
9568.0 0.1373146617497336
9570.0 0.14081471880508156
9572.0 0.14165125952758703
9574.0 0.13847588730955004
9576.0 0.1377438888726546
9578.0 0.14119346710089564
9580.0 0.14421058554117822
9582.0 0.1451563202284788
9584.0 0.14466960968802328
9586.0 0.14407503699216906
9588.0 0.14221147514214344
9590.0 0.13896870585006876
9592.0 0.13575008894390117
9594.0 0.1350253169739632
9596.0 0.13419050760090506
9598.0 0.1372998943018946
9600.0 0.14000996192263207
9602.0 0.14052447629643075
9604.0 0.13802099034717727
9606.0 0.13846440204130903
9608.0 0.13958384792651674
9610.0 0.13750668820862724
9612.0 0.13588279780446946
9614.0 0.13426206384126782
9616.0 0.13792543089386752
9618.0 0.13710629578669162
9620.0 0.13660140438289897
9622.0 0.13550843655782308
9624.0 0.13491760973262515
9626.0 0.13734961861204492
9628.0 0.13776794698086647
9630.0 0.1398802299528217
9632.0 0.1369961347393633
9634.0 0.13446873922243338
9636.0 0.1306539197530013
9638.0 0.12811026121225444
9640.0 0.1290836288118593
9642.0 0.13177022875709363
9644.0 0.1348044774088064
9646.0 0.13653764409420277
9648.0 0.13512059949581473
9650.0 0.13279590958913526
9652.0 0.13370805905939562
9654.0 0.13361706797822967
9656.0 0.13400177286063894
9658.0 0.13612272950294016
9660.0 0.13677980773110193
9662.0 0.13559918643187677
9664.0 0.13141245178501357
9666.0 0.12983396624759083
9668.0 0.13172463491575534
9670.0 0.13340903308935154
9672.0 0.13238210025483915
9674.0 0.13354847619262394
9676.0 0.13496306882131226
9678.0 0.13777021786208427
9680.0 0.1381388967612757
9682.0 0.13735285350836593
9684.0 0.13582781836692223
9686.0 0.13673628315148462
9688.0 0.13723545021854133
9690.0 0.1379509745712004
9692.0 0.13960962326707424
9694.0 0.13978293817170037
9696.0 0.1401698950071555
9698.0 0.14210461608146888
9700.0 0.14224731650294517
9702.0 0.1395608156682598
9704.0 0.1387430748439427
9706.0 0.13626532879654202
9708.0 0.12967824382022713
9710.0 0.12875019939709373
9712.0 0.1281099493216584
9714.0 0.12688020232209773
9716.0 0.1294649629713729
9718.0 0.1332966087196439
9720.0 0.13974028286891252
9722.0 0.14302941336490946
9724.0 0.14178264892559148
9726.0 0.14001777138032967
9728.0 0.1358131353438674
9730.0 0.13617320397103144
9732.0 0.1378818583994241
9734.0 0.1365820308390032
9736.0 0.1333624228683122
9738.0 0.13127939399714056
9740.0 0.1327585931542567
9742.0 0.135081030182333
9744.0 0.1373166678145118
9746.0 0.13586889821202805
9748.0 0.132592146173091
9750.0 0.13096671587906253
9752.0 0.13348078449329426
9754.0 0.13837785599385566
9756.0 0.14146669797124908
9758.0 0.13948172194901462
9760.0 0.1391405780409157
9762.0 0.13997591310483032
9764.0 0.14032957301304158
9766.0 0.1427117319594982
9768.0 0.1459565125142391
9770.0 0.14553819159350145
9772.0 0.140878848937649
9774.0 0.14118009783336843
9776.0 0.14868162636215887
9778.0 0.15130083377125128
9780.0 0.15087556571378238
9782.0 0.14473859387690013
9784.0 0.13384623339431184
9786.0 0.12876454219026684
9788.0 0.13321630127249376
9790.0 0.13794338803387535
9792.0 0.14042392560641098
9794.0 0.14093313052325723
9796.0 0.12970211517610886
9798.0 0.12049183731532213
9800.0 0.1194240793577022
9802.0 0.12326663488116485
9804.0 0.12757783687647173
9806.0 0.13223230950589443
9808.0 0.13413779309077659
9810.0 0.1317644169314932
9812.0 0.13061518010589326
9814.0 0.1296554249893418
9816.0 0.12978453016860575
9818.0 0.13510839265706792
9820.0 0.13731327449712002
9822.0 0.13308527482488094
9824.0 0.12675467714853494
9826.0 0.12536402524883863
9828.0 0.12494021596518977
9830.0 0.12514516415317303
9832.0 0.12644764608808423
9834.0 0.12878584560480466
9836.0 0.13054214151870072
9838.0 0.1351068681095803
9840.0 0.14777397668507672
9842.0 0.15129449898824696
9844.0 0.14551666602420765
9846.0 0.14085231814932062
9848.0 0.13497335289279055
9850.0 0.13269944935724112
9852.0 0.13153033177219797
9854.0 0.13278910903136207
9856.0 0.13187450543759394
9858.0 0.12905059032857763
9860.0 0.12830562359895709
9862.0 0.1290454372533924
9864.0 0.13190239168568826
9866.0 0.1394090313426973
9868.0 0.1410831411874062
9870.0 0.1370372997610022
9872.0 0.13124331780112636
9874.0 0.12416713448030464
9876.0 0.11099924336068079
9878.0 0.0896132984247162
9880.0 0.07521077830176646
9882.0 0.07402636901310584
9884.0 0.07861569937428042
9886.0 0.09240439562997897
9888.0 0.11541525793560005
9890.0 0.12051969522059436
9892.0 0.11846860834173291
9894.0 0.12517959844705678
9896.0 0.13212234241836865
9898.0 0.13529075738242693
9900.0 0.12997017436507202
9902.0 0.1262144794704025
9904.0 0.12285484377225317
9906.0 0.1205782026607358
9908.0 0.11444660889174214
9910.0 0.11032247670823828
9912.0 0.11208050369091932
9914.0 0.11585067089483643
9916.0 0.11153655366077549
9918.0 0.10476312046105432
9920.0 0.10903744590587396
9922.0 0.11584332574332205
9924.0 0.11861577142676685
9926.0 0.12089352894634199
9928.0 0.12242342228687139
9930.0 0.12026397318154292
9932.0 0.12040353131227684
9934.0 0.11912544210658457
9936.0 0.1207927250067395
9938.0 0.13001396801258344
9940.0 0.139270462291775
9942.0 0.13359469430854773
9944.0 0.12093159412112209
9946.0 0.10616212678716533
9948.0 0.09203390412740371
9950.0 0.09154734449711949
9952.0 0.10484089491975791
9954.0 0.1176887454413654
9956.0 0.12798127075792914
9958.0 0.13493869761328575
9960.0 0.1389203497285797
9962.0 0.13620703405539983
9964.0 0.11572027289268391
9966.0 0.09638010504954789
9968.0 0.09850861949851164
9970.0 0.10603322413937147
9972.0 0.10996917271224876
9974.0 0.11625466889833441
9976.0 0.12566919651503985
9978.0 0.13554434510659005
9980.0 0.13764413693017338
9982.0 0.13163630770890947
9984.0 0.12884506747037555
9986.0 0.1303832442223498
9988.0 0.13372315606839896
9990.0 0.129678080889957
9992.0 0.12307403077785686
9994.0 0.12058071500355393
9996.0 0.11665087822012575
9998.0 0.10976918070679838
