# z obs_date
# 0 52280
3580.0 0.8350338786828393
3582.0 0.8336301690071681
3584.0 0.8351412937341146
3586.0 0.8337313182070529
3588.0 0.8317750399011422
3590.0 0.8323510803458677
3592.0 0.8335281413498231
3594.0 0.8344568300315408
3596.0 0.8335144690507061
3598.0 0.8298559383306947
3600.0 0.8294460556336869
3602.0 0.8305606588922224
3604.0 0.8281973022055773
3606.0 0.8249484813874559
3608.0 0.8225419905312459
3610.0 0.823927366181897
3612.0 0.8241582206966477
3614.0 0.8194126983271965
3616.0 0.8177697338910817
3618.0 0.8178092842750784
3620.0 0.8162702769730174
3622.0 0.814663288257748
3624.0 0.8141334937893437
3626.0 0.8126033334549474
3628.0 0.8104421710564175
3630.0 0.8091758185535849
3632.0 0.8078909025445824
3634.0 0.8047223663437216
3636.0 0.8039304929969101
3638.0 0.80435244394411
3640.0 0.8024598940806297
3642.0 0.7991397324032304
3644.0 0.7982798048396721
3646.0 0.7979128475609473
3648.0 0.7978565799797092
3650.0 0.7960650089538158
3652.0 0.7950294950140466
3654.0 0.7953789822407479
3656.0 0.7964124482509988
3658.0 0.7947922453368503
3660.0 0.7948056441578106
3662.0 0.7941970606059298
3664.0 0.7929260483406739
3666.0 0.7917674662358839
3668.0 0.7914694887700245
3670.0 0.791448925932516
3672.0 0.791492329478582
3674.0 0.7906551867899985
3676.0 0.7891354868226949
3678.0 0.7896230476156653
3680.0 0.7882083715383751
3682.0 0.78815036669897
3684.0 0.7882080139901647
3686.0 0.7883040987140223
3688.0 0.7884839921871049
3690.0 0.7871542488979338
3692.0 0.7868696761787921
3694.0 0.7859858739769751
3696.0 0.7845470072650301
3698.0 0.7835761775570886
3700.0 0.7827490747621387
3702.0 0.7808573185292528
3704.0 0.7820512401788132
3706.0 0.7832354305055671
3708.0 0.7824442671062074
3710.0 0.7807518357474763
3712.0 0.7819906611410893
3714.0 0.7836631783714875
3716.0 0.7834289390979343
3718.0 0.783724169169314
3720.0 0.7846229575340354
3722.0 0.7836789247714201
3724.0 0.7830628297384822
3726.0 0.7849622723862597
3728.0 0.7866198549932887
3730.0 0.7867826404416124
3732.0 0.7878031857817718
3734.0 0.7896736822311172
3736.0 0.7897778562200701
3738.0 0.7919547074607004
3740.0 0.7922514203558627
3742.0 0.7924084722267817
3744.0 0.7950399569989101
3746.0 0.7933775353200297
3748.0 0.793402643331847
3750.0 0.7952827246411067
3752.0 0.7952313411278209
3754.0 0.795432554073142
3756.0 0.7939344938717027
3758.0 0.7934533275007924
3760.0 0.7924210773275496
3762.0 0.7903186147171123
3764.0 0.7896367570568322
3766.0 0.7893291805824195
3768.0 0.7881202173787957
3770.0 0.7860340202786845
3772.0 0.7834584913097828
3774.0 0.7834290068248311
3776.0 0.7832552597383944
3778.0 0.7827920432943385
3780.0 0.78171407163763
3782.0 0.782137126345453
3784.0 0.783886991603536
3786.0 0.7836311398089779
3788.0 0.7814216095956429
3790.0 0.7810837216439549
3792.0 0.7803677422316128
3794.0 0.7812801910794397
3796.0 0.7814247222412508
3798.0 0.7823463401522412
3800.0 0.7818440925564372
3802.0 0.7809972039980836
3804.0 0.7820232613515912
3806.0 0.7825089524518145
3808.0 0.783035640845373
3810.0 0.783423531671039
3812.0 0.7853887505656828
3814.0 0.7879600714772701
3816.0 0.7900082561684928
3818.0 0.7910100797300303
3820.0 0.7921774197755391
3822.0 0.7943958489107806
3824.0 0.7971715857250087
3826.0 0.7993388045863082
3828.0 0.8023447720608765
3830.0 0.803081889554491
3832.0 0.805325749489128
3834.0 0.8054545775689286
3836.0 0.8088300141146736
3838.0 0.810958706600245
3840.0 0.8139648280447239
3842.0 0.8162395189836859
3844.0 0.8183271565340867
3846.0 0.8206864881039961
3848.0 0.8229813627003113
3850.0 0.8251342602078973
3852.0 0.8262380466343536
3854.0 0.82957336735738
3856.0 0.8325182649034458
3858.0 0.8327194963618928
3860.0 0.834539256787763
3862.0 0.8372615496420331
3864.0 0.8392722180345253
3866.0 0.8422427101050217
3868.0 0.8447851187981633
3870.0 0.8482130162802256
3872.0 0.8507045017930089
3874.0 0.8532527723011388
3876.0 0.8537017133796911
3878.0 0.8571152094705246
3880.0 0.8591491974786185
3882.0 0.8602865607587298
3884.0 0.8629110775413104
3886.0 0.8652452266587626
3888.0 0.8672228897923676
3890.0 0.8696213486375909
3892.0 0.8712086428355399
3894.0 0.8730139619544486
3896.0 0.8748512480916821
3898.0 0.87668555056432
3900.0 0.8790659317308259
3902.0 0.8802551564992893
3904.0 0.8828566075644892
3906.0 0.8831850490808347
3908.0 0.8843366960930349
3910.0 0.886345511395106
3912.0 0.8875914096615727
3914.0 0.8884334732889236
3916.0 0.889415485499837
3918.0 0.8906266711005897
3920.0 0.8911088432861586
3922.0 0.8926315844824144
3924.0 0.8941001974400924
3926.0 0.8904608654817201
3928.0 0.8900588549442384
3930.0 0.8854605977845729
3932.0 0.8654774877289195
3934.0 0.858964125385082
3936.0 0.8818924039610729
3938.0 0.8945686117309305
3940.0 0.8976100507904855
3942.0 0.8948235304415988
3944.0 0.8962923561797357
3946.0 0.8962964057160356
3948.0 0.8955476355965761
3950.0 0.8946044279006
3952.0 0.8942290178346636
3954.0 0.8937339111894205
3956.0 0.8920274435146547
3958.0 0.8893424175733576
3960.0 0.8877905697191203
3962.0 0.8852706257033172
3964.0 0.8837899007729316
3966.0 0.8723766190317146
3968.0 0.8616144213234654
3970.0 0.8689139307279501
3972.0 0.8809605942299513
3974.0 0.8815560434417553
3976.0 0.8810922281547675
3978.0 0.8795966842550657
3980.0 0.8776274146184163
3982.0 0.8758275606855815
3984.0 0.874665416797696
3986.0 0.8737446750328844
3988.0 0.8732397626349522
3990.0 0.8732017056657899
3992.0 0.8717068651720239
3994.0 0.870654113058976
3996.0 0.8691481476763621
3998.0 0.86902908450006
4000.0 0.8692055701438675
4002.0 0.8698057996679324
4004.0 0.8697949174134141
4006.0 0.8708205349425278
4008.0 0.870235460648071
4010.0 0.8703238087942177
4012.0 0.8712390365853401
4014.0 0.8713852190225564
4016.0 0.8699534755470261
4018.0 0.870035598386277
4020.0 0.8708569775422006
4022.0 0.8716264647892528
4024.0 0.8710398894640329
4026.0 0.8715863572856365
4028.0 0.8706446516393895
4030.0 0.869814567125485
4032.0 0.8693870944231701
4034.0 0.8674402105594763
4036.0 0.8695594520736452
4038.0 0.8715059573048499
4040.0 0.8716313533409056
4042.0 0.8733671990053365
4044.0 0.8718231363570669
4046.0 0.8737202410426668
4048.0 0.8746203160069423
4050.0 0.8744311539102084
4052.0 0.8733608394775058
4054.0 0.8745633559134883
4056.0 0.8728872847105786
4058.0 0.8730951925698498
4060.0 0.8747515237685248
4062.0 0.8752229235617882
4064.0 0.874635403043459
4066.0 0.8743644654656071
4068.0 0.8750496353243353
4070.0 0.8742650179569178
4072.0 0.8740178888226697
4074.0 0.872710681056656
4076.0 0.870606445565943
4078.0 0.870707894252893
4080.0 0.8694490273451404
4082.0 0.8670415142748391
4084.0 0.867443037253803
4086.0 0.8665589794729112
4088.0 0.8635239183501723
4090.0 0.8630845959121597
4092.0 0.861968029477872
4094.0 0.8616616133161401
4096.0 0.860404419837963
4098.0 0.8594988915823076
4100.0 0.8592406040711721
4102.0 0.8586593020825624
4104.0 0.8577392372438404
4106.0 0.8567000170838839
4108.0 0.8566900810110936
4110.0 0.8559513177930571
4112.0 0.8564469409364522
4114.0 0.8543187519889693
4116.0 0.8550479193413405
4118.0 0.8529513112669538
4120.0 0.8525865898711813
4122.0 0.8519680115797144
4124.0 0.8501725675919463
4126.0 0.8494806523634706
4128.0 0.848697269264008
4130.0 0.8476870415294531
4132.0 0.8470581695187376
4134.0 0.8472548750572522
4136.0 0.8482879718599797
4138.0 0.8483145956080899
4140.0 0.8478391605940174
4142.0 0.848586284610313
4144.0 0.8460735636118634
4146.0 0.8478317960589633
4148.0 0.8455468794365676
4150.0 0.8457644258729122
4152.0 0.8474760275121664
4154.0 0.8454452063186552
4156.0 0.8450400062151664
4158.0 0.8441942107286237
4160.0 0.8451003643945625
4162.0 0.8430525583537146
4164.0 0.8444908767302282
4166.0 0.8427839818494359
4168.0 0.8424011682180864
4170.0 0.8415377407421684
4172.0 0.8397900901180777
4174.0 0.8388710859271957
4176.0 0.8387699489732933
4178.0 0.8386996346123275
4180.0 0.8385610715281356
4182.0 0.8376145060882721
4184.0 0.8372490944249661
4186.0 0.8368047557064956
4188.0 0.835400656493596
4190.0 0.8341745535753186
4192.0 0.8334822251264021
4194.0 0.8286651995149432
4196.0 0.8304458820608732
4198.0 0.8306513343128391
4200.0 0.8314556673988603
4202.0 0.8313228388190665
4204.0 0.8294225640678203
4206.0 0.8279927250875038
4208.0 0.8289939427009009
4210.0 0.8282404516200593
4212.0 0.8263330907281093
4214.0 0.823874474167505
4216.0 0.8229665059671737
4218.0 0.8200041463131469
4220.0 0.8077274709076929
4222.0 0.807477519597559
4224.0 0.7961022406945979
4226.0 0.7933369281722917
4228.0 0.7905818553073678
4230.0 0.7875700888645792
4232.0 0.7849091560792146
4234.0 0.7806961741393661
4236.0 0.7774538513313124
4238.0 0.7698600953652639
4240.0 0.7668344184175622
4242.0 0.7609037036130526
4244.0 0.7602557632136457
4246.0 0.7589640081153646
4248.0 0.7575380592682065
4250.0 0.753648327833484
4252.0 0.7461212234355866
4254.0 0.7445931434708701
4256.0 0.7393879360141051
4258.0 0.7392377196160642
4260.0 0.7342691388480633
4262.0 0.7339751038429783
4264.0 0.7290450935038238
4266.0 0.7278116164092487
4268.0 0.7248441706866305
4270.0 0.7212614310552189
4272.0 0.7207448712776778
4274.0 0.7173714607728964
4276.0 0.7187159517512852
4278.0 0.7127543543355551
4280.0 0.7126907672903917
4282.0 0.7128623889535813
4284.0 0.7145883788894326
4286.0 0.7132451932858684
4288.0 0.711988552522338
4290.0 0.7115354843626891
4292.0 0.7060410390149559
4294.0 0.7056255833729976
4296.0 0.7014866403846154
4298.0 0.7004874544210558
4300.0 0.6986679187182286
4302.0 0.6974356640928596
4304.0 0.6978779687506733
4306.0 0.6963948936033261
4308.0 0.6959285034369008
4310.0 0.6943999535593224
4312.0 0.6948005270681298
4314.0 0.6957997066615712
4316.0 0.6962630010366844
4318.0 0.6948668464390791
4320.0 0.6960080302651204
4322.0 0.6959454458221535
4324.0 0.6950168503963127
4326.0 0.6950945370568057
4328.0 0.6962088643426916
4330.0 0.6967893785918792
4332.0 0.6981769856932631
4334.0 0.6990440902626538
4336.0 0.6999289622397511
4338.0 0.7001308966828378
4340.0 0.699756302768588
4342.0 0.7002725241423873
4344.0 0.6991559484232419
4346.0 0.6980416934061239
4348.0 0.6988653440433842
4350.0 0.698787138512255
4352.0 0.6990979689374165
4354.0 0.6976353294401237
4356.0 0.6983881342256277
4358.0 0.6976501985393836
4360.0 0.6959769271698697
4362.0 0.6941327980142
4364.0 0.6914387771136848
4366.0 0.6893810634179287
4368.0 0.6854465782833941
4370.0 0.6833877433213768
4372.0 0.6780289504317975
4374.0 0.6732566122612712
4376.0 0.6709885943263287
4378.0 0.6679337147889162
4380.0 0.6661379116643731
4382.0 0.6607756520030621
4384.0 0.6597707898923476
4386.0 0.6551250902479417
4388.0 0.65355354227933
4390.0 0.6520914963366209
4392.0 0.6509274195888758
4394.0 0.6496878327102811
4396.0 0.6478653771338163
4398.0 0.6468334970487803
4400.0 0.6461655376638762
4402.0 0.6466805940363518
4404.0 0.6447188460279251
4406.0 0.6452413986993623
4408.0 0.6449462905677144
4410.0 0.6447024774755934
4412.0 0.6449454088423919
4414.0 0.6447187008529345
4416.0 0.645199396598129
4418.0 0.6460184201423032
4420.0 0.6465991420572744
4422.0 0.6488735854195293
4424.0 0.650863719950298
4426.0 0.65598589224722
4428.0 0.6592125665946419
4430.0 0.6647842573082097
4432.0 0.6759066425302549
4434.0 0.6782007237313692
4436.0 0.6904009855631279
4438.0 0.6921083392876342
4440.0 0.7036984040752197
4442.0 0.708443518113365
4444.0 0.719068903319958
4446.0 0.7275810015108386
4448.0 0.7326850424511467
4450.0 0.7436925352288848
4452.0 0.7449226940553072
4454.0 0.7573608239592697
4456.0 0.7572326256807973
4458.0 0.7665851317528825
4460.0 0.768748695121345
4462.0 0.7742330968608888
4464.0 0.7795923602958971
4466.0 0.7814720378741903
4468.0 0.7861208443196862
4470.0 0.7871953099386654
4472.0 0.7963724355585101
4474.0 0.7964531678703722
4476.0 0.807026672911645
4478.0 0.8108160153953196
4480.0 0.8178743291644709
4482.0 0.8237772491611854
4484.0 0.829005048153603
4486.0 0.8369939348619831
4488.0 0.8378705236297138
4490.0 0.8469767132298138
4492.0 0.8472409983791133
4494.0 0.85258832353342
4496.0 0.8542108471216231
4498.0 0.8569857935321308
4500.0 0.8604528225106167
4502.0 0.8619018876765475
4504.0 0.8691231484186734
4506.0 0.8712019326804794
4508.0 0.8768881727806168
4510.0 0.8769296915775461
4512.0 0.8821121621507161
4514.0 0.8839477388096226
4516.0 0.8878221535856129
4518.0 0.8927325947914347
4520.0 0.8965187567933995
4522.0 0.9048213516352338
4524.0 0.9058409626790904
4526.0 0.9126178775440004
4528.0 0.9136999342608044
4530.0 0.9200015027360635
4532.0 0.921891213534224
4534.0 0.9246596378279972
4536.0 0.9284932774911904
4538.0 0.929428762111032
4540.0 0.9324596807112239
4542.0 0.9340395748172676
4544.0 0.9400104991651359
4546.0 0.9412131187430959
4548.0 0.9459900367006532
4550.0 0.9474996793497951
4552.0 0.9496477943947906
4554.0 0.9527251636136452
4556.0 0.9541711584318163
4558.0 0.9575705221480243
4560.0 0.9587046080018552
4562.0 0.9641783913716361
4564.0 0.9657289280936963
4566.0 0.9679308980267901
4568.0 0.968733111316092
4570.0 0.9689823562867793
4572.0 0.9705042915750969
4574.0 0.9720842497517527
4576.0 0.9754398780044857
4578.0 0.9760661825055641
4580.0 0.9822130836953699
4582.0 0.9842170102615461
4584.0 0.9883767596024939
4586.0 0.9891950448276883
4588.0 0.9923293969216379
4590.0 0.9950105668718437
4592.0 0.9960700722972614
4594.0 0.9980645662230637
4596.0 0.9993203746369012
4598.0 1.0
4600.0 0.9996820198175665
4602.0 0.9979773897541839
4604.0 0.9977597028733629
4606.0 0.9953185641768316
4608.0 0.9924109515182197
4610.0 0.9899292420581036
4612.0 0.9828209577321776
4614.0 0.9819613515458998
4616.0 0.9701916032533776
4618.0 0.9694267059958511
4620.0 0.9588409057922463
4622.0 0.9543908378564923
4624.0 0.946335031950528
4626.0 0.9390863360805832
4628.0 0.9360469779202938
4630.0 0.9261592452655115
4632.0 0.9263972685792586
4634.0 0.9137714967688787
4636.0 0.9122576562818228
4638.0 0.9022668659162124
4640.0 0.8974069647387766
4642.0 0.8895760910593776
4644.0 0.8813820120142323
4646.0 0.8775225449537539
4648.0 0.8644776455534793
4650.0 0.8623636961469492
4652.0 0.8480077135449426
4654.0 0.8450211361942048
4656.0 0.8335389301296202
4658.0 0.8279000029938876
4660.0 0.8201217465648022
4662.0 0.8116905880683323
4664.0 0.8081892174819882
4666.0 0.8003807904126758
4668.0 0.7987949328843288
4670.0 0.791915519638223
4672.0 0.7904261612629047
4674.0 0.786057798812125
4676.0 0.7828810088235645
4678.0 0.7806926099882375
4680.0 0.7783953382013156
4682.0 0.7769731446752438
4684.0 0.7731822428009425
4686.0 0.770807777320438
4688.0 0.7644499170210053
4690.0 0.763019931325808
4692.0 0.7578198771413702
4694.0 0.7552486319518736
4696.0 0.7502991551855012
4698.0 0.7444869993633175
4700.0 0.7408684821832484
4702.0 0.7294077836832311
4704.0 0.7280412428198861
4706.0 0.7159611360382515
4708.0 0.7135465098665926
4710.0 0.7026929572200254
4712.0 0.6973406856908011
4714.0 0.6890322120373416
4716.0 0.6785027432254747
4718.0 0.6744471540640727
4720.0 0.6612210482413807
4722.0 0.6595912935369409
4724.0 0.6456707151743006
4726.0 0.643552135991424
4728.0 0.6339809527490033
4730.0 0.6296267781092098
4732.0 0.626090927592589
4734.0 0.6208759500281417
4736.0 0.6192662731645995
4738.0 0.6127503748435135
4740.0 0.6121256161817175
4742.0 0.6068930130708211
4744.0 0.605925495573163
4746.0 0.6000556328883037
4748.0 0.5976755029956842
4750.0 0.5955378952029823
4752.0 0.5925106401077745
4754.0 0.5922843988930415
4756.0 0.589749693520579
4758.0 0.5901294925166061
4760.0 0.5900564841392056
4762.0 0.5903809252058432
4764.0 0.5926288092629534
4766.0 0.5937384941874321
4768.0 0.5969869872692881
4770.0 0.6017526797643369
4772.0 0.6038809782561394
4774.0 0.612986812020809
4776.0 0.6141456326263806
4778.0 0.6220539742015044
4780.0 0.6235822508282286
4782.0 0.6289272127554352
4784.0 0.6314680653000354
4786.0 0.6317597181642927
4788.0 0.6336262103391874
4790.0 0.633586542718576
4792.0 0.6318210658854486
4794.0 0.6318227374751308
4796.0 0.6259536310305182
4798.0 0.6249243523284198
4800.0 0.617734577447854
4802.0 0.6137494662813212
4804.0 0.6095954724315771
4806.0 0.6038465833271068
4808.0 0.6032667945394963
4810.0 0.6016535183746516
4812.0 0.6008346979812158
4814.0 0.6005307674966808
4816.0 0.5998337577011259
4818.0 0.5985533159155492
4820.0 0.5976404262515826
4822.0 0.5963684921689786
4824.0 0.5948300880204173
4826.0 0.5940510833396444
4828.0 0.5931494201787461
4830.0 0.5921362174815582
4832.0 0.5908713447065039
4834.0 0.5906064473958452
4836.0 0.5901915023989677
4838.0 0.5897745181972399
4840.0 0.5894926133392071
4842.0 0.5889425889986346
4844.0 0.5887937242794467
4846.0 0.5881106598000289
4848.0 0.5879760473191624
4850.0 0.5873975185490006
4852.0 0.5871256417500994
4854.0 0.586717105867933
4856.0 0.5862937125037716
4858.0 0.586018216854012
4860.0 0.5854617833051665
4862.0 0.5853193277942518
4864.0 0.5846298541065608
4866.0 0.5844946711871054
4868.0 0.5839236924553414
4870.0 0.5836448362208598
4872.0 0.5836635654675997
4874.0 0.5841643486196729
4876.0 0.5847425967412062
4878.0 0.5842902400976551
4880.0 0.5847996467764232
4882.0 0.5852995485052548
4884.0 0.5867227625994025
4886.0 0.5869925604580928
4888.0 0.5879763242571338
4890.0 0.5889544274933946
4892.0 0.5890187700695985
4894.0 0.5901975578087483
4896.0 0.5916366606260067
4898.0 0.5938642821358088
4900.0 0.6026513309218617
4902.0 0.604504109006028
4904.0 0.6119898475600503
4906.0 0.6146612050080118
4908.0 0.6160169484691603
4910.0 0.6173297432155785
4912.0 0.6184330501232548
4914.0 0.619396355281288
4916.0 0.6202197111478438
4918.0 0.6212327894303233
4920.0 0.6224048629837542
4922.0 0.6227237749019865
4924.0 0.6239702055193499
4926.0 0.6243835838073771
4928.0 0.6247639507251034
4930.0 0.6242696524304148
4932.0 0.6232340759983918
4934.0 0.6225771834311331
4936.0 0.621615956282912
4938.0 0.6210287346428154
4940.0 0.6200483226940512
4942.0 0.6194276337210954
4944.0 0.6185333412702059
4946.0 0.6178095139516665
4948.0 0.6170353786156589
4950.0 0.6161913942881698
4952.0 0.615537415917748
4954.0 0.6145732745726896
4956.0 0.6139866742994127
4958.0 0.6130079338138467
4960.0 0.612384952010873
4962.0 0.6114935737252084
4964.0 0.6107668322953932
4966.0 0.6099956111092455
4968.0 0.609148712525964
4970.0 0.6084976484274083
4972.0 0.6065265961050825
4974.0 0.6055367322051801
4976.0 0.6042777256206829
4978.0 0.6030025832565348
4980.0 0.601475108779353
4982.0 0.6002278987862776
4984.0 0.5993968009211751
4986.0 0.5978556342405371
4988.0 0.5960505998528398
4990.0 0.5948590935627316
4992.0 0.5945750577376671
4994.0 0.5939000188671092
4996.0 0.5935728101025851
4998.0 0.5929876189090807
5000.0 0.5925554077840772
5002.0 0.5920903736443552
5004.0 0.5915380054655693
5006.0 0.5911931283796297
5008.0 0.5905206031470619
5010.0 0.590236225789725
5012.0 0.5895628581737645
5014.0 0.5892333566267544
5016.0 0.5886510797307629
5018.0 0.5882159543602301
5020.0 0.5877538344173459
5022.0 0.587198552041722
5024.0 0.5868560572899348
5026.0 0.5861816815858988
5028.0 0.5858973937326961
5030.0 0.5852256975599044
5032.0 0.5848834078237453
5034.0 0.5845681391876257
5036.0 0.5844014476508973
5038.0 0.5849092232475692
5040.0 0.5851543614910796
5042.0 0.585436670309853
5044.0 0.5845386309528764
5046.0 0.5837166630781269
5048.0 0.5843979261013049
5050.0 0.5838113404649321
5052.0 0.5842471693346007
5054.0 0.5847922635795794
5056.0 0.5872023807185116
5058.0 0.5931406865622275
5060.0 0.5939708031058906
5062.0 0.6010464024241006
5064.0 0.6020052470355496
5066.0 0.6082183300524879
5068.0 0.6103875484981146
5070.0 0.6158261323292699
5072.0 0.6207322089333421
5074.0 0.623208872651584
5076.0 0.6298985964526284
5078.0 0.6310218528541826
5080.0 0.6363990248900081
5082.0 0.6371033946021845
5084.0 0.6417091927877985
5086.0 0.642961072925118
5088.0 0.6457518122772217
5090.0 0.6479591929498731
5092.0 0.6487332682105906
5094.0 0.6508565545791529
5096.0 0.6515071598746272
5098.0 0.6548933319333154
5100.0 0.6551608662660249
5102.0 0.6589853584051674
5104.0 0.6600757429366017
5106.0 0.6629985657513763
5108.0 0.6645581834515817
5110.0 0.6663356130696843
5112.0 0.6689417805185636
5114.0 0.6697744038209517
5116.0 0.6752957400467609
5118.0 0.6764683344422293
5120.0 0.6796409175235796
5122.0 0.6804595693944653
5124.0 0.682926564668084
5126.0 0.6844165223856553
5128.0 0.6856691865609987
5130.0 0.688064832764602
5132.0 0.6880380327129675
5134.0 0.6898502588201546
5136.0 0.6901142941213223
5138.0 0.691141930751565
5140.0 0.691533260339988
5142.0 0.6933401479940869
5144.0 0.6945446088923642
5146.0 0.695631291136846
5148.0 0.6984663569752132
5150.0 0.6993550675906269
5152.0 0.7045610800480514
5154.0 0.7056255927695883
5156.0 0.7095252017492648
5158.0 0.7125520079012362
5160.0 0.71485910713079
5162.0 0.7179242754498064
5164.0 0.71953773912291
5166.0 0.7245539211624871
5168.0 0.7250391315851872
5170.0 0.7295646791175372
5172.0 0.729187951696185
5174.0 0.7318298561882517
5176.0 0.733732037625255
5178.0 0.7362980487854365
5180.0 0.7393633030243488
5182.0 0.7402504046386683
5184.0 0.7440373425564457
5186.0 0.7438812071828337
5188.0 0.7455514236365874
5190.0 0.7458473836052139
5192.0 0.7476926579769665
5194.0 0.7480750247263973
5196.0 0.749171847779856
5198.0 0.7501220909324656
5200.0 0.7499732209584767
5202.0 0.7506525018268404
5204.0 0.7511039537227489
5206.0 0.7490407120121337
5208.0 0.7485354125771329
5210.0 0.746327082011464
5212.0 0.7450361884632926
5214.0 0.7424316649995856
5216.0 0.7387550815687206
5218.0 0.7380031710901827
5220.0 0.7330987607462767
5222.0 0.7327519332296597
5224.0 0.7260325364837955
5226.0 0.7252114004098745
5228.0 0.720450780961401
5230.0 0.7173418770185119
5232.0 0.7124604493829735
5234.0 0.7063685545753178
5236.0 0.7023362285956334
5238.0 0.692558655893871
5240.0 0.6923362517799677
5242.0 0.6820512462671456
5244.0 0.6803078979471323
5246.0 0.6722147100883127
5248.0 0.6680671096615071
5250.0 0.6619744513125811
5252.0 0.655404176136425
5254.0 0.6529770619193355
5256.0 0.6447987454402322
5258.0 0.6440861632926111
5260.0 0.6375123387895272
5262.0 0.6377775875759008
5264.0 0.6338689339392364
5266.0 0.6317438923054173
5268.0 0.6290424399659083
5270.0 0.6261339929751084
5272.0 0.6254607706299651
5274.0 0.621996807929734
5276.0 0.6214357862318542
5278.0 0.619394439517884
5280.0 0.6210338097922817
5282.0 0.6196396099533011
5284.0 0.6205846206210182
5286.0 0.6203612295300122
5288.0 0.6212602664597507
5290.0 0.6227017509210687
5292.0 0.6228033494878723
5294.0 0.6238519069686699
5296.0 0.6253788038999456
5298.0 0.6248467736462503
5300.0 0.6250185934815237
5302.0 0.6239489101877207
5304.0 0.6255241795353664
5306.0 0.6275680549217205
5308.0 0.6281592985903343
5310.0 0.6301229486138399
5312.0 0.6306688604416709
5314.0 0.6301559169893685
5316.0 0.6305821605918623
5318.0 0.6295461608280609
5320.0 0.6293806269864343
5322.0 0.6278840703622418
5324.0 0.6279771684784697
5326.0 0.6269162159837176
5328.0 0.6252031687321165
5330.0 0.6256705312967151
5332.0 0.6264738253379671
5334.0 0.6257130640883911
5336.0 0.6260953941715224
5338.0 0.6255198428583773
5340.0 0.6260748257669386
5342.0 0.6273765064163207
5344.0 0.6260211904329299
5346.0 0.627411257770057
5348.0 0.6283509233490435
5350.0 0.6289266967956735
5352.0 0.6281062853159958
5354.0 0.6298013617983765
5356.0 0.63087651194939
5358.0 0.629331411367847
5360.0 0.6289162298938563
5362.0 0.6310442096988087
5364.0 0.6309462872767967
5366.0 0.6319135125403761
5368.0 0.6308985532250777
5370.0 0.630892284651606
5372.0 0.6308916154317036
5374.0 0.6304758503187933
5376.0 0.6308868334275343
5378.0 0.6282561306295731
5380.0 0.6284424111902461
5382.0 0.6272582649383307
5384.0 0.62804096970355
5386.0 0.6266502069027167
5388.0 0.6246465928136297
5390.0 0.6241762402931242
5392.0 0.6238358508468161
5394.0 0.6228780718906176
5396.0 0.6229461341064383
5398.0 0.6237019408941205
5400.0 0.621393915968457
5402.0 0.6207760229978047
5404.0 0.6186863804381592
5406.0 0.6190523057841559
5408.0 0.6172268829580903
5410.0 0.6148774367730809
5412.0 0.613693100007151
5414.0 0.6111733957151
5416.0 0.6110162702349441
5418.0 0.6045274390117986
5420.0 0.6055523616196535
5422.0 0.6010597585412134
5424.0 0.6001261337791638
5426.0 0.5969785136680886
5428.0 0.5959928484665001
5430.0 0.5953395171313757
5432.0 0.5936212238101992
5434.0 0.5956116658265236
5436.0 0.5927700319924928
5438.0 0.5932765317490863
5440.0 0.5897125732968718
5442.0 0.5908352052066501
5444.0 0.5875841973809279
5446.0 0.5868908462985458
5448.0 0.5858849818155187
5450.0 0.5845549852741874
5452.0 0.5852706881157794
5454.0 0.5806703289368278
5456.0 0.5826342742718935
5458.0 0.5806556053608336
5460.0 0.5806334324472747
5462.0 0.5819751262527609
5464.0 0.5835445933224791
5466.0 0.5857364139505785
5468.0 0.5900236887003844
5470.0 0.591801312646327
5472.0 0.5953834706051587
5474.0 0.596505931371219
5476.0 0.6015593504670447
5478.0 0.6039546912267889
5480.0 0.6081431047044535
5482.0 0.6116720122533084
5484.0 0.6151547094058021
5486.0 0.6203511501956978
5488.0 0.6224420017417202
5490.0 0.6300332936487363
5492.0 0.6319654774560207
5494.0 0.6381422718857944
5496.0 0.6403858381746328
5498.0 0.6447663680807785
5500.0 0.6464376079080367
5502.0 0.6481296806432212
5504.0 0.6519684541036467
5506.0 0.6530818587897402
5508.0 0.6565427931907835
5510.0 0.6569229817481647
5512.0 0.6592701054432076
5514.0 0.6598805932063938
5516.0 0.6617720592878402
5518.0 0.6624445070480618
5520.0 0.6628996306413707
5522.0 0.6647212659352755
5524.0 0.6650181166961675
5526.0 0.6652120000453189
5528.0 0.6647266292623505
5530.0 0.6650591698525726
5532.0 0.6644784959179814
5534.0 0.6652751470723456
5536.0 0.6656235719674195
5538.0 0.6659036437283048
5540.0 0.6661777141272
5542.0 0.6659056889785199
5544.0 0.665691052363182
5546.0 0.6655537770077158
5548.0 0.6652737997866514
5550.0 0.6653409707485304
5552.0 0.6655885301646534
5554.0 0.665130363178132
5556.0 0.6647054853800248
5558.0 0.6640229107831337
5560.0 0.6636716505367095
5562.0 0.6621904384968033
5564.0 0.661503447271711
5566.0 0.6606033078978926
5568.0 0.659897036005917
5570.0 0.659218443303621
5572.0 0.6590043025288574
5574.0 0.6586433522096202
5576.0 0.6584680065257802
5578.0 0.6581359915129098
5580.0 0.6576344961298836
5582.0 0.6569110633268663
5584.0 0.6556955821628803
5586.0 0.6548650681041607
5588.0 0.6538057240128982
5590.0 0.6527900075854054
5592.0 0.6519519780771253
5594.0 0.6502519390861006
5596.0 0.6492582962543499
5598.0 0.6460255576711954
5600.0 0.6446225159148916
5602.0 0.642481094433264
5604.0 0.6413359683774077
5606.0 0.6364553098708222
5608.0 0.6314887706416338
5610.0 0.6299005195470626
5612.0 0.6287729444990027
5614.0 0.6281187337394695
5616.0 0.6295155200312634
5618.0 0.6286248081376391
5620.0 0.6261196138296407
5622.0 0.6240444214353231
5624.0 0.6211337139897718
5626.0 0.6190225826195005
5628.0 0.6174650741222237
5630.0 0.614008965571037
5632.0 0.6119601045664661
5634.0 0.6089436487957549
5636.0 0.6076909542028375
5638.0 0.6051801687042162
5640.0 0.6035827893167802
5642.0 0.6018337120937891
5644.0 0.5994594994878254
5646.0 0.5972687365198204
5648.0 0.5952659494858092
5650.0 0.5941995320350187
5652.0 0.5915098463305435
5654.0 0.5903219069146549
5656.0 0.5883498574027095
5658.0 0.5871945963232293
5660.0 0.5848222922093234
5662.0 0.5819615595138109
5664.0 0.5793407862258915
5666.0 0.5761398220412063
5668.0 0.5748539717792165
5670.0 0.5704838530879812
5672.0 0.5686565494533575
5674.0 0.5657618419336021
5676.0 0.5641600407704775
5678.0 0.5614227836405123
5680.0 0.5588769681286756
5682.0 0.5575889966782285
5684.0 0.555110984862292
5686.0 0.5545610661497354
5688.0 0.5524409235715451
5690.0 0.5519091333611467
5692.0 0.5503028729772619
5694.0 0.5492132713043415
5696.0 0.5472009099371182
5698.0 0.5456853484462115
5700.0 0.5451090781969357
5702.0 0.5431838660017414
5704.0 0.5427810291605224
5706.0 0.5413296515335275
5708.0 0.5413261919340352
5710.0 0.540206613008551
5712.0 0.5395841937654038
5714.0 0.5386797366377488
5716.0 0.537432716160509
5718.0 0.5370023520613723
5720.0 0.5362746627217293
5722.0 0.5368627120445845
5724.0 0.5365100289071532
5726.0 0.5366855181176021
5728.0 0.536646615998917
5730.0 0.5370679370162621
5732.0 0.5375325589968442
5734.0 0.5380780166087878
5736.0 0.5391602791541782
5738.0 0.5407481802522435
5740.0 0.5415564151388659
5742.0 0.5428346136224875
5744.0 0.5437032899845629
5746.0 0.5456166702130434
5748.0 0.5472156041214686
5750.0 0.5490755408688006
5752.0 0.5509204711227111
5754.0 0.5518647959089727
5756.0 0.5542493126616389
5758.0 0.5562542983318596
5760.0 0.5594784761683864
5762.0 0.5607217654963784
5764.0 0.5630461722529195
5766.0 0.5648118457986366
5768.0 0.5669317453884205
5770.0 0.5695483328698459
5772.0 0.571434946134509
5774.0 0.5747799855273114
5776.0 0.5758338279201667
5778.0 0.5793171183162019
5780.0 0.5801929295184823
5782.0 0.583218242124324
5784.0 0.5859116199005988
5786.0 0.5897463490979975
5788.0 0.5939454629321232
5790.0 0.5960546328855555
5792.0 0.602372765870433
5794.0 0.6036723247189467
5796.0 0.6092255124920167
5798.0 0.6108019468862094
5800.0 0.6145566073056609
5802.0 0.6168688187453245
5804.0 0.6190448383622333
5806.0 0.6216635711233754
5808.0 0.6227592553508732
5810.0 0.6268067146212242
5812.0 0.6275855545256466
5814.0 0.6313695281699517
5816.0 0.6326893199140904
5818.0 0.635628619163674
5820.0 0.6371557460420615
5822.0 0.6386853674019825
5824.0 0.6407503696066584
5826.0 0.6411493326100244
5828.0 0.6428336221243773
5830.0 0.642899062297103
5832.0 0.6439693580133158
5834.0 0.644160448570128
5836.0 0.6452367950251727
5838.0 0.6455801801266422
5840.0 0.646291361821591
5842.0 0.6469921239343259
5844.0 0.6455712604868948
5846.0 0.6435951265363599
5848.0 0.6434065510180162
5850.0 0.6422977277550842
5852.0 0.6421052333607136
5854.0 0.6412016009579442
5856.0 0.6401519944465758
5858.0 0.6390708170146582
5860.0 0.6374882084795112
5862.0 0.6361656648879451
5864.0 0.6336271999992579
5866.0 0.6325313845469626
5868.0 0.6307677036128289
5870.0 0.6299889809049499
5872.0 0.6286163343237952
5874.0 0.6275832605702716
5876.0 0.626481626805793
5878.0 0.6251302081763042
5880.0 0.6243942513646766
5882.0 0.6226771557823383
5884.0 0.6220653652276626
5886.0 0.620465614171242
5888.0 0.6196763064732516
5890.0 0.6183142450704715
5892.0 0.6172699090704599
5894.0 0.6161802146272365
5896.0 0.614816856733127
5898.0 0.6140928391262348
5900.0 0.6123638043391604
5902.0 0.6117526907427328
5904.0 0.6101635248875804
5906.0 0.6093636322533178
5908.0 0.6080961017902168
5910.0 0.6072028082498078
5912.0 0.6060088586111245
5914.0 0.604629166336623
5916.0 0.6043734202381248
5918.0 0.6031201985118161
5920.0 0.6025966551086546
5922.0 0.6008053743072808
5924.0 0.5997729805835617
5926.0 0.5981864323160672
5928.0 0.5964112100255193
5930.0 0.5943273636533218
5932.0 0.5919150596500993
5934.0 0.5901636749437648
5936.0 0.5856617346346327
5938.0 0.5845607986921938
5940.0 0.5821072502763698
5942.0 0.5807626511925541
5944.0 0.5791950277217855
5946.0 0.5774448530770667
5948.0 0.5754655010924605
5950.0 0.5731405387182069
5952.0 0.5718372988631159
5954.0 0.5686762161940252
5956.0 0.5675739586119815
5958.0 0.5641703263513554
5960.0 0.5626377610256741
5962.0 0.5601454100676885
5964.0 0.5578817239355957
5966.0 0.55628969870547
5968.0 0.553659585814163
5970.0 0.55255377280068
5972.0 0.548652010183644
5974.0 0.5476891899653044
5976.0 0.5455560577232766
5978.0 0.5445639009031438
5980.0 0.5429026208234297
5982.0 0.5412060363773692
5984.0 0.5391866954290648
5986.0 0.536614320910627
5988.0 0.5360575641669219
5990.0 0.5345880844891914
5992.0 0.5344361090511501
5994.0 0.5321333940312085
5996.0 0.5308305065544342
5998.0 0.5287952808591049
6000.0 0.527324834195559
6002.0 0.5261491732039862
6004.0 0.5240183195475252
6006.0 0.5238301870294794
6008.0 0.5214132457710624
6010.0 0.5211949594154222
6012.0 0.519643086358634
6014.0 0.5191793980860552
6016.0 0.517908114738856
6018.0 0.5165655511729232
6020.0 0.5155193346469138
6022.0 0.5131838766875336
6024.0 0.5127877217589217
6026.0 0.5100776923825223
6028.0 0.5094439124946932
6030.0 0.5067461404851819
6032.0 0.5053526112630472
6034.0 0.5027354366087987
6036.0 0.5000619453802742
6038.0 0.49789810523132494
6040.0 0.4942988662038625
6042.0 0.4937597815037891
6044.0 0.48980373954725215
6046.0 0.48896972604245437
6048.0 0.48523979876489826
6050.0 0.48351288976420503
6052.0 0.48009754172655683
6054.0 0.4771499991545375
6056.0 0.47452959236833386
6058.0 0.468939531077582
6060.0 0.4674737832688055
6062.0 0.4583675713137027
6064.0 0.4565201337547973
6066.0 0.4472638363074808
6068.0 0.443369340072777
6070.0 0.43479192737251116
6072.0 0.4269067080762136
6074.0 0.42092884836984096
6076.0 0.4085999629930589
6078.0 0.4059824104420684
6080.0 0.3906629348457676
6082.0 0.38821390899208585
6084.0 0.3754390146654557
6086.0 0.36980522126171544
6088.0 0.3602210035480555
6090.0 0.3513699945648626
6092.0 0.34582259229738765
6094.0 0.3340331975049539
6096.0 0.33231733122478313
6098.0 0.3198666717057813
6100.0 0.3178340022025317
6102.0 0.3095857250996227
6104.0 0.3057369822496758
6106.0 0.3004673317943191
6108.0 0.29568438407002484
6110.0 0.2931436966751042
6112.0 0.2865439856299554
6114.0 0.2856893312780943
6116.0 0.2790854655446195
6118.0 0.27784308984740735
6120.0 0.27383725320314173
6122.0 0.2719423087584549
6124.0 0.26967231799532615
6126.0 0.2671623780044271
6128.0 0.26547975972899834
6130.0 0.2629344221253026
6132.0 0.26258144411507045
6134.0 0.26148312993005685
6136.0 0.2615613498087583
6138.0 0.26125763243893235
6140.0 0.2612642259622564
6142.0 0.26127311206023895
6144.0 0.2614729706691042
6146.0 0.26227467473401195
6148.0 0.2642252020516125
6150.0 0.26483641962187077
6152.0 0.2679946070228423
6154.0 0.2693258300385602
6156.0 0.2721792427406036
6158.0 0.27381464704215613
6160.0 0.27666854857930845
6162.0 0.2797594177731727
6164.0 0.2821750057456186
6166.0 0.28767227796500383
6168.0 0.28969174368614947
6170.0 0.29843497766579824
6172.0 0.3018087552833629
6174.0 0.3101503326938427
6176.0 0.3148892175489759
6178.0 0.3214505143978602
6180.0 0.32831827648549394
6182.0 0.3324884075601182
6184.0 0.3415171698535126
6186.0 0.34369902509680517
6188.0 0.3522525353413741
6190.0 0.35466714244014896
6192.0 0.36105803343927284
6194.0 0.36458326072552005
6196.0 0.3687555766403401
6198.0 0.37300808093634086
6200.0 0.37550193844741375
6202.0 0.38146019251525926
6204.0 0.38265465622787753
6206.0 0.38945055376870996
6208.0 0.39117123759078215
6210.0 0.39605557953666726
6212.0 0.39838195180740493
6214.0 0.4010935455432804
6216.0 0.4041735160767791
6218.0 0.4057306997057655
6220.0 0.4108302942676323
6222.0 0.4116727214087642
6224.0 0.4165289892192776
6226.0 0.41728307732585707
6228.0 0.42024089676641874
6230.0 0.4217435014910678
6232.0 0.4235254898820486
6234.0 0.42561049793581185
6236.0 0.42621903175961257
6238.0 0.42913230720107015
6240.0 0.42946394580655645
6242.0 0.43256396654373436
6244.0 0.4328980410091443
6246.0 0.4349886323384619
6248.0 0.4362183182865415
6250.0 0.4374608450874507
6252.0 0.43865082632751345
6254.0 0.43848498777828077
6256.0 0.4397105367901266
6258.0 0.43935728380675265
6260.0 0.4388706940152961
6262.0 0.43865669356539894
6264.0 0.43829529444315446
6266.0 0.4382833107390084
6268.0 0.43809424447838063
6270.0 0.43760202449448166
6272.0 0.43737175816271545
6274.0 0.43729784718581366
6276.0 0.43716328892746065
6278.0 0.438389623773283
6280.0 0.43834248986013247
6282.0 0.43911981777071635
6284.0 0.43954487805867337
6286.0 0.43985455954617236
6288.0 0.4408849061207658
6290.0 0.441894263965715
6292.0 0.4441031904022314
6294.0 0.4445911470140394
6296.0 0.44692542045901346
6298.0 0.447162359171743
6300.0 0.44796277281112185
6302.0 0.44879224872816076
6304.0 0.4493773845821243
6306.0 0.4496693924575663
6308.0 0.44970629346591057
6310.0 0.4498071163256805
6312.0 0.45005981476605195
6314.0 0.45015176501172444
6316.0 0.4504225460518456
6318.0 0.45134957258322206
6320.0 0.4522195955097539
6322.0 0.4527017978365701
6324.0 0.45304506228304864
6326.0 0.4532690042090614
6328.0 0.45286872967739056
6330.0 0.4535122338097943
6332.0 0.4538481188336721
6334.0 0.4542742283614463
6336.0 0.45432691606746867
6338.0 0.45459483585805965
6340.0 0.45473697720928813
6342.0 0.4544991233550484
6344.0 0.4548184914987955
6346.0 0.4544921563990406
6348.0 0.45447507348434546
6350.0 0.4540783755033399
6352.0 0.45487753690385396
6354.0 0.4559432068724481
6356.0 0.457239192708649
6358.0 0.45797634186399966
6360.0 0.4571163308776292
6362.0 0.4553479966871815
6364.0 0.4539445264434899
6366.0 0.45539605257024335
6368.0 0.45601695686709975
6370.0 0.45626267511890084
6372.0 0.4558407179715165
6374.0 0.4559900933378685
6376.0 0.45638368892378284
6378.0 0.4563288526895208
6380.0 0.45686157676452444
6382.0 0.45651521590712296
6384.0 0.4573528261593972
6386.0 0.457344291028908
6388.0 0.45792184257885027
6390.0 0.4581257138568788
6392.0 0.4585220306626469
6394.0 0.45905598738783676
6396.0 0.45912999093459156
6398.0 0.4597904260721899
6400.0 0.45951561966077664
6402.0 0.4602408553410803
6404.0 0.46014477358109157
6406.0 0.46065906142697943
6408.0 0.4608061506493868
6410.0 0.46107726753399697
6412.0 0.46146752771768135
6414.0 0.4614766525739125
6416.0 0.46214772612099436
6418.0 0.46186228105788274
6420.0 0.46258786137230107
6422.0 0.46250172901731257
6424.0 0.46300606745707656
6426.0 0.46316310611443884
6428.0 0.4634242735502786
6430.0 0.4638244831827334
6432.0 0.4638233139710184
6434.0 0.464505025937307
6436.0 0.46417518499112537
6438.0 0.4648911310472762
6440.0 0.464635556583824
6442.0 0.4648353262630426
6444.0 0.46464867904878776
6446.0 0.4644780886232014
6448.0 0.4644558028591909
6450.0 0.4640819653480543
6452.0 0.46442683510290583
6454.0 0.4635267194775801
6456.0 0.46342760718605924
6458.0 0.46265436567815665
6460.0 0.4624363816584146
6462.0 0.46135701966911435
6464.0 0.4604573303186751
6466.0 0.46012150685573555
6468.0 0.459426854049501
6470.0 0.4597094060432418
6472.0 0.46059977113494033
6474.0 0.4613245620621749
6476.0 0.4611407775275116
6478.0 0.46137083346444224
6480.0 0.4613264709919188
6482.0 0.4611477918353027
6484.0 0.4613770255723586
6486.0 0.46166776747019567
6488.0 0.4622970382411558
6490.0 0.46317695236116413
6492.0 0.46357110332638346
6494.0 0.463032066295679
6496.0 0.4628207870108089
6498.0 0.462018667801774
6500.0 0.4609369705625968
6502.0 0.4595808085327034
6504.0 0.4581196702187218
6506.0 0.4572747497675767
6508.0 0.4566455037276845
6510.0 0.4568466511778772
6512.0 0.4572120432476957
6514.0 0.45760418246909573
6516.0 0.45807977538453554
6518.0 0.4583455452387617
6520.0 0.4577581522068008
6522.0 0.4563091397126483
6524.0 0.45584190218509046
6526.0 0.4541659847552407
6528.0 0.45375931572780587
6530.0 0.452393863520471
6532.0 0.45147751509258954
6534.0 0.4498952529923725
6536.0 0.448376148469063
6538.0 0.4477136406529412
6540.0 0.44657250861592
6542.0 0.4462922027000169
6544.0 0.4444807372286051
6546.0 0.4438103030858593
6548.0 0.4422326901058663
6550.0 0.44125025930726497
6552.0 0.43998464298312606
6554.0 0.43869021552867077
6556.0 0.4377365961560839
6558.0 0.4360968422543737
6560.0 0.43544248736359015
6562.0 0.4335658710578642
6564.0 0.4328824435608587
6566.0 0.43131782397965646
6568.0 0.4303223997507079
6570.0 0.429069776856917
6572.0 0.42776235597211376
6574.0 0.4268217297341774
6576.0 0.4251684507242152
6578.0 0.42451462812528773
6580.0 0.4226510045938404
6582.0 0.42195458402843833
6584.0 0.42040295780891557
6586.0 0.41894855595100455
6588.0 0.41709051117149215
6590.0 0.4150448334227513
6592.0 0.41354557833202027
6594.0 0.41168624574638923
6596.0 0.41085076153292066
6598.0 0.4087462382138479
6600.0 0.40773376733270716
6602.0 0.4056884407366106
6604.0 0.40411650112432895
6606.0 0.4023362928835438
6608.0 0.4004204511342665
6610.0 0.3989085192785454
6612.0 0.3964687548688118
6614.0 0.3952644639598402
6616.0 0.39281663814535367
6618.0 0.3914107317833397
6620.0 0.38929033004770325
6622.0 0.38787495010367395
6624.0 0.38630351751591613
6626.0 0.3842306944587773
6628.0 0.3828130388962367
6630.0 0.3811573965692728
6632.0 0.38023218006802195
6634.0 0.3779842885411848
6636.0 0.3764296466617641
6638.0 0.37430881042986197
6640.0 0.37268570820127983
6642.0 0.3710486399190801
6644.0 0.36932057491856746
6646.0 0.367746673416201
6648.0 0.36582132802902945
6650.0 0.36459684166914175
6652.0 0.3624582895167952
6654.0 0.3611053453473383
6656.0 0.35902016131191944
6658.0 0.35737960423446674
6660.0 0.35605887393130065
6662.0 0.3550390689195195
6664.0 0.353881814771915
6666.0 0.3517521859484991
6668.0 0.3505876886340386
6670.0 0.3485506222750369
6672.0 0.34739429245843084
6674.0 0.34568735429538955
6676.0 0.34418123171967774
6678.0 0.34249668119332416
6680.0 0.3408937922287235
6682.0 0.3399340115041092
6684.0 0.3379756970854826
6686.0 0.3369448922883491
6688.0 0.3351796506809609
6690.0 0.3342723957573343
6692.0 0.33229846690994874
6694.0 0.3309218901980934
6696.0 0.3296566452657559
6698.0 0.3280707114181351
6700.0 0.3272801110558254
6702.0 0.32540496192320584
6704.0 0.32445265657408134
6706.0 0.32286945443320625
6708.0 0.32208900217302205
6710.0 0.32091811204773457
6712.0 0.3202159534775439
6714.0 0.3194947973976301
6716.0 0.31842792819357835
6718.0 0.318026251461344
6720.0 0.31675714069037364
6722.0 0.3162765647476283
6724.0 0.3151726622185019
6726.0 0.3147154067920173
6728.0 0.31388845141874033
6730.0 0.3133920678349953
6732.0 0.3128687172403199
6734.0 0.3119610404365242
6736.0 0.31138280622238507
6738.0 0.3105925585644532
6740.0 0.31042641581867997
6742.0 0.3098310923840155
6744.0 0.3095780930652861
6746.0 0.3088737349233781
6748.0 0.3082414673780013
6750.0 0.30767703528722357
6752.0 0.30704345400910527
6754.0 0.30663692933589015
6756.0 0.30596371931173216
6758.0 0.30589744182289713
6760.0 0.3052433037862574
6762.0 0.30497477503399634
6764.0 0.30444415714784184
6766.0 0.3040420073957238
6768.0 0.30364501053448456
6770.0 0.30310923987290084
6772.0 0.3028458638441972
6774.0 0.30215504250324543
6776.0 0.3019608980443991
6778.0 0.3013023738919261
6780.0 0.3010281305473461
6782.0 0.30050322717761146
6784.0 0.300095363050293
6786.0 0.29973782005039107
6788.0 0.2992243545010825
6790.0 0.29880943536254995
6792.0 0.2982081107861118
6794.0 0.2980142535877989
6796.0 0.2973614439735683
6798.0 0.2970814860768939
6800.0 0.2967129582936552
6802.0 0.29607985123891983
6804.0 0.29541281096276956
6806.0 0.2948294238270762
6808.0 0.2946038700660224
6810.0 0.29380377997162777
6812.0 0.2933385700519076
6814.0 0.29247426517138436
6816.0 0.29232092264370935
6818.0 0.29193000285872356
6820.0 0.2916238784506596
6822.0 0.2913386996682624
6824.0 0.29066656899121107
6826.0 0.29001118055451086
6828.0 0.2884794589258084
6830.0 0.28856450984890075
6832.0 0.28792628349528726
6834.0 0.287492612394919
6836.0 0.2870824688950048
6838.0 0.2865125649557488
6840.0 0.28601643883393013
6842.0 0.2854134948528837
6844.0 0.28474962195036535
6846.0 0.2837914335591313
6848.0 0.2836943950635561
6850.0 0.28263625955079447
6852.0 0.2821978287310383
6854.0 0.2814887345544134
6856.0 0.2807969093659579
6858.0 0.28041783674328874
6860.0 0.2804887786273575
6862.0 0.2805377203964141
6864.0 0.28067817024954633
6866.0 0.28062334333933775
6868.0 0.28077723060297416
6870.0 0.2807014538060738
6872.0 0.2801138965879412
6874.0 0.27958511808885816
6876.0 0.27886270563285226
6878.0 0.2776004150014606
6880.0 0.27722127629740934
6882.0 0.27646469639877125
6884.0 0.27632391590798716
6886.0 0.2760668784682818
6888.0 0.2759511035934547
6890.0 0.27557590465184095
6892.0 0.2751974803039809
6894.0 0.27485704229056074
6896.0 0.2747578383689712
6898.0 0.27495276723141787
6900.0 0.2745003548289841
6902.0 0.2741887166786267
6904.0 0.2733951202038893
6906.0 0.27298400875603657
6908.0 0.2724771451909833
6910.0 0.2722476587974645
6912.0 0.27144942992522303
6914.0 0.27029604399393453
6916.0 0.27007506417417904
6918.0 0.26823165947850963
6920.0 0.2682048962720537
6922.0 0.2666786438886753
6924.0 0.26599116440454096
6926.0 0.2657495995261998
6928.0 0.26567330129212163
6930.0 0.26554032068429406
6932.0 0.26540807568961244
6934.0 0.26547584694294396
6936.0 0.26483084291566383
6938.0 0.26476773279252486
6940.0 0.26437765491093684
6942.0 0.2640331574545865
6944.0 0.263661914805816
6946.0 0.2634744219611273
6948.0 0.26325868861560997
6950.0 0.2634417314162606
6952.0 0.2636974946186638
6954.0 0.26400926174205036
6956.0 0.2637182052099264
6958.0 0.26333238521894653
6960.0 0.2633824875567176
6962.0 0.263683174046993
6964.0 0.26369487075363074
6966.0 0.2633342194919739
6968.0 0.2621499285502238
6970.0 0.26153830665557193
6972.0 0.2603010484298357
6974.0 0.2600968311362644
6976.0 0.25989818796312947
6978.0 0.25965567789435856
6980.0 0.25900451816217934
6982.0 0.2583790793944216
6984.0 0.25788305659271654
6986.0 0.25724625577342336
6988.0 0.25688588474477475
6990.0 0.2555840990363303
6992.0 0.25499678302729456
6994.0 0.2541720832453276
6996.0 0.2538909978483331
6998.0 0.25360919721883335
7000.0 0.2530347975778853
7002.0 0.25254790517721737
7004.0 0.2522442057089972
7006.0 0.25201211656982825
7008.0 0.2515129730093828
7010.0 0.2514691644363983
7012.0 0.2509370412798668
7014.0 0.2502893489183703
7016.0 0.2493166703621286
7018.0 0.24851469455997752
7020.0 0.24817575477972825
7022.0 0.24787017172870776
7024.0 0.2475443108894483
7026.0 0.24797716985551058
7028.0 0.2480992460966136
7030.0 0.24800744797978183
7032.0 0.24782069954256686
7034.0 0.24735209782194564
7036.0 0.24690376988274143
7038.0 0.24652252828651175
7040.0 0.24594004286122687
7042.0 0.245689249795556
7044.0 0.24559322470111344
7046.0 0.24593524664028968
7048.0 0.24677593196982137
7050.0 0.24692440834479448
7052.0 0.24707852394058533
7054.0 0.2476082340059101
7056.0 0.2476175584052194
7058.0 0.24667771195658023
7060.0 0.2461556279918423
7062.0 0.2449144107443616
7064.0 0.2447778744349738
7066.0 0.24425015917349563
7068.0 0.24389827517838844
7070.0 0.2434715830045229
7072.0 0.24297471134263102
7074.0 0.24269168623434814
7076.0 0.2423873279518577
7078.0 0.24236928500160268
7080.0 0.24263986630539083
7082.0 0.2426733596765209
7084.0 0.242596142237264
7086.0 0.24251702716908424
7088.0 0.24216331624835588
7090.0 0.24201420051668826
7092.0 0.24230906182002773
7094.0 0.2421236997990908
7096.0 0.2422081741842377
7098.0 0.24220164599220012
7100.0 0.24266741828913238
7102.0 0.24289427368667252
7104.0 0.24302743576205982
7106.0 0.24283980310470166
7108.0 0.24278377238066112
7110.0 0.2431580976660772
7112.0 0.24347180887170186
7114.0 0.24395795604360174
7116.0 0.2438823749083679
7118.0 0.24381281782832318
7120.0 0.24364508441582128
7122.0 0.24366733861363868
7124.0 0.2438351309905792
7126.0 0.2442076774028726
7128.0 0.2446586683155601
7130.0 0.24482151592277307
7132.0 0.24504348080078017
7134.0 0.24484486861893293
7136.0 0.2450263268349583
7138.0 0.24497046313984863
7140.0 0.24511236201517733
7142.0 0.2451205512791191
7144.0 0.24498869598156164
7146.0 0.2453110917128022
7148.0 0.24481952314059086
7150.0 0.24490700703906465
7152.0 0.24374120338351063
7154.0 0.24379881713458115
7156.0 0.24277324690397464
7158.0 0.24218915364384966
7160.0 0.2414256078448369
7162.0 0.24006345378057517
7164.0 0.23990947065275173
7166.0 0.2390424060092138
7168.0 0.2391053490708283
7170.0 0.2395268907168331
7172.0 0.23990214698639728
7174.0 0.24048433586324805
7176.0 0.241134410883915
7178.0 0.2411165611189002
7180.0 0.2406898959462986
7182.0 0.24081500375761403
7184.0 0.24073887999258992
7186.0 0.24097415138094339
7188.0 0.24166778158765778
7190.0 0.24196795929415188
7192.0 0.24282647871222185
7194.0 0.24391802345043107
7196.0 0.2450241748667265
7198.0 0.24601592292395416
7200.0 0.24628725864180756
7202.0 0.24755801349912684
7204.0 0.2478612784199089
7206.0 0.24849275993414913
7208.0 0.24872466391243916
7210.0 0.24855304757320676
7212.0 0.24823007823590748
7214.0 0.24754210696668563
7216.0 0.24618448106938143
7218.0 0.2456680980774057
7220.0 0.24425505162129213
7222.0 0.2443765507702954
7224.0 0.24297071229380668
7226.0 0.24261890046204954
7228.0 0.2417502740673716
7230.0 0.2409675288165523
7232.0 0.24085017586237897
7234.0 0.24092165299131124
7236.0 0.24123620042530666
7238.0 0.24081516265900998
7240.0 0.24076018584244854
7242.0 0.2400418742656698
7244.0 0.23959153586374124
7246.0 0.23985844832029551
7248.0 0.24039238508306965
7250.0 0.24049905097155266
7252.0 0.24037279915668733
7254.0 0.23994365104535703
7256.0 0.23911650149021021
7258.0 0.2392328391789966
7260.0 0.23874578418348893
7262.0 0.23824510766928197
7264.0 0.23773605460453653
7266.0 0.23730078142765032
7268.0 0.23681675358518128
7270.0 0.2360778910932693
7272.0 0.23544245215740175
7274.0 0.23405397661679392
7276.0 0.23327643523340988
7278.0 0.2327224057235867
7280.0 0.23204608981786365
7282.0 0.23092660294836956
7284.0 0.23042761403248066
7286.0 0.229790415573056
7288.0 0.22852443721482502
7290.0 0.2281898395776797
7292.0 0.22753260261396824
7294.0 0.22757018836322523
7296.0 0.22665466437724835
7298.0 0.22616562873148693
7300.0 0.22603698781458356
7302.0 0.22610676992981127
7304.0 0.22609924361325864
7306.0 0.225861294762715
7308.0 0.22570019773407285
7310.0 0.22507307688607964
7312.0 0.22520681691486077
7314.0 0.22480297022368767
7316.0 0.22428055993281745
7318.0 0.22364036226012396
7320.0 0.22322224493857767
7322.0 0.22289002220071352
7324.0 0.22241367509623233
7326.0 0.22252621402419837
7328.0 0.2220622302502383
7330.0 0.22165495365474197
7332.0 0.22078816522293895
7334.0 0.2203910495403322
7336.0 0.21972787911627265
7338.0 0.21955660430992663
7340.0 0.2197531851312889
7342.0 0.21923604567057003
7344.0 0.21934767927551885
7346.0 0.21876204403053295
7348.0 0.2188995145492414
7350.0 0.21844568919650773
7352.0 0.21849736369027575
7354.0 0.21821618501539272
7356.0 0.21779500004588043
7358.0 0.21800077440264415
7360.0 0.2181832583698188
7362.0 0.21802023110329627
7364.0 0.2175645111827781
7366.0 0.21793409333433708
7368.0 0.21777373497149158
7370.0 0.21811467656866815
7372.0 0.21808973322017977
7374.0 0.2176883399424014
7376.0 0.21743079787814062
7378.0 0.21704306419483047
7380.0 0.21723154031875644
7382.0 0.2170818906463694
7384.0 0.21712058660715186
7386.0 0.2173958960977845
7388.0 0.21785324591084662
7390.0 0.21849266142910645
7392.0 0.21919960380360262
7394.0 0.21969567765981884
7396.0 0.21978315145322883
7398.0 0.21989626318115896
7400.0 0.21937434759906793
7402.0 0.21927882872765286
7404.0 0.2187035019670787
7406.0 0.21849826904408262
7408.0 0.2182070491940158
7410.0 0.21777803265798665
7412.0 0.21762330563973636
7414.0 0.21747739216110293
7416.0 0.2180291557241456
7418.0 0.21829257755805634
7420.0 0.21876424214826487
7422.0 0.21877712381826794
7424.0 0.21890838349935823
7426.0 0.218527641875921
7428.0 0.21798007493111868
7430.0 0.217636950493156
7432.0 0.21664812981859768
7434.0 0.2160165327615971
7436.0 0.21483484367803632
7438.0 0.21431172860317138
7440.0 0.2134153783334
7442.0 0.2127965089157849
7444.0 0.2121508938538935
7446.0 0.2113824562028555
7448.0 0.21071570504157613
7450.0 0.20951580445963983
7452.0 0.2090971973746275
7454.0 0.2066738730923546
7456.0 0.20533467385172294
7458.0 0.20273742149451635
7460.0 0.2009027756204676
7462.0 0.1992104733074228
7464.0 0.19736367671520774
7466.0 0.19611166974173688
7468.0 0.19511382652497883
7470.0 0.19446436169928363
7472.0 0.1937493032037917
7474.0 0.1934442102941776
7476.0 0.19308662826601178
7478.0 0.19260185997112103
7480.0 0.19206015671612764
7482.0 0.19161769440902668
7484.0 0.19134507421470154
7486.0 0.19095275248992746
7488.0 0.1905655299027764
7490.0 0.18997998123893514
7492.0 0.18973334245821147
7494.0 0.18936404680037466
7496.0 0.18906671821156942
7498.0 0.18874811235100591
7500.0 0.18840009397651486
7502.0 0.1881321779526746
7504.0 0.18773346968620677
7506.0 0.18750381008774145
7508.0 0.1870765547812255
7510.0 0.18682769694900708
7512.0 0.18646062033185656
7514.0 0.18616107270928423
7516.0 0.18584468589329625
7518.0 0.1854944484653801
7520.0 0.18522875144392736
7522.0 0.18482782423032545
7524.0 0.1845980354368047
7526.0 0.18417312826456728
7528.0 0.1839220514378724
7530.0 0.18355719387414698
7532.0 0.1832554272028178
7534.0 0.18294125942477812
7536.0 0.182588802960357
7538.0 0.18232532498621773
7540.0 0.18192217871919086
7542.0 0.18169226073061462
7544.0 0.1812697017966093
7546.0 0.18101640598199104
7548.0 0.1806537673719529
7550.0 0.18034978169168314
7552.0 0.1800378329670684
7554.0 0.17968315745662844
7556.0 0.17942189851769969
7558.0 0.17901653321142974
7560.0 0.17878648602442448
7562.0 0.1783662753388998
7564.0 0.17811076047085647
7566.0 0.17789583787998509
7568.0 0.17785845468944597
7570.0 0.17778266120312958
7572.0 0.17773703171914054
7574.0 0.17795805201103473
7576.0 0.17814112901503015
7578.0 0.17854239114742484
7580.0 0.17866805109377784
7582.0 0.17887583313350347
7584.0 0.17888154394234035
7586.0 0.17903377895087533
7588.0 0.1794984067663508
7590.0 0.18006868976817975
7592.0 0.18150471231243193
7594.0 0.1836607851834082
7596.0 0.18474306582805658
7598.0 0.18675462937996054
7600.0 0.187836632349771
7602.0 0.1895901126549862
7604.0 0.1907366364850598
7606.0 0.19133093873057858
7608.0 0.19214355337738398
7610.0 0.19223740686068103
7612.0 0.1931726423875355
7614.0 0.1938134303220268
7616.0 0.19553533367103285
7618.0 0.19688918592572163
7620.0 0.19769373814516636
7622.0 0.19841302145222195
7624.0 0.1983134205716365
7626.0 0.19803566011924914
7628.0 0.1984236620607693
7630.0 0.19776094046128792
7632.0 0.1980987746139904
7634.0 0.19892103693124935
7636.0 0.1997671585432516
7638.0 0.20050053904900547
7640.0 0.20099309650377062
7642.0 0.20100381721946584
7644.0 0.20067262485157572
7646.0 0.20058739777960166
7648.0 0.2007927937738371
7650.0 0.20143929623744003
7652.0 0.20164847459323476
7654.0 0.20189590242362612
7656.0 0.2019789418159099
7658.0 0.20196083540465298
7660.0 0.2019530834794769
7662.0 0.20183369160261833
7664.0 0.20177787953357368
7666.0 0.20169251467755742
7668.0 0.2019971662722603
7670.0 0.20348056538926143
7672.0 0.20460351656048695
7674.0 0.20560716872931495
7676.0 0.20636463578492947
7678.0 0.20670821924182564
7680.0 0.20742674773555658
7682.0 0.20791669419112607
7684.0 0.20828113680072324
7686.0 0.2082950353589883
7688.0 0.20847926514679233
7690.0 0.20847076227146732
7692.0 0.20865641468043042
7694.0 0.2088635138432973
7696.0 0.2092441150077471
7698.0 0.20965361243515415
7700.0 0.20957206952088664
7702.0 0.2102730103616123
7704.0 0.2104922171422292
7706.0 0.2114652857844137
7708.0 0.2117890341360837
7710.0 0.21217167866878914
7712.0 0.2127247682102876
7714.0 0.21332465785470311
7716.0 0.2141907191333553
7718.0 0.21483829683929268
7720.0 0.21541586888873263
7722.0 0.21572826706213008
7724.0 0.21588511021933893
7726.0 0.21554120287931305
7728.0 0.21523030651228242
7730.0 0.21507142540021823
7732.0 0.21550466457898815
7734.0 0.21627289213198628
7736.0 0.2163587665709714
7738.0 0.21671046925717588
7740.0 0.21679268246888403
7742.0 0.2172386122990212
7744.0 0.21738339802784745
7746.0 0.2172155571670149
7748.0 0.216739235911425
7750.0 0.21638516974057936
7752.0 0.21694898155507208
7754.0 0.2178203625773674
7756.0 0.21892268860473982
7758.0 0.21942178315795402
7760.0 0.21960000449490036
7762.0 0.21937311599119413
7764.0 0.2192063212154316
7766.0 0.21905624734952556
7768.0 0.21881263790681046
7770.0 0.21873937871697027
7772.0 0.21841895462734198
7774.0 0.21842251006162827
7776.0 0.21810842491736013
7778.0 0.21803506249797255
7780.0 0.2178119227708272
7782.0 0.21764137912836312
7784.0 0.21749505411548545
7786.0 0.21724769584889442
7788.0 0.2171781854601436
7790.0 0.21685401256942602
7792.0 0.21686131683316712
7794.0 0.21654758016380943
7796.0 0.21647012044150105
7798.0 0.21625072945405216
7800.0 0.21638995055780286
7802.0 0.21680074557541565
7804.0 0.21707680134749877
7806.0 0.21653341408983665
7808.0 0.21551105844920485
7810.0 0.21526497125600624
7812.0 0.2148850470482
7814.0 0.2145106709823907
7816.0 0.21395842089316303
7818.0 0.21347619687226194
7820.0 0.21305154903152926
7822.0 0.21268080927550842
7824.0 0.21246797383634172
7826.0 0.21192196553906173
7828.0 0.21148953996594927
7830.0 0.21097618299157542
7832.0 0.21117725174818347
7834.0 0.21104998763269783
7836.0 0.21076847725254902
7838.0 0.21050648813073253
7840.0 0.21032776028718808
7842.0 0.21045448539380202
7844.0 0.2103363119942446
7846.0 0.21103592517758912
7848.0 0.21063838685338965
7850.0 0.20987605395746523
7852.0 0.20893209973209367
7854.0 0.20741966240269663
7856.0 0.20627248290646746
7858.0 0.20595171768012271
7860.0 0.20525496074719546
7862.0 0.20452044929520094
7864.0 0.2036068466397142
7866.0 0.20274345303324667
7868.0 0.20227483207971117
7870.0 0.20237345534811574
7872.0 0.20237657652511498
7874.0 0.2027366556350965
7876.0 0.20247974295894247
7878.0 0.2014886437056222
7880.0 0.20104539641770638
7882.0 0.19894688161788718
7884.0 0.19762090441261454
7886.0 0.19610331426424124
7888.0 0.19511612136445333
7890.0 0.19435813044363742
7892.0 0.1935310924772654
7894.0 0.19287805086038115
7896.0 0.19179452529061866
7898.0 0.1907299636586261
7900.0 0.18970444016307508
7902.0 0.18898607076331647
7904.0 0.18837681487122776
7906.0 0.187969449153844
7908.0 0.18735402309853172
7910.0 0.18730236822639643
7912.0 0.18702332628052165
7914.0 0.1854528486867581
7916.0 0.18468242682511904
7918.0 0.18305435155166327
7920.0 0.18221209413382075
7922.0 0.18103156188520209
7924.0 0.18031658140293372
7926.0 0.17967319042535929
7928.0 0.1792769987210928
7930.0 0.17928917332446936
7932.0 0.17906354858211376
7934.0 0.17902710204880823
7936.0 0.17826781989824145
7938.0 0.17763799280127107
7940.0 0.1766492670409003
7942.0 0.17607845163478958
7944.0 0.17545272566787576
7946.0 0.17512090744594602
7948.0 0.17480937753432113
7950.0 0.17340484275630516
7952.0 0.1727747698336901
7954.0 0.1714735328405858
7956.0 0.17121631115172745
7958.0 0.1708108067625418
7960.0 0.1701359662405673
7962.0 0.16980865203185574
7964.0 0.169595058316003
7966.0 0.16968879434514822
7968.0 0.16977315409916657
7970.0 0.16990228348612837
7972.0 0.1703813954944157
7974.0 0.1703048670582928
7976.0 0.17033479491871095
7978.0 0.17098543837417088
7980.0 0.17087516687623341
7982.0 0.17021710080416505
7984.0 0.16936298140567743
7986.0 0.168186648309586
7988.0 0.1680829018803155
7990.0 0.16678170095875436
7992.0 0.16590264309747502
7994.0 0.16506385061652287
7996.0 0.16444957531363433
7998.0 0.16435501643492156
8000.0 0.16409790328891422
8002.0 0.1639201321954326
8004.0 0.16426159413621488
8006.0 0.16482117525857284
8008.0 0.16580845428453692
8010.0 0.16617954379594502
8012.0 0.16623568498255362
8014.0 0.166729776129855
8016.0 0.1668584872579777
8018.0 0.16646397574601762
8020.0 0.16597582568564448
8022.0 0.1649977884846783
8024.0 0.16436521844635577
8026.0 0.1634743298892807
8028.0 0.1635896252832637
8030.0 0.1630951985930094
8032.0 0.16227110850422996
8034.0 0.16195035830734705
8036.0 0.16173488047267318
8038.0 0.16177275263172347
8040.0 0.16253325090124873
8042.0 0.16262103181653412
8044.0 0.16290803596059444
8046.0 0.1628835304927471
8048.0 0.16296227477510486
8050.0 0.16310502679833433
8052.0 0.16309976255384906
8054.0 0.1636513010652559
8056.0 0.16421509131553996
8058.0 0.1638672983527648
8060.0 0.16340140689878654
8062.0 0.1622592223337497
8064.0 0.16154276787082483
8066.0 0.16105649444596773
8068.0 0.1607262738161732
8070.0 0.16105869760928612
8072.0 0.16161008031790333
8074.0 0.16212496425129436
8076.0 0.16241775492083552
8078.0 0.16180723613511955
8080.0 0.16212328977107304
8082.0 0.16300862086289294
8084.0 0.163501516900653
8086.0 0.16403467984652695
8088.0 0.1643678786974315
8090.0 0.1640227808267508
8092.0 0.16286485338761375
8094.0 0.16226616580810158
8096.0 0.1624972264046137
8098.0 0.16169184306915627
8100.0 0.16120100291489384
8102.0 0.16020024460395857
8104.0 0.15904507510525479
8106.0 0.15808828587535403
8108.0 0.15730072371229128
8110.0 0.15683668276093796
8112.0 0.15605686010515205
8114.0 0.15558030331378292
8116.0 0.15552435756347707
8118.0 0.15571118169280435
8120.0 0.1553058733755408
8122.0 0.15494718962350498
8124.0 0.1542722139724696
8126.0 0.152972637666414
8128.0 0.1518850229461031
8130.0 0.14995946374511335
8132.0 0.1493830899380545
8134.0 0.14768153302367265
8136.0 0.14641793177780332
8138.0 0.1448064979429383
8140.0 0.14305286861042724
8142.0 0.1416380867684628
8144.0 0.13967861171016271
8146.0 0.13800890826450923
8148.0 0.13515391225419027
8150.0 0.133482404244667
8152.0 0.13225149043382592
8154.0 0.13135784787636895
8156.0 0.13008012394410842
8158.0 0.12869888955689446
8160.0 0.12752001746721384
8162.0 0.12659022148246796
8164.0 0.1255370224222219
8166.0 0.12383578574564182
8168.0 0.12308978669548107
8170.0 0.12109590992627454
8172.0 0.11969037691941087
8174.0 0.11783188707808254
8176.0 0.11584753676994378
8178.0 0.11372382167076406
8180.0 0.11150547325765323
8182.0 0.11081269903918277
8184.0 0.10904155962696037
8186.0 0.10777645744254193
8188.0 0.10728500268222385
8190.0 0.10749936879944029
8192.0 0.10703301559799695
8194.0 0.10659397490677675
8196.0 0.10633056459215258
8198.0 0.10630095910916161
8200.0 0.10628029782761769
8202.0 0.10478475646621709
8204.0 0.10420453138699194
8206.0 0.10220980531614116
8208.0 0.10127622531975314
8210.0 0.09990040107823428
8212.0 0.098773281086385
8214.0 0.09810837210125768
8216.0 0.09653951509434969
8218.0 0.0968044768092166
8220.0 0.09695079257306356
8222.0 0.09687959646552924
8224.0 0.09717443815855914
8226.0 0.09726801119663929
8228.0 0.0978933810867209
8230.0 0.09859097619329203
8232.0 0.09911973702619296
8234.0 0.10041642390854144
8236.0 0.10074322188874078
8238.0 0.10136584039272771
8240.0 0.1017192829113246
8242.0 0.1019308953802336
8244.0 0.10193657829253941
8246.0 0.10157779794819154
8248.0 0.10126086564621119
8250.0 0.10121480228161282
8252.0 0.10073094733894168
8254.0 0.10083731234896824
8256.0 0.10100679070669744
8258.0 0.10130856675064673
8260.0 0.10213936203753937
8262.0 0.10271289028607322
8264.0 0.10371841200849291
8266.0 0.1048326150141005
8268.0 0.10570082072996201
8270.0 0.10709855947363504
8272.0 0.10719739299076031
8274.0 0.10782285227628742
8276.0 0.10792666711540735
8278.0 0.10853288925387716
8280.0 0.10928172047057551
8282.0 0.10975391986162501
8284.0 0.10982145611882549
8286.0 0.10948361888267522
8288.0 0.10907205262386047
8290.0 0.10942924691368183
8292.0 0.1100245328936251
8294.0 0.11003687183715077
8296.0 0.11052891377134705
8298.0 0.111015293024568
8300.0 0.11186052679813076
8302.0 0.11284516307813992
8304.0 0.11297904778205756
8306.0 0.11314144596487612
8308.0 0.11299846637775224
8310.0 0.11301447501579727
8312.0 0.1131404683524842
8314.0 0.11264002666378163
8316.0 0.11236915701771
8318.0 0.11183341306838047
8320.0 0.11118172287906149
8322.0 0.11091980521493079
8324.0 0.11018676304992016
8326.0 0.11010097092281683
8328.0 0.10996252047926909
8330.0 0.1101166941154833
8332.0 0.11130516742832651
8334.0 0.11204913505797888
8336.0 0.11301971825625183
8338.0 0.11421914025733004
8340.0 0.1149162143156477
8342.0 0.11606639877981256
8344.0 0.11632074780116283
8346.0 0.11758002623409432
8348.0 0.11817299631951497
8350.0 0.11860395961252967
8352.0 0.1190094609459915
8354.0 0.11933513175536203
8356.0 0.1193589080425962
8358.0 0.11975980406931337
8360.0 0.1205769954259607
8362.0 0.120864114631652
8364.0 0.12210399626628823
8366.0 0.12241405344967567
8368.0 0.12367775896348104
8370.0 0.12439849293369612
8372.0 0.12527296826692666
8374.0 0.12663796144449835
8376.0 0.1273845816244127
8378.0 0.12886758996844588
8380.0 0.12938899127184672
8382.0 0.13055377942847976
8384.0 0.1309842007209394
8386.0 0.13159566523922317
8388.0 0.13197010840153844
8390.0 0.1328210511987501
8392.0 0.13392652903081606
8394.0 0.13492482331683664
8396.0 0.13689984569567168
8398.0 0.13748286868198012
8400.0 0.14009826314038779
8402.0 0.1404390989437418
8404.0 0.14243354762550373
8406.0 0.14406652579275359
8408.0 0.14587204673311643
8410.0 0.14856322714375222
8412.0 0.14981043961288104
8414.0 0.15221122162395634
8416.0 0.1530138200229668
8418.0 0.15484230073565286
8420.0 0.15563061731834382
8422.0 0.15686343387490018
8424.0 0.15811577871903215
8426.0 0.1598360530076729
8428.0 0.16210495562177324
8430.0 0.16425912052561523
8432.0 0.16731608430682848
8434.0 0.16905484358931028
8436.0 0.17062079984491035
8438.0 0.17194495728358541
8440.0 0.1737313393237025
8442.0 0.17526884211844476
8444.0 0.1772623394655133
8446.0 0.17972554449936234
8448.0 0.18150882196487167
8450.0 0.18461875448921983
8452.0 0.18638875296701282
8454.0 0.18856566546845088
8456.0 0.18977237032939517
8458.0 0.19106942917603673
8460.0 0.19242978538836258
8462.0 0.19348536555809667
8464.0 0.19453488775056907
8466.0 0.1954335168920058
8468.0 0.19533770480193177
8470.0 0.1959669777016156
8472.0 0.19562228943703333
8474.0 0.19535820166089485
8476.0 0.19561828557339112
8478.0 0.1958044604230906
8480.0 0.19666139581145836
8482.0 0.19799086122027626
8484.0 0.19896202997627135
8486.0 0.2012412535458237
8488.0 0.20185176664360285
8490.0 0.20439846907348413
8492.0 0.20549031304465204
8494.0 0.20659180784024944
8496.0 0.2075182898041985
8498.0 0.20765882713147374
8500.0 0.20762503840715688
8502.0 0.207745834351058
8504.0 0.20752024674598352
8506.0 0.20774116587405153
8508.0 0.20757389034853754
8510.0 0.20784536959982647
8512.0 0.20776223195907922
8514.0 0.20760706448894786
8516.0 0.20759122245691575
8518.0 0.20740987275728326
8520.0 0.20752742371784433
8522.0 0.209179721472201
8524.0 0.2092951169464529
8526.0 0.2109013411013713
8528.0 0.21156962366137674
8530.0 0.2117879128441036
8532.0 0.2120576484536322
8534.0 0.21183045922277696
8536.0 0.21153259007169242
8538.0 0.210851508148584
8540.0 0.2094511496449514
8542.0 0.20874229324056567
8544.0 0.20728857081422228
8546.0 0.2067382188846884
8548.0 0.20645878873809675
8550.0 0.2062009057759681
8552.0 0.2065067294889688
8554.0 0.20687002909219596
8556.0 0.20690927483320487
8558.0 0.20775188976893472
8560.0 0.20809886602069713
8562.0 0.2096353748291997
8564.0 0.21047070986276478
8566.0 0.21147077330365624
8568.0 0.21248829714689133
8570.0 0.2126825103327001
8572.0 0.2129520430472371
8574.0 0.21283946542936544
8576.0 0.2116261628002788
8578.0 0.2109681671308677
8580.0 0.20900820233020234
8582.0 0.2081740659638266
8584.0 0.20742498734624826
8586.0 0.20663114803061725
8588.0 0.2066119336967781
8590.0 0.20647760848887475
8592.0 0.20647384461426924
8594.0 0.20732043481926607
8596.0 0.20732496195286235
8598.0 0.20852945948050833
8600.0 0.2088964842616006
8602.0 0.20986811099417382
8604.0 0.21103901262248095
8606.0 0.2114207682398979
8608.0 0.21221824271129633
8610.0 0.21231765034919928
8612.0 0.2128884247157113
8614.0 0.2131893054416714
8616.0 0.21295204939257517
8618.0 0.21291118483469565
8620.0 0.21225491106382846
8622.0 0.21174130136429237
8624.0 0.21205516946322622
8626.0 0.21136274980409753
8628.0 0.21128459214291703
8630.0 0.21091833361653786
8632.0 0.21132287970195537
8634.0 0.2126106382006911
8636.0 0.213759987329091
8638.0 0.21575374454902335
8640.0 0.21693793007758758
8642.0 0.21700028155025872
8644.0 0.21853416268364764
8646.0 0.21846105351098158
8648.0 0.21908082708245236
8650.0 0.2188625265473949
8652.0 0.21813104965236732
8654.0 0.2179363602931523
8656.0 0.21732044656770635
8658.0 0.2162123460436423
8660.0 0.2157577374945778
8662.0 0.21466034808646897
8664.0 0.21492994052922576
8666.0 0.21526141492458564
8668.0 0.2160556801930377
8670.0 0.21797068022980157
8672.0 0.21898240319000084
8674.0 0.22146315633923286
8676.0 0.22415635016052224
8678.0 0.22538586360582405
8680.0 0.227649978881103
8682.0 0.22795345366166997
8684.0 0.2292233219044043
8686.0 0.22900578720185022
8688.0 0.2272806057957951
8690.0 0.22682576636026544
8692.0 0.2257647266985817
8694.0 0.22446456404907364
8696.0 0.22395964883761504
8698.0 0.22200955752518348
8700.0 0.22166841867954862
8702.0 0.21936101479617628
8704.0 0.21914876402783395
8706.0 0.21870092668898627
8708.0 0.2183327684325976
8710.0 0.21866459448047187
8712.0 0.2193511269323154
8714.0 0.22000281321609838
8716.0 0.2217592290813691
8718.0 0.222374065617754
8720.0 0.2247703196093071
8722.0 0.2253010031814046
8724.0 0.22582331967568062
8726.0 0.22637548511383848
8728.0 0.2261415128835037
8730.0 0.22570903606287968
8732.0 0.22533851108941316
8734.0 0.22329977072906523
8736.0 0.2228491159241171
8738.0 0.22074214965928196
8740.0 0.22065379434921376
8742.0 0.2204142442819462
8744.0 0.22055783783548769
8746.0 0.22123215296885926
8748.0 0.22208825912579092
8750.0 0.22309446145134068
8752.0 0.224357003302923
8754.0 0.2240922610862757
8756.0 0.22469662819275965
8758.0 0.22465152259475848
8760.0 0.22533773735795243
8762.0 0.22527661749735386
8764.0 0.22445032860302752
8766.0 0.22368238908892646
8768.0 0.22258371727848883
8770.0 0.2210168001739043
8772.0 0.22059121482589394
8774.0 0.2181780262356022
8776.0 0.2177564914798318
8778.0 0.21612009352827746
8780.0 0.21482300325174444
8782.0 0.21374307056464503
8784.0 0.21270518170222671
8786.0 0.2132481621963876
8788.0 0.21419316073019037
8790.0 0.21475320511884916
8792.0 0.2158360963576145
8794.0 0.21646201285575628
8796.0 0.21777376167546889
8798.0 0.21837845745969092
8800.0 0.21845560795205035
8802.0 0.21867082287226008
8804.0 0.21813744178693592
8806.0 0.21764524269517008
8808.0 0.2172359214667392
8810.0 0.21488921069381733
8812.0 0.21375879109717677
8814.0 0.2107536038554782
8816.0 0.20872663960181323
8818.0 0.20720803325519152
8820.0 0.20555976933013073
8822.0 0.20557498750508676
8824.0 0.2054729959501709
8826.0 0.20580532026978368
8828.0 0.2071319432096241
8830.0 0.2078972650413794
8832.0 0.2092964987828834
8834.0 0.21018856932976884
8836.0 0.21029483746404568
8838.0 0.2107704561350643
8840.0 0.21121069532705658
8842.0 0.2111453537022868
8844.0 0.21022757688810753
8846.0 0.2064304510747246
8848.0 0.20407823061016706
8850.0 0.2001872497241349
8852.0 0.19819263338143453
8854.0 0.19771660652436887
8856.0 0.1966052379363869
8858.0 0.19562987447024402
8860.0 0.1943391124425725
8862.0 0.19391617185800655
8864.0 0.19475932563085815
8866.0 0.19459525645480677
8868.0 0.19430152148616112
8870.0 0.19424400447488932
8872.0 0.1942056050384102
8874.0 0.19448050970822842
8876.0 0.19415214643204556
8878.0 0.19359638947869262
8880.0 0.19345541137365319
8882.0 0.1913162300516903
8884.0 0.19070838027111578
8886.0 0.1897198676429114
8888.0 0.18873887213178003
8890.0 0.1874061790834238
8892.0 0.18570606922741947
8894.0 0.1852159888674737
8896.0 0.18354255764178992
8898.0 0.1832594814751755
8900.0 0.18257593480639572
8902.0 0.18221731628885537
8904.0 0.18186306354740164
8906.0 0.18180422933226612
8908.0 0.18214186523871562
8910.0 0.18253314671737833
8912.0 0.1822778899233655
8914.0 0.18214680121447957
8916.0 0.1816361303964699
8918.0 0.18232943807692664
8920.0 0.18276555870017647
8922.0 0.18295653253196242
8924.0 0.18308253947800462
8926.0 0.1821471679237735
8928.0 0.18058691827220297
8930.0 0.17939545807133592
8932.0 0.17605708182470411
8934.0 0.1748986914451855
8936.0 0.17194511608620103
8938.0 0.1716615461108752
8940.0 0.17078770076205813
8942.0 0.17032141682066113
8944.0 0.17041162144625116
8946.0 0.16978420283593043
8948.0 0.16906859326277937
8950.0 0.16947713873537146
8952.0 0.16939882783670154
8954.0 0.17103845894929545
8956.0 0.17137899943875468
8958.0 0.17159138612485947
8960.0 0.17155187553728998
8962.0 0.1707129657028149
8964.0 0.16977417142336995
8966.0 0.16938985755665004
8968.0 0.16755586330130068
8970.0 0.1672674513004522
8972.0 0.16495047634616034
8974.0 0.16438278210515045
8976.0 0.1640385687360367
8978.0 0.16405357819431035
8980.0 0.1643764338530734
8982.0 0.1642537410987122
8984.0 0.16389387345980325
8986.0 0.16463199044994103
8988.0 0.16446321240439832
8990.0 0.16640957452580185
8992.0 0.16764535682266765
8994.0 0.16884572129542208
8996.0 0.1695672959786707
8998.0 0.1698441222702775
9000.0 0.16989235997966246
9002.0 0.1692210985520474
9004.0 0.16874952275996935
9006.0 0.1678917499449286
9008.0 0.16585899168922738
9010.0 0.16506101952694324
9012.0 0.16378002695508334
9014.0 0.1625535231339422
9016.0 0.16176960769847742
9018.0 0.16073734517738605
9020.0 0.16021687526558584
9022.0 0.16046917531700663
9024.0 0.16024573957250196
9026.0 0.16228242905588375
9028.0 0.16294339716568543
9030.0 0.16370821205364444
9032.0 0.16428206835451803
9034.0 0.16398765339304192
9036.0 0.16343258439059835
9038.0 0.1632556407287883
9040.0 0.1618073808207876
9042.0 0.1619917407330932
9044.0 0.15961635226524976
9046.0 0.15851801579516064
9048.0 0.15650146105748539
9050.0 0.15494656866030265
9052.0 0.154313318347479
9054.0 0.1534162607051467
9056.0 0.15366498252723543
9058.0 0.1546084207934408
9060.0 0.15547931794377795
9062.0 0.15714530029247528
9064.0 0.157724663495114
9066.0 0.15791728045618095
9068.0 0.15791458065236486
9070.0 0.15735579063635868
9072.0 0.15651297553380358
9074.0 0.15598731916145667
9076.0 0.15391534108143565
9078.0 0.15353006325308383
9080.0 0.15162128343165765
9082.0 0.15124875702153223
9084.0 0.15043576325994223
9086.0 0.1495211755973871
9088.0 0.14933828573939553
9090.0 0.1490008468829333
9092.0 0.14915217976101117
9094.0 0.14956948745907836
9096.0 0.14955943441481456
9098.0 0.15039626300394998
9100.0 0.15029600847023544
9102.0 0.15062574681497504
9104.0 0.1512840943406917
9106.0 0.15177943568396152
9108.0 0.15262894322771686
9110.0 0.15276318222411817
9112.0 0.15301993024519744
9114.0 0.15275666997176404
9116.0 0.1516154823165171
9118.0 0.15194332595590312
9120.0 0.15145480713299755
9122.0 0.1509614922679642
9124.0 0.15083828459829138
9126.0 0.14948600991693162
9128.0 0.14844716178700235
9130.0 0.14700271685888527
9132.0 0.14639254259546858
9134.0 0.1459918633413115
9136.0 0.14631971087143134
9138.0 0.14712783934118306
9140.0 0.1476571171712908
9142.0 0.1484138707997226
9144.0 0.1498671006153954
9146.0 0.14954167940102986
9148.0 0.15041249086171612
9150.0 0.15063013907635775
9152.0 0.15131535284054812
9154.0 0.15146996294315462
9156.0 0.1516907168838433
9158.0 0.15187705103187354
9160.0 0.15209735232328597
9162.0 0.15234176474473743
9164.0 0.152725958455771
9166.0 0.15246448896498366
9168.0 0.15219679584741588
9170.0 0.15175259980547118
9172.0 0.15136766811523872
9174.0 0.1507192610880115
9176.0 0.15033533127178783
9178.0 0.1504231625900352
9180.0 0.15003697358109308
9182.0 0.15029521877634744
9184.0 0.15112612233689904
9186.0 0.1510988541828526
9188.0 0.15214177160682096
9190.0 0.1527066126025016
9192.0 0.15398340166630975
9194.0 0.15537168394879522
9196.0 0.15616957579817664
9198.0 0.15738738682561293
9200.0 0.1573097409933766
9202.0 0.15679785477515887
9204.0 0.15732951805785178
9206.0 0.15700681723425522
9208.0 0.15733532653548918
9210.0 0.15728018749653402
9212.0 0.15671353273335695
9214.0 0.15573883798353783
9216.0 0.15326935451795343
9218.0 0.1519193353755028
9220.0 0.14924425419513826
9222.0 0.1483059883116862
9224.0 0.14868325904022392
9226.0 0.14891079807639357
9228.0 0.1496120018638041
9230.0 0.15021438320094285
9232.0 0.150299279852506
9234.0 0.15137636985510333
9236.0 0.15114087810182544
9238.0 0.15145556222202974
9240.0 0.1513041053216881
9242.0 0.15047391916923913
9244.0 0.14974105098826368
9246.0 0.14839657066600503
9248.0 0.1473568620378754
9250.0 0.1467857666308916
9252.0 0.14464195529436447
9254.0 0.1444680968848822
9256.0 0.1419626809461726
9258.0 0.1413605150701311
9260.0 0.1394914268181859
9262.0 0.1390036288743409
9264.0 0.13836184004626312
9266.0 0.13761243396756845
9268.0 0.1377755051404769
9270.0 0.13774138076275294
9272.0 0.13815579019193422
9274.0 0.13778338852493016
9276.0 0.13737849901644042
9278.0 0.13624466766091775
9280.0 0.13594987548635015
9282.0 0.13603326251344766
9284.0 0.13575047626819237
9286.0 0.13519372776514466
9288.0 0.13438224164501672
9290.0 0.13414073902873036
9292.0 0.13292902071617863
9294.0 0.13312673331695477
9296.0 0.13208843603861586
9298.0 0.1318032014763228
9300.0 0.13003249735818428
9302.0 0.12776745151833438
9304.0 0.12688612418636933
9306.0 0.12481703160469791
9308.0 0.12462046585270527
9310.0 0.12283753135135478
9312.0 0.12297190473455699
9314.0 0.12261556816628685
9316.0 0.12269845473447093
9318.0 0.12359907161825807
9320.0 0.12508103842492535
9322.0 0.1262583843866386
9324.0 0.12776557004862357
9326.0 0.12742710666254609
9328.0 0.12915207528028508
9330.0 0.12946288248678162
9332.0 0.12940203928567998
9334.0 0.12855707165010197
9336.0 0.12683673418801514
9338.0 0.12459445672809186
9340.0 0.12321860704433038
9342.0 0.12373713864254737
9344.0 0.12498652331937841
9346.0 0.12548073541186755
9348.0 0.12641669792294097
9350.0 0.12630611609538714
9352.0 0.12697170659156995
9354.0 0.12653235341880298
9356.0 0.1247902160851271
9358.0 0.12500962681777808
9360.0 0.12601556267863484
9362.0 0.1259827694858217
9364.0 0.12773422399666037
9366.0 0.12763220209945686
9368.0 0.1293905650063397
9370.0 0.13074883903185291
9372.0 0.13143225791968757
9374.0 0.13225644776838033
9376.0 0.13233459366074402
9378.0 0.13327281125184673
9380.0 0.13334751231268882
9382.0 0.13276157145982445
9384.0 0.13171855657496728
9386.0 0.1292525251068403
9388.0 0.1276968711297066
9390.0 0.12665066685417112
9392.0 0.1261748738090937
9394.0 0.1267422141799092
9396.0 0.12662644207422416
9398.0 0.12743713837485127
9400.0 0.12702653585956272
9402.0 0.12681796962390735
9404.0 0.12544054643011607
9406.0 0.12545881754573313
9408.0 0.12671795129768607
9410.0 0.12791728325531249
9412.0 0.12810051859330993
9414.0 0.12825287085783452
9416.0 0.1288321230614263
9418.0 0.1307362247896815
9420.0 0.13193275775661148
9422.0 0.13023831574348768
9424.0 0.12856055333497263
9426.0 0.12893807079694006
9428.0 0.13004562367023703
9430.0 0.12984972042041948
9432.0 0.1274225559444726
9434.0 0.12605851331234028
9436.0 0.12389810718798833
9438.0 0.12303054090967554
9440.0 0.12274870022199333
9442.0 0.1237112814871882
9444.0 0.125414403556289
9446.0 0.12734629389538776
9448.0 0.12816955185599518
9450.0 0.1266235541732626
9452.0 0.12633828644149575
9454.0 0.12709562010870956
9456.0 0.12729448750981395
9458.0 0.12919333193316185
9460.0 0.13022169467030906
9462.0 0.13100343542375106
9464.0 0.13240054835099543
9466.0 0.13308224777884523
9468.0 0.1348290317460439
9470.0 0.13553430396403193
9472.0 0.13511046540732877
9474.0 0.13341731649341618
9476.0 0.13316781756214185
9478.0 0.13298715855475463
9480.0 0.13382064241740146
9482.0 0.13640253358750118
9484.0 0.13802181093693935
9486.0 0.13909545746803673
9488.0 0.13815991839694872
9490.0 0.13621781210242487
9492.0 0.13498951322916802
9494.0 0.1329662191424278
9496.0 0.1311153453787277
9498.0 0.12998354952438382
9500.0 0.13001138853151048
9502.0 0.13124321330089375
9504.0 0.13162003650327284
9506.0 0.13214829064712263
9508.0 0.13224260177576005
9510.0 0.13277612888302076
9512.0 0.13357947999210562
9514.0 0.1343990752510072
9516.0 0.13464584148361472
9518.0 0.13489216474471746
9520.0 0.13560625256354103
9522.0 0.13582202456106418
9524.0 0.136028555709799
9526.0 0.13607718514418735
9528.0 0.13600616383743824
9530.0 0.13463010338455766
9532.0 0.13238084206863532
9534.0 0.1303295638850872
9536.0 0.12816362921547614
9538.0 0.1270436172317892
9540.0 0.12551084995171874
9542.0 0.1251264667548456
9544.0 0.1238388533537065
9546.0 0.12319946280003183
9548.0 0.12276666398673426
9550.0 0.12248931136834715
9552.0 0.12211511387691401
9554.0 0.12219603870552166
9556.0 0.12246401898489548
9558.0 0.12256130310919595
9560.0 0.12173931614688858
9562.0 0.12213406156318277
9564.0 0.12213639828276401
9566.0 0.1220257431497575
9568.0 0.12195365559058098
9570.0 0.12181533555163312
9572.0 0.12123212823195648
9574.0 0.12144356026529786
9576.0 0.12184347618980049
9578.0 0.12200373460708532
9580.0 0.12068165622110753
9582.0 0.1199087601359357
9584.0 0.11929018093350695
9586.0 0.11837549396633316
9588.0 0.11817179501112707
9590.0 0.1182148134927036
9592.0 0.11780531634573842
9594.0 0.11679054004701286
9596.0 0.116001136277381
9598.0 0.11514850429238907
9600.0 0.11409779770328816
9602.0 0.11424037570460598
9604.0 0.11497376833230616
9606.0 0.1153332399763509
9608.0 0.1154181292918983
9610.0 0.11443779381206885
9612.0 0.11411687658275475
9614.0 0.11263236013518078
9616.0 0.11304148980780437
9618.0 0.1138052856303819
9620.0 0.11455589326455004
9622.0 0.11532664566029885
9624.0 0.11520539096828519
9626.0 0.11410588242727894
9628.0 0.11310889842795287
9630.0 0.1120533743228229
9632.0 0.11296725745501145
9634.0 0.11184708608899921
9636.0 0.11068163292019122
9638.0 0.10976697179882355
9640.0 0.10916874328400406
9642.0 0.10816130784209439
9644.0 0.1073178535593363
9646.0 0.107513238899215
9648.0 0.10730975039189826
9650.0 0.10772697162035376
9652.0 0.1079125800814224
9654.0 0.107355872878361
9656.0 0.10711557358297004
9658.0 0.10731320074778172
9660.0 0.10735564064922208
9662.0 0.1078339942538563
9664.0 0.10742282486056186
9666.0 0.10764667988988899
9668.0 0.10705761457326483
9670.0 0.10684180057328108
9672.0 0.10689931009043703
9674.0 0.107095397467418
9676.0 0.10741737471631191
9678.0 0.10787648113593419
9680.0 0.10811865319111334
9682.0 0.10833880259908162
9684.0 0.10792269843948449
9686.0 0.10758096954475103
9688.0 0.1068535103478827
9690.0 0.10656597232369659
9692.0 0.10551894529542978
9694.0 0.1055703746191726
9696.0 0.10660705516132209
9698.0 0.10604610201002959
9700.0 0.10603873074017482
9702.0 0.10541325618196726
9704.0 0.1048685000910121
9706.0 0.10429768241010938
9708.0 0.10383195814763466
9710.0 0.1035141368211347
9712.0 0.10361098124891058
9714.0 0.10396998142569894
9716.0 0.10480470085344425
9718.0 0.10609957463828919
9720.0 0.10675271292993478
9722.0 0.10684614682772563
9724.0 0.10620995713195844
9726.0 0.1056376621211844
9728.0 0.10469372020343676
9730.0 0.10459067252935444
9732.0 0.10525831766605373
9734.0 0.10550674414065417
9736.0 0.1064237677754847
9738.0 0.10694702828342814
9740.0 0.10733987247820252
9742.0 0.10636576158564069
9744.0 0.10605469363814764
9746.0 0.10588932800555677
9748.0 0.10561552731372409
9750.0 0.105153872910262
9752.0 0.10465815722350465
9754.0 0.1049923654827745
9756.0 0.10471588873973986
9758.0 0.10495531132413738
9760.0 0.10560633334216159
9762.0 0.10616271453732097
9764.0 0.10711249069478067
9766.0 0.10854107696308239
9768.0 0.11031259265285841
9770.0 0.11129252515090839
9772.0 0.11103596827988824
9774.0 0.11079993439827292
9776.0 0.11053811581862653
9778.0 0.11038243240940002
9780.0 0.11117467078036836
9782.0 0.11248608541139887
9784.0 0.11325139475294015
9786.0 0.11352420177250298
9788.0 0.11329689961634706
9790.0 0.112662875702769
9792.0 0.1123574560380458
9794.0 0.11216424313157385
9796.0 0.11189747259380167
9798.0 0.11222225781486372
9800.0 0.11276853895389204
9802.0 0.1127053476979357
9804.0 0.1126491863602912
9806.0 0.11249264006371094
9808.0 0.11233225508757111
9810.0 0.11157609553548484
9812.0 0.11174763696928759
9814.0 0.11180749098933157
9816.0 0.11234745347736132
9818.0 0.11335030365481392
9820.0 0.11418479291713278
9822.0 0.11499142089550508
9824.0 0.116206189169728
9826.0 0.1168763994988456
9828.0 0.11811704819000694
9830.0 0.11881607878017429
9832.0 0.11973291598342649
9834.0 0.11990433899345349
9836.0 0.11895417665015949
9838.0 0.11859427613939313
9840.0 0.11974239989330349
9842.0 0.1219750516539182
9844.0 0.12361557158474487
9846.0 0.1252047668894025
9848.0 0.12498626781481581
9850.0 0.12347255847081381
9852.0 0.12251329931535894
9854.0 0.1224330751080216
9856.0 0.12306550313358534
9858.0 0.12384019671776082
9860.0 0.12439666233662974
9862.0 0.12450845084680459
9864.0 0.12341919110615555
9866.0 0.12351647453639024
9868.0 0.12378202105442516
9870.0 0.12375370105458691
9872.0 0.12348364853153106
9874.0 0.12305852917152227
9876.0 0.12204698574380911
9878.0 0.12067129371499359
9880.0 0.1216717680329164
9882.0 0.12360062854382968
9884.0 0.12473293590011023
9886.0 0.1248603969903604
9888.0 0.12461741049139588
9890.0 0.1245100631692574
9892.0 0.12457101785317955
9894.0 0.12466061191112474
9896.0 0.12485104139186949
9898.0 0.1250084336820752
9900.0 0.1258320282895113
9902.0 0.12615297190986616
9904.0 0.1271792214687614
9906.0 0.12763144180221767
9908.0 0.1274168489471236
9910.0 0.12730378730461184
9912.0 0.1278764043884531
9914.0 0.1292958297262262
9916.0 0.12980818233154545
9918.0 0.13008987740010014
9920.0 0.13007954769326574
9922.0 0.1296599703872146
9924.0 0.12959609103675945
9926.0 0.12909167336465527
9928.0 0.12817711070292084
9930.0 0.12856853628778667
9932.0 0.12943568987537538
9934.0 0.12965695554529844
9936.0 0.1289450571073332
9938.0 0.12840873792261753
9940.0 0.12765178103569302
9942.0 0.12725246873997403
9944.0 0.12802410371754408
9946.0 0.12934018639114947
9948.0 0.1300445457281704
9950.0 0.13036116123279085
9952.0 0.13026019547954895
9954.0 0.12997374569058412
9956.0 0.1296340359147911
9958.0 0.1300638555162469
9960.0 0.13046027965908213
9962.0 0.13089695240022586
9964.0 0.1313828018822615
9966.0 0.13096951596672307
9968.0 0.1302716135949669
9970.0 0.13027594571876383
9972.0 0.1313069091782163
9974.0 0.13160389408027756
9976.0 0.13184337549674052
9978.0 0.13196946621625677
9980.0 0.1317588628604122
9982.0 0.13142163070433127
9984.0 0.13170721452042225
9986.0 0.13176617025314571
9988.0 0.13140759963809562
9990.0 0.13028478172379243
9992.0 0.12959966422668753
9994.0 0.12925402681673168
9996.0 0.1290822684874425
9998.0 0.12943958838282382
