# z obs_date
# 0 52280
3580.0 0.2560159823882788
3582.0 0.256029442734523
3584.0 0.25612496242406707
3586.0 0.25611468162655177
3588.0 0.25604969142581346
3590.0 0.2561568561740878
3592.0 0.2562573707790199
3594.0 0.2561648634391578
3596.0 0.2561661837480912
3598.0 0.256219191390919
3600.0 0.2561222253080361
3602.0 0.25613784339802725
3604.0 0.25609026075674246
3606.0 0.2560769862086076
3608.0 0.2561089389191999
3610.0 0.25620476870722964
3612.0 0.25623578596362373
3614.0 0.25615950552596095
3616.0 0.2560438170041832
3618.0 0.25596743442416514
3620.0 0.2561012444548749
3622.0 0.25628477673728256
3624.0 0.25631991856628095
3626.0 0.25631066111527334
3628.0 0.25625993031535915
3630.0 0.2561698418949524
3632.0 0.2562744944258197
3634.0 0.2562760645462515
3636.0 0.2563070272833867
3638.0 0.2562370896262635
3640.0 0.2562124787071795
3642.0 0.2561334053364047
3644.0 0.2560751014052267
3646.0 0.2561254000143778
3648.0 0.2561651104638596
3650.0 0.2563014773711612
3652.0 0.2561940208329693
3654.0 0.2561085994355991
3656.0 0.2563170165018041
3658.0 0.2563205100873316
3660.0 0.2562587497799456
3662.0 0.2563403760808836
3664.0 0.2563213769254146
3666.0 0.25641171330812934
3668.0 0.25633572595903864
3670.0 0.25634273654654904
3672.0 0.25632543929011975
3674.0 0.25629271053302227
3676.0 0.25631257465217255
3678.0 0.2562954854391883
3680.0 0.25627816208883464
3682.0 0.2561404421974616
3684.0 0.25615465825914113
3686.0 0.256171602488751
3688.0 0.2561781846349935
3690.0 0.2561261403222318
3692.0 0.2561558756192905
3694.0 0.2561807551369643
3696.0 0.2561868128498434
3698.0 0.2561344163303285
3700.0 0.25600128502600233
3702.0 0.2560853678835356
3704.0 0.2561063541358234
3706.0 0.25610006100231913
3708.0 0.256070153929758
3710.0 0.25591626748932894
3712.0 0.2559575986420361
3714.0 0.25597208879474426
3716.0 0.2560114387616199
3718.0 0.256088225871178
3720.0 0.2560743437063866
3722.0 0.25623654988388256
3724.0 0.2561923053553743
3726.0 0.2563332807285501
3728.0 0.2562983161067618
3730.0 0.25627082857831235
3732.0 0.25649372980090085
3734.0 0.25650999408316966
3736.0 0.2563562922194603
3738.0 0.2564304702854228
3740.0 0.2564594432245714
3742.0 0.256577602054173
3744.0 0.2567254003662843
3746.0 0.25690716743490977
3748.0 0.25690345337663945
3750.0 0.2570080782307984
3752.0 0.25707861323304443
3754.0 0.2571114896189453
3756.0 0.2571079524871922
3758.0 0.25721703663517853
3760.0 0.25721829459004697
3762.0 0.2570129735922572
3764.0 0.2569556559390402
3766.0 0.25690013174004417
3768.0 0.25671901147273796
3770.0 0.2566311265582373
3772.0 0.25664591103047063
3774.0 0.2565420312683721
3776.0 0.2566576959119863
3778.0 0.2568644522249254
3780.0 0.25698409968655384
3782.0 0.2570479453639284
3784.0 0.25690503648384255
3786.0 0.25694131915207674
3788.0 0.25679928877093744
3790.0 0.2567711485871738
3792.0 0.2567264677280092
3794.0 0.2565889722303477
3796.0 0.2565074901549941
3798.0 0.2564074439079664
3800.0 0.256331687182046
3802.0 0.2563202774479164
3804.0 0.25642189099650614
3806.0 0.2564849817079898
3808.0 0.2566108570880218
3810.0 0.2567913321381754
3812.0 0.25687858941159947
3814.0 0.25708027738665445
3816.0 0.256988831196273
3818.0 0.25711813943411194
3820.0 0.25718747467691194
3822.0 0.25718911619830004
3824.0 0.2571461442161304
3826.0 0.2571213049661779
3828.0 0.2570378093814149
3830.0 0.25698182378042483
3832.0 0.25706975916958086
3834.0 0.257049259189326
3836.0 0.25712463797302365
3838.0 0.2571037448918869
3840.0 0.25706827601732773
3842.0 0.25700117321440824
3844.0 0.25700161386395287
3846.0 0.2569361379490879
3848.0 0.256804207171777
3850.0 0.2566771133522115
3852.0 0.25661663754372094
3854.0 0.25650759774140836
3856.0 0.2563958529638758
3858.0 0.25640750061250184
3860.0 0.2563264493363444
3862.0 0.2563197911248455
3864.0 0.2562809793765045
3866.0 0.2562623829210738
3868.0 0.2563202924145479
3870.0 0.25624424811255053
3872.0 0.256315438627894
3874.0 0.2563157706245425
3876.0 0.2562956295642745
3878.0 0.2563183723693774
3880.0 0.25630357215765875
3882.0 0.2563779751319167
3884.0 0.2563881475299537
3886.0 0.25624976894583507
3888.0 0.2562549659915847
3890.0 0.25616768119502087
3892.0 0.25610058851465944
3894.0 0.25614311411147794
3896.0 0.25614099391122414
3898.0 0.25634491417517474
3900.0 0.25635068117371657
3902.0 0.2565165524542544
3904.0 0.2565721180981098
3906.0 0.25659804755684884
3908.0 0.2566719582065571
3910.0 0.25688643660033844
3912.0 0.25700372277312306
3914.0 0.25707725000436865
3916.0 0.25714316584510377
3918.0 0.2572419395937726
3920.0 0.2570799134408763
3922.0 0.2571238009327792
3924.0 0.2571182201725508
3926.0 0.25713088807425954
3928.0 0.2571514325138698
3930.0 0.2571169299695215
3932.0 0.2570501075083454
3934.0 0.2569822569711245
3936.0 0.2568963401636361
3938.0 0.2568076270433961
3940.0 0.2568580949078006
3942.0 0.25700183325033016
3944.0 0.25722896015258356
3946.0 0.2575870030106102
3948.0 0.2577779339790683
3950.0 0.2582101062992379
3952.0 0.25852835602144875
3954.0 0.25861216092943384
3956.0 0.25874521095171177
3958.0 0.2589030576810032
3960.0 0.2589961240037151
3962.0 0.2591164200733848
3964.0 0.2591658888429102
3966.0 0.25921697165557206
3968.0 0.25924661122887604
3970.0 0.259164288543513
3972.0 0.2590113291826813
3974.0 0.25901621475103254
3976.0 0.25897404440304056
3978.0 0.2589459931792348
3980.0 0.2589051305839157
3982.0 0.25886577353277285
3984.0 0.25876641802865896
3986.0 0.2588426400527745
3988.0 0.25882130325734837
3990.0 0.25894797976057266
3992.0 0.2589202220130467
3994.0 0.25899017071450287
3996.0 0.25897920344126496
3998.0 0.25883499595613363
4000.0 0.2587600002032452
4002.0 0.25867582603244016
4004.0 0.25871406095314686
4006.0 0.25879216010166395
4008.0 0.2589883974279932
4010.0 0.2590364756799389
4012.0 0.2590946822496721
4014.0 0.2592607042278212
4016.0 0.2595381197611688
4018.0 0.25954857017413197
4020.0 0.2595048773154695
4022.0 0.2596280026779717
4024.0 0.2597532212552857
4026.0 0.2599603235777111
4028.0 0.26011897817583673
4030.0 0.26015701628743854
4032.0 0.26005933459432634
4034.0 0.26007551672774426
4036.0 0.2599208705730401
4038.0 0.26004182893680755
4040.0 0.2599490654125134
4042.0 0.2597865492951894
4044.0 0.2597003206186078
4046.0 0.25960672351790076
4048.0 0.2592348853457863
4050.0 0.2590577775081088
4052.0 0.25882836525117653
4054.0 0.25849867411749516
4056.0 0.25821143760276305
4058.0 0.2578827698711228
4060.0 0.25768450533761394
4062.0 0.2572690925454791
4064.0 0.25717949976798987
4066.0 0.2570011689873301
4068.0 0.2569224364380263
4070.0 0.25692587288021923
4072.0 0.2570089185634541
4074.0 0.2572625794387954
4076.0 0.25774564216859513
4078.0 0.2587359478947024
4080.0 0.25978885573761473
4082.0 0.2610368450696616
4084.0 0.2617427770426733
4086.0 0.2620314581305467
4088.0 0.2614026514550541
4090.0 0.26127944514353124
4092.0 0.2611811064191917
4094.0 0.2611477555517967
4096.0 0.2608753206250373
4098.0 0.26093389740994755
4100.0 0.26106540549631
4102.0 0.26081351043381806
4104.0 0.26086170055498437
4106.0 0.26078590079974584
4108.0 0.2608126724633594
4110.0 0.2611523044208369
4112.0 0.2613493892505934
4114.0 0.26122860882353494
4116.0 0.2614820101562765
4118.0 0.2613196882692489
4120.0 0.2611035986621257
4122.0 0.2609496408506846
4124.0 0.26080641660255394
4126.0 0.2611442941409471
4128.0 0.26129382244412364
4130.0 0.26159772898417644
4132.0 0.26144778471131447
4134.0 0.26117974624832324
4136.0 0.26081210079346123
4138.0 0.2606077804528243
4140.0 0.26035114392771364
4142.0 0.2600905670492786
4144.0 0.2598392984967819
4146.0 0.25983104201415863
4148.0 0.25955170842052544
4150.0 0.2596887814242261
4152.0 0.25987395608441866
4154.0 0.26020433717236185
4156.0 0.2603875328286818
4158.0 0.26078200292598186
4160.0 0.26119604508806393
4162.0 0.2614442016408707
4164.0 0.2615528126782897
4166.0 0.2619094028927602
4168.0 0.26199755216121245
4170.0 0.26189992694534714
4172.0 0.26176030450162807
4174.0 0.26140153409720773
4176.0 0.2609600174136989
4178.0 0.26046970321672697
4180.0 0.259812134898467
4182.0 0.25926510015030296
4184.0 0.2587898561874741
4186.0 0.2585722601463862
4188.0 0.2584630854592673
4190.0 0.2581996047897834
4192.0 0.25813408590457
4194.0 0.25816488601012333
4196.0 0.25818534037301216
4198.0 0.2582914680951744
4200.0 0.25389942916218267
4202.0 0.2543052761383753
4204.0 0.2564127957187343
4206.0 0.2573232702200987
4208.0 0.2581232147801913
4210.0 0.2587293538686689
4212.0 0.26085934628825336
4214.0 0.2617143355821169
4216.0 0.26340363832774843
4218.0 0.26481419940242873
4220.0 0.266000297347181
4222.0 0.2660439399062887
4224.0 0.26614871397488354
4226.0 0.2675866776273694
4228.0 0.2683714394013572
4230.0 0.2718429664837149
4232.0 0.2723704034534137
4234.0 0.2734696869694186
4236.0 0.2724632104694783
4238.0 0.27142682744247765
4240.0 0.271735337699521
4242.0 0.2714300083891679
4244.0 0.27014152811027653
4246.0 0.26915395154359384
4248.0 0.26389467531289584
4250.0 0.2619276144302795
4252.0 0.258320155843581
4254.0 0.2556575919723843
4256.0 0.25308919009833436
4258.0 0.2520389669477113
4260.0 0.2513913003114289
4262.0 0.24869374176689046
4264.0 0.24807654210074806
4266.0 0.2459205915213765
4268.0 0.24629207647914794
4270.0 0.24711685324474997
4272.0 0.24775206571802402
4274.0 0.2481388572474578
4276.0 0.24702953587782303
4278.0 0.2464988614207875
4280.0 0.24447839159691245
4282.0 0.24423229803954907
4284.0 0.2447386753911505
4286.0 0.2448402495578191
4288.0 0.245543672773055
4290.0 0.2449439572531001
4292.0 0.2444916526141605
4294.0 0.24466308778174717
4296.0 0.24457571513260729
4298.0 0.24546912662858766
4300.0 0.23098463170610326
4302.0 0.2280858583653159
4304.0 0.23021967468814808
4306.0 0.23480122249039803
4308.0 0.25223090699391787
4310.0 0.26111401012908886
4312.0 0.29065821672194564
4314.0 0.3077968287495371
4316.0 0.3393933613546063
4318.0 0.3470776629627712
4320.0 0.35489303728693256
4322.0 0.342593686807415
4324.0 0.33977788334468884
4326.0 0.32453298785726664
4328.0 0.3223947237366353
4330.0 0.31361946086713816
4332.0 0.3080729861457624
4334.0 0.3002476712390714
4336.0 0.28488657382711075
4338.0 0.2716948257941494
4340.0 0.24866855726339965
4342.0 0.24017518407409968
4344.0 0.22314787329229183
4346.0 0.22039123905848199
4348.0 0.2182526687504023
4350.0 0.2177879254754415
4352.0 0.2190053051522591
4354.0 0.2271492233050021
4356.0 0.23246424631489637
4358.0 0.25388112036188415
4360.0 0.2588501417391357
4362.0 0.27327363933157456
4364.0 0.2720690850310274
4366.0 0.2585123826858874
4368.0 0.26084249260301745
4370.0 0.26704358507712805
4372.0 0.2781382804286849
4374.0 0.28954229789820934
4376.0 0.2851275132921738
4378.0 0.2843042496633142
4380.0 0.29327641693070994
4382.0 0.29894624090851807
4384.0 0.3233910170892262
4386.0 0.32116570899467367
4388.0 0.3179827099270933
4390.0 0.3117155684883287
4392.0 0.3073607422619577
4394.0 0.3184369615662004
4396.0 0.3222787244553043
4398.0 0.3197657775167768
4400.0 0.3180745851507506
4402.0 0.3057551881109187
4404.0 0.2975457556587825
4406.0 0.28480102123713463
4408.0 0.29083916688599537
4410.0 0.294157656811374
4412.0 0.288340395031462
4414.0 0.28516102482637523
4416.0 0.2894696127729585
4418.0 0.2909925079920694
4420.0 0.3012777993349686
4422.0 0.2972208714084614
4424.0 0.29106593785685003
4426.0 0.29754307567167076
4428.0 0.3001242695290718
4430.0 0.314079665595857
4432.0 0.31673657829394847
4434.0 0.30652028032253725
4436.0 0.3098760173527714
4438.0 0.3227381693576272
4440.0 0.332508772763711
4442.0 0.3477112370057629
4444.0 0.35312831875453016
4446.0 0.35936550507883347
4448.0 0.3460741205259029
4450.0 0.3458997638302851
4452.0 0.3128280602754729
4454.0 0.31292296194509417
4456.0 0.3057336711306701
4458.0 0.3027255533120395
4460.0 0.2969023960413126
4462.0 0.28691925699009424
4464.0 0.27805115012191545
4466.0 0.2735400743924992
4468.0 0.2703331515820334
4470.0 0.26721864073241774
4472.0 0.2624971269238175
4474.0 0.247696099662392
4476.0 0.2449986641667332
4478.0 0.239957138803071
4480.0 0.24065551690452638
4482.0 0.2404988858923645
4484.0 0.23926680565631436
4486.0 0.2391648834001474
4488.0 0.22191244497377746
4490.0 0.21894819904085833
4492.0 0.21481466071819136
4494.0 0.20938647831553667
4496.0 0.2038936016905136
4498.0 0.20907167707049082
4500.0 0.21251229137661756
4502.0 0.21389231096128045
4504.0 0.21281505062862038
4506.0 0.21649692595674278
4508.0 0.21322577743561905
4510.0 0.20092134950621265
4512.0 0.1975498686344411
4514.0 0.19375085571437461
4516.0 0.19799494213216487
4518.0 0.1997426009298766
4520.0 0.2062802073309145
4522.0 0.20749833343807086
4524.0 0.209917551616024
4526.0 0.21285373076488837
4528.0 0.22622132216925714
4530.0 0.23500580923687966
4532.0 0.24746087098816616
4534.0 0.2481994400191577
4536.0 0.24931072485148695
4538.0 0.2702150363434638
4540.0 0.2789141427705967
4542.0 0.2969759564461888
4544.0 0.3019855017341402
4546.0 0.3167724939817018
4548.0 0.33420070307082533
4550.0 0.3599113287905034
4552.0 0.38744430224063975
4554.0 0.4079097290405163
4556.0 0.4328580501685748
4558.0 0.4429415530140121
4560.0 0.45806453353054566
4562.0 0.4700018728345324
4564.0 0.49863760110671407
4566.0 0.507502084493174
4568.0 0.5187692007893392
4570.0 0.5248894973125282
4572.0 0.531968431470876
4574.0 0.5373430761533226
4576.0 0.5422299004286716
4578.0 0.5367951364058821
4580.0 0.5361730284481886
4582.0 0.5220595286911655
4584.0 0.5121774873841058
4586.0 0.49631476892167253
4588.0 0.4874017097632523
4590.0 0.4815925571300958
4592.0 0.4803481477057143
4594.0 0.47745219675734707
4596.0 0.48767056943259224
4598.0 0.4881829810948294
4600.0 0.49918696493847386
4602.0 0.4965127598536036
4604.0 0.49330428590559255
4606.0 0.495185363528788
4608.0 0.49667724372433725
4610.0 0.49855240828256064
4612.0 0.5006430387608617
4614.0 0.4988594996255613
4616.0 0.5027201632230532
4618.0 0.5108605194478177
4620.0 0.5093406872100913
4622.0 0.5087307445152226
4624.0 0.5058350222337326
4626.0 0.5060048421133017
4628.0 0.5134708272560262
4630.0 0.5132086738239531
4632.0 0.5181537376557126
4634.0 0.5162825593096466
4636.0 0.5141562500355956
4638.0 0.5098568116325876
4640.0 0.5041624283741074
4642.0 0.512825873457802
4644.0 0.5186205658250943
4646.0 0.5328663423717074
4648.0 0.5375508553732208
4650.0 0.5394826870659604
4652.0 0.5397980268544778
4654.0 0.539933978191402
4656.0 0.539682570618795
4658.0 0.5395535604410057
4660.0 0.5433356469468303
4662.0 0.5450267351209009
4664.0 0.5400040188086612
4666.0 0.53933177690214
4668.0 0.5446314136480906
4670.0 0.5390426414572532
4672.0 0.5210045638065586
4674.0 0.5243844305176145
4676.0 0.5288924370645596
4678.0 0.5274336337487134
4680.0 0.5257557762885667
4682.0 0.5145969139309988
4684.0 0.5116114226527144
4686.0 0.49437460115078713
4688.0 0.494633877344417
4690.0 0.49766086465022025
4692.0 0.4991322607818358
4694.0 0.4994646784226029
4696.0 0.4944148853345504
4698.0 0.49092089675143097
4700.0 0.49220792345017206
4702.0 0.4943635734637321
4704.0 0.491211578295391
4706.0 0.49173690053982594
4708.0 0.4902261968584012
4710.0 0.48777874686304856
4712.0 0.4834630719632411
4714.0 0.47318144188109856
4716.0 0.468250135234827
4718.0 0.46293089342173865
4720.0 0.4601338373199663
4722.0 0.44402951105653965
4724.0 0.439466402316655
4726.0 0.4269512944801483
4728.0 0.4308303286998473
4730.0 0.4360096323441658
4732.0 0.43231252412576765
4734.0 0.42879220915110267
4736.0 0.4159509796418003
4738.0 0.4139235070056857
4740.0 0.4289812491741248
4742.0 0.42747312246990715
4744.0 0.4221675160124292
4746.0 0.41713438309426837
4748.0 0.4094926018683949
4750.0 0.3988521177988176
4752.0 0.39206904297042366
4754.0 0.3955136066742528
4756.0 0.39767689557282254
4758.0 0.3849335345796915
4760.0 0.38136803484881826
4762.0 0.37133837658043134
4764.0 0.36014007164064665
4766.0 0.34892121460833914
4768.0 0.3434913775545621
4770.0 0.341076797217496
4772.0 0.33360485844656257
4774.0 0.32818405655050364
4776.0 0.31042625189547673
4778.0 0.3046138243069777
4780.0 0.2934936716718062
4782.0 0.2897616899361484
4784.0 0.28515830483575555
4786.0 0.27994179873834435
4788.0 0.2744627147829004
4790.0 0.2542845802059151
4792.0 0.2462661230926789
4794.0 0.24004760922402024
4796.0 0.2382686245586795
4798.0 0.24182650320662372
4800.0 0.23923124590173156
4802.0 0.23645409148453644
4804.0 0.23488286625262358
4806.0 0.23333741279829867
4808.0 0.2500671084550444
4810.0 0.25497596150627583
4812.0 0.28199853236723305
4814.0 0.2895173496087791
4816.0 0.3127176810364624
4818.0 0.333938552406532
4820.0 0.362154727198523
4822.0 0.398091419077058
4824.0 0.42419933280016514
4826.0 0.4629807368731768
4828.0 0.48028118228642797
4830.0 0.5071371861494859
4832.0 0.5197426252150057
4834.0 0.5441944525714059
4836.0 0.5626398777031913
4838.0 0.583431219103537
4840.0 0.5979551677066408
4842.0 0.6076593647693991
4844.0 0.6118547728219715
4846.0 0.6172433305901952
4848.0 0.6197024847091125
4850.0 0.6221072822373295
4852.0 0.6223774034314463
4854.0 0.6202124611470129
4856.0 0.6167287249458476
4858.0 0.6006354744720162
4860.0 0.5907416850687796
4862.0 0.5601017404710134
4864.0 0.5529675655064967
4866.0 0.5144206456559028
4868.0 0.5062381965902819
4870.0 0.4876697747249533
4872.0 0.47792596055208314
4874.0 0.46679463596251597
4876.0 0.46104740475622535
4878.0 0.45436929888146854
4880.0 0.4471345118324562
4882.0 0.44295148820416136
4884.0 0.4485002364570797
4886.0 0.4554016587517383
4888.0 0.4804733366066536
4890.0 0.4895327639664372
4892.0 0.5044240382170379
4894.0 0.5211111857060832
4896.0 0.5334933781843513
4898.0 0.5679301912791005
4900.0 0.5806715448422298
4902.0 0.6048537557440754
4904.0 0.6144327253647364
4906.0 0.6308836735132288
4908.0 0.6429968716321934
4910.0 0.6560043586485551
4912.0 0.6660976772132735
4914.0 0.6761497150824544
4916.0 0.6925772547085924
4918.0 0.7020210050918535
4920.0 0.7130666379752657
4922.0 0.7174678210728461
4924.0 0.718874328789606
4926.0 0.7132600191159982
4928.0 0.7052057916320037
4930.0 0.7019434520629725
4932.0 0.6993705470480255
4934.0 0.6848138234051044
4936.0 0.679131476848706
4938.0 0.6511847881959906
4940.0 0.6426712537980278
4942.0 0.6259078766577619
4944.0 0.6097298403517659
4946.0 0.5904202808483697
4948.0 0.5630792142555107
4950.0 0.5450938770901355
4952.0 0.5084722605284033
4954.0 0.494278449826349
4956.0 0.45716821004946817
4958.0 0.44173621886683445
4960.0 0.4150270341915513
4962.0 0.3947499871578901
4964.0 0.3740583547661618
4966.0 0.3634737755231674
4968.0 0.3557677372637653
4970.0 0.34698629522333163
4972.0 0.3421922922069205
4974.0 0.3518574582586428
4976.0 0.3519976214942346
4978.0 0.37430664785860823
4980.0 0.38124409330855663
4982.0 0.3945350209695598
4984.0 0.4150463741307047
4986.0 0.428090214994522
4988.0 0.46230161505820516
4990.0 0.47718894053694233
4992.0 0.5083833562762312
4994.0 0.5220129149597859
4996.0 0.5430710805177731
4998.0 0.5629444108960298
5000.0 0.5837772742295413
5002.0 0.6010798683002294
5004.0 0.613942345876461
5006.0 0.6301201579280299
5008.0 0.6381616121336765
5010.0 0.6525687225489847
5012.0 0.6604120173030882
5014.0 0.6688686993599825
5016.0 0.6707214977071956
5018.0 0.6705483411453826
5020.0 0.6715160296906683
5022.0 0.6732430492902235
5024.0 0.6728219284492498
5026.0 0.6721049763832762
5028.0 0.6711249337399355
5030.0 0.6662165709337856
5032.0 0.6553693870105267
5034.0 0.6406472784752602
5036.0 0.6240939218087961
5038.0 0.6077468503883079
5040.0 0.5977169837710917
5042.0 0.5915560846245078
5044.0 0.5851700352126106
5046.0 0.5789919747441341
5048.0 0.5698526644545301
5050.0 0.5584360033806189
5052.0 0.5511143812982574
5054.0 0.5442640742018573
5056.0 0.5350073935422136
5058.0 0.5295067906193553
5060.0 0.5206089827955752
5062.0 0.5171769837510878
5064.0 0.5067666402579959
5066.0 0.5053297947229528
5068.0 0.5001244988113022
5070.0 0.49669085890431597
5072.0 0.4931277971309904
5074.0 0.4871056169679687
5076.0 0.48594353471313584
5078.0 0.47424427210335346
5080.0 0.4721497969188254
5082.0 0.4605240552208632
5084.0 0.45665537462293165
5086.0 0.4513261019226513
5088.0 0.4411516972146447
5090.0 0.4301054819398999
5092.0 0.41549475991151236
5094.0 0.40798611797384043
5096.0 0.3924544685110558
5098.0 0.3882364467433528
5100.0 0.3694863514671676
5102.0 0.36418465844152675
5104.0 0.3544813010960396
5106.0 0.34128512570496283
5108.0 0.32809752732828407
5110.0 0.31444967655795153
5112.0 0.3060190281642982
5114.0 0.2959384733226447
5116.0 0.28949147682341925
5118.0 0.2903808318483577
5120.0 0.2841109001137926
5122.0 0.2803857252865273
5124.0 0.27804822673961166
5126.0 0.2784796416483281
5128.0 0.2880805688339396
5130.0 0.29382051304436446
5132.0 0.31166484873767647
5134.0 0.31606605164876567
5136.0 0.3287208697235278
5138.0 0.33418750588787344
5140.0 0.3443781880103645
5142.0 0.3573697588920611
5144.0 0.3695824165360726
5146.0 0.3860672998181814
5148.0 0.39640913808524947
5150.0 0.4208419510662069
5152.0 0.4302702837766621
5154.0 0.45341266567743405
5156.0 0.46318287847494194
5158.0 0.4788638440496495
5160.0 0.4893744381985242
5162.0 0.4988161764549955
5164.0 0.510515166948767
5166.0 0.516838133462782
5168.0 0.52651859311102
5170.0 0.5302774407320848
5172.0 0.5304653883407588
5174.0 0.5304095253949931
5176.0 0.5256162632133181
5178.0 0.527874120051224
5180.0 0.5283650113789301
5182.0 0.528911925911387
5184.0 0.5287478861702983
5186.0 0.5255027332037391
5188.0 0.5243430738787708
5190.0 0.5236128970342694
5192.0 0.523608427717908
5194.0 0.5283936485771463
5196.0 0.5290743917371159
5198.0 0.5320459317110007
5200.0 0.5326037931517298
5202.0 0.5337165286027645
5204.0 0.5268289511832279
5206.0 0.5263701549906088
5208.0 0.5283969727541079
5210.0 0.5282563847724289
5212.0 0.5283140863761583
5214.0 0.5242441088940859
5216.0 0.5201446927093484
5218.0 0.5143507430847825
5220.0 0.5107219156317946
5222.0 0.49952092125647823
5224.0 0.49599214010952053
5226.0 0.49355136137252814
5228.0 0.4898398154367903
5230.0 0.4868599480571516
5232.0 0.4858096178939518
5234.0 0.4863528995290924
5236.0 0.4873826834374763
5238.0 0.48824216890880184
5240.0 0.4894587926681272
5242.0 0.49117821149167495
5244.0 0.4988486077993828
5246.0 0.5032609553540971
5248.0 0.5096305332822938
5250.0 0.5095603102316808
5252.0 0.5086160542063568
5254.0 0.5036749254308794
5256.0 0.5023975524304916
5258.0 0.5017409768815272
5260.0 0.502012463778766
5262.0 0.49428250208842256
5264.0 0.49256856101216673
5266.0 0.48810370186412916
5268.0 0.48632731770052023
5270.0 0.4843765176231537
5272.0 0.48054311111850817
5274.0 0.47661863863080983
5276.0 0.47774930692156253
5278.0 0.4750443271142212
5280.0 0.47874088429965533
5282.0 0.475195644520364
5284.0 0.47526913336760596
5286.0 0.473953413791727
5288.0 0.4754213829924672
5290.0 0.4857454728613395
5292.0 0.4923876941721443
5294.0 0.5072809994737527
5296.0 0.5132747217760989
5298.0 0.5262164871897085
5300.0 0.5316436292138035
5302.0 0.5355739681634606
5304.0 0.5445521981350787
5306.0 0.5515707725463922
5308.0 0.5593152858699998
5310.0 0.5639216437819677
5312.0 0.5686153711981963
5314.0 0.570888296683407
5316.0 0.5719373319797978
5318.0 0.5718945175033212
5320.0 0.5714734386595023
5322.0 0.5718265380388545
5324.0 0.572627177932328
5326.0 0.5701769759496651
5328.0 0.5687701232566617
5330.0 0.5615826096405377
5332.0 0.5607376013291268
5334.0 0.5667556951057008
5336.0 0.5663111727853392
5338.0 0.5684016826510782
5340.0 0.5656596942245927
5342.0 0.5637453729628313
5344.0 0.5658024139152528
5346.0 0.5666774325558582
5348.0 0.5677301028599003
5350.0 0.5666735166454054
5352.0 0.5582736918925
5354.0 0.5579037377982908
5356.0 0.5568322418497416
5358.0 0.5560410927646503
5360.0 0.5561548086070062
5362.0 0.5500832291164311
5364.0 0.5487419421496601
5366.0 0.5429725003865294
5368.0 0.5411965620135488
5370.0 0.5378305011833684
5372.0 0.5353765304916132
5374.0 0.5315781733833587
5376.0 0.5298653261493593
5378.0 0.5281700959539826
5380.0 0.527258015396063
5382.0 0.5261295262994866
5384.0 0.5259541598293822
5386.0 0.525201018605567
5388.0 0.527501987547431
5390.0 0.5276354401841394
5392.0 0.5287411334930792
5394.0 0.5295396544492331
5396.0 0.5315553060576211
5398.0 0.5312531551732874
5400.0 0.5322731028690242
5402.0 0.532722571999925
5404.0 0.5347141110300733
5406.0 0.5377619806565653
5408.0 0.5396762546449417
5410.0 0.5414060851463235
5412.0 0.5420213174267571
5414.0 0.5427087258053306
5416.0 0.5450042101789534
5418.0 0.5467708577352405
5420.0 0.5467010637007809
5422.0 0.547407148419283
5424.0 0.5468647178803244
5426.0 0.547010369870529
5428.0 0.5462838482290082
5430.0 0.5429329627140465
5432.0 0.539052793681904
5434.0 0.537031190240528
5436.0 0.5350619946540397
5438.0 0.5278606961340044
5440.0 0.5244315420284228
5442.0 0.5178535696778104
5444.0 0.5142592665140758
5446.0 0.5089524288778345
5448.0 0.5038899843524802
5450.0 0.5002440691519746
5452.0 0.4922369844991081
5454.0 0.4887652565094272
5456.0 0.47560794925969774
5458.0 0.47213811931266797
5460.0 0.47023046582489464
5462.0 0.4670205916982465
5464.0 0.4653784204391374
5466.0 0.4632217802706874
5468.0 0.461907649239973
5470.0 0.46065857734317617
5472.0 0.4594577778341055
5474.0 0.45282521039830376
5476.0 0.4497985671395352
5478.0 0.4428019143186901
5480.0 0.4420039612624342
5482.0 0.44256316518879213
5484.0 0.44300135479941255
5486.0 0.44281776709834325
5488.0 0.4421170768987655
5490.0 0.4414463961553696
5492.0 0.45011688376770115
5494.0 0.4515583867451528
5496.0 0.45636708346762855
5498.0 0.4605314447352844
5500.0 0.46834536931432286
5502.0 0.4780900039501472
5504.0 0.4863134807521848
5506.0 0.49757268903668256
5508.0 0.5035587651728206
5510.0 0.5132319919040964
5512.0 0.5170464216993108
5514.0 0.5224626526870353
5516.0 0.526593219716765
5518.0 0.5321883959012347
5520.0 0.5373298223291746
5522.0 0.5405754363061839
5524.0 0.5417238508191685
5526.0 0.5418919741300205
5528.0 0.5393873173653984
5530.0 0.5392361495038298
5532.0 0.5384450871876696
5534.0 0.5361940454000101
5536.0 0.5334847129541976
5538.0 0.5289445793651218
5540.0 0.5245425881792887
5542.0 0.517363803523992
5544.0 0.5134493056153564
5546.0 0.5057025172372298
5548.0 0.5023150310891066
5550.0 0.49538615212808634
5552.0 0.49211315119001764
5554.0 0.4882860029151083
5556.0 0.48415587117795683
5558.0 0.4818042959355686
5560.0 0.47344518657253104
5562.0 0.470089416264725
5564.0 0.46698823484741125
5566.0 0.46574707277180627
5568.0 0.46285619609257306
5570.0 0.46060974445685
5572.0 0.4565359472711953
5574.0 0.45367684413410975
5576.0 0.45105787235264966
5578.0 0.44757176651255987
5580.0 0.4460174750678081
5582.0 0.44168117855782874
5584.0 0.44054292204092715
5586.0 0.4346096384049911
5588.0 0.4320335142905096
5590.0 0.42762071847835476
5592.0 0.42312789136870854
5594.0 0.4192317886900343
5596.0 0.41222563877808877
5598.0 0.40892149408063566
5600.0 0.4025619754644491
5602.0 0.3997019671847006
5604.0 0.3928564775099854
5606.0 0.3897997997212894
5608.0 0.3857438620035464
5610.0 0.3844555994103039
5612.0 0.38363738148207766
5614.0 0.3795552724443802
5616.0 0.3780436343615126
5618.0 0.3771137543453783
5620.0 0.37803716473128585
5622.0 0.38403319659618973
5624.0 0.38871452387023314
5626.0 0.3954235148846886
5628.0 0.40026499023536194
5630.0 0.4044230394392126
5632.0 0.4095692698821628
5634.0 0.4129859907424295
5636.0 0.42125993245867094
5638.0 0.42476807046737375
5640.0 0.4310650196852078
5642.0 0.4362365760638988
5644.0 0.4444574440433534
5646.0 0.45098402945879723
5648.0 0.4560408737405279
5650.0 0.4601020899655661
5652.0 0.462347667542829
5654.0 0.47052702262777296
5656.0 0.4728788847757411
5658.0 0.4772647099867604
5660.0 0.47722032331344244
5662.0 0.47595029668920685
5664.0 0.4767967776150367
5666.0 0.4777854072632186
5668.0 0.4795713862514042
5670.0 0.480211709904867
5672.0 0.47797103678300507
5674.0 0.47679820500617714
5676.0 0.4784972464356656
5678.0 0.47772739021966415
5680.0 0.47762416558122023
5682.0 0.47268198468153283
5684.0 0.46773341660700407
5686.0 0.4574865678174567
5688.0 0.4516494440622395
5690.0 0.43963194248669696
5692.0 0.43834861921902446
5694.0 0.43620281074228534
5696.0 0.43580937015846627
5698.0 0.4343430167928319
5700.0 0.43055947346887746
5702.0 0.4290107500169339
5704.0 0.42876456517845757
5706.0 0.4293455164378019
5708.0 0.42429336544493557
5710.0 0.4219587904220825
5712.0 0.4147545208050182
5714.0 0.4128977412850664
5716.0 0.41092999557989374
5718.0 0.4109388492439048
5720.0 0.41060686883701847
5722.0 0.4077755301341003
5724.0 0.40641816531723984
5726.0 0.4039954012292505
5728.0 0.40343880764971984
5730.0 0.4013061821798285
5732.0 0.40063705931692556
5734.0 0.399954689291415
5736.0 0.4028951355321187
5738.0 0.4058797722892245
5740.0 0.40857840621320846
5742.0 0.4095205537609609
5744.0 0.4066925042515796
5746.0 0.4067432024709131
5748.0 0.408721062728804
5750.0 0.4085686818613315
5752.0 0.4087601166013573
5754.0 0.4071359679938827
5756.0 0.4058253327420922
5758.0 0.40526946716357903
5760.0 0.4045854379346722
5762.0 0.4039664771163838
5764.0 0.40312034080182585
5766.0 0.4018084832398776
5768.0 0.3997000655432373
5770.0 0.39816963972181785
5772.0 0.39602119195171887
5774.0 0.39406656146438307
5776.0 0.3872164126834111
5778.0 0.3842131668407685
5780.0 0.37853218371205893
5782.0 0.37748419751457524
5784.0 0.37642406583208604
5786.0 0.37436106584096945
5788.0 0.3720302443671177
5790.0 0.3654830223903291
5792.0 0.36005579059957205
5794.0 0.35473338561443835
5796.0 0.3516988067171141
5798.0 0.3456763606386526
5800.0 0.34282462545994885
5802.0 0.3351251838822449
5804.0 0.33089855493100856
5806.0 0.32370515187901006
5808.0 0.31636929381542683
5810.0 0.30994726206642464
5812.0 0.3029959689525749
5814.0 0.3000411842381701
5816.0 0.2871197781835611
5818.0 0.2830105665707703
5820.0 0.27001996915640625
5822.0 0.26623350538843943
5824.0 0.26031365724974503
5826.0 0.25541444810275504
5828.0 0.25091689805626405
5830.0 0.24797449992867762
5832.0 0.24635804823920232
5834.0 0.24866637314886095
5836.0 0.2493762522133098
5838.0 0.2552903689343208
5840.0 0.25966906589288635
5842.0 0.2678259996527336
5844.0 0.2777388894590082
5846.0 0.2882600973928885
5848.0 0.30837344002577494
5850.0 0.31931742993604206
5852.0 0.3462656435310514
5854.0 0.3551708204282454
5856.0 0.3790115992652616
5858.0 0.39077199067943486
5860.0 0.41021420811889714
5862.0 0.4262174880280225
5864.0 0.4401460240091342
5866.0 0.4571454391985048
5868.0 0.46632892713056046
5870.0 0.48304645980816885
5872.0 0.4878493021980297
5874.0 0.4991120494738528
5876.0 0.5039493657335854
5878.0 0.510187307720413
5880.0 0.5118306087225096
5882.0 0.5122320193261295
5884.0 0.513188245393391
5886.0 0.513456032713702
5888.0 0.5147253136522795
5890.0 0.5152756624365997
5892.0 0.5183803808413239
5894.0 0.5209733083316919
5896.0 0.5262372588107406
5898.0 0.5323741033218596
5900.0 0.5384797654270342
5902.0 0.5428843610283527
5904.0 0.5453708875787655
5906.0 0.544050841475589
5908.0 0.5411918789412626
5910.0 0.5304175554274619
5912.0 0.5235185179943549
5914.0 0.5126365426998183
5916.0 0.5076499588574138
5918.0 0.5022321657075781
5920.0 0.4967264418486414
5922.0 0.4928029920086764
5924.0 0.48815778252310976
5926.0 0.4867101251505052
5928.0 0.4835087618638429
5930.0 0.47945502123455686
5932.0 0.4711070594081252
5934.0 0.463822696129389
5936.0 0.45643947463844836
5938.0 0.45089489093645196
5940.0 0.44766397891358106
5942.0 0.442533077023324
5944.0 0.4405645996355835
5946.0 0.4354094115607191
5948.0 0.43512041628121534
5950.0 0.4349132192745827
5952.0 0.43565984593847273
5954.0 0.4368607747008299
5956.0 0.4336928434139469
5958.0 0.43317890441052853
5960.0 0.4307616106694633
5962.0 0.4302028367070002
5964.0 0.427035087149131
5966.0 0.4245938442329928
5968.0 0.42115430772142753
5970.0 0.4227544122261922
5972.0 0.4240820145470447
5974.0 0.42681334434189805
5976.0 0.4271705337685278
5978.0 0.42677590128629717
5980.0 0.4258506506075025
5982.0 0.42359477472877166
5984.0 0.4207945999813043
5986.0 0.41615835164025017
5988.0 0.4171796099046525
5990.0 0.41823917495325696
5992.0 0.420968091482352
5994.0 0.42098564439016106
5996.0 0.41488712128815447
5998.0 0.4138931320823667
6000.0 0.4144070483629967
6002.0 0.4142313271201293
6004.0 0.4137036276651411
6006.0 0.41205771199824914
6008.0 0.4100240327653775
6010.0 0.41183611857964114
6012.0 0.41169081651658845
6014.0 0.4183595454535854
6016.0 0.42058249731482134
6018.0 0.4289776119612169
6020.0 0.4266648592633993
6022.0 0.4226819510792876
6024.0 0.4111109999804564
6026.0 0.40417572303711446
6028.0 0.40179447255828493
6030.0 0.40147282514819915
6032.0 0.40822597682474576
6034.0 0.4077967787472811
6036.0 0.4045463488004613
6038.0 0.4036364489948957
6040.0 0.4016749252074343
6042.0 0.4005457345679677
6044.0 0.40000644325419393
6046.0 0.39908457855217505
6048.0 0.3995647504019409
6050.0 0.3992011346718538
6052.0 0.3989820999407167
6054.0 0.3986290545017816
6056.0 0.39896821119368314
6058.0 0.39956256672156765
6060.0 0.40069092654948524
6062.0 0.4011273183771367
6064.0 0.39725325430284775
6066.0 0.39549468218245026
6068.0 0.3898683499276726
6070.0 0.38851774357806435
6072.0 0.38497484757263434
6074.0 0.38440658812295714
6076.0 0.3826318042191198
6078.0 0.3781316798739371
6080.0 0.37438035851084067
6082.0 0.3711846798699911
6084.0 0.3698487279940724
6086.0 0.37074162870909155
6088.0 0.36929055780175785
6090.0 0.3678293881697779
6092.0 0.36542158262759056
6094.0 0.36281533176220765
6096.0 0.3629083385406784
6098.0 0.3633006120514307
6100.0 0.3678856235525958
6102.0 0.3697163230662341
6104.0 0.3728329150668933
6106.0 0.3742692143706896
6108.0 0.37865056153053955
6110.0 0.38153960802757575
6112.0 0.3877263242553204
6114.0 0.3948058149866865
6116.0 0.4006920079363676
6118.0 0.4073724924232242
6120.0 0.411854362519669
6122.0 0.41996679125383146
6124.0 0.4241171661064563
6126.0 0.43416443239045227
6128.0 0.4383217692786974
6130.0 0.4452422473818507
6132.0 0.44913707081947046
6134.0 0.4529948974818331
6136.0 0.4544689357539877
6138.0 0.4558695592686609
6140.0 0.4606233386952795
6142.0 0.4604497730118354
6144.0 0.4604393964381988
6146.0 0.4607885108713483
6148.0 0.4610096666505479
6150.0 0.45985314494739343
6152.0 0.45840714963425566
6154.0 0.4558110398656119
6156.0 0.4533920697246535
6158.0 0.44498255435757167
6160.0 0.4412570768907149
6162.0 0.4333516238857247
6164.0 0.4305356260787727
6166.0 0.4262678421530261
6168.0 0.42445636266211517
6170.0 0.42169978212783754
6172.0 0.4152460684348905
6174.0 0.4112974222115674
6176.0 0.4037326825210819
6178.0 0.40004404411052896
6180.0 0.38943959879610945
6182.0 0.38499803215858414
6184.0 0.37778867006795974
6186.0 0.37440609090410615
6188.0 0.370525290716987
6190.0 0.368451633102477
6192.0 0.36595168624365204
6194.0 0.3665590815068947
6196.0 0.3669730017629776
6198.0 0.36883120770561795
6200.0 0.3683674608392422
6202.0 0.36804091437356523
6204.0 0.3704597432639598
6206.0 0.3737075682041553
6208.0 0.37998907860355374
6210.0 0.38347768026522633
6212.0 0.3867766532236128
6214.0 0.3886684623354072
6216.0 0.3933963936444675
6218.0 0.3959911735204456
6220.0 0.40061293426281297
6222.0 0.4048519875749304
6224.0 0.4090921008059922
6226.0 0.4133506429324645
6228.0 0.4155356185710084
6230.0 0.4181675585867987
6232.0 0.41960725534647103
6234.0 0.4227647877374627
6236.0 0.4245826027311223
6238.0 0.4271850678870038
6240.0 0.4264982914546691
6242.0 0.4270805127136856
6244.0 0.42535478171936364
6246.0 0.42508421203549274
6248.0 0.4244927401071304
6250.0 0.4239342152345021
6252.0 0.42197960745177504
6254.0 0.4193837061944577
6256.0 0.41536226329590387
6258.0 0.41283136556524086
6260.0 0.4100509762978725
6262.0 0.40814149677263395
6264.0 0.4066798118298164
6266.0 0.40400575739000427
6268.0 0.40077454456017136
6270.0 0.3888139751457642
6272.0 0.3835075033407631
6274.0 0.3751626261512162
6276.0 0.3750551452724734
6278.0 0.37424310435773855
6280.0 0.3691654963861216
6282.0 0.3677951815271576
6284.0 0.36814623652238687
6286.0 0.3682973325431545
6288.0 0.3685458959790488
6290.0 0.3677431242957137
6292.0 0.36531119882871277
6294.0 0.3652349668569371
6296.0 0.365772400744457
6298.0 0.36701709801588667
6300.0 0.3673751787206056
6302.0 0.364276818808312
6304.0 0.36427424416006554
6306.0 0.36612862404929086
6308.0 0.3671450571322801
6310.0 0.3704616923221747
6312.0 0.37218230753009335
6314.0 0.37337301755297947
6316.0 0.3721553784473268
6318.0 0.3716084819595278
6320.0 0.36675990065853736
6322.0 0.3657965064877123
6324.0 0.36129422967822516
6326.0 0.36072926356982077
6328.0 0.3602056098781845
6330.0 0.36137813560221543
6332.0 0.3617484313459894
6334.0 0.36186608071004117
6336.0 0.36196613822280443
6338.0 0.3631115771188705
6340.0 0.3633913090083692
6342.0 0.3631114813418867
6344.0 0.36077798002823186
6346.0 0.35795907836055324
6348.0 0.35649343076779894
6350.0 0.3554714716643196
6352.0 0.35358618597203323
6354.0 0.35225472291563253
6356.0 0.3423954385214003
6358.0 0.3415677286281832
6360.0 0.33816379953489895
6362.0 0.3343044811972776
6364.0 0.3283655638673779
6366.0 0.32005251572436966
6368.0 0.31368766647451185
6370.0 0.3034374180349421
6372.0 0.2997539029737476
6374.0 0.2906626455763671
6376.0 0.287868587084535
6378.0 0.2759079578310564
6380.0 0.26840712291741886
6382.0 0.25893568938517686
6384.0 0.25257905041637674
6386.0 0.24818187328497088
6388.0 0.23792363115046533
6390.0 0.23560102709206188
6392.0 0.23623882083325606
6394.0 0.23564567964110875
6396.0 0.23619806143616684
6398.0 0.23510020840198828
6400.0 0.2353679877486464
6402.0 0.23559871956390077
6404.0 0.23721860448796772
6406.0 0.23945467685293476
6408.0 0.24070609438426618
6410.0 0.23628161026080238
6412.0 0.2346580945159779
6414.0 0.22893154887359313
6416.0 0.22750521440871027
6418.0 0.22551995118255405
6420.0 0.22134795026331386
6422.0 0.21736792302663618
6424.0 0.21229447005927612
6426.0 0.2095942396986519
6428.0 0.20413987440287318
6430.0 0.20149135563217224
6432.0 0.1942068406224054
6434.0 0.19125477023496537
6436.0 0.18583087952507482
6438.0 0.1807727559899703
6440.0 0.17538559197155157
6442.0 0.17221743495270142
6444.0 0.1683058328332495
6446.0 0.1633577367895845
6448.0 0.16119150597132537
6450.0 0.15743113847015025
6452.0 0.15673437215441993
6454.0 0.1546876359202452
6456.0 0.15504869230259494
6458.0 0.1546236863473756
6460.0 0.1581766583198503
6462.0 0.15819102260260542
6464.0 0.1628877522355005
6466.0 0.16383139897167007
6468.0 0.16830235933232282
6470.0 0.17215895347204901
6472.0 0.17836877064573936
6474.0 0.1864753340318482
6476.0 0.19295544497844855
6478.0 0.207126575511886
6480.0 0.21319416640376995
6482.0 0.23501977113941044
6484.0 0.24365392609503336
6486.0 0.26756320439461223
6488.0 0.2840023496645708
6490.0 0.30969301467890026
6492.0 0.3385980118832856
6494.0 0.3619853359465106
6496.0 0.4090813325404605
6498.0 0.42870066566792375
6500.0 0.4765849239451127
6502.0 0.4927042809598843
6504.0 0.5334002708786237
6506.0 0.5494280098927352
6508.0 0.5792854155891717
6510.0 0.6055733761096969
6512.0 0.6353915545903036
6514.0 0.6741980206131747
6516.0 0.7004824737683865
6518.0 0.7491216074597751
6520.0 0.7721688701861614
6522.0 0.8205652681689056
6524.0 0.8419726384655374
6526.0 0.8746515403985586
6528.0 0.8941336536159326
6530.0 0.9132780898690277
6532.0 0.9348761634844482
6534.0 0.9457002358532227
6536.0 0.9622870969943546
6538.0 0.966496551418847
6540.0 0.9783632068467839
6542.0 0.9793057745040481
6544.0 0.9852096781710052
6546.0 0.9900085847398935
6548.0 0.9962283734847174
6550.0 0.9980249801557748
6552.0 1.0
6554.0 0.9986326838547033
6556.0 0.997423124482593
6558.0 0.9914402093713226
6560.0 0.9858154519806119
6562.0 0.9766689779968353
6564.0 0.9695898852549523
6566.0 0.9618794317882372
6568.0 0.9491342160539903
6570.0 0.9407330921627458
6572.0 0.9195587551363649
6574.0 0.9115221158703283
6576.0 0.8919749052875242
6578.0 0.8821774165361624
6580.0 0.8655357471985492
6582.0 0.8499387559923341
6584.0 0.8340020531370571
6586.0 0.8163773019786966
6588.0 0.8068011915198272
6590.0 0.7900295192950721
6592.0 0.7827972826595235
6594.0 0.7662753979938185
6596.0 0.7550429077244705
6598.0 0.7369388477814042
6600.0 0.7286355014771264
6602.0 0.7184645238876213
6604.0 0.7054446347819944
6606.0 0.6981422586419808
6608.0 0.6802142991659066
6610.0 0.6737627997963687
6612.0 0.6596819866264342
6614.0 0.6512378676028875
6616.0 0.637941665454973
6618.0 0.6256542617579836
6620.0 0.614888710663986
6622.0 0.6043436903671586
6624.0 0.5975365797229446
6626.0 0.5840065187273449
6628.0 0.5765221847078595
6630.0 0.562039001370948
6632.0 0.5560341309515322
6634.0 0.5473619243607488
6636.0 0.5405266608469939
6638.0 0.5328167991731753
6640.0 0.5236299231698986
6642.0 0.5183576230928422
6644.0 0.5068777028441306
6646.0 0.5032581745525195
6648.0 0.4958326949468707
6650.0 0.49469119884639695
6652.0 0.4916423759035519
6654.0 0.4884771568047008
6656.0 0.4843672993069799
6658.0 0.4706992336865874
6660.0 0.466513991277377
6662.0 0.45970611852905136
6664.0 0.45704740684036615
6666.0 0.45174224699503945
6668.0 0.4484174111187619
6670.0 0.44377511250772184
6672.0 0.4390956708579512
6674.0 0.43556713839781597
6676.0 0.43035353333565746
6678.0 0.42839135241996207
6680.0 0.425035859532473
6682.0 0.4234654969104367
6684.0 0.41931122921814745
6686.0 0.4175576710352681
6688.0 0.41418905176485915
6690.0 0.4108049733854156
6692.0 0.40847694131717055
6694.0 0.4061533714721809
6696.0 0.40485444152813205
6698.0 0.4011053074349345
6700.0 0.39889194854729737
6702.0 0.39464375609140206
6704.0 0.39190447740039386
6706.0 0.38895443581962413
6708.0 0.3888317268425256
6710.0 0.3880434360118487
6712.0 0.38585018712920083
6714.0 0.3850833862435286
6716.0 0.3835250724714374
6718.0 0.3819229246044465
6720.0 0.37821310866484514
6722.0 0.37579335093842026
6724.0 0.37310995543178194
6726.0 0.3700579948820978
6728.0 0.3679824369002281
6730.0 0.36739071708797044
6732.0 0.3673713402127607
6734.0 0.3671870672377533
6736.0 0.3660590445414013
6738.0 0.3640848444104498
6740.0 0.3648215387022809
6742.0 0.3656133445743527
6744.0 0.36290534069361585
6746.0 0.36172357444891345
6748.0 0.3577115844854993
6750.0 0.356599354329047
6752.0 0.35613134851641925
6754.0 0.3553871371913871
6756.0 0.354006785351648
6758.0 0.35343042090350574
6760.0 0.35244530484899583
6762.0 0.35129695931185745
6764.0 0.3498996565818858
6766.0 0.34644440046220365
6768.0 0.34540074565064716
6770.0 0.34670354678059007
6772.0 0.3471641314826136
6774.0 0.3487089729998502
6776.0 0.34754820965406563
6778.0 0.34639584711625376
6780.0 0.3464056104631494
6782.0 0.34751017390432415
6784.0 0.34759082879390024
6786.0 0.3475653524315989
6788.0 0.3480853530720126
6790.0 0.346565450012933
6792.0 0.3439870646944808
6794.0 0.3428617331650839
6796.0 0.3424237378310899
6798.0 0.3447568629400096
6800.0 0.34617214288355813
6802.0 0.3459671617168947
6804.0 0.34573088514458683
6806.0 0.34434491178677173
6808.0 0.3450468195881727
6810.0 0.346975384129774
6812.0 0.3460514094967609
6814.0 0.34549388012332366
6816.0 0.3442637515016705
6818.0 0.343885815605268
6820.0 0.3463663129830327
6822.0 0.3465939155595924
6824.0 0.3478558655776885
6826.0 0.34869702846509665
6828.0 0.35020275897378544
6830.0 0.34728104793987535
6832.0 0.34432397023944294
6834.0 0.34378911110503757
6836.0 0.34310440191918135
6838.0 0.34336200706780795
6840.0 0.3437045899729985
6842.0 0.34438550813578694
6844.0 0.344395595580957
6846.0 0.344088453819499
6848.0 0.343448948890143
6850.0 0.3422576725425747
6852.0 0.3385051049811696
6854.0 0.33610836052433174
6856.0 0.3242531320537269
6858.0 0.31910155104898946
6860.0 0.2939708831272335
6862.0 0.28628597315836807
6864.0 0.26799503671726976
6866.0 0.2609211329886209
6868.0 0.2526864167505568
6870.0 0.25448930485538196
6872.0 0.25767350075842044
6874.0 0.27017515070672987
6876.0 0.27533162974209957
6878.0 0.2846654854259369
6880.0 0.28707840518663913
6882.0 0.2899929532033572
6884.0 0.29092060158505617
6886.0 0.2914326885588139
6888.0 0.28953288832095875
6890.0 0.2885864719671749
6892.0 0.2888985854305735
6894.0 0.2896565461574747
6896.0 0.2946403293744154
6898.0 0.2968998210887416
6900.0 0.301739280797419
6902.0 0.30436950733787693
6904.0 0.30791188097967415
6906.0 0.30806379890064356
6908.0 0.3088309407116915
6910.0 0.3109616694463018
6912.0 0.3127015743280686
6914.0 0.3172038832263063
6916.0 0.3175971117631698
6918.0 0.31788797563334653
6920.0 0.3157078443054935
6922.0 0.3135176598906346
6924.0 0.30997755599754856
6926.0 0.30757292901924954
6928.0 0.3055589675832119
6930.0 0.30500847130222974
6932.0 0.3052089376291405
6934.0 0.3055023521193578
6936.0 0.305243247440129
6938.0 0.30568256402545646
6940.0 0.30547070421448885
6942.0 0.30365087569219196
6944.0 0.3031182994479112
6946.0 0.3053231912725474
6948.0 0.3064749764592515
6950.0 0.3120255712420009
6952.0 0.31348761065398906
6954.0 0.3166742588861456
6956.0 0.3178003210438373
6958.0 0.3202392274409087
6960.0 0.32163675124465124
6962.0 0.3243534536673857
6964.0 0.32986624475787674
6966.0 0.3316926521873257
6968.0 0.33508098262636116
6970.0 0.3363240488910065
6972.0 0.3380323450645686
6974.0 0.33776684568136295
6976.0 0.33697037099156363
6978.0 0.33587964848966056
6980.0 0.3345218303346363
6982.0 0.3334687410535483
6984.0 0.3334514308125043
6986.0 0.3335762139557478
6988.0 0.3345113805839035
6990.0 0.33430095683185046
6992.0 0.33382145081591036
6994.0 0.33313257037608973
6996.0 0.33163130974316407
6998.0 0.3312066208895269
7000.0 0.331098531532395
7002.0 0.33030235618114817
7004.0 0.32989149801899637
7006.0 0.32928270204494314
7008.0 0.32856645310240906
7010.0 0.329430738787432
7012.0 0.3300532894536592
7014.0 0.32654091192058915
7016.0 0.3247487235910318
7018.0 0.3253951399484814
7020.0 0.3257878596331878
7022.0 0.32987587006913716
7024.0 0.3292957142153794
7026.0 0.32920435900419426
7028.0 0.32944224905220526
7030.0 0.32972234182837157
7032.0 0.3321023150407514
7034.0 0.3330778088222819
7036.0 0.3332488336591224
7038.0 0.33401810869112486
7040.0 0.33275553249829304
7042.0 0.3324618041860718
7044.0 0.3307559822811043
7046.0 0.32940827289496916
7048.0 0.327469765128471
7050.0 0.3270348632502997
7052.0 0.3270070388418746
7054.0 0.3295574607120444
7056.0 0.33090824247387496
7058.0 0.3315785886091005
7060.0 0.3325176056707243
7062.0 0.33382808297699135
7064.0 0.3349051547677079
7066.0 0.3360740406144296
7068.0 0.3352861105526067
7070.0 0.33469957980635423
7072.0 0.3344526316381393
7074.0 0.33401940573009026
7076.0 0.3321013499522231
7078.0 0.33186608269716567
7080.0 0.3318277179316856
7082.0 0.3330731206406839
7084.0 0.33401098534409795
7086.0 0.33552989857303056
7088.0 0.3356411741177061
7090.0 0.3327925801881198
7092.0 0.33168006799631977
7094.0 0.3294907073686814
7096.0 0.3296118173762142
7098.0 0.3305046996447679
7100.0 0.330641795229625
7102.0 0.33064963732847
7104.0 0.3337614905113272
7106.0 0.3352986166824661
7108.0 0.33652445828968996
7110.0 0.3373462984340082
7112.0 0.33600773804324297
7114.0 0.3370324695199459
7116.0 0.3397272142211431
7118.0 0.3387725909897064
7120.0 0.3380316913880833
7122.0 0.3356954617792359
7124.0 0.334451902255641
7126.0 0.33435098349319337
7128.0 0.3346096308814901
7130.0 0.33392159851580455
7132.0 0.33386717167723023
7134.0 0.3334799006354394
7136.0 0.3339435940489902
7138.0 0.3344547300725018
7140.0 0.333678484608393
7142.0 0.3326178870074076
7144.0 0.33011340529379585
7146.0 0.32943794883591476
7148.0 0.32747762887831655
7150.0 0.3268430500466939
7152.0 0.3242895477666556
7154.0 0.32049324682379055
7156.0 0.31525617956234514
7158.0 0.3081657882534016
7160.0 0.30279785330088926
7162.0 0.29205261139182137
7164.0 0.2871958399456205
7166.0 0.27371332262185966
7168.0 0.269140222421973
7170.0 0.261537862509385
7172.0 0.2599626094171535
7174.0 0.2588386352332885
7176.0 0.2601035951061124
7178.0 0.2603203310448942
7180.0 0.25789461308122996
7182.0 0.25722676821891893
7184.0 0.25711622002433554
7186.0 0.25899668438438295
7188.0 0.2623342809266082
7190.0 0.26267903077796884
7192.0 0.263063907443686
7194.0 0.26488375255287155
7196.0 0.2662675620046587
7198.0 0.2747476273450787
7200.0 0.2793871195201672
7202.0 0.29378696746269384
7204.0 0.3002939002924955
7206.0 0.3140098700489117
7208.0 0.31927766080333553
7210.0 0.32626866374397684
7212.0 0.32974076309737854
7214.0 0.33187533112677237
7216.0 0.33060934206191495
7218.0 0.33003133390867906
7220.0 0.3248514777332197
7222.0 0.32119744786869847
7224.0 0.31054264645730156
7226.0 0.3024205603901349
7228.0 0.29213253528230615
7230.0 0.2878568985289253
7232.0 0.28429607524706396
7234.0 0.28164571674884975
7236.0 0.28118154305058546
7238.0 0.28066782216394554
7240.0 0.2809800740540258
7242.0 0.28166383965837133
7244.0 0.2811658532740598
7246.0 0.2813452430471442
7248.0 0.2836602976382361
7250.0 0.2844209984679566
7252.0 0.2860808333362179
7254.0 0.28658421979093546
7256.0 0.28845880900182935
7258.0 0.29016169133783154
7260.0 0.29381207789915087
7262.0 0.2935600851310949
7264.0 0.2936311915913503
7266.0 0.2891901111657124
7268.0 0.2874709328603589
7270.0 0.2872881125109276
7272.0 0.2890670346344425
7274.0 0.2979454446415219
7276.0 0.30144881123070866
7278.0 0.3080262195393476
7280.0 0.3102015694954598
7282.0 0.3126100524116974
7284.0 0.3159280854453005
7286.0 0.3177829624049575
7288.0 0.31782182012113785
7290.0 0.31838677663299786
7292.0 0.3186000343674064
7294.0 0.3192048098627383
7296.0 0.3209501086093942
7298.0 0.32045505342395386
7300.0 0.32004094351709783
7302.0 0.3195045035235463
7304.0 0.3188925987603779
7306.0 0.32052179632374583
7308.0 0.32133684114005395
7310.0 0.3258587030949613
7312.0 0.32879786755988794
7314.0 0.33555017221824607
7316.0 0.3356525487915679
7318.0 0.3374723756777342
7320.0 0.33709230401791435
7322.0 0.3380304648786473
7324.0 0.338969414510456
7326.0 0.3392169178733802
7328.0 0.34204771986613414
7330.0 0.34292859611968374
7332.0 0.34552851220566067
7334.0 0.3446204505927501
7336.0 0.3437037380747949
7338.0 0.34068728030420115
7340.0 0.3384064507763345
7342.0 0.3336742232952991
7344.0 0.3315439533987063
7346.0 0.3288255034198748
7348.0 0.32703615333036773
7350.0 0.32433474572711346
7352.0 0.32370189657439014
7354.0 0.32246558642982437
7356.0 0.31802941688162606
7358.0 0.3156467879373216
7360.0 0.311892806620589
7362.0 0.3116096511088927
7364.0 0.31416434047198866
7366.0 0.3132861756871171
7368.0 0.31338902390003764
7370.0 0.3114526582888224
7372.0 0.31016374900276095
7374.0 0.3101219892006105
7376.0 0.30958278558308683
7378.0 0.3091544847928541
7380.0 0.30881113275715605
7382.0 0.30668011471647477
7384.0 0.30550138276398275
7386.0 0.3020333067201528
7388.0 0.30175906985826156
7390.0 0.30126071532929694
7392.0 0.3023592849573818
7394.0 0.3027564493766367
7396.0 0.30386891010525474
7398.0 0.30392773498192277
7400.0 0.3059088226866276
7402.0 0.3067083626908013
7404.0 0.3085319783567951
7406.0 0.3082792090814805
7408.0 0.30730515173304673
7410.0 0.3066072923204009
7412.0 0.3064198227583875
7414.0 0.30523698802412036
7416.0 0.30598968468058935
7418.0 0.30810312380476607
7420.0 0.3097148634572475
7422.0 0.3123767544208011
7424.0 0.31281453318464253
7426.0 0.3154332300815556
7428.0 0.3171856534144976
7430.0 0.3184326145694833
7432.0 0.3176813415670557
7434.0 0.3167662221850924
7436.0 0.315600785638146
7438.0 0.31567490904806256
7440.0 0.31666813161329194
7442.0 0.31829767144441046
7444.0 0.3190615821097243
7446.0 0.31962115631870186
7448.0 0.3194027210814524
7450.0 0.3189356701957118
7452.0 0.3191493434777134
7454.0 0.31728128056616156
7456.0 0.31563626324258187
7458.0 0.3118561290848143
7460.0 0.3108937642559348
7462.0 0.3097912226016159
7464.0 0.3072903636271599
7466.0 0.30620132718419507
7468.0 0.3043013736361185
7470.0 0.30344004602653035
7472.0 0.30195166500090415
7474.0 0.30174545926786683
7476.0 0.3014843807260809
7478.0 0.29951454113083065
7480.0 0.29744067900982235
7482.0 0.29764271688290855
7484.0 0.29704081930621723
7486.0 0.2928669990774893
7488.0 0.291891753488475
7490.0 0.29101197163158243
7492.0 0.2899887882780465
7494.0 0.28813222854279363
7496.0 0.28688897611543385
7498.0 0.2853034224797057
7500.0 0.2826393589972935
7502.0 0.28119174003548136
7504.0 0.2840461941699926
7506.0 0.2846169095476432
7508.0 0.28622715082702244
7510.0 0.2860833042893345
7512.0 0.28486365896499877
7514.0 0.2848112800484787
7516.0 0.28476605801447885
7518.0 0.2826080523521406
7520.0 0.2817291037709016
7522.0 0.2788019473609657
7524.0 0.27894626279317974
7526.0 0.2802413183999121
7528.0 0.2817413770953917
7530.0 0.28390864231922003
7532.0 0.2826654322062203
7534.0 0.2814280763041019
7536.0 0.27720432434984593
7538.0 0.27579232962890754
7540.0 0.27558477119594477
7542.0 0.2754741222833121
7544.0 0.2750548919631822
7546.0 0.27516675503471855
7548.0 0.27512499568719695
7550.0 0.274444763155634
7552.0 0.27377504141500153
7554.0 0.2723468182826964
7556.0 0.2718899338482883
7558.0 0.2718292425634563
7560.0 0.2722336903712992
7562.0 0.2705827277330348
7564.0 0.2701292475399659
7566.0 0.2702021793651228
7568.0 0.2703018446594238
7570.0 0.27089198706029705
7572.0 0.270918925283714
7574.0 0.2704718774208893
7576.0 0.26919955736740386
7578.0 0.26799216514024177
7580.0 0.26300455925567273
7582.0 0.26064263460863624
7584.0 0.2505361611438596
7586.0 0.24518102213493853
7588.0 0.23444652009227634
7590.0 0.2237303104856089
7592.0 0.2122584215107447
7594.0 0.19848684033821903
7596.0 0.1903793745050856
7598.0 0.17916097260976455
7600.0 0.17601820673692306
7602.0 0.17424374794122774
7604.0 0.17523256472260132
7606.0 0.1795681456494529
7608.0 0.18526391186816737
7610.0 0.1920506804599734
7612.0 0.2002830162894245
7614.0 0.20507435167119759
7616.0 0.20999444508607604
7618.0 0.21105224162269695
7620.0 0.21004741468558172
7622.0 0.20865592612809405
7624.0 0.2050772703603114
7626.0 0.20287640114026242
7628.0 0.20123301699459994
7630.0 0.2014380366409377
7632.0 0.20195986957892442
7634.0 0.20475482231450728
7636.0 0.2064481742780966
7638.0 0.2110785580975203
7640.0 0.2135169260532911
7642.0 0.21697162503357292
7644.0 0.2200035318109254
7646.0 0.2236817517411283
7648.0 0.22658231941542137
7650.0 0.22892714536834521
7652.0 0.23442618688725456
7654.0 0.2360779119068887
7656.0 0.23960748314901037
7658.0 0.24158945859232078
7660.0 0.2454851056252467
7662.0 0.24660678653297893
7664.0 0.24382841590141105
7666.0 0.244580079854475
7668.0 0.24518227299858492
7670.0 0.2463850156941933
7672.0 0.24690083767363247
7674.0 0.248229276520252
7676.0 0.24813779260886965
7678.0 0.24893787131188
7680.0 0.2493311821648844
7682.0 0.24972023676404187
7684.0 0.24994207434249424
7686.0 0.249882777310317
7688.0 0.24991854740592054
7690.0 0.24938569677062417
7692.0 0.24924260916303792
7694.0 0.24932380546191282
7696.0 0.24935772289140565
7698.0 0.24920173381869384
7700.0 0.24907296087660663
7702.0 0.24889044375069833
7704.0 0.24861220660607355
7706.0 0.2482998413397101
7708.0 0.24794055736487638
7710.0 0.24745173935622733
7712.0 0.24678528302702474
7714.0 0.24613968784041867
7716.0 0.24566395391390777
7718.0 0.2452470510287382
7720.0 0.24497574184192536
7722.0 0.24475529414248218
7724.0 0.24463546960466961
7726.0 0.2446755706268411
7728.0 0.2448394582327657
7730.0 0.2450935219123393
7732.0 0.24542273057562364
7734.0 0.24586774251187338
7736.0 0.24623176181244474
7738.0 0.2464064946078671
7740.0 0.246591899093349
7742.0 0.24668385515274752
7744.0 0.24654585831984605
7746.0 0.2464987159035166
7748.0 0.24647287022430653
7750.0 0.24636928056089027
7752.0 0.24620371931178536
7754.0 0.2460142208028332
7756.0 0.2458290351076005
7758.0 0.24566867488448688
7760.0 0.24556503820930092
7762.0 0.24547642303719985
7764.0 0.24538780786509867
7766.0 0.2452991926929975
7768.0 0.2452105775208968
7770.0 0.24512196234879524
7772.0 0.24503334717669414
7774.0 0.2449447320045929
7776.0 0.24485611683249184
7778.0 0.2447675016603907
7780.0 0.24467888648828973
7782.0 0.2445902713161884
7784.0 0.24450165614408723
7786.0 0.24441304097198618
7788.0 0.244324425799885
7790.0 0.24423581062778382
7792.0 0.24414719545568275
7794.0 0.24405858028358157
7796.0 0.2439699651114804
7798.0 0.24388134993937927
7800.0 0.24390405600632112
7802.0 0.24393896808477716
7804.0 0.24389682986145184
7806.0 0.2438905088287815
7808.0 0.24395017772970934
7810.0 0.2439610028705482
7812.0 0.24393955750386753
7814.0 0.24387875871198017
7816.0 0.2437931971891844
7818.0 0.24372739358639048
7820.0 0.2437484888960204
7822.0 0.2437022096289777
7824.0 0.24359702548739448
7826.0 0.24351598080666093
7828.0 0.24351311356901253
7830.0 0.24353257652925003
7832.0 0.24349570149650343
7834.0 0.2434713324868969
7836.0 0.24344695361116495
7838.0 0.2433551633453607
7840.0 0.24332911628912657
7842.0 0.24337940084480855
7844.0 0.24339294806859935
7846.0 0.24330527752228098
7848.0 0.24331043746877262
7850.0 0.2433141345953019
7852.0 0.24327310547393963
7854.0 0.24328327733689314
7856.0 0.24329549807901407
7858.0 0.24329968886216038
7860.0 0.24323990010801458
7862.0 0.2432016448225656
7864.0 0.24323090413734408
7866.0 0.24327352932161297
7868.0 0.24329374330418715
7870.0 0.24332983204508937
7872.0 0.24339201884717704
7874.0 0.24345551415556696
7876.0 0.24340056931764895
7878.0 0.2434353418477017
7880.0 0.2434925617778637
7882.0 0.24338357083031353
7884.0 0.24328695523106966
7886.0 0.24328787267289964
7888.0 0.2433142964416893
7890.0 0.24337135250285416
7892.0 0.24342619307106195
7894.0 0.24343188899703969
7896.0 0.24342343684050977
7898.0 0.24343435094840649
7900.0 0.24350740961289477
7902.0 0.24360481257985542
7904.0 0.24354623339843853
7906.0 0.24353806540177828
7908.0 0.2436606720940627
7910.0 0.24376552640426064
7912.0 0.2437556405176019
7914.0 0.24378219567919407
7916.0 0.24383195039443264
7918.0 0.24383177616589555
7920.0 0.24378524117849606
7922.0 0.24375550609839522
7924.0 0.24366800801205993
7926.0 0.24360356152422907
7928.0 0.24360351001430067
7930.0 0.24363416400610058
7932.0 0.2435486082021994
7934.0 0.24348664697172848
7936.0 0.24341968797679628
7938.0 0.2433821103582297
7940.0 0.24334374867963796
7942.0 0.24338018819588372
7944.0 0.24339956684732278
7946.0 0.24334390530076103
7948.0 0.24336292626840744
7950.0 0.24350465032233082
7952.0 0.24354630953391387
7954.0 0.2435737185733362
7956.0 0.24364899533941528
7958.0 0.24364725561664333
7960.0 0.24361984390234476
7962.0 0.2436256087539617
7964.0 0.24367329211850067
7966.0 0.2436396509827758
7968.0 0.24358962465947637
7970.0 0.24360041382645495
7972.0 0.24361936628363895
7974.0 0.24358082542269932
7976.0 0.24357521851899946
7978.0 0.24364944868939745
7980.0 0.2436415090218975
7982.0 0.24357489150815906
7984.0 0.24363809706140913
7986.0 0.24365643645354443
7988.0 0.24364081402272839
7990.0 0.24374547847646802
7992.0 0.2437819837543849
7994.0 0.24372684860430793
7996.0 0.24373455891853646
7998.0 0.24384114735277732
8000.0 0.24397403245860588
8002.0 0.2438950258165126
8004.0 0.2438034684093175
8006.0 0.24385448674149998
8008.0 0.24392178555583785
8010.0 0.2438746616103436
8012.0 0.24390341328454188
8014.0 0.24381742409373178
8016.0 0.2437024303349627
8018.0 0.2437686482417636
8020.0 0.243766604980777
8022.0 0.24375441247144464
8024.0 0.24383142365128258
8026.0 0.24390424434233704
8028.0 0.24394296825826797
8030.0 0.2439072894820064
8032.0 0.24382167830212523
8034.0 0.24386647674995612
8036.0 0.24385749536980486
8038.0 0.24391562855717636
8040.0 0.24392422368391548
8042.0 0.24399183992025736
8044.0 0.24400963762470984
8046.0 0.24390336733822246
8048.0 0.24386967124969086
8050.0 0.24394216008059078
8052.0 0.2439967653857937
8054.0 0.24388827356964166
8056.0 0.24377453557846557
8058.0 0.2439052579965055
8060.0 0.24387437584088045
8062.0 0.24380409481449186
8064.0 0.24384792900340388
8066.0 0.24398743873231168
8068.0 0.24387219419867595
8070.0 0.24389626607278347
8072.0 0.243988885321471
8074.0 0.24394111506554284
8076.0 0.24397491215186162
8078.0 0.24401252401820295
8080.0 0.24399569117176897
8082.0 0.2439771434150584
8084.0 0.2440062195524106
8086.0 0.24403885286319402
8088.0 0.24402782263067527
8090.0 0.24397837792541913
8092.0 0.24376864375175783
8094.0 0.243752253985134
8096.0 0.2437528861116886
8098.0 0.24365426811515645
8100.0 0.24358601164291024
8102.0 0.2435040460245179
8104.0 0.2434801563903927
8106.0 0.2434745567599618
8108.0 0.24347376188545267
8110.0 0.24341761474310383
8112.0 0.2434231457291831
8114.0 0.24341055428452235
8116.0 0.24331883536128776
8118.0 0.24322852539707474
8120.0 0.2432737745357887
8122.0 0.24315256086392356
8124.0 0.24300553454502577
8126.0 0.24288220825947102
8128.0 0.2426524736534161
8130.0 0.24251947617501077
8132.0 0.2425011645959479
8134.0 0.24240551578699218
8136.0 0.242282914655722
8138.0 0.2422104153199383
8140.0 0.242205345322038
8142.0 0.24219893865409936
8144.0 0.24224875395977602
8146.0 0.24236895018231028
8148.0 0.2425079301594948
8150.0 0.24268151367177954
8152.0 0.24289134610254157
8154.0 0.2431304532453979
8156.0 0.24329640559344695
8158.0 0.24337309714690986
8160.0 0.24344103073998546
8162.0 0.2434878252326382
8164.0 0.2435306009162773
8166.0 0.24369223739675458
8168.0 0.24387675725246025
8170.0 0.2438306449637031
8172.0 0.24369105694249596
8174.0 0.24378057329275138
8176.0 0.2438480497318213
8178.0 0.2438766168989896
8180.0 0.2440087074125689
8182.0 0.24407657346828693
8184.0 0.2441408421242301
8186.0 0.2441977666803148
8188.0 0.24434651949089398
8190.0 0.24451002871663918
8192.0 0.24448442672651594
8194.0 0.24438870695807285
8196.0 0.24442218138674948
8198.0 0.24451245142989525
8200.0 0.24449185767486167
8202.0 0.24448450713673597
8204.0 0.24455629892889125
8206.0 0.2445031937847204
8208.0 0.24453280999011176
8210.0 0.2444322574003472
8212.0 0.24432014864776244
8214.0 0.24433575139463137
8216.0 0.24436553088234708
8218.0 0.24448224933387758
8220.0 0.24457751002631173
8222.0 0.2444406971018934
8224.0 0.24433206853518974
8226.0 0.24414906704151895
8228.0 0.2439943342810358
8230.0 0.2439869914723118
8232.0 0.24390702832025948
8234.0 0.24382377416922843
8236.0 0.24366081861034972
8238.0 0.24365478410563443
8240.0 0.24381258073229803
8242.0 0.24379045870944538
8244.0 0.24366170281100888
8246.0 0.24358045224703623
8248.0 0.24351381494398966
8250.0 0.24352178632000682
8252.0 0.243500775951018
8254.0 0.2434179641846292
8256.0 0.24343493442458802
8258.0 0.24332478592602252
8260.0 0.24336760322342355
8262.0 0.2433389037278454
8264.0 0.24334598560207896
8266.0 0.2433024816787484
8268.0 0.24325428515270525
8270.0 0.24332232068393014
8272.0 0.24329209580623964
8274.0 0.2431287044781013
8276.0 0.2429828361303665
8278.0 0.24300571883031105
8280.0 0.24300322919327752
8282.0 0.24314112754754946
8284.0 0.24316174002585256
8286.0 0.24321112608666398
8288.0 0.24317230892417577
8290.0 0.24329966918502122
8292.0 0.243475039743225
8294.0 0.2435077254312479
8296.0 0.24359131251582086
8298.0 0.24371538721140426
8300.0 0.24389977389699985
8302.0 0.24399772698842329
8304.0 0.24403061109860358
8306.0 0.24416134157790567
8308.0 0.24431423694734955
8310.0 0.2444016550670622
8312.0 0.24450166860587377
8314.0 0.2446115996906927
8316.0 0.24466422585694472
8318.0 0.24477309478386333
8320.0 0.24485908629748152
8322.0 0.244851301835267
8324.0 0.24490351706842048
8326.0 0.24492560520172638
8328.0 0.2450391818028639
8330.0 0.24499930651126944
8332.0 0.24488456839256673
8334.0 0.24496649581511304
8336.0 0.24504677539953046
8338.0 0.2451553503618342
8340.0 0.24537042415331872
8342.0 0.24540145352104656
8344.0 0.24552828150830863
8346.0 0.24587551747440284
8348.0 0.24593920389872237
8350.0 0.24586622194038837
8352.0 0.2458962880375393
8354.0 0.24582645736185146
8356.0 0.2456479782147415
8358.0 0.2455304315909063
8360.0 0.245258213939465
8362.0 0.2451049068394201
8364.0 0.24507945031856407
8366.0 0.24492511017660326
8368.0 0.24456886174536197
8370.0 0.24420882690769252
8372.0 0.24403518025479756
8374.0 0.24369492410916038
8376.0 0.24337631211512686
8378.0 0.2432135524645425
8380.0 0.2430216160160821
8382.0 0.24303550918481293
8384.0 0.24324522738356344
8386.0 0.2436605264172067
8388.0 0.2442286981382554
8390.0 0.24484835978050865
8392.0 0.24543474710515442
8394.0 0.24600379720163326
8396.0 0.24661719286603412
8398.0 0.24712028175209197
8400.0 0.24731454788575358
8402.0 0.24727499366608896
8404.0 0.24698519840022293
8406.0 0.24635994168562364
8408.0 0.24573156052942602
8410.0 0.24498555220431142
8412.0 0.24424620372445258
8414.0 0.24361676256317988
8416.0 0.24297688886413807
8418.0 0.24255845039940965
8420.0 0.2422786202814996
8422.0 0.2421822403260737
8424.0 0.24218392988764786
8426.0 0.24221047391100006
8428.0 0.24230249362884507
8430.0 0.24259661075965552
8432.0 0.24283722120211723
8434.0 0.2430600802880073
8436.0 0.24325265166789808
8438.0 0.24347560106871194
8440.0 0.24380628407846733
8442.0 0.24402561494903185
8444.0 0.24423089595420536
8446.0 0.24443510909717311
8448.0 0.24457619653399584
8450.0 0.2447860239622108
8452.0 0.24493985007492394
8454.0 0.24507357259987558
8456.0 0.24509368218014665
8458.0 0.2451586235253873
8460.0 0.24537379828072747
8462.0 0.24558275730586304
8464.0 0.24577788566833364
8466.0 0.245844539946195
8468.0 0.2460951940771317
8470.0 0.24645652463663664
8472.0 0.24678195667143876
8474.0 0.24729224014427184
8476.0 0.2478569834378032
8478.0 0.24843992253384542
8480.0 0.24921738145416492
8482.0 0.2501072664681336
8484.0 0.25107453555296694
8486.0 0.25196874180987083
8488.0 0.2530739874807588
8490.0 0.25478615239168456
8492.0 0.2561421443737049
8494.0 0.25762941281128565
8496.0 0.2594405354967597
8498.0 0.26096067253287486
8500.0 0.2623464871723675
8502.0 0.2635451383419683
8504.0 0.2645306877131715
8506.0 0.26525959792426257
8508.0 0.26577862289229154
8510.0 0.2663633460743071
8512.0 0.2668244662214075
8514.0 0.2670655337986397
8516.0 0.26741153445719473
8518.0 0.2673204592882787
8520.0 0.26728376588355535
8522.0 0.26721823715350473
8524.0 0.2667345629374848
8526.0 0.2665830174583634
8528.0 0.26647081707108455
8530.0 0.2658508355344602
8532.0 0.26512653000798847
8534.0 0.2645625593472829
8536.0 0.2641171251612832
8538.0 0.2636816726212812
8540.0 0.26319237875178225
8542.0 0.2627283484328541
8544.0 0.2618045780424134
8546.0 0.2610971929455819
8548.0 0.26060600576810233
8550.0 0.2601094588141322
8552.0 0.2593507334358276
8554.0 0.2582863874792597
8556.0 0.25723787914840174
8558.0 0.25661477144268946
8560.0 0.25554490727218965
8562.0 0.25446158759601856
8564.0 0.2535350348195273
8566.0 0.2526265397102787
8568.0 0.2516551177400001
8570.0 0.25068496574939875
8572.0 0.24972052295433564
8574.0 0.24908945892141937
8576.0 0.24830639468981208
8578.0 0.2477076157930802
8580.0 0.2471411996847774
8582.0 0.24666790073869402
8584.0 0.24639478008130372
8586.0 0.2460614010301972
8588.0 0.24600867965615772
8590.0 0.24605363849714876
8592.0 0.24612190283398305
8594.0 0.24649606161457166
8596.0 0.24678131814270907
8598.0 0.24710568113050474
8600.0 0.24757500150677897
8602.0 0.24840832943623514
8604.0 0.24902817088230553
8606.0 0.2496954217827939
8608.0 0.2504036980390908
8610.0 0.2516979887558074
8612.0 0.25294078666604414
8614.0 0.2538816250921176
8616.0 0.2548975795865891
8618.0 0.2559454903216826
8620.0 0.2566693292235326
8622.0 0.25735950769754673
8624.0 0.25778372076968503
8626.0 0.2581377562698122
8628.0 0.25866520969362494
8630.0 0.2586978324050771
8632.0 0.25876917883557005
8634.0 0.25885535927468634
8636.0 0.2589059918115343
8638.0 0.25895337899574045
8640.0 0.258905376667359
8642.0 0.2588694027461134
8644.0 0.25898849485453534
8646.0 0.2595355063933144
8648.0 0.25973340139526147
8650.0 0.25992629995943334
8652.0 0.26041032196340325
8654.0 0.26046088384420374
8656.0 0.26042987170156406
8658.0 0.2608736984927691
8660.0 0.2611750262035284
8662.0 0.26108638020958613
8664.0 0.26112900606427575
8666.0 0.26117764595811616
8668.0 0.26111348476643376
8670.0 0.2610621047532189
8672.0 0.2611001752080983
8674.0 0.2610834255889712
8676.0 0.2610569041442418
8678.0 0.2608954598528647
8680.0 0.26068816846694537
8682.0 0.2604098704397886
8684.0 0.2601064633658043
8686.0 0.25971240311751764
8688.0 0.25936485018771316
8690.0 0.25888563549826604
8692.0 0.25819501691033103
8694.0 0.2578988771571074
8696.0 0.2576893531253288
8698.0 0.2574407906056614
8700.0 0.25722021101373377
8702.0 0.25674323326855625
8704.0 0.2566269943546012
8706.0 0.2564868348963712
8708.0 0.25623505270246366
8710.0 0.2559687090772081
8712.0 0.2557230683938741
8714.0 0.2554205618145688
8716.0 0.2551213855749054
8718.0 0.2548979307628449
8720.0 0.2545615594700628
8722.0 0.25425614923521894
8724.0 0.2538878191295977
8726.0 0.25355593970493706
8728.0 0.25304960659862696
8730.0 0.2527796866619261
8732.0 0.25242630707436126
8734.0 0.25201102861153596
8736.0 0.25150574223738986
8738.0 0.2509159727935567
8740.0 0.2503028261465992
8742.0 0.24986751071656596
8744.0 0.24925815777848298
8746.0 0.24857132570060866
8748.0 0.24816552453652002
8750.0 0.24774148423018186
8752.0 0.24729505739416296
8754.0 0.24685556439921424
8756.0 0.24658421686678042
8758.0 0.24613118654928662
8760.0 0.24573970074370433
8762.0 0.24544866715459296
8764.0 0.24532289650098735
8766.0 0.24514146211644053
8768.0 0.24499087971694974
8770.0 0.24489955208846925
8772.0 0.24481503327336632
8774.0 0.24476038287391763
8776.0 0.24468985143975144
8778.0 0.24454037650658667
8780.0 0.24446062059125925
8782.0 0.24449139151782728
8784.0 0.24442618452202314
8786.0 0.24458230012514762
8788.0 0.2445137674250515
8790.0 0.24433157379113749
8792.0 0.24423745061716137
8794.0 0.24422256695426234
8796.0 0.24418483301196142
8798.0 0.24411273467615147
8800.0 0.244169987439007
8802.0 0.24423177771264765
8804.0 0.2441840121402655
8806.0 0.24413955505097734
8808.0 0.24426722287807506
8810.0 0.24453801455710142
8812.0 0.24469944091168896
8814.0 0.24496198799758404
8816.0 0.24535904964985913
8818.0 0.24544629356394393
8820.0 0.24555833552955883
8822.0 0.24599951611631474
8824.0 0.24625205560559918
8826.0 0.24636152445930193
8828.0 0.24662149529287405
8830.0 0.2466134034823698
8832.0 0.2464917552089708
8834.0 0.24650531857538516
8836.0 0.24643117129838032
8838.0 0.24649108700243808
8840.0 0.2462848820545972
8842.0 0.2461372252850895
8844.0 0.2461378668848537
8846.0 0.24612263387347127
8848.0 0.24595322157893024
8850.0 0.24570804313254743
8852.0 0.24538928991200545
8854.0 0.2450902497500953
8856.0 0.2448500492571453
8858.0 0.24460967748749898
8860.0 0.24430158317265754
8862.0 0.24422816943484743
8864.0 0.24394815324742855
8866.0 0.24373607741327236
8868.0 0.24363159715015473
8870.0 0.24347590795762697
8872.0 0.24337348054011837
8874.0 0.24322875609032377
8876.0 0.24309210300740544
8878.0 0.24310790578743052
8880.0 0.243075118276237
8882.0 0.2429843791974823
8884.0 0.24285303279325204
8886.0 0.2428316412903216
8888.0 0.24291583632144476
8890.0 0.24278950512569897
8892.0 0.2427344889593673
8894.0 0.24269757017710764
8896.0 0.24271041740977214
8898.0 0.2426452341544812
8900.0 0.2427420029828675
8902.0 0.24281230411183793
8904.0 0.24287110971802703
8906.0 0.2428729914004055
8908.0 0.24280798861708278
8910.0 0.24281462658223274
8912.0 0.2426789194112385
8914.0 0.24265586607400494
8916.0 0.24279749301088885
8918.0 0.24278625138814716
8920.0 0.24262532260442365
8922.0 0.2426434494766487
8924.0 0.2427895999316014
8926.0 0.24276837014840869
8928.0 0.24256008442226132
8930.0 0.24256785447701482
8932.0 0.24260007194454608
8934.0 0.24262237197132303
8936.0 0.242566021964683
8938.0 0.24258385930232385
8940.0 0.24261220000603398
8942.0 0.24241780442826444
8944.0 0.24231952470908283
8946.0 0.2421487156327833
8948.0 0.24209134406167634
8950.0 0.24191939844164434
8952.0 0.24193812563346143
8954.0 0.24195281754621112
8956.0 0.2419689832488012
8958.0 0.24201836511321312
8960.0 0.24217232809685973
8962.0 0.24242933758518234
8964.0 0.24260341893038415
8966.0 0.24278220093621058
8968.0 0.24286542952090112
8970.0 0.24328051309619272
8972.0 0.24339251307144755
8974.0 0.24353202232758137
8976.0 0.24374795343847724
8978.0 0.24412995661123896
8980.0 0.24445739123654547
8982.0 0.24447546105155057
8984.0 0.24422347021880494
8986.0 0.24398739663875177
8988.0 0.24400997303580507
8990.0 0.2442334154568548
8992.0 0.24439315905295686
8994.0 0.2443831505770405
8996.0 0.24447280385593476
8998.0 0.24454816602883764
9000.0 0.24444890395833768
9002.0 0.24419683721596766
9004.0 0.24400341869617295
9006.0 0.24393653526355133
9008.0 0.24373629069524094
9010.0 0.2434069654951838
9012.0 0.24339223402607868
9014.0 0.24341831630351646
9016.0 0.24329637104396115
9018.0 0.24315888683354706
9020.0 0.24308425893790736
9022.0 0.2430596774444833
9024.0 0.242985486520517
9026.0 0.24292493935449044
9028.0 0.24287338565045846
9030.0 0.24277542201762561
9032.0 0.24255244097075487
9034.0 0.24256707686898185
9036.0 0.2425654240338168
9038.0 0.2424428811290054
9040.0 0.24255693370370207
9042.0 0.24262525564736306
9044.0 0.24261365564533716
9046.0 0.24256804447676425
9048.0 0.24260032332153852
9050.0 0.24281819500391175
9052.0 0.2428249421307709
9054.0 0.2428933433999183
9056.0 0.2430442369336759
9058.0 0.24325438205426764
9060.0 0.24321983634136254
9062.0 0.2433499833790631
9064.0 0.24338188677928935
9066.0 0.24341480657285763
9068.0 0.24354401439657733
9070.0 0.24371248047910418
9072.0 0.24389277759470998
9074.0 0.24383599416495988
9076.0 0.2440498077140827
9078.0 0.2442322790520911
9080.0 0.24407316335826434
9082.0 0.2441054270651814
9084.0 0.244282812161519
9086.0 0.24430900089002094
9088.0 0.24429167796697954
9090.0 0.2443760541891204
9092.0 0.24437591998830835
9094.0 0.24436747949649973
9096.0 0.2445937352872329
9098.0 0.24467469598551705
9100.0 0.2445062177625771
9102.0 0.24437698445183456
9104.0 0.24431117563134072
9106.0 0.24431871797321478
9108.0 0.24445630703136664
9110.0 0.24462063264096348
9112.0 0.24443819602944766
9114.0 0.2444304587035396
9116.0 0.24442113577649213
9118.0 0.2443973578692689
9120.0 0.2444522774963724
9122.0 0.24440505058429615
9124.0 0.2441289378919554
9126.0 0.24421423398539208
9128.0 0.2442789104775721
9130.0 0.24417036102185058
9132.0 0.24391225209755807
9134.0 0.2438839230215037
9136.0 0.24368188503773455
9138.0 0.2435648007400026
9140.0 0.24350080641465277
9142.0 0.24352231134971447
9144.0 0.24347792050373282
9146.0 0.24333838084761325
9148.0 0.24309211925247298
9150.0 0.24275607384981293
9152.0 0.24256006906838715
9154.0 0.24241954955082184
9156.0 0.24226777576577294
9158.0 0.2421687000091115
9160.0 0.2418192331410738
9162.0 0.24172070540273283
9164.0 0.2418290806606071
9166.0 0.24174282337085656
9168.0 0.24163376164341907
9170.0 0.24166900674910707
9172.0 0.24187064013722362
9174.0 0.24210259067572656
9176.0 0.2423117114623121
9178.0 0.2424671740301523
9180.0 0.24274056263908464
9182.0 0.24292354213821152
9184.0 0.24305152848328515
9186.0 0.2432700297193477
9188.0 0.24354506284910002
9190.0 0.2436717914461156
9192.0 0.2437070876344521
9194.0 0.2437328835781233
9196.0 0.24376457268750729
9198.0 0.24373036424599714
9200.0 0.24369338630793985
9202.0 0.243645237753636
9204.0 0.24348999958006942
9206.0 0.2433102162426818
9208.0 0.2431983993551612
9210.0 0.24317725599685136
9212.0 0.2431435177615933
9214.0 0.24326972525006474
9216.0 0.24350999749471008
9218.0 0.24351019319768527
9220.0 0.24351298104738697
9222.0 0.24362398857513215
9224.0 0.24362253737461284
9226.0 0.24374545909077408
9228.0 0.2438702172674463
9230.0 0.24384233678088754
9232.0 0.24386717441016953
9234.0 0.24388521045428077
9236.0 0.24396969180739161
9238.0 0.24418648748978744
9240.0 0.24413029738008363
9242.0 0.2441566906460118
9244.0 0.24415816538723617
9246.0 0.24385197712226628
9248.0 0.24380534912637183
9250.0 0.24391868032778988
9252.0 0.24401763274491445
9254.0 0.2438548731184279
9256.0 0.24377628979006963
9258.0 0.24363549462581577
9260.0 0.24359071860132173
9262.0 0.2436607508874484
9264.0 0.24361435206446871
9266.0 0.24387366472253716
9268.0 0.24386979670541958
9270.0 0.24365734158162858
9272.0 0.2435622473831429
9274.0 0.24350842529042935
9276.0 0.24358307449463107
9278.0 0.24370864216669738
9280.0 0.2437782193138636
9282.0 0.24393380736985162
9284.0 0.24392945870027594
9286.0 0.24385381401729764
9288.0 0.2439136997365465
9290.0 0.244086609818115
9292.0 0.24422781164029045
9294.0 0.2443973304769924
9296.0 0.244337361780602
9298.0 0.24450405549590856
9300.0 0.24473113834881835
9302.0 0.2445184810093282
9304.0 0.24433700886302334
9306.0 0.24448394084749644
9308.0 0.24470627639516024
9310.0 0.24466052199648772
9312.0 0.24456482404504132
9314.0 0.24476545709966382
9316.0 0.24492624267889782
9318.0 0.2444714341787897
9320.0 0.24419824200819917
9322.0 0.24431386667857352
9324.0 0.2444077235166526
9326.0 0.2445616113088597
9328.0 0.2443586343457137
9330.0 0.2444392277310615
9332.0 0.24479935662446242
9334.0 0.24520933092927033
9336.0 0.24468891249473876
9338.0 0.24353385094068664
9340.0 0.2431157897494673
9342.0 0.24349364583251162
9344.0 0.24428011543926487
9346.0 0.24459068888744437
9348.0 0.24429052771052132
9350.0 0.24382359185684396
9352.0 0.24348903945357642
9354.0 0.2435027006487313
9356.0 0.24365193861106801
9358.0 0.24381994745465205
9360.0 0.2440009282063085
9362.0 0.2441241356895553
9364.0 0.24384695840963228
9366.0 0.24365684835650583
9368.0 0.24385845178715335
9370.0 0.24442123779806588
9372.0 0.24444782154419004
9374.0 0.24411070601778734
9376.0 0.24376749906658085
9378.0 0.24404259167848016
9380.0 0.24372019630355823
9382.0 0.24334690498774098
9384.0 0.24344674249466494
9386.0 0.24348674957705688
9388.0 0.2435629978456067
9390.0 0.2437555928204502
9392.0 0.24387351791329206
9394.0 0.24381701990136898
9396.0 0.24373789456200423
9398.0 0.24373789456200423
9400.0 0.24373789456200423
9402.0 0.24373789456200423
9404.0 0.24373789456200423
9406.0 0.24373789456200423
9408.0 0.24373789456200423
9410.0 0.24373789456200423
9412.0 0.24373789456200423
9414.0 0.24373789456200423
9416.0 0.24373789456200423
9418.0 0.24373789456200423
9420.0 0.24373789456200423
9422.0 0.24373789456200423
9424.0 0.24373789456200423
9426.0 0.24373789456200423
9428.0 0.24373789456200423
9430.0 0.24373789456200423
9432.0 0.24373789456200423
9434.0 0.24373789456200423
9436.0 0.24373789456200423
9438.0 0.24373789456200423
9440.0 0.24373789456200423
9442.0 0.24373789456200423
9444.0 0.24373789456200423
9446.0 0.24373789456200423
9448.0 0.24373789456200423
9450.0 0.24373789456200423
9452.0 0.24373789456200423
9454.0 0.24373789456200423
9456.0 0.24373789456200423
9458.0 0.24373789456200423
9460.0 0.24373789456200423
9462.0 0.24373789456200423
9464.0 0.24373789456200423
9466.0 0.24373789456200423
9468.0 0.24373789456200423
9470.0 0.24373789456200423
9472.0 0.24373789456200423
9474.0 0.24373789456200423
9476.0 0.24373789456200423
9478.0 0.24373789456200423
9480.0 0.24373789456200423
9482.0 0.24373789456200423
9484.0 0.24373789456200423
9486.0 0.24373789456200423
9488.0 0.24373789456200423
9490.0 0.24373789456200423
9492.0 0.24373789456200423
9494.0 0.24373789456200423
9496.0 0.24373789456200423
9498.0 0.24373789456200423
9500.0 0.24373789456200423
9502.0 0.24373789456200423
9504.0 0.24373789456200423
9506.0 0.24373789456200423
9508.0 0.24373789456200423
9510.0 0.24373789456200423
9512.0 0.24373789456200423
9514.0 0.24373789456200423
9516.0 0.24373789456200423
9518.0 0.24373789456200423
9520.0 0.24373789456200423
9522.0 0.24373789456200423
9524.0 0.24373789456200423
9526.0 0.24373789456200423
9528.0 0.24373789456200423
9530.0 0.24373789456200423
9532.0 0.24373789456200423
9534.0 0.24373789456200423
9536.0 0.24373789456200423
9538.0 0.24373789456200423
9540.0 0.24373789456200423
9542.0 0.24373789456200423
9544.0 0.24373789456200423
9546.0 0.24373789456200423
9548.0 0.24373789456200423
9550.0 0.24373789456200423
9552.0 0.24373789456200423
9554.0 0.24373789456200423
9556.0 0.24373789456200423
9558.0 0.24373789456200423
9560.0 0.24373789456200423
9562.0 0.24373789456200423
9564.0 0.24373789456200423
9566.0 0.24373789456200423
9568.0 0.24373789456200423
9570.0 0.24373789456200423
9572.0 0.24373789456200423
9574.0 0.24373789456200423
9576.0 0.24373789456200423
9578.0 0.24373789456200423
9580.0 0.24373789456200423
9582.0 0.24373789456200423
9584.0 0.24373789456200423
9586.0 0.24373789456200423
9588.0 0.24373789456200423
9590.0 0.24373789456200423
9592.0 0.24373789456200423
9594.0 0.24373789456200423
9596.0 0.24373789456200423
9598.0 0.24373789456200423
9600.0 0.24373789456200423
9602.0 0.24373789456200423
9604.0 0.24373789456200423
9606.0 0.24373789456200423
9608.0 0.24373789456200423
9610.0 0.24373789456200423
9612.0 0.24373789456200423
9614.0 0.24373789456200423
9616.0 0.24373789456200423
9618.0 0.24373789456200423
9620.0 0.24373789456200423
9622.0 0.24373789456200423
9624.0 0.24373789456200423
9626.0 0.24373789456200423
9628.0 0.24373789456200423
9630.0 0.24373789456200423
9632.0 0.24373789456200423
9634.0 0.24373789456200423
9636.0 0.24373789456200423
9638.0 0.24373789456200423
9640.0 0.24373789456200423
9642.0 0.24373789456200423
9644.0 0.24373789456200423
9646.0 0.24373789456200423
9648.0 0.24373789456200423
9650.0 0.24373789456200423
9652.0 0.24373789456200423
9654.0 0.24373789456200423
9656.0 0.24373789456200423
9658.0 0.24373789456200423
9660.0 0.24373789456200423
9662.0 0.24373789456200423
9664.0 0.24373789456200423
9666.0 0.24373789456200423
9668.0 0.24373789456200423
9670.0 0.24373789456200423
9672.0 0.24373789456200423
9674.0 0.24373789456200423
9676.0 0.24373789456200423
9678.0 0.24373789456200423
9680.0 0.24373789456200423
9682.0 0.24373789456200423
9684.0 0.24373789456200423
9686.0 0.24373789456200423
9688.0 0.24373789456200423
9690.0 0.24373789456200423
9692.0 0.24373789456200423
9694.0 0.24373789456200423
9696.0 0.24373789456200423
9698.0 0.24373789456200423
9700.0 0.24373789456200423
9702.0 0.24373789456200423
9704.0 0.24373789456200423
9706.0 0.24373789456200423
9708.0 0.24373789456200423
9710.0 0.24373789456200423
9712.0 0.24373789456200423
9714.0 0.24373789456200423
9716.0 0.24373789456200423
9718.0 0.24373789456200423
9720.0 0.24373789456200423
9722.0 0.24373789456200423
9724.0 0.24373789456200423
9726.0 0.24373789456200423
9728.0 0.24373789456200423
9730.0 0.24373789456200423
9732.0 0.24373789456200423
9734.0 0.24373789456200423
9736.0 0.24373789456200423
9738.0 0.24373789456200423
9740.0 0.24373789456200423
9742.0 0.24373789456200423
9744.0 0.24373789456200423
9746.0 0.24373789456200423
9748.0 0.24373789456200423
9750.0 0.24373789456200423
9752.0 0.24373789456200423
9754.0 0.24373789456200423
9756.0 0.24373789456200423
9758.0 0.24373789456200423
9760.0 0.24373789456200423
9762.0 0.24373789456200423
9764.0 0.24373789456200423
9766.0 0.24373789456200423
9768.0 0.24373789456200423
9770.0 0.24373789456200423
9772.0 0.24373789456200423
9774.0 0.24373789456200423
9776.0 0.24373789456200423
9778.0 0.24373789456200423
9780.0 0.24373789456200423
9782.0 0.24373789456200423
9784.0 0.24373789456200423
9786.0 0.24373789456200423
9788.0 0.24373789456200423
9790.0 0.24373789456200423
9792.0 0.24373789456200423
9794.0 0.24373789456200423
9796.0 0.24373789456200423
9798.0 0.24373789456200423
9800.0 0.24373789456200423
9802.0 0.24373789456200423
9804.0 0.24373789456200423
9806.0 0.24373789456200423
9808.0 0.24373789456200423
9810.0 0.24373789456200423
9812.0 0.24373789456200423
9814.0 0.24373789456200423
9816.0 0.24373789456200423
9818.0 0.24373789456200423
9820.0 0.24373789456200423
9822.0 0.24373789456200423
9824.0 0.24373789456200423
9826.0 0.24373789456200423
9828.0 0.24373789456200423
9830.0 0.24373789456200423
9832.0 0.24373789456200423
9834.0 0.24373789456200423
9836.0 0.24373789456200423
9838.0 0.24373789456200423
9840.0 0.24373789456200423
9842.0 0.24373789456200423
9844.0 0.24373789456200423
9846.0 0.24373789456200423
9848.0 0.24373789456200423
9850.0 0.24373789456200423
9852.0 0.24373789456200423
9854.0 0.24373789456200423
9856.0 0.24373789456200423
9858.0 0.24373789456200423
9860.0 0.24373789456200423
9862.0 0.24373789456200423
9864.0 0.24373789456200423
9866.0 0.24373789456200423
9868.0 0.24373789456200423
9870.0 0.24373789456200423
9872.0 0.24373789456200423
9874.0 0.24373789456200423
9876.0 0.24373789456200423
9878.0 0.24373789456200423
9880.0 0.24373789456200423
9882.0 0.24373789456200423
9884.0 0.24373789456200423
9886.0 0.24373789456200423
9888.0 0.24373789456200423
9890.0 0.24373789456200423
9892.0 0.24373789456200423
9894.0 0.24373789456200423
9896.0 0.24373789456200423
9898.0 0.24373789456200423
9900.0 0.24373789456200423
9902.0 0.24373789456200423
9904.0 0.24373789456200423
9906.0 0.24373789456200423
9908.0 0.24373789456200423
9910.0 0.24373789456200423
9912.0 0.24373789456200423
9914.0 0.24373789456200423
9916.0 0.24373789456200423
9918.0 0.24373789456200423
9920.0 0.24373789456200423
9922.0 0.24373789456200423
9924.0 0.24373789456200423
9926.0 0.24373789456200423
9928.0 0.24373789456200423
9930.0 0.24373789456200423
9932.0 0.24373789456200423
9934.0 0.24373789456200423
9936.0 0.24373789456200423
9938.0 0.24373789456200423
9940.0 0.24373789456200423
9942.0 0.24373789456200423
9944.0 0.24373789456200423
9946.0 0.24373789456200423
9948.0 0.24373789456200423
9950.0 0.24373789456200423
9952.0 0.24373789456200423
9954.0 0.24373789456200423
9956.0 0.24373789456200423
9958.0 0.24373789456200423
9960.0 0.24373789456200423
9962.0 0.24373789456200423
9964.0 0.24373789456200423
9966.0 0.24373789456200423
9968.0 0.24373789456200423
9970.0 0.24373789456200423
9972.0 0.24373789456200423
9974.0 0.24373789456200423
9976.0 0.24373789456200423
9978.0 0.24373789456200423
9980.0 0.24373789456200423
9982.0 0.24373789456200423
9984.0 0.24373789456200423
9986.0 0.24373789456200423
9988.0 0.24373789456200423
9990.0 0.24373789456200423
9992.0 0.24373789456200423
9994.0 0.24373789456200423
9996.0 0.24373789456200423
9998.0 0.24373789456200423
