# z obs_date
# 0 52280
3580.0 0.34023500113908406
3582.0 0.34051177678160255
3584.0 0.3405763768063882
3586.0 0.3408471054840916
3588.0 0.34058180990513054
3590.0 0.339890245289244
3592.0 0.3401880209730369
3594.0 0.3400781567584829
3596.0 0.33975033120250253
3598.0 0.340197885728557
3600.0 0.3406077073413388
3602.0 0.3406362708956322
3604.0 0.3402263861907302
3606.0 0.3402973454909126
3608.0 0.3402954258791401
3610.0 0.34000662691476097
3612.0 0.3401943363058379
3614.0 0.3403085771289449
3616.0 0.34007264176690055
3618.0 0.3397490490891345
3620.0 0.3396435731157277
3622.0 0.33960435838378605
3624.0 0.33969411839722047
3626.0 0.339782170497498
3628.0 0.3398167505808348
3630.0 0.3395424554842437
3632.0 0.33920779073051616
3634.0 0.3391345748396432
3636.0 0.33966184386152676
3638.0 0.33986099721534396
3640.0 0.33959168732124956
3642.0 0.33950745279785105
3644.0 0.3395811960725257
3646.0 0.33965044357873614
3648.0 0.3395272268770219
3650.0 0.3394790711057501
3652.0 0.3395203278870626
3654.0 0.33969969544334877
3656.0 0.33983710237670983
3658.0 0.3399795986496053
3660.0 0.3402532700262865
3662.0 0.34015146352214237
3664.0 0.3399816522799209
3666.0 0.3402545581065839
3668.0 0.3406956116086859
3670.0 0.34075559103786174
3672.0 0.3406564025683269
3674.0 0.3408549459391989
3676.0 0.3410010309177012
3678.0 0.34108717092860874
3680.0 0.3410862069226865
3682.0 0.3408185013515432
3684.0 0.3409335943204198
3686.0 0.34129498944821934
3688.0 0.34142202588533116
3690.0 0.34161621778919565
3692.0 0.3420923376337214
3694.0 0.34237885323697526
3696.0 0.3422921207114884
3698.0 0.3423501293009727
3700.0 0.342496120867851
3702.0 0.3425729636379005
3704.0 0.3426952025134608
3706.0 0.34301703906236247
3708.0 0.3433802153561576
3710.0 0.34337053073991397
3712.0 0.3435367525853218
3714.0 0.343624661150645
3716.0 0.34363410341064166
3718.0 0.3438736333515055
3720.0 0.34388660073750943
3722.0 0.34388334944031035
3724.0 0.3437955399377375
3726.0 0.3436085289499609
3728.0 0.3435632424624043
3730.0 0.34354882332885917
3732.0 0.34320752777247765
3734.0 0.34290624145722304
3736.0 0.3430662095571556
3738.0 0.3431762460304447
3740.0 0.3432736238364319
3742.0 0.3431661830452994
3744.0 0.342913731854158
3746.0 0.34267355215050305
3748.0 0.3425175179389362
3750.0 0.34224296129522963
3752.0 0.3419870908952188
3754.0 0.3420125478503618
3756.0 0.34209422002691253
3758.0 0.3421213614862066
3760.0 0.3422880972404164
3762.0 0.3422951422454137
3764.0 0.34202887136075605
3766.0 0.3418038880059707
3768.0 0.3418324353294619
3770.0 0.3417891418645419
3772.0 0.3416792971570315
3774.0 0.3415796682172112
3776.0 0.3411069817592028
3778.0 0.3406826793819339
3780.0 0.34056548577483914
3782.0 0.3406096487302126
3784.0 0.3404193663735186
3786.0 0.3398796974999743
3788.0 0.3393706564512445
3790.0 0.33922905454039115
3792.0 0.33924750562931805
3794.0 0.3389946057962663
3796.0 0.338551609293418
3798.0 0.33828719241726907
3800.0 0.338177751954471
3802.0 0.33793330257101606
3804.0 0.3379459170638053
3806.0 0.3381104406590521
3808.0 0.33806955918050857
3810.0 0.3378207007921757
3812.0 0.3376864288817203
3814.0 0.33789452043699614
3816.0 0.33786019979619814
3818.0 0.3379221658786447
3820.0 0.3377426637514077
3822.0 0.3374125975310736
3824.0 0.3373874804835453
3826.0 0.33760483501961563
3828.0 0.33789247943560796
3830.0 0.33751925152876355
3832.0 0.3370560778358629
3834.0 0.33722997369439467
3836.0 0.33735738551620004
3838.0 0.33768067238138866
3840.0 0.33769928955461453
3842.0 0.3378361729651425
3844.0 0.33815111480696464
3846.0 0.3383241201151488
3848.0 0.3384773081128874
3850.0 0.33871921933384164
3852.0 0.3386032817295996
3854.0 0.3386873355370275
3856.0 0.3390213960177106
3858.0 0.33913836826135596
3860.0 0.33930327715588976
3862.0 0.33960393707502357
3864.0 0.3398516659524931
3866.0 0.3399776124506474
3868.0 0.3405299808908386
3870.0 0.3409837503763771
3872.0 0.34102335490020186
3874.0 0.34152466262331
3876.0 0.3417563712743892
3878.0 0.3420225319566339
3880.0 0.34222100551702983
3882.0 0.342267746456487
3884.0 0.34274257786164714
3886.0 0.3434627199100479
3888.0 0.34367249278463713
3890.0 0.3440835796626899
3892.0 0.3444640113888309
3894.0 0.344781667706631
3896.0 0.34525819318962025
3898.0 0.3456514581067547
3900.0 0.34599079454527404
3902.0 0.3460912333924739
3904.0 0.3458421889985494
3906.0 0.3460194548273523
3908.0 0.34619128254757886
3910.0 0.34635028776515625
3912.0 0.34631922053179265
3914.0 0.3462299689809384
3916.0 0.346187195323992
3918.0 0.34614813311583137
3920.0 0.3463864233214251
3922.0 0.3468314879800086
3924.0 0.3467552790801375
3926.0 0.34670957119299284
3928.0 0.3466759303602786
3930.0 0.34643791129689405
3932.0 0.34588838879799283
3934.0 0.34478371395540813
3936.0 0.344696706785357
3938.0 0.3455640242029077
3940.0 0.3454354311622753
3942.0 0.3457844632301073
3944.0 0.3456905602593335
3946.0 0.34556035365100946
3948.0 0.34574118367260964
3950.0 0.34534038660112415
3952.0 0.34487449346559346
3954.0 0.3448902820261878
3956.0 0.34484564574689647
3958.0 0.34487849856089203
3960.0 0.3449514348287567
3962.0 0.34494671443817615
3964.0 0.34503096193943034
3966.0 0.34502092003503726
3968.0 0.3444667787010072
3970.0 0.34417447188000916
3972.0 0.3443043697844795
3974.0 0.3445888664970512
3976.0 0.34497965767661365
3978.0 0.3444370962511918
3980.0 0.3444450428999402
3982.0 0.344435069053266
3984.0 0.34419447576600787
3986.0 0.3439195791538885
3988.0 0.34385435905131784
3990.0 0.3442074657442495
3992.0 0.34425497949624895
3994.0 0.34382917210221936
3996.0 0.3439793247477011
3998.0 0.3439779557035313
4000.0 0.3442273291433359
4002.0 0.3443260923268507
4004.0 0.3446826931890829
4006.0 0.3449113976723363
4008.0 0.3450077596202071
4010.0 0.3449466678656698
4012.0 0.3450924836779013
4014.0 0.34515620147880927
4016.0 0.34553620847997046
4018.0 0.3450695571404188
4020.0 0.34531014361564555
4022.0 0.3452507196137495
4024.0 0.3453880957555335
4026.0 0.34577674529607166
4028.0 0.34578672278784445
4030.0 0.34559619185077994
4032.0 0.34590445376825824
4034.0 0.34634556591948945
4036.0 0.34623044213927223
4038.0 0.3463139615982316
4040.0 0.34589845824904986
4042.0 0.34573154085436236
4044.0 0.3457413310785903
4046.0 0.3455851219831898
4048.0 0.34546182978650025
4050.0 0.34563187802248874
4052.0 0.3454792516543866
4054.0 0.34546278643471584
4056.0 0.3455333418755435
4058.0 0.34546710209434384
4060.0 0.34540280875825613
4062.0 0.3455135942913367
4064.0 0.3455928360239781
4066.0 0.18498517087712116
4068.0 0.2598806253895798
4070.0 0.30018609182973927
4072.0 0.3235180649570213
4074.0 0.33275772380755847
4076.0 0.33168039362807145
4078.0 0.337447476404197
4080.0 0.3661636531613339
4082.0 0.40065268408419064
4084.0 0.40907260763837827
4086.0 0.39530516839358787
4088.0 0.390071838242671
4090.0 0.3987283619070764
4092.0 0.403902334156099
4094.0 0.4030180694212192
4096.0 0.39833942932410477
4098.0 0.38784135133640574
4100.0 0.37801753698485907
4102.0 0.36712368714326077
4104.0 0.357525444729015
4106.0 0.3620097970024232
4108.0 0.37238431184604526
4110.0 0.3762594932363744
4112.0 0.37263708896648673
4114.0 0.369229358294742
4116.0 0.36124610157863746
4118.0 0.3552388711574722
4120.0 0.3543550384768178
4122.0 0.3564723985256324
4124.0 0.3560996301103896
4126.0 0.35369285348714163
4128.0 0.35064330176780084
4130.0 0.3477525067254366
4132.0 0.3433855421171097
4134.0 0.33656884766158557
4136.0 0.32974412373503625
4138.0 0.3276646211224809
4140.0 0.32518534718965436
4142.0 0.3217746360155094
4144.0 0.3184466492689168
4146.0 0.31595764266008325
4148.0 0.31354668940065605
4150.0 0.31222088426814826
4152.0 0.3131967231927349
4154.0 0.3135435631848789
4156.0 0.3145695642049668
4158.0 0.3154027410619323
4160.0 0.31394208821552344
4162.0 0.31128150475202254
4164.0 0.3102518797591714
4166.0 0.3101179927503942
4168.0 0.3110235889826092
4170.0 0.3124351784487648
4172.0 0.3142616155747204
4174.0 0.3182408534400563
4176.0 0.3231747747723091
4178.0 0.3264882152692818
4180.0 0.3285498754443237
4182.0 0.3288702606983934
4184.0 0.32832725804241064
4186.0 0.3268697898794389
4188.0 0.3250815181504545
4190.0 0.32432400773956216
4192.0 0.32356872553721366
4194.0 0.3222713980641528
4196.0 0.3195348969256829
4198.0 0.317283238684418
4200.0 0.3149391919959118
4202.0 0.31318439264699477
4204.0 0.31046318846121496
4206.0 0.3070975219880456
4208.0 0.30685000049935274
4210.0 0.3088282750625009
4212.0 0.30876298411687897
4214.0 0.3068557681681569
4216.0 0.30555667226243566
4218.0 0.30562866067916533
4220.0 0.3062047201530798
4222.0 0.3070866564396101
4224.0 0.30732442816417466
4226.0 0.30772453523773663
4228.0 0.3091811049549897
4230.0 0.3106378966834503
4232.0 0.31248123218550133
4234.0 0.3162315344743155
4236.0 0.3205506177264935
4238.0 0.32167340857574833
4240.0 0.31798283737411015
4242.0 0.31413753703367664
4244.0 0.31736056989477407
4246.0 0.3230950816172072
4248.0 0.3284064041669193
4250.0 0.3328221966686874
4252.0 0.33702903003657414
4254.0 0.339915468156294
4256.0 0.34164973832438605
4258.0 0.34378744636016534
4260.0 0.3459441289321399
4262.0 0.34884896934756815
4264.0 0.3515566060966077
4266.0 0.35367407335948475
4268.0 0.3542198055671021
4270.0 0.35496554416946186
4272.0 0.35641180152102786
4274.0 0.3591947025573762
4276.0 0.36291629341433046
4278.0 0.3666700175707692
4280.0 0.3691073785847485
4282.0 0.3702120132748777
4284.0 0.3695953399678894
4286.0 0.3684718516201623
4288.0 0.36644323703596277
4290.0 0.36368907824611507
4292.0 0.36205340043737266
4294.0 0.3618260393160969
4296.0 0.36112579569754905
4298.0 0.36160359241754936
4300.0 0.36285825271765826
4302.0 0.3644837151186927
4304.0 0.3650797859135509
4306.0 0.36532591463170416
4308.0 0.36530372021406005
4310.0 0.3662455953339692
4312.0 0.3685996042221038
4314.0 0.3698119715201328
4316.0 0.3688864176705897
4318.0 0.3685065132970149
4320.0 0.36842953785487786
4322.0 0.3685129415202642
4324.0 0.3680771965607301
4326.0 0.36674130701779584
4328.0 0.36787564127920597
4330.0 0.3705302300719786
4332.0 0.37351382810403416
4334.0 0.3754165444455124
4336.0 0.3745807752496635
4338.0 0.37134188083548036
4340.0 0.36825551404078305
4342.0 0.36771957113404113
4344.0 0.36878631934798345
4346.0 0.37160297716959995
4348.0 0.3731190073815835
4350.0 0.3721330432595934
4352.0 0.3702007518471173
4354.0 0.3697623671083399
4356.0 0.371251612679619
4358.0 0.3723990660418399
4360.0 0.37239534808963787
4362.0 0.37211718675924865
4364.0 0.36963178806386876
4366.0 0.3667482945810576
4368.0 0.3646506239390621
4370.0 0.36269086644326426
4372.0 0.3620811024404144
4374.0 0.36275696607680225
4376.0 0.3628727869466738
4378.0 0.3613409202406261
4380.0 0.3594144504172122
4382.0 0.35863950414578427
4384.0 0.35820180111107647
4386.0 0.35791315550600356
4388.0 0.3570713563895025
4390.0 0.356073109970209
4392.0 0.35518791031998564
4394.0 0.3546579112323603
4396.0 0.35471812012045506
4398.0 0.35461152424902254
4400.0 0.35453801377195987
4402.0 0.3547094785930578
4404.0 0.3551420110493717
4406.0 0.3561678518542292
4408.0 0.35775208428182564
4410.0 0.35864133423403216
4412.0 0.3576506132092422
4414.0 0.3559839006932726
4416.0 0.35289851975667424
4418.0 0.3491748468919658
4420.0 0.3466645861811991
4422.0 0.3463572871613661
4424.0 0.34680674119564026
4426.0 0.3486021057542132
4428.0 0.349386417488663
4430.0 0.3481970387802523
4432.0 0.34656244005656967
4434.0 0.3445725964731741
4436.0 0.3424528877238427
4438.0 0.3423028424034109
4440.0 0.3428259347246845
4442.0 0.3427135467551967
4444.0 0.3431390749717901
4446.0 0.34293771732056394
4448.0 0.342782282530066
4450.0 0.34265842545442515
4452.0 0.342129240225053
4454.0 0.34150724365210583
4456.0 0.34233718351780573
4458.0 0.34362761182171947
4460.0 0.34463787500033927
4462.0 0.3475357954202774
4464.0 0.3502330661285147
4466.0 0.3514551196468782
4468.0 0.35163365193231244
4470.0 0.3526413255265506
4472.0 0.3545476208755037
4474.0 0.3554327648746824
4476.0 0.35580396666528574
4478.0 0.35870079765308
4480.0 0.3628304081793471
4482.0 0.36636161273126244
4484.0 0.37010243119282304
4486.0 0.3745770640247519
4488.0 0.3805072083499845
4490.0 0.3870114519376338
4492.0 0.3923998121435542
4494.0 0.39691058987739947
4496.0 0.3998573620894198
4498.0 0.4026462704499196
4500.0 0.4070339120534285
4502.0 0.41057699004026577
4504.0 0.4138338695845615
4506.0 0.42036245233718056
4508.0 0.42745314758884995
4510.0 0.4322710793883803
4512.0 0.4369479629436638
4514.0 0.44345402359310043
4516.0 0.451530020613263
4518.0 0.4579496883314385
4520.0 0.4625674499244526
4522.0 0.4660576471126466
4524.0 0.47057404513867346
4526.0 0.47563878548048094
4528.0 0.4842386612480621
4530.0 0.4925302924558375
4532.0 0.4990016135516357
4534.0 0.5034446542115328
4536.0 0.5072793575850253
4538.0 0.5108018049666564
4540.0 0.5133643322212723
4542.0 0.5145420986393074
4544.0 0.5152623640034409
4546.0 0.5141593981167036
4548.0 0.5128935571472241
4550.0 0.5125344431799652
4552.0 0.5124760584565462
4554.0 0.5129484977742121
4556.0 0.5134800113506572
4558.0 0.5139827946077441
4560.0 0.5148920467640912
4562.0 0.5159604435296395
4564.0 0.5174112852024119
4566.0 0.5175473251213453
4568.0 0.5162905631175851
4570.0 0.5163773103443415
4572.0 0.5169643341215602
4574.0 0.5177506859186585
4576.0 0.5188941969271663
4578.0 0.5213571247101728
4580.0 0.5233155147894565
4582.0 0.5237971145558042
4584.0 0.5242616778790392
4586.0 0.5250594071459735
4588.0 0.5250982993488288
4590.0 0.5226264584705043
4592.0 0.5198752622896644
4594.0 0.5178913760146462
4596.0 0.5167655954317351
4598.0 0.5175141916860738
4600.0 0.518885629257533
4602.0 0.5190303039384845
4604.0 0.5185689568784084
4606.0 0.5187865193166077
4608.0 0.5194683541696483
4610.0 0.5205070361799957
4612.0 0.5229578535510276
4614.0 0.5252691426657138
4616.0 0.5251635287480713
4618.0 0.523807235312459
4620.0 0.5233598289359709
4622.0 0.5225987353983178
4624.0 0.5210120649489253
4626.0 0.518203814008845
4628.0 0.5150312964353206
4630.0 0.5122939010565197
4632.0 0.5099189270169002
4634.0 0.5088645768052011
4636.0 0.5083663282581983
4638.0 0.5052572315663252
4640.0 0.5003692399521071
4642.0 0.4948653650208948
4644.0 0.48911927718665693
4646.0 0.48315501534077737
4648.0 0.4771875329407105
4650.0 0.47266931506702664
4652.0 0.4682635721939658
4654.0 0.4641674300717839
4656.0 0.4601615633170056
4658.0 0.45588889062529053
4660.0 0.45124900108636334
4662.0 0.44541128353358367
4664.0 0.4379176634221008
4666.0 0.42965943599768264
4668.0 0.423515702529542
4670.0 0.4182431312127779
4672.0 0.413293395223118
4674.0 0.40940759993703124
4676.0 0.40614299035793167
4678.0 0.4037535187391224
4680.0 0.401907263300729
4682.0 0.4007353295992966
4684.0 0.400491135841066
4686.0 0.40066057008711187
4688.0 0.40115022316595794
4690.0 0.40163646071397335
4692.0 0.4013454162363212
4694.0 0.40056045167925736
4696.0 0.3980463090489464
4698.0 0.3948642806805164
4700.0 0.39230577233199443
4702.0 0.39067333656372927
4704.0 0.3886014232143758
4706.0 0.3855297270244487
4708.0 0.3822850999034575
4710.0 0.3792518767088592
4712.0 0.37655510484475313
4714.0 0.3733864934039237
4716.0 0.3699540388696668
4718.0 0.3663610345650536
4720.0 0.3634973769316987
4722.0 0.36044588263213506
4724.0 0.35732493495192574
4726.0 0.3546141608406194
4728.0 0.3527954804555373
4730.0 0.3505518909593262
4732.0 0.3474772149960232
4734.0 0.34409562559993095
4736.0 0.3421281413184671
4738.0 0.3412622881208869
4740.0 0.3412116460422202
4742.0 0.3410788481821455
4744.0 0.3412515627175908
4746.0 0.34248859461375086
4748.0 0.34427068788248827
4750.0 0.3469661105703665
4752.0 0.35004978168183576
4754.0 0.3547400975933431
4756.0 0.36025223529806466
4758.0 0.3651938839732459
4760.0 0.36920813346641085
4762.0 0.3739257885728143
4764.0 0.3792976360494524
4766.0 0.3836484541957741
4768.0 0.38759109793758195
4770.0 0.39325837011178405
4772.0 0.399549588241907
4774.0 0.4052331323792388
4776.0 0.4111105604464191
4778.0 0.4171723492207802
4780.0 0.4227668304228272
4782.0 0.4292377269650453
4784.0 0.43839916330627826
4786.0 0.4491810039094532
4788.0 0.45765941046230996
4790.0 0.46305052993274287
4792.0 0.4688066655495449
4794.0 0.4754393908810053
4796.0 0.4820833235466886
4798.0 0.48902014536369026
4800.0 0.4959790533254967
4802.0 0.5007081550363309
4804.0 0.504738015912142
4806.0 0.5086762317674496
4808.0 0.5124315290633051
4810.0 0.5158508428562838
4812.0 0.5196614655915351
4814.0 0.5234969651976974
4816.0 0.5271405923010544
4818.0 0.5302052461602261
4820.0 0.5315650023139461
4822.0 0.5320705457678174
4824.0 0.5316027913196123
4826.0 0.5303548323244579
4828.0 0.5294123951223465
4830.0 0.5289374593430843
4832.0 0.5282258982475824
4834.0 0.5282965699952448
4836.0 0.528322201126805
4838.0 0.5280092707718291
4840.0 0.5277264290898787
4842.0 0.5280837885289119
4844.0 0.5288850074189141
4846.0 0.5302551033197724
4848.0 0.5315978501370431
4850.0 0.5329680698856091
4852.0 0.5342832900197556
4854.0 0.5356393146500125
4856.0 0.5370473093176347
4858.0 0.5384741922274957
4860.0 0.5402196885182229
4862.0 0.5420252625932337
4864.0 0.5438929067133292
4866.0 0.5466269534729178
4868.0 0.5502904298538395
4870.0 0.5524484399249615
4872.0 0.5556514138903883
4874.0 0.5597250721900044
4876.0 0.5628008684896202
4878.0 0.5651856038925851
4880.0 0.5672277415918477
4882.0 0.5675702964855007
4884.0 0.5668604068737279
4886.0 0.5660764074099818
4888.0 0.5657528062851129
4890.0 0.5654263156018365
4892.0 0.5637795032770729
4894.0 0.5613864954107587
4896.0 0.5568520787661343
4898.0 0.5523339244066975
4900.0 0.5487192106406952
4902.0 0.5453499856391035
4904.0 0.5408870774568736
4906.0 0.53609816460594
4908.0 0.5317571712711373
4910.0 0.5273926771590887
4912.0 0.5227058369842964
4914.0 0.5177519674956652
4916.0 0.5122111877419271
4918.0 0.5061950591910133
4920.0 0.4999773905986385
4922.0 0.49492442565004846
4924.0 0.4895757654986219
4926.0 0.4851941806625878
4928.0 0.4815621478268101
4930.0 0.4793477897820211
4932.0 0.4775283733801426
4934.0 0.4768070299025871
4936.0 0.48025591960287106
4938.0 0.4832385588005849
4940.0 0.4860272437678832
4942.0 0.4892287778603441
4944.0 0.4931175779247134
4946.0 0.4971225041703038
4948.0 0.5011836535559829
4950.0 0.5055621751672993
4952.0 0.5096465390883178
4954.0 0.513694538343615
4956.0 0.5177546896970542
4958.0 0.5219211441018983
4960.0 0.5258534306389503
4962.0 0.5293890293464827
4964.0 0.5329317931890322
4966.0 0.5367598988113367
4968.0 0.5427561951179338
4970.0 0.5482721074533033
4972.0 0.5530655361501186
4974.0 0.5568733757007999
4976.0 0.5602655945507754
4978.0 0.563090638729347
4980.0 0.5653345436841173
4982.0 0.5676832418052161
4984.0 0.5685233634380903
4986.0 0.568311959486109
4988.0 0.5664423864375565
4990.0 0.5636440892699647
4992.0 0.5607481086386537
4994.0 0.5577699875776002
4996.0 0.5540701836192174
4998.0 0.5505656909499435
5000.0 0.547159010754183
5002.0 0.5436710794462863
5004.0 0.5402148852725802
5006.0 0.5364293084016432
5008.0 0.5325318393683833
5010.0 0.5285299481004422
5012.0 0.524605103566932
5014.0 0.5207710295625165
5016.0 0.5168441191218267
5018.0 0.5124890899211954
5020.0 0.5077206744060397
5022.0 0.5030026740375213
5024.0 0.4989190064659883
5026.0 0.4946229681296684
5028.0 0.4896424195567523
5030.0 0.4852264569526557
5032.0 0.48015960146568804
5034.0 0.4739030910279069
5036.0 0.46682748289509984
5038.0 0.4599836623085259
5040.0 0.4544324755250242
5042.0 0.45036475839773465
5044.0 0.44582771533067433
5046.0 0.43847918394281216
5048.0 0.430400811649322
5050.0 0.42410872043825254
5052.0 0.41902718419617985
5054.0 0.41350848201487994
5056.0 0.4087675009103193
5058.0 0.404009993048228
5060.0 0.400056544273841
5062.0 0.3963214808419998
5064.0 0.39332619402876706
5066.0 0.3905087228360016
5068.0 0.3884970881676711
5070.0 0.3866801422589369
5072.0 0.38495317633565407
5074.0 0.3842575289153609
5076.0 0.3839707950240779
5078.0 0.38337414218451804
5080.0 0.38343379298345315
5082.0 0.38537954660105384
5084.0 0.3876155710513475
5086.0 0.39098448841778927
5088.0 0.39418666483085446
5090.0 0.3965092348318536
5092.0 0.3991069612516904
5094.0 0.4021574275630424
5096.0 0.4052476563955615
5098.0 0.4088818656182513
5100.0 0.4138164922357629
5102.0 0.41845284871816674
5104.0 0.42368788079129144
5106.0 0.4294406206329824
5108.0 0.4348459420257304
5110.0 0.43973690409879546
5112.0 0.44451741202194534
5114.0 0.44963451160436024
5116.0 0.45468643310797385
5118.0 0.46090149395002333
5120.0 0.466815667635858
5122.0 0.4709432139992298
5124.0 0.47439203760122656
5126.0 0.4772801112252858
5128.0 0.4801959448533439
5130.0 0.4833638485486364
5132.0 0.4870688747835757
5134.0 0.48994361489824517
5136.0 0.49192855428934024
5138.0 0.4939637389545546
5140.0 0.49617490266739034
5142.0 0.497822072725278
5144.0 0.49852035039428316
5146.0 0.4991478618594
5148.0 0.498023235329757
5150.0 0.4964804448440074
5152.0 0.4958531843425083
5154.0 0.49609789766945617
5156.0 0.4977465675516306
5158.0 0.49956555665907554
5160.0 0.5006073305614707
5162.0 0.5011316763980043
5164.0 0.5014830827305482
5166.0 0.5028934623850423
5168.0 0.505158636357056
5170.0 0.5061534525405716
5172.0 0.506111798353366
5174.0 0.50556536552278
5176.0 0.5050055451730583
5178.0 0.5039441261488526
5180.0 0.5036664968203665
5182.0 0.5034222227484685
5184.0 0.501364079880037
5186.0 0.4999135751692244
5188.0 0.499162669894066
5190.0 0.4990199527001252
5192.0 0.49890301544108523
5194.0 0.49814688507031657
5196.0 0.49697402665910856
5198.0 0.49613382839514697
5200.0 0.4960786774453324
5202.0 0.4974843376912503
5204.0 0.49937444450758856
5206.0 0.5008745484265323
5208.0 0.5016017076199085
5210.0 0.5021954148722074
5212.0 0.5032789416110652
5214.0 0.503895189190177
5216.0 0.50445314293858
5218.0 0.5056166150116315
5220.0 0.5058127410705562
5222.0 0.5049418284391102
5224.0 0.5037833234256424
5226.0 0.503184394525265
5228.0 0.5028030438213202
5230.0 0.5021249382777209
5232.0 0.5009185092559678
5234.0 0.5000368279731939
5236.0 0.4997034658335389
5238.0 0.49944476302819074
5240.0 0.49968707527551864
5242.0 0.5013618788432702
5244.0 0.5037771368697325
5246.0 0.5057699253344845
5248.0 0.5066347816391378
5250.0 0.5074270157956673
5252.0 0.5083838503015705
5254.0 0.5105976662915834
5256.0 0.5146949378192951
5258.0 0.5175786949057409
5260.0 0.5193369660223688
5262.0 0.520482453448587
5264.0 0.5219514326333213
5266.0 0.5234004824752924
5268.0 0.525892925390471
5270.0 0.5289847066515906
5272.0 0.532025967360383
5274.0 0.5349183365677361
5276.0 0.5371946924563293
5278.0 0.539003704411384
5280.0 0.5399207442067497
5282.0 0.5395629939451586
5284.0 0.5398456668452307
5286.0 0.5398543323483099
5288.0 0.5396306588385946
5290.0 0.5404710950354406
5292.0 0.5421590972460987
5294.0 0.5435947527487588
5296.0 0.5445537777670547
5298.0 0.5450949719481699
5300.0 0.5454784166101307
5302.0 0.546638375196713
5304.0 0.5482732319766531
5306.0 0.549272839156486
5308.0 0.5491361093396493
5310.0 0.5489193996656155
5312.0 0.5485440407663842
5314.0 0.5482521853801817
5316.0 0.5484254114191591
5318.0 0.5488089996482716
5320.0 0.5490654205984491
5322.0 0.5486983477413633
5324.0 0.5476090146677155
5326.0 0.5460354225590146
5328.0 0.5452444689579762
5330.0 0.5454092353500448
5332.0 0.5457650600141886
5334.0 0.5445321838397029
5336.0 0.5426390414607907
5338.0 0.54134672635023
5340.0 0.5402844305591367
5342.0 0.5399373638336576
5344.0 0.5402325553869868
5346.0 0.5397297275011742
5348.0 0.5391814107597327
5350.0 0.5389722290567928
5352.0 0.5397606168675253
5354.0 0.5408653731150395
5356.0 0.5413592920025398
5358.0 0.5414184464910217
5360.0 0.5417107805793633
5362.0 0.542706808962216
5364.0 0.5444331164780412
5366.0 0.5465630438002665
5368.0 0.548117450813818
5370.0 0.5491244585271893
5372.0 0.549852991176876
5374.0 0.5499680239370597
5376.0 0.55017884005272
5378.0 0.5511789376177927
5380.0 0.5527157428778923
5382.0 0.5531938662312366
5384.0 0.5516423903985666
5386.0 0.5502089840142904
5388.0 0.5495603260121278
5390.0 0.5480130979732646
5392.0 0.5457554457644094
5394.0 0.5437959098970843
5396.0 0.5419579398554628
5398.0 0.5400674390489258
5400.0 0.5385272770826202
5402.0 0.5369846579200798
5404.0 0.5352985333104282
5406.0 0.5332626516164644
5408.0 0.5311918759448009
5410.0 0.5296979156413858
5412.0 0.5282543265747255
5414.0 0.5263963057013655
5416.0 0.5245360376482053
5418.0 0.523553547249936
5420.0 0.5228564636476638
5422.0 0.5216233494830624
5424.0 0.5196930041900113
5426.0 0.5177318945681141
5428.0 0.5157245593866189
5430.0 0.5143136554381464
5432.0 0.5126147313757358
5434.0 0.5106828487048024
5436.0 0.5092067653590192
5438.0 0.5078834277083054
5440.0 0.5072558085606594
5442.0 0.5071447705509697
5444.0 0.5067699010993497
5446.0 0.5055156199704833
5448.0 0.5044410956235763
5450.0 0.5039785806572757
5452.0 0.5041211369385253
5454.0 0.5057520106984607
5456.0 0.5079373268426469
5458.0 0.5105105326177503
5460.0 0.5130599794917223
5462.0 0.5159338259232111
5464.0 0.5193344116235933
5466.0 0.5227127541995984
5468.0 0.5259370406318108
5470.0 0.5292294171348413
5472.0 0.533407258364458
5474.0 0.5374235183617965
5476.0 0.5406181680339709
5478.0 0.5429378075777923
5480.0 0.5440900231453727
5482.0 0.5444864225360015
5484.0 0.5452331560140752
5486.0 0.5459832382812958
5488.0 0.5466146907253089
5490.0 0.5466937983442575
5492.0 0.5466100859137936
5494.0 0.5469107844330622
5496.0 0.5471788094885811
5498.0 0.5465351660433374
5500.0 0.5456761764918526
5502.0 0.5448575417826969
5504.0 0.5434973257752791
5506.0 0.5413960796860404
5508.0 0.5389951568292549
5510.0 0.5364843333890703
5512.0 0.5345806425752686
5514.0 0.5331261707956106
5516.0 0.531545994665807
5518.0 0.5296771749972714
5520.0 0.527639023029869
5522.0 0.5254388582648497
5524.0 0.5229607373030164
5526.0 0.5201626211281818
5528.0 0.5175120603929115
5530.0 0.5152286350152503
5532.0 0.5132760505552976
5534.0 0.5115383858597066
5536.0 0.5095781291896264
5538.0 0.507570025968039
5540.0 0.5055484721753434
5542.0 0.5026982118889153
5544.0 0.499267050119601
5546.0 0.4965726603961363
5548.0 0.4950384709101607
5550.0 0.4933701367813804
5552.0 0.49075914548061805
5554.0 0.48776632680529175
5556.0 0.48539139497580225
5558.0 0.4831309872821276
5560.0 0.4800831787830402
5562.0 0.4769051220978226
5564.0 0.47422290441708487
5566.0 0.47099145615012616
5568.0 0.4680907027131332
5570.0 0.466118356843548
5572.0 0.4646760097417975
5574.0 0.46310202648754917
5576.0 0.461724762368576
5578.0 0.4618187737240613
5580.0 0.46214215503104666
5582.0 0.46327510275866757
5584.0 0.46485068983122274
5586.0 0.4663515717020212
5588.0 0.4680371439980761
5590.0 0.46962320595846385
5592.0 0.47146552156466864
5594.0 0.4736125332625716
5596.0 0.476464097871962
5598.0 0.478909537662419
5600.0 0.4812344742239876
5602.0 0.4835556689058999
5604.0 0.48572596705565346
5606.0 0.48837991364286476
5608.0 0.49165939346502485
5610.0 0.4947523684857532
5612.0 0.4968918166024382
5614.0 0.49783815899129413
5616.0 0.4983164963456191
5618.0 0.49782126284207057
5620.0 0.49731425684561653
5622.0 0.4976114437974446
5624.0 0.49844043432244783
5626.0 0.4987729121171633
5628.0 0.4987908739976826
5630.0 0.4980692395155424
5632.0 0.4956394957358791
5634.0 0.4940643235691965
5636.0 0.49377052833747814
5638.0 0.4927068240643501
5640.0 0.4905589806729238
5642.0 0.4885046553171125
5644.0 0.4851442240971318
5646.0 0.48151198496207154
5648.0 0.47908890687453115
5650.0 0.47737421204169894
5652.0 0.47525601051515276
5654.0 0.47285817598881635
5656.0 0.4701893845293517
5658.0 0.4671758590134439
5660.0 0.4644268630534458
5662.0 0.46292476971524976
5664.0 0.4616455310593584
5666.0 0.4607590791306978
5668.0 0.4609901201961361
5670.0 0.46233906699915817
5672.0 0.46454758259016943
5674.0 0.4658059851769891
5676.0 0.46492355641547134
5678.0 0.46400722102552794
5680.0 0.4631436709930772
5682.0 0.4621631154982403
5684.0 0.46179110421765573
5686.0 0.4619466598657978
5688.0 0.46179981131679937
5690.0 0.4609883744739019
5692.0 0.4604255446056892
5694.0 0.46054833333587863
5696.0 0.4595482384050788
5698.0 0.45639581104490856
5700.0 0.4529653582180273
5702.0 0.4497105100834683
5704.0 0.4464817603740361
5706.0 0.4434452040562425
5708.0 0.4403115263182627
5710.0 0.43659689890727377
5712.0 0.4322603160495827
5714.0 0.42825914107374935
5716.0 0.4245812655696096
5718.0 0.4208068402057952
5720.0 0.41719552780910174
5722.0 0.41348078845356706
5724.0 0.4096296934442517
5726.0 0.4053007375202537
5728.0 0.40184654599633296
5730.0 0.3986647621001298
5732.0 0.3952162878864149
5734.0 0.39117725373663514
5736.0 0.3877619652095987
5738.0 0.3850017905708225
5740.0 0.38256132928629694
5742.0 0.3791932132963111
5744.0 0.3754278266924785
5746.0 0.37261708334232874
5748.0 0.37029587259260394
5750.0 0.3683398646588082
5752.0 0.3665521505640524
5754.0 0.3650490651125633
5756.0 0.36386002357115216
5758.0 0.36302710856885684
5760.0 0.3624335218718716
5762.0 0.36175383674968226
5764.0 0.36263522142504817
5766.0 0.36413830307947825
5768.0 0.36545205724308905
5770.0 0.36621901296866527
5772.0 0.3668530805267665
5774.0 0.3680956474464647
5776.0 0.3699116306547895
5778.0 0.3719120035755055
5780.0 0.3740820405092052
5782.0 0.3765401615644445
5784.0 0.3793777014986213
5786.0 0.3826936425646382
5788.0 0.3857852349233074
5790.0 0.3892164618395698
5792.0 0.39273441714475227
5794.0 0.3968262098255926
5796.0 0.40158681859335893
5798.0 0.40624582455844116
5800.0 0.41126236453539167
5802.0 0.4168155546044601
5804.0 0.4242603890671699
5806.0 0.4315603376994022
5808.0 0.439255145926091
5810.0 0.4474182993577486
5812.0 0.45609577310796495
5814.0 0.46383102907724827
5816.0 0.4716218210176956
5818.0 0.47931539702086406
5820.0 0.48749323794401506
5822.0 0.49533910803117287
5824.0 0.5031085473343391
5826.0 0.5104302486745331
5828.0 0.517505503459651
5830.0 0.52461694607553
5832.0 0.5311202104465184
5834.0 0.5366414781128093
5836.0 0.5414317730638383
5838.0 0.5461895876758267
5840.0 0.548184539847489
5842.0 0.5496022817809381
5844.0 0.5508423914956957
5846.0 0.5524644985052658
5848.0 0.5556577858316202
5850.0 0.5594720220420483
5852.0 0.5626887524184706
5854.0 0.5653857028272158
5856.0 0.5668469483624005
5858.0 0.5661929827302192
5860.0 0.5645987204912394
5862.0 0.5604108475934003
5864.0 0.5557771994766454
5866.0 0.5499225455685195
5868.0 0.5435391694782974
5870.0 0.5396845408670413
5872.0 0.5380444420618821
5874.0 0.5388874014677856
5876.0 0.540205710447019
5878.0 0.5418038980493792
5880.0 0.5437055111720946
5882.0 0.5448885217818225
5884.0 0.5455072670021561
5886.0 0.5461163531831295
5888.0 0.5467650810938602
5890.0 0.5474049558852284
5892.0 0.5480113824227294
5894.0 0.548624601693277
5896.0 0.5489322243434882
5898.0 0.549027991574197
5900.0 0.5492861726475426
5902.0 0.549766051366272
5904.0 0.5499789763305359
5906.0 0.5497595709081327
5908.0 0.5494638820899201
5910.0 0.5490845575393439
5912.0 0.5484041432782519
5914.0 0.5469657737246627
5916.0 0.5445995126665705
5918.0 0.5424727015110843
5920.0 0.5410172433697026
5922.0 0.5397317917373964
5924.0 0.5376945949763429
5926.0 0.5356429326707501
5928.0 0.534301778706015
5930.0 0.5328207544706438
5932.0 0.5313520439656617
5934.0 0.5303639676806235
5936.0 0.5291174144323828
5938.0 0.5272244255723233
5940.0 0.5252775868133999
5942.0 0.5243594631569849
5944.0 0.5239860216826651
5946.0 0.523764403229144
5948.0 0.5234251844958453
5950.0 0.5221324819978163
5952.0 0.5204983183206271
5954.0 0.51847672500604
5956.0 0.5164999218362559
5958.0 0.514816252647518
5960.0 0.513624776827642
5962.0 0.5127747095381716
5964.0 0.5126206574395359
5966.0 0.5122381654318949
5968.0 0.5112837532498004
5970.0 0.5101125631428544
5972.0 0.5085369489704279
5974.0 0.5069093897483331
5976.0 0.5053645078025658
5978.0 0.5041995333918959
5980.0 0.5032267458622477
5982.0 0.5015645557725544
5984.0 0.499569313720321
5986.0 0.4977206767935421
5988.0 0.4965601013535185
5990.0 0.4964904324244492
5992.0 0.4965878311457596
5994.0 0.49645153186424035
5996.0 0.49620902584063953
5998.0 0.4953337758768672
6000.0 0.4942197582393999
6002.0 0.4935295798467736
6004.0 0.4932331247730828
6006.0 0.4929701718854145
6008.0 0.49257297290421076
6010.0 0.4918151433659428
6012.0 0.4908855897093947
6014.0 0.49006313788024397
6016.0 0.48998540322670414
6018.0 0.4903839445084195
6020.0 0.49039694972282316
6022.0 0.48989453732854277
6024.0 0.4891230182939704
6026.0 0.48716771717800145
6028.0 0.4851069122668736
6030.0 0.48407694077011976
6032.0 0.48349144117251447
6034.0 0.4830590135973831
6036.0 0.4826703786753139
6038.0 0.48226464124336277
6040.0 0.4814972117109047
6042.0 0.4804986237706574
6044.0 0.4791603272662686
6046.0 0.4781338997137975
6048.0 0.47675364886538657
6050.0 0.4754559600187021
6052.0 0.4743828653786407
6054.0 0.473397043032314
6056.0 0.47302481316220624
6058.0 0.4729970768210457
6060.0 0.4734414953556292
6062.0 0.4744105574437471
6064.0 0.4757352179526244
6066.0 0.4767300652386019
6068.0 0.4772538399570667
6070.0 0.4785371451089514
6072.0 0.4796573945681143
6074.0 0.48020105561391974
6076.0 0.4811336286805848
6078.0 0.4831203880116131
6080.0 0.4858593650953541
6082.0 0.4880828886898604
6084.0 0.4896734621669659
6086.0 0.4912052685292037
6088.0 0.4922727716978598
6090.0 0.4930790165787511
6092.0 0.49449218212531887
6094.0 0.4962824557949112
6096.0 0.4973098984812016
6098.0 0.4977342852386862
6100.0 0.4979407527916054
6102.0 0.49803654734825503
6104.0 0.4978227083463131
6106.0 0.49723015274907273
6108.0 0.4969058333506281
6110.0 0.49698661156997903
6112.0 0.497007521741383
6114.0 0.49642623299448146
6116.0 0.49575018530124415
6118.0 0.49531183332832096
6120.0 0.49502904418971
6122.0 0.4941510174722837
6124.0 0.492806672091199
6126.0 0.4912116252074724
6128.0 0.48936942243816983
6130.0 0.4875808568994419
6132.0 0.485700270888491
6134.0 0.4839117923973248
6136.0 0.4814916192545171
6138.0 0.4785696282758004
6140.0 0.4757405097896788
6142.0 0.4734631508232369
6144.0 0.4713761545141847
6146.0 0.46925085939049144
6148.0 0.46714504267378076
6150.0 0.4665240909913512
6152.0 0.46630260178524235
6154.0 0.4663349548028863
6156.0 0.4664345085933852
6158.0 0.4665393206931701
6160.0 0.4663644332609502
6162.0 0.46703763424094735
6164.0 0.46895135082186806
6166.0 0.47114954904976386
6168.0 0.4730565856332313
6170.0 0.4749048314916312
6172.0 0.47708091420336807
6174.0 0.47950381757983773
6176.0 0.48022852180331643
6178.0 0.48038386136819444
6180.0 0.4810577390930392
6182.0 0.4821197563229842
6184.0 0.4833494448963969
6186.0 0.4849923211152239
6188.0 0.4863526784629133
6190.0 0.4873350482442605
6192.0 0.48820301851943626
6194.0 0.4889588695813575
6196.0 0.49006665112359643
6198.0 0.49157436815778716
6200.0 0.4926323838615577
6202.0 0.4926529009294206
6204.0 0.49245166407119056
6206.0 0.4923968077588258
6208.0 0.49219035196594024
6210.0 0.49180672073584075
6212.0 0.49176687492717125
6214.0 0.49165412042275874
6216.0 0.49033279499110727
6218.0 0.48880684215589065
6220.0 0.48784504097965437
6222.0 0.4874765425014998
6224.0 0.4872186321243694
6226.0 0.4864836713519568
6228.0 0.4858874215097234
6230.0 0.4864559149428611
6232.0 0.48671382032955146
6234.0 0.48479695453599125
6236.0 0.48279168518492754
6238.0 0.48067503666931655
6240.0 0.47875640295197947
6242.0 0.47700221031184
6244.0 0.4747044936789107
6246.0 0.47219987618357373
6248.0 0.46978367577693836
6250.0 0.46750741964073067
6252.0 0.4646399042957462
6254.0 0.46151864746723453
6256.0 0.45787380413754053
6258.0 0.4542167631655814
6260.0 0.451207494776867
6262.0 0.4490139263007888
6264.0 0.4480686508672107
6266.0 0.44827175287766313
6268.0 0.44806203766079444
6270.0 0.4468565754132251
6272.0 0.445085456716888
6274.0 0.4429395673554529
6276.0 0.4403279491110257
6278.0 0.4376169720624084
6280.0 0.4349985820962686
6282.0 0.43117847942106147
6284.0 0.42668023246985254
6286.0 0.4213027976783765
6288.0 0.41566099886909963
6290.0 0.4095748347112982
6292.0 0.40399612145464814
6294.0 0.39824729175846174
6296.0 0.3913721691489326
6298.0 0.3841315271981489
6300.0 0.37672132273241504
6302.0 0.3694289249393388
6304.0 0.3625157482398678
6306.0 0.35633771735494385
6308.0 0.3505259070383847
6310.0 0.34490956641013076
6312.0 0.33919180083724443
6314.0 0.3344627120679556
6316.0 0.32971930444538566
6318.0 0.32612969447091605
6320.0 0.3230037966750314
6322.0 0.3209347364656365
6324.0 0.31958751936161717
6326.0 0.31888560844446034
6328.0 0.3183498536745427
6330.0 0.3176818495371975
6332.0 0.3167782716116054
6334.0 0.3161119352474626
6336.0 0.31551241830232557
6338.0 0.31470691946939966
6340.0 0.31395639618810806
6342.0 0.31281902959533586
6344.0 0.3113103579733012
6346.0 0.30965952565779353
6348.0 0.30849283948175615
6350.0 0.30786655928504736
6352.0 0.3073727369589376
6354.0 0.30643026195893286
6356.0 0.3050629051528071
6358.0 0.3036700909989527
6360.0 0.3025401824495066
6362.0 0.30233001233062534
6364.0 0.30267598106579174
6366.0 0.3036918199380227
6368.0 0.3050126627708043
6370.0 0.3065316619343554
6372.0 0.30822607379539496
6374.0 0.31005004071679093
6376.0 0.3125107635577279
6378.0 0.31521156386890864
6380.0 0.318050239155424
6382.0 0.3209651922681667
6384.0 0.32429838851637105
6386.0 0.32791164501946884
6388.0 0.33166251058394236
6390.0 0.3359051078115284
6392.0 0.3406713138085373
6394.0 0.3458049722718603
6396.0 0.35113953872066783
6398.0 0.35755929515206303
6400.0 0.364320274555004
6402.0 0.3726218707275465
6404.0 0.3812445880576995
6406.0 0.3902804349535295
6408.0 0.39914263948364587
6410.0 0.40825598153279963
6412.0 0.4176132652925462
6414.0 0.42674750453206256
6416.0 0.4359789536270422
6418.0 0.4455971853172131
6420.0 0.45459328475699246
6422.0 0.46377367367734135
6424.0 0.47433612277386134
6426.0 0.4844709549997494
6428.0 0.4944826398256583
6430.0 0.5045281680728999
6432.0 0.5154797235771611
6434.0 0.5280151135498142
6436.0 0.540842452976149
6438.0 0.5545515693094601
6440.0 0.5684062222872542
6442.0 0.5826331649688854
6444.0 0.5967163014955372
6446.0 0.6111822283153278
6448.0 0.6259172737192169
6450.0 0.6420190821036676
6452.0 0.6575284343607136
6454.0 0.6728083283599949
6456.0 0.6884919491430082
6458.0 0.7058789580545485
6460.0 0.7223686304875511
6462.0 0.7385490220260273
6464.0 0.7553470513756999
6466.0 0.7732628788535807
6468.0 0.7913264420398816
6470.0 0.8087996949802028
6472.0 0.8261428758846241
6474.0 0.8441666306391146
6476.0 0.8628509281685826
6478.0 0.878262479211101
6480.0 0.8932993310456387
6482.0 0.9074975608947854
6484.0 0.9224218583846603
6486.0 0.9343694258507963
6488.0 0.945619277130646
6490.0 0.9550092557918538
6492.0 0.9632097435528297
6494.0 0.9703435105399787
6496.0 0.9753894961460949
6498.0 0.9799816707495612
6500.0 0.9843832361817493
6502.0 0.9889985456874776
6504.0 0.9917568013858001
6506.0 0.9940181075137848
6508.0 0.995455647057067
6510.0 0.9967034476255182
6512.0 0.9977657792781032
6514.0 0.9989447527840021
6516.0 0.9997013724079856
6518.0 1.0
6520.0 0.9998397308636131
6522.0 0.9986456782869926
6524.0 0.9969911973650485
6526.0 0.9955218168252802
6528.0 0.9942788956596562
6530.0 0.9935724974519021
6532.0 0.9932752291441461
6534.0 0.991801930384448
6536.0 0.988072538405975
6538.0 0.9839513596163232
6540.0 0.9782564434502009
6542.0 0.9719359200936524
6544.0 0.9628504858252434
6546.0 0.9534687815000922
6548.0 0.9440164887934863
6550.0 0.9344766404670043
6552.0 0.9249220227861591
6554.0 0.9152917239019881
6556.0 0.906131130293214
6558.0 0.8969487981966469
6560.0 0.887700280306555
6562.0 0.8778625092249608
6564.0 0.8685485459830229
6566.0 0.8594181448334691
6568.0 0.8502870976838917
6570.0 0.8403713219913791
6572.0 0.8310743584219258
6574.0 0.8222673892633026
6576.0 0.8135651631707018
6578.0 0.8044877587934157
6580.0 0.7954945093696233
6582.0 0.7872895101104487
6584.0 0.7794008734631254
6586.0 0.7718565798431902
6588.0 0.7637223224490491
6590.0 0.7556962300859745
6592.0 0.7480550461052653
6594.0 0.7409071238884756
6596.0 0.733075155010866
6598.0 0.7254535605196994
6600.0 0.717646116586819
6602.0 0.7094939004841684
6604.0 0.701266985936678
6606.0 0.6950785100701892
6608.0 0.6898291441446374
6610.0 0.6849627167673166
6612.0 0.6800199098631358
6614.0 0.6738518281296216
6616.0 0.6673418987186729
6618.0 0.6609682959914278
6620.0 0.6550056112531607
6622.0 0.6490375479384771
6624.0 0.643850322597768
6626.0 0.6389074335789557
6628.0 0.6339443095123488
6630.0 0.6283403769961557
6632.0 0.6231569950069274
6634.0 0.618475635126408
6636.0 0.6140916156655543
6638.0 0.6100290941328319
6640.0 0.6059225541924477
6642.0 0.6015215557711809
6644.0 0.5968211235133353
6646.0 0.5925610554417768
6648.0 0.5882361618925953
6650.0 0.5840905195381922
6652.0 0.5800057609739695
6654.0 0.5759834241939709
6656.0 0.5716712108721375
6658.0 0.5675653863370025
6660.0 0.5635447137925305
6662.0 0.559514985998379
6664.0 0.5549313025436586
6666.0 0.5504862094783278
6668.0 0.5465281966486125
6670.0 0.5428175855941904
6672.0 0.5396108103033095
6674.0 0.5366038203314175
6676.0 0.5338228259164254
6678.0 0.5310314694228735
6680.0 0.5284633906980063
6682.0 0.52626708706466
6684.0 0.5242396771156185
6686.0 0.5223982637435555
6688.0 0.5205764784711981
6690.0 0.5183089098193651
6692.0 0.5160174391198734
6694.0 0.5139825946722525
6696.0 0.5117470705188233
6698.0 0.5095202804636577
6700.0 0.5069294024006141
6702.0 0.5043078278970828
6704.0 0.502210367929488
6706.0 0.5004182031458755
6708.0 0.49828786281159204
6710.0 0.49613317240621896
6712.0 0.4941017893115498
6714.0 0.4919249551832484
6716.0 0.48968123164686567
6718.0 0.4878801915132568
6720.0 0.4863209523080681
6722.0 0.48488306735152703
6724.0 0.48352075201516515
6726.0 0.48192107664496336
6728.0 0.48043330813809726
6730.0 0.479181358918938
6732.0 0.4779288997968675
6734.0 0.47637501382124586
6736.0 0.4747868667086428
6738.0 0.4733222915906043
6740.0 0.47206921030965543
6742.0 0.47097402954185197
6744.0 0.47003472584892125
6746.0 0.46916894888006194
6748.0 0.4684085470900076
6750.0 0.4676915521060589
6752.0 0.4668465786112913
6754.0 0.46600801416753124
6756.0 0.4652054646750756
6758.0 0.46413478590486434
6760.0 0.4629911982872938
6762.0 0.4623879886652083
6764.0 0.4617331575322002
6766.0 0.4609489092401893
6768.0 0.4602418136328638
6770.0 0.45969822939561517
6772.0 0.459147717679912
6774.0 0.45854743559059885
6776.0 0.4579346609136916
6778.0 0.45734743397017663
6780.0 0.45675674112397974
6782.0 0.4561439591740601
6784.0 0.4555556395085594
6786.0 0.45486945023449166
6788.0 0.45412143742241595
6790.0 0.453443807114172
6792.0 0.45292481030344917
6794.0 0.4523821253130726
6796.0 0.4517196392527524
6798.0 0.45103990439811487
6800.0 0.4507218775625254
6802.0 0.45065103827950975
6804.0 0.4504643756182606
6806.0 0.4503167538380128
6808.0 0.44988951385548753
6810.0 0.4486169600401674
6812.0 0.4473026610516474
6814.0 0.4465585818980324
6816.0 0.44587479377128775
6818.0 0.4454565143716609
6820.0 0.445464868707864
6822.0 0.44515967527125
6824.0 0.4447329589558226
6826.0 0.4442681201592455
6828.0 0.4438407372658911
6830.0 0.4435288278798031
6832.0 0.44300348241896503
6834.0 0.44206004322418985
6836.0 0.4413404063565321
6838.0 0.4408374313967412
6840.0 0.44044125088610137
6842.0 0.43992886040864676
6844.0 0.4391695654579044
6846.0 0.4382060552009844
6848.0 0.43738821589500254
6850.0 0.43679202161110675
6852.0 0.43644754793582086
6854.0 0.4364692089903081
6856.0 0.4364730321526326
6858.0 0.4364418393248485
6860.0 0.43627690242760336
6862.0 0.4358239714941007
6864.0 0.43508005811841977
6866.0 0.434347051547171
6868.0 0.4336461631413877
6870.0 0.4330826289206734
6872.0 0.43227870757223513
6874.0 0.43142355084878115
6876.0 0.43010611008501576
6878.0 0.4284850285420797
6880.0 0.42682736633372437
6882.0 0.4252728113277519
6884.0 0.42407564223099825
6886.0 0.4231790694013644
6888.0 0.42227948496440065
6890.0 0.4215385608191133
6892.0 0.42088854845584495
6894.0 0.42040727669643413
6896.0 0.4200550650870981
6898.0 0.4198215246814347
6900.0 0.4196524431016901
6902.0 0.4198719506142051
6904.0 0.42064236884545236
6906.0 0.42161801772934704
6908.0 0.42282935322095705
6910.0 0.4240486299593645
6912.0 0.4252611164359725
6914.0 0.42649791870157616
6916.0 0.4276880185535713
6918.0 0.42883860152010733
6920.0 0.42990173996426456
6922.0 0.43080727622106
6924.0 0.43173401078375884
6926.0 0.43246316911381355
6928.0 0.4332243760029176
6930.0 0.43400877238169466
6932.0 0.4346907146330998
6934.0 0.43484324921346795
6936.0 0.43480706659357443
6938.0 0.43490426021945683
6940.0 0.4352986516192164
6942.0 0.43593674450389425
6944.0 0.4367122998589319
6946.0 0.4374280992823428
6948.0 0.43789166834906507
6950.0 0.43806742169081714
6952.0 0.43762294358282333
6954.0 0.4370972424069291
6956.0 0.437066533040927
6958.0 0.4372929970513159
6960.0 0.43754888992355523
6962.0 0.4378974140487995
6964.0 0.43771414867577374
6966.0 0.4369048032373916
6968.0 0.43620307481378506
6970.0 0.43590151613996975
6972.0 0.4357113730378838
6974.0 0.43546908085475217
6976.0 0.4352982768200398
6978.0 0.4353828748251909
6980.0 0.43563150950956586
6982.0 0.43560638948956665
6984.0 0.4352802139408936
6986.0 0.43482464483005
6988.0 0.43421709818338183
6990.0 0.4337052285185184
6992.0 0.4337301472178497
6994.0 0.4338162045382351
6996.0 0.4335589830955804
6998.0 0.43316131303811023
7000.0 0.43262261622715825
7002.0 0.43198322375292164
7004.0 0.43144184851408446
7006.0 0.43089001594761267
7008.0 0.4303531172353564
7010.0 0.4299571982350148
7012.0 0.42965602416637555
7014.0 0.4291970612691995
7016.0 0.42872164212972874
7018.0 0.4283683988493098
7020.0 0.42797320326764404
7022.0 0.4271733681230244
7024.0 0.42621164010759116
7026.0 0.42562213969994106
7028.0 0.42548918813076675
7030.0 0.42549892198615114
7032.0 0.42557926576125776
7034.0 0.4255018566803306
7036.0 0.4256614146372857
7038.0 0.4260203489732116
7040.0 0.4258456108016987
7042.0 0.425239535821731
7044.0 0.42453354864663434
7046.0 0.4238808128079282
7048.0 0.4234728436413447
7050.0 0.4234734999246932
7052.0 0.4236893087524127
7054.0 0.42398878719055155
7056.0 0.42407798137995273
7058.0 0.42397561743464013
7060.0 0.42396229771473426
7062.0 0.4242534430200455
7064.0 0.42478032930670623
7066.0 0.4249550161444634
7068.0 0.4246411662417315
7070.0 0.42418049521211
7072.0 0.4236025144676377
7074.0 0.42325342897679225
7076.0 0.42318742893139577
7078.0 0.42315773117342
7080.0 0.4228876440017319
7082.0 0.42232325529195963
7084.0 0.4219776711032394
7086.0 0.42180242010359154
7088.0 0.4214522108928947
7090.0 0.42109918347154346
7092.0 0.42072034252974483
7094.0 0.4200737890458049
7096.0 0.41936200099164966
7098.0 0.4188137034506671
7100.0 0.41819925607185415
7102.0 0.4181074889348984
7104.0 0.41830130915723085
7106.0 0.4184395284885792
7108.0 0.4185883720958603
7110.0 0.41834411532263077
7112.0 0.4175127309812447
7114.0 0.41680311322740754
7116.0 0.41660537505305384
7118.0 0.41656777919075477
7120.0 0.41713180648627207
7122.0 0.41807840499255655
7124.0 0.41968440757575226
7126.0 0.42190556173738
7128.0 0.4235117281863537
7130.0 0.424249983289335
7132.0 0.42442248385653525
7134.0 0.4243339915946214
7136.0 0.4244177749755087
7138.0 0.4249661658799198
7140.0 0.42549962448344786
7142.0 0.4254188560034746
7144.0 0.42522167770697017
7146.0 0.4249226651880237
7148.0 0.42481645665803613
7150.0 0.42489248901307924
7152.0 0.4246107004384597
7154.0 0.42457623919345955
7156.0 0.4253068658375036
7158.0 0.4265829192800516
7160.0 0.42819516042669453
7162.0 0.42984212743298716
7164.0 0.43083930592279657
7166.0 0.43145003900247264
7168.0 0.43216441157519236
7170.0 0.43310761472097514
7172.0 0.4335236297958307
7174.0 0.4329677807549532
7176.0 0.4319245139977476
7178.0 0.4305333960058282
7180.0 0.4292193882715701
7182.0 0.42802190391973005
7184.0 0.42682531650813366
7186.0 0.4255954418635078
7188.0 0.4243435125499091
7190.0 0.4231605629240705
7192.0 0.42219158664517237
7194.0 0.4214951698391946
7196.0 0.42114326871673685
7198.0 0.42106787754916286
7200.0 0.42073071999651823
7202.0 0.42057309590957587
7204.0 0.42115523451174625
7206.0 0.42200744504014825
7208.0 0.4230501150505063
7210.0 0.42435980626372816
7212.0 0.42544983636782807
7214.0 0.42620586853358683
7216.0 0.4269319374335448
7218.0 0.42750100885170755
7220.0 0.4280168367111469
7222.0 0.42820241694820815
7224.0 0.4281777247613804
7226.0 0.4281832122169103
7228.0 0.42828405061237534
7230.0 0.42889940126539056
7232.0 0.42988159562958883
7234.0 0.4304868699786536
7236.0 0.4303070358756128
7238.0 0.4300579439257184
7240.0 0.42989945351912023
7242.0 0.42990378112826977
7244.0 0.4303974780949298
7246.0 0.4310144390862812
7248.0 0.4311203279343693
7250.0 0.4309346253423224
7252.0 0.4305252898321955
7254.0 0.4298164885413032
7256.0 0.42914536042123
7258.0 0.4290537895315122
7260.0 0.429468588382978
7262.0 0.4303124819516567
7264.0 0.43133606121502094
7266.0 0.4323159658969197
7268.0 0.4332062073282314
7270.0 0.4337514178858187
7272.0 0.4341139683929454
7274.0 0.43462498073709677
7276.0 0.43537554675980406
7278.0 0.4360258372824684
7280.0 0.43598173352728603
7282.0 0.4356665507617436
7284.0 0.43500204495107353
7286.0 0.43419928110734957
7288.0 0.4331608565520145
7290.0 0.43189133124330376
7292.0 0.43104076579652534
7294.0 0.4305739231269759
7296.0 0.42990183005504584
7298.0 0.4288858888587094
7300.0 0.4278966061773083
7302.0 0.4265849920824243
7304.0 0.4254593605101649
7306.0 0.42458527657324174
7308.0 0.4237164490975392
7310.0 0.42322604914826456
7312.0 0.4229925382912789
7314.0 0.4227239729332221
7316.0 0.42232243445273776
7318.0 0.42179015399220565
7320.0 0.4211077430912433
7322.0 0.420521878731066
7324.0 0.41988396457063
7326.0 0.41920869700279384
7328.0 0.4182613925584474
7330.0 0.4171167742109641
7332.0 0.41612753844147676
7334.0 0.41529664319084725
7336.0 0.41461911929457024
7338.0 0.41411217915376675
7340.0 0.4139058474757175
7342.0 0.41443674914056977
7344.0 0.415235845528842
7346.0 0.4157528191136813
7348.0 0.41609842431507554
7350.0 0.41586481419765053
7352.0 0.41508649147973364
7354.0 0.4142627359531097
7356.0 0.41382666314954003
7358.0 0.41360178411748183
7360.0 0.4137852700528283
7362.0 0.4140295177846044
7364.0 0.4146227319688984
7366.0 0.4152448825556014
7368.0 0.415907082111763
7370.0 0.41659480470879434
7372.0 0.41709222133983986
7374.0 0.4174424674169852
7376.0 0.41759249769013296
7378.0 0.4175340021098981
7380.0 0.41768553090754895
7382.0 0.41750781997963593
7384.0 0.4171186982895974
7386.0 0.4166439661705984
7388.0 0.4163222412208499
7390.0 0.41592567239348105
7392.0 0.415405293273876
7394.0 0.41522800685048394
7396.0 0.4151730445576041
7398.0 0.41497987014500637
7400.0 0.41466432847174656
7402.0 0.41412233493490624
7404.0 0.41390684032689307
7406.0 0.41379310626368304
7408.0 0.4138291014350842
7410.0 0.41393271346215205
7412.0 0.41415905191164304
7414.0 0.41436295569708137
7416.0 0.41404070630855466
7418.0 0.41305277721328865
7420.0 0.41241270707039906
7422.0 0.41276558155636384
7424.0 0.41333592896036286
7426.0 0.4131975635546588
7428.0 0.41281156334113317
7430.0 0.41261752596533763
7432.0 0.4123992058270991
7434.0 0.4122698955385283
7436.0 0.4121875074117697
7438.0 0.4116819811238081
7440.0 0.4107848502709828
7442.0 0.4098693780083253
7444.0 0.40896566971545856
7446.0 0.4081559289055817
7448.0 0.4075430989181278
7450.0 0.4068386836158517
7452.0 0.40626079449714164
7454.0 0.4058368168710819
7456.0 0.40539845954709963
7458.0 0.4050673539498669
7460.0 0.40493932034271163
7462.0 0.404782818932123
7464.0 0.4044681331072842
7466.0 0.40358930670222387
7468.0 0.40258886894252643
7470.0 0.40156603571915916
7472.0 0.4004670505250189
7474.0 0.3997024377801834
7476.0 0.39919682790434263
7478.0 0.39877748353511583
7480.0 0.3984547001508692
7482.0 0.39801215505640675
7484.0 0.3972566763798913
7486.0 0.39651140985741806
7488.0 0.39601559312286033
7490.0 0.3956231208995965
7492.0 0.39567217653897485
7494.0 0.39578563684884005
7496.0 0.3949561729571735
7498.0 0.39406037970097235
7500.0 0.393248854119865
7502.0 0.39245680936860333
7504.0 0.39161076770083303
7506.0 0.3907559832795374
7508.0 0.3898905079234597
7510.0 0.38896630535938365
7512.0 0.38811312311447765
7514.0 0.38724817939201217
7516.0 0.3863784688823804
7518.0 0.3854984383830139
7520.0 0.3846786370435502
7522.0 0.3838878347025677
7524.0 0.38312530512659043
7526.0 0.38251741534110856
7528.0 0.3818559332892728
7530.0 0.3812421666335579
7532.0 0.3810203045972904
7534.0 0.38088966865172935
7536.0 0.3808191674783088
7538.0 0.3807436525796356
7540.0 0.3804196951981016
7542.0 0.3800117997371035
7544.0 0.37962998907268464
7546.0 0.37923438054041364
7548.0 0.37884203862902976
7550.0 0.378419573109515
7552.0 0.3780054938628322
7554.0 0.37735983045208765
7556.0 0.376684209666783
7558.0 0.376146873741636
7560.0 0.37572713830580184
7562.0 0.3761729621498639
7564.0 0.37746080071949195
7566.0 0.3781338685631654
7568.0 0.37767030500554133
7570.0 0.37666211291238805
7572.0 0.3757101845138277
7574.0 0.3751721701544305
7576.0 0.3741569748384212
7578.0 0.3725808188761504
7580.0 0.3710395080451806
7582.0 0.36962886886033847
7584.0 0.3678823208531491
7586.0 0.36562329489750867
7588.0 0.3631595130519306
7590.0 0.3611412656329563
7592.0 0.35944021617615435
7594.0 0.35833492876847983
7596.0 0.3574832475560171
7598.0 0.35665258126272886
7600.0 0.3556920143387322
7602.0 0.35457117288707013
7604.0 0.3529746711945617
7606.0 0.3515160898927008
7608.0 0.3506666021882356
7610.0 0.3500447095428775
7612.0 0.3499597221921878
7614.0 0.35032886519568923
7616.0 0.3502292900977238
7618.0 0.3494616116152437
7620.0 0.3481079050342882
7622.0 0.3462243276093937
7624.0 0.34429837593538015
7626.0 0.3427019495284294
7628.0 0.341406044987951
7630.0 0.3398443445948414
7632.0 0.33832448093516093
7634.0 0.3369952085479743
7636.0 0.33579159434889216
7638.0 0.3345731913732599
7640.0 0.33336327873274524
7642.0 0.332747104617408
7644.0 0.3324923165626798
7646.0 0.3322984947008355
7648.0 0.3319226195701707
7650.0 0.33181979349724666
7652.0 0.3323310424509377
7654.0 0.33317090281318956
7656.0 0.33407482876272704
7658.0 0.3346774256385829
7660.0 0.33576837848434193
7662.0 0.3373746771867243
7664.0 0.3389833720466659
7666.0 0.34078428162442737
7668.0 0.3428980943410194
7670.0 0.34553411085438546
7672.0 0.34840634170879703
7674.0 0.3519096320334595
7676.0 0.35536322625742445
7678.0 0.3591167975764238
7680.0 0.3631155211948371
7682.0 0.36765236918520144
7684.0 0.3717655554663897
7686.0 0.375319600516665
7688.0 0.37821065627378697
7690.0 0.38114194217719505
7692.0 0.38385444071535035
7694.0 0.3865163521517762
7696.0 0.3887133741332913
7698.0 0.39065826380485064
7700.0 0.39175251054395077
7702.0 0.3920143315309447
7704.0 0.39269170970237016
7706.0 0.3936129867617049
7708.0 0.3947306450116433
7710.0 0.39601247125655425
7712.0 0.39719406223029685
7714.0 0.3979996812496149
7716.0 0.39882258040627633
7718.0 0.39979894268508975
7720.0 0.40075818523793005
7722.0 0.40173655581536305
7724.0 0.40323595772731585
7726.0 0.40453096497133545
7728.0 0.4044627476275211
7730.0 0.4040737716036878
7732.0 0.4033595098404922
7734.0 0.4026035254256396
7736.0 0.40175750798714666
7738.0 0.4007623447722416
7740.0 0.4000596095032664
7742.0 0.39939732813601553
7744.0 0.3989142970414379
7746.0 0.39893197465275126
7748.0 0.39902920850013374
7750.0 0.3996229161948009
7752.0 0.40017450345986044
7754.0 0.40044630849371754
7756.0 0.4005566243954837
7758.0 0.40020486683435774
7760.0 0.3995898872567509
7762.0 0.39873353025676117
7764.0 0.3978319936447622
7766.0 0.397079181166641
7768.0 0.3962641635253432
7770.0 0.3955017468464896
7772.0 0.3947412521688207
7774.0 0.3939794100793095
7776.0 0.39317013822046215
7778.0 0.39237912776657274
7780.0 0.39161827529407417
7782.0 0.3908581640051944
7784.0 0.39007895273918586
7786.0 0.38929342289129326
7788.0 0.38847930951205134
7790.0 0.3876315112534771
7792.0 0.38675393597493857
7794.0 0.38568240774441265
7796.0 0.3846672400920335
7798.0 0.3829525699255902
7800.0 0.3809255074171245
7802.0 0.37903874793272996
7804.0 0.3773559528978418
7806.0 0.3763645049429404
7808.0 0.37630728904272664
7810.0 0.37626319363092653
7812.0 0.3766930184178803
7814.0 0.37710892668251533
7816.0 0.37725445008585384
7818.0 0.37719632787046536
7820.0 0.376747375868368
7822.0 0.3760694115776562
7824.0 0.37490249743489273
7826.0 0.3732820561149541
7828.0 0.37178091820104675
7830.0 0.37041421766478366
7832.0 0.369019580364258
7834.0 0.367306719207159
7836.0 0.3655368395388266
7838.0 0.3646663530068961
7840.0 0.36440383021772077
7842.0 0.3649424624794212
7844.0 0.3660164881613077
7846.0 0.3671734556407171
7848.0 0.36824645618741136
7850.0 0.369213510633659
7852.0 0.37030916280549747
7854.0 0.3711740679227441
7856.0 0.3706145438816449
7858.0 0.36971192235084605
7860.0 0.3688096232798915
7862.0 0.3680684578470303
7864.0 0.3672127272126863
7866.0 0.3661770455154216
7868.0 0.3654438529017185
7870.0 0.3649886593469297
7872.0 0.36479070693247484
7874.0 0.3650907797229073
7876.0 0.36566835824061783
7878.0 0.3669603756669081
7880.0 0.36854869190246886
7882.0 0.36924956655745206
7884.0 0.3692162939784165
7886.0 0.36881424215937186
7888.0 0.36809133557733514
7890.0 0.3668154082435491
7892.0 0.3650172313092582
7894.0 0.3631906227488543
7896.0 0.3612196079502306
7898.0 0.3592622159763833
7900.0 0.3579160698289627
7902.0 0.35696939213513273
7904.0 0.35634990693867524
7906.0 0.35596964773492434
7908.0 0.3563996578012383
7910.0 0.35753825984579296
7912.0 0.35867562146495047
7914.0 0.35972292137674833
7916.0 0.3607485783457885
7918.0 0.3613764559563295
7920.0 0.36181235784646404
7922.0 0.36196823579768983
7924.0 0.3619163436442199
7926.0 0.3610812924342266
7928.0 0.3596435131906478
7930.0 0.3583841839964189
7932.0 0.3574340688181249
7934.0 0.35664609260626406
7936.0 0.35515116943208974
7938.0 0.3535631051838872
7940.0 0.35221730038679155
7942.0 0.3513122141934493
7944.0 0.35143670032785057
7946.0 0.3523130437306222
7948.0 0.3532887458389472
7950.0 0.35424364811410103
7952.0 0.35537318023506315
7954.0 0.356489260974978
7956.0 0.35706869644289074
7958.0 0.35688174998582883
7960.0 0.3563613875758709
7962.0 0.35589212277567944
7964.0 0.3553890026381265
7966.0 0.3541555208001508
7968.0 0.35236016303342693
7970.0 0.3507613328471997
7972.0 0.34921311140872063
7974.0 0.3479667487620223
7976.0 0.3478215461779381
7978.0 0.3479565894654445
7980.0 0.34887364572628493
7982.0 0.3500084147945518
7984.0 0.3515898518612167
7986.0 0.35322819963164903
7988.0 0.35446749575440967
7990.0 0.35550200428967055
7992.0 0.35605741009067776
7994.0 0.35570038918102315
7996.0 0.35523901990543916
7998.0 0.35456528418522787
8000.0 0.35390424054866
8002.0 0.35286385035805923
8004.0 0.35163738234015457
8006.0 0.3498229453442777
8008.0 0.3477640004512039
8010.0 0.34623088436778443
8012.0 0.3454161825798468
8014.0 0.3448011875687664
8016.0 0.34473558833759854
8018.0 0.3448790398734441
8020.0 0.3453468628983818
8022.0 0.34610332502765834
8024.0 0.34701757240650205
8026.0 0.3476671548535599
8028.0 0.34770489439231556
8030.0 0.34748581643582815
8032.0 0.3471121927978866
8034.0 0.3462434538990353
8036.0 0.34530582383013764
8038.0 0.34422389527914415
8040.0 0.3434823503093385
8042.0 0.3430562667274097
8044.0 0.34274969077913114
8046.0 0.34273693443684117
8048.0 0.3426958040963051
8050.0 0.34219354133052854
8052.0 0.34104669611524174
8054.0 0.3397358114211294
8056.0 0.338615631035699
8058.0 0.3375251416974583
8060.0 0.3366996253226377
8062.0 0.33608308127960673
8064.0 0.33552514115470433
8066.0 0.3348735270180388
8068.0 0.3340263570068683
8070.0 0.33319667504542455
8072.0 0.332661669748856
8074.0 0.3326094478961379
8076.0 0.3331067352253177
8078.0 0.33432452238870014
8080.0 0.3353994594108743
8082.0 0.3359005239722525
8084.0 0.33641775575877353
8086.0 0.33665872629814986
8088.0 0.33659071624822223
8090.0 0.33697346145243584
8092.0 0.3378336755984928
8094.0 0.3380060576644598
8096.0 0.33751831841722235
8098.0 0.3366857095627191
8100.0 0.33536166688063573
8102.0 0.3340642938607126
8104.0 0.3337718445171667
8106.0 0.3340018336454072
8108.0 0.3347648700785467
8110.0 0.3358527889541884
8112.0 0.3369555529904771
8114.0 0.3379698445358552
8116.0 0.3389007197653972
8118.0 0.3397552322794902
8120.0 0.34072958127796227
8122.0 0.3413395410533009
8124.0 0.3417621003890732
8126.0 0.34168744185736966
8128.0 0.3410698531387383
8130.0 0.3400096340194772
8132.0 0.33903459324245466
8134.0 0.33823814543462416
8136.0 0.3375209909745915
8138.0 0.3368175285254665
8140.0 0.3360782735275185
8142.0 0.33568669357743847
8144.0 0.3359492162657212
8146.0 0.33707786801633827
8148.0 0.33912770724255187
8150.0 0.3415507681409709
8152.0 0.3436238526359141
8154.0 0.3449734910770466
8156.0 0.34579006739857643
8158.0 0.3458846241904974
8160.0 0.3451898758337842
8162.0 0.34319746865906336
8164.0 0.3400806351433348
8166.0 0.33670087548813554
8168.0 0.3334550643279815
8170.0 0.3311338177758438
8172.0 0.3296106164229306
8174.0 0.3289495089155685
8176.0 0.32904311092985217
8178.0 0.3295584580512612
8180.0 0.3298766775849655
8182.0 0.33028499603716294
8184.0 0.3305858279996681
8186.0 0.33100865750094216
8188.0 0.33137960692831053
8190.0 0.3316997781274771
8192.0 0.33149151215808714
8194.0 0.33088413541838585
8196.0 0.3296271733833479
8198.0 0.32774847358163045
8200.0 0.32564518390213143
8202.0 0.32369773937819823
8204.0 0.32146413290709264
8206.0 0.31906742755776546
8208.0 0.3164683828615327
8210.0 0.31364560650138973
8212.0 0.3107538848953441
8214.0 0.3079010593473451
8216.0 0.3050211634051372
8218.0 0.30274381577867987
8220.0 0.30099012535424274
8222.0 0.2996897772939646
8224.0 0.2986688854440011
8226.0 0.2974322063730254
8228.0 0.29557158421807234
8230.0 0.2931377017833289
8232.0 0.29044188568031826
8234.0 0.28776405262935073
8236.0 0.28484632380153907
8238.0 0.2815897625867817
8240.0 0.27796891726756406
8242.0 0.27371034304015046
8244.0 0.2692608251812851
8246.0 0.2650391331267746
8248.0 0.2609558431899117
8250.0 0.25652511178224463
8252.0 0.25230043668008706
8254.0 0.24847568871208942
8256.0 0.24481431376532567
8258.0 0.24103055919667746
8260.0 0.23681318305613033
8262.0 0.23306229207491314
8264.0 0.22958760355236119
8266.0 0.22602033828811924
8268.0 0.2218144360794087
8270.0 0.21778415800433734
8272.0 0.21333492201483503
8274.0 0.2087461489293268
8276.0 0.20416571043416307
8278.0 0.2001026250452069
8280.0 0.19682669740318018
8282.0 0.19372053570034134
8284.0 0.1904283693220829
8286.0 0.187202192969191
8288.0 0.1841159164768904
8290.0 0.18071010357761733
8292.0 0.17737558399182932
8294.0 0.1739237017517188
8296.0 0.1708098809192719
8298.0 0.16823609134423936
8300.0 0.16618988171146185
8302.0 0.1642348881064011
8304.0 0.16356946481441437
8306.0 0.16322160811748315
8308.0 0.16314727316107192
8310.0 0.16310802220560952
8312.0 0.16327938064655462
8314.0 0.16361448686659333
8316.0 0.16376108224780805
8318.0 0.1636739606356897
8320.0 0.1638549310381156
8322.0 0.1646965407102378
8324.0 0.16572018306616895
8326.0 0.16628056120565732
8328.0 0.16673744768442883
8330.0 0.16725260363940883
8332.0 0.16777210138895474
8334.0 0.16879418523922582
8336.0 0.17031577248159738
8338.0 0.17194057580821687
8340.0 0.17341526717253578
8342.0 0.17485559493108302
8344.0 0.1766820492216805
8346.0 0.17862662104541693
8348.0 0.18144012407420157
8350.0 0.18454024425245036
8352.0 0.18722092987331293
8354.0 0.18991136738719394
8356.0 0.19211070449298762
8358.0 0.1938827196521289
8360.0 0.19549579872237355
8362.0 0.19697793069929354
8364.0 0.19862081107205096
8366.0 0.20020108793785657
8368.0 0.20209112793949813
8370.0 0.20469555328661912
8372.0 0.20741761708741838
8374.0 0.21004009360572937
8376.0 0.21268481198353803
8378.0 0.2152811807940229
8380.0 0.21817840964887683
8382.0 0.22138669830831736
8384.0 0.22550578437998434
8386.0 0.22945083525410429
8388.0 0.23371757623399994
8390.0 0.237935967782638
8392.0 0.2421597983761859
8394.0 0.24627840454702277
8396.0 0.25012252056264367
8398.0 0.25381446377214173
8400.0 0.25686601208640114
8402.0 0.2595193621372695
8404.0 0.26227668852900865
8406.0 0.2649616983750293
8408.0 0.2672733879777319
8410.0 0.2698228278216336
8412.0 0.2723386678348096
8414.0 0.275415766753737
8416.0 0.2784167493563448
8418.0 0.2815079378063433
8420.0 0.28473260615658236
8422.0 0.2882026833779738
8424.0 0.29233534859564286
8426.0 0.2959822572761041
8428.0 0.2990578728254009
8430.0 0.30194364324237205
8432.0 0.30351897841153597
8434.0 0.3043466450793363
8436.0 0.30411093097253444
8438.0 0.303220779492779
8440.0 0.3023367745201842
8442.0 0.3016671796068751
8444.0 0.300658392782183
8446.0 0.29898684181325136
8448.0 0.29737697440716115
8450.0 0.2958757545358444
8452.0 0.29456366826007535
8454.0 0.29409093400548303
8456.0 0.2939530079325271
8458.0 0.2941462126976054
8460.0 0.2949257840040375
8462.0 0.2958292091191485
8464.0 0.2966757075381317
8466.0 0.2972701117011935
8468.0 0.2978660917274702
8470.0 0.2984694502427073
8472.0 0.2982851471822528
8474.0 0.2979915448875725
8476.0 0.29738482537131156
8478.0 0.2965518824834676
8480.0 0.2957057946060638
8482.0 0.2949632095798932
8484.0 0.29442928345244246
8486.0 0.2942502516564287
8488.0 0.2949558518139316
8490.0 0.296626800554535
8492.0 0.29871783544514513
8494.0 0.302551031176364
8496.0 0.3068678111176611
8498.0 0.3108320171676711
8500.0 0.3149428905921776
8502.0 0.3193064305094404
8504.0 0.32392111963785425
8506.0 0.32859394566484
8508.0 0.3329537832334489
8510.0 0.3369348902343979
8512.0 0.33971793893423724
8514.0 0.34250633784044326
8516.0 0.3453475270470816
8518.0 0.34848884178961415
8520.0 0.3520399093421164
8522.0 0.35615591579971656
8524.0 0.36065399627802947
8526.0 0.3659181025936066
8528.0 0.3719057568717384
8530.0 0.37957278357731017
8532.0 0.38714569171681745
8534.0 0.39522703328474407
8536.0 0.40326154834228517
8538.0 0.41126847291693186
8540.0 0.4199449451364301
8542.0 0.4290557215457628
8544.0 0.43844981433862684
8546.0 0.4456831911049356
8548.0 0.45062018633001755
8550.0 0.4550736792533223
8552.0 0.45929062741693627
8554.0 0.4631575573656843
8556.0 0.46691998364363746
8558.0 0.47061713500967045
8560.0 0.4736766138189625
8562.0 0.4763916327113209
8564.0 0.4798690422989792
8566.0 0.48402864101325754
8568.0 0.4890695706331501
8570.0 0.49605283714245757
8572.0 0.5022786810960586
8574.0 0.5089513532165024
8576.0 0.5153350681952129
8578.0 0.5218654762817908
8580.0 0.5275191882997744
8582.0 0.5312988486833983
8584.0 0.5334982243663711
8586.0 0.5349999757600039
8588.0 0.5353255173355609
8590.0 0.5348669474881657
8592.0 0.5335752784101297
8594.0 0.5321884614644408
8596.0 0.5308107507514264
8598.0 0.5295427803983442
8600.0 0.5283898595979578
8602.0 0.5273240911905465
8604.0 0.5276224316752057
8606.0 0.5290660638735232
8608.0 0.5306739774724503
8610.0 0.532301347098237
8612.0 0.5342909630892049
8614.0 0.5380612347875375
8616.0 0.539933294842765
8618.0 0.5360693377957171
8620.0 0.5299327229301326
8622.0 0.5257011159899416
8624.0 0.523115915249942
8626.0 0.5238620360633375
8628.0 0.5279245552509246
8630.0 0.5304851364000688
8632.0 0.5284745702440982
8634.0 0.5259096148987581
8636.0 0.5214481814489211
8638.0 0.5164989654340787
8640.0 0.5137198521960344
8642.0 0.5120234897923032
8644.0 0.5117829439438266
8646.0 0.5124636762836714
8648.0 0.5136123421579846
8650.0 0.5153254279825864
8652.0 0.5164964290610937
8654.0 0.5172028691792321
8656.0 0.5173488435613225
8658.0 0.5166525531201639
8660.0 0.5156756962359478
8662.0 0.5126779470981765
8664.0 0.5080331205670557
8666.0 0.5025501807075496
8668.0 0.4961198722266718
8670.0 0.4898912170192999
8672.0 0.48397099057125775
8674.0 0.4786512861714746
8676.0 0.4745671522981079
8678.0 0.47103466525013676
8680.0 0.46831739409320755
8682.0 0.465892507358705
8684.0 0.4651227295812061
8686.0 0.4653386379744115
8688.0 0.4656946088671866
8690.0 0.4660060786274003
8692.0 0.4659727671920646
8694.0 0.4652784113104085
8696.0 0.4641453549290066
8698.0 0.4619020359302307
8700.0 0.4588708518377194
8702.0 0.45445134624819666
8704.0 0.4494184369411502
8706.0 0.44404677567274264
8708.0 0.4382782044984792
8710.0 0.43321841846536474
8712.0 0.42848006840883307
8714.0 0.424268620886181
8716.0 0.42036296616164875
8718.0 0.4172854037796257
8720.0 0.41462998690410124
8722.0 0.4121526422820646
8724.0 0.4102110780227402
8726.0 0.408947047525404
8728.0 0.4086675651331238
8730.0 0.40887744313593277
8732.0 0.4083953693262487
8734.0 0.40785823876014643
8736.0 0.4066150638610534
8738.0 0.4040186975928182
8740.0 0.4009012704006829
8742.0 0.3963275387741489
8744.0 0.3917411583790714
8746.0 0.3865929467785269
8748.0 0.381089021224684
8750.0 0.3757684863994386
8752.0 0.37097061635401246
8754.0 0.367578468066901
8756.0 0.36611867025206646
8758.0 0.36534385592699536
8760.0 0.36567989232862763
8762.0 0.36584210548405427
8764.0 0.36551321971892503
8766.0 0.36517197734511514
8768.0 0.36433180999600645
8770.0 0.3633170374910588
8772.0 0.36223016820815956
8774.0 0.36058049799075026
8776.0 0.3581942886102953
8778.0 0.35518332483425075
8780.0 0.35182059771541685
8782.0 0.3474008425220738
8784.0 0.342586441315717
8786.0 0.33842234077643923
8788.0 0.3349704344481963
8790.0 0.33224602544198456
8792.0 0.32982848809289195
8794.0 0.3278428115383469
8796.0 0.3274173827327373
8798.0 0.32713159322068713
8800.0 0.327356648250867
8802.0 0.32787241410926415
8804.0 0.32911173527395643
8806.0 0.33094562173103326
8808.0 0.33295044902945986
8810.0 0.3347381894667169
8812.0 0.3355555062869491
8814.0 0.33542654496905977
8816.0 0.33467759172133404
8818.0 0.3332368765138739
8820.0 0.33167073057574803
8822.0 0.3302776680462779
8824.0 0.3289374298188271
8826.0 0.32719206051789845
8828.0 0.3254081884953288
8830.0 0.32415174940049246
8832.0 0.32331085667046616
8834.0 0.3230041124814218
8836.0 0.32329732227536584
8838.0 0.32365562337746473
8840.0 0.3235827094714484
8842.0 0.3233608195254931
8844.0 0.3245568581430607
8846.0 0.3266224126341683
8848.0 0.32885786689306945
8850.0 0.3306568582046581
8852.0 0.3310922153484883
8854.0 0.3304460596655223
8856.0 0.32880090100001835
8858.0 0.32628356641089273
8860.0 0.3240634514612559
8862.0 0.32202034649956557
8864.0 0.3203007234629033
8866.0 0.31942367400539534
8868.0 0.3189818727294411
8870.0 0.3194999585719752
8872.0 0.32078830807809916
8874.0 0.3223574343260298
8876.0 0.3238741624785547
8878.0 0.3254999470256633
8880.0 0.32682112788171064
8882.0 0.3274924513837469
8884.0 0.3278660460156548
8886.0 0.32780449790889876
8888.0 0.3266079566198681
8890.0 0.32475607296074904
8892.0 0.322167186189931
8894.0 0.31943243061785387
8896.0 0.31693708842711565
8898.0 0.3147177791846891
8900.0 0.31333798008113695
8902.0 0.31291371694938114
8904.0 0.31282254994218583
8906.0 0.3136325086113956
8908.0 0.31478882330363167
8910.0 0.3168615995379191
8912.0 0.3194243535192361
8914.0 0.32137790402854993
8916.0 0.3222820328629951
8918.0 0.3218103666982081
8920.0 0.32007184031043845
8922.0 0.31781457239424227
8924.0 0.31562766852386154
8926.0 0.31392278125164363
8928.0 0.31188100015205195
8930.0 0.30974432184914896
8932.0 0.3075964108446025
8934.0 0.30554982837064537
8936.0 0.3042231629803512
8938.0 0.30371026338439094
8940.0 0.3036962162234048
8942.0 0.304802208184296
8944.0 0.30644921807588893
8946.0 0.30809958620517364
8948.0 0.30935800835283506
8950.0 0.30982946683006063
8952.0 0.30976318500503497
8954.0 0.3089829591783939
8956.0 0.30763377685045346
8958.0 0.30595704761792064
8960.0 0.30517367463329775
8962.0 0.30400137131266836
8964.0 0.30165075458169777
8966.0 0.2991087026163104
8968.0 0.29625688897481145
8970.0 0.29332177147433947
8972.0 0.2915487237178471
8974.0 0.2909138458204216
8976.0 0.29149657048811556
8978.0 0.29315750399330964
8980.0 0.2954498069315006
8982.0 0.29828302999851486
8984.0 0.30089324798192457
8986.0 0.30420499937988826
8988.0 0.30721665453534724
8990.0 0.3100085784052911
8992.0 0.312848754888742
8994.0 0.31361903615256964
8996.0 0.31291831610023285
8998.0 0.31171722152667825
9000.0 0.3099575724650542
9002.0 0.30842104474138626
9004.0 0.30755026443027683
9006.0 0.30704357733442506
9008.0 0.30649974416753556
9010.0 0.3060638454753406
9012.0 0.30630575188912945
9014.0 0.3072228283535633
9016.0 0.30932454994973135
9018.0 0.31281107773948436
9020.0 0.31640835477701545
9022.0 0.31958731979261074
9024.0 0.32206323680995524
9026.0 0.32305633517124227
9028.0 0.3232106384186526
9030.0 0.32219356124279536
9032.0 0.3206200051391714
9034.0 0.3190823238491363
9036.0 0.3176472130221827
9038.0 0.316400204105436
9040.0 0.3157507589757288
9042.0 0.31480095380528444
9044.0 0.3134380009360732
9046.0 0.31205772176841184
9048.0 0.30999648451293077
9050.0 0.3077645684994725
9052.0 0.30531465196984503
9054.0 0.3031284370131967
9056.0 0.3019645922531642
9058.0 0.30181047439203507
9060.0 0.30224344547853094
9062.0 0.3028923158727497
9064.0 0.3039778979555679
9066.0 0.30577286300047274
9068.0 0.30740799635679183
9070.0 0.3080806149695096
9072.0 0.30832883859205923
9074.0 0.3082496267417692
9076.0 0.3082129723622257
9078.0 0.3072776874857046
9080.0 0.3050677933449642
9082.0 0.3015174038068069
9084.0 0.2953035520327227
9086.0 0.2892808410166514
9088.0 0.2857512751226537
9090.0 0.2831603241847
9092.0 0.2831583837258297
9094.0 0.28444986537508277
9096.0 0.28549785229994235
9098.0 0.2863897274006064
9100.0 0.2876908599739114
9102.0 0.2891224563260174
9104.0 0.29076533479297295
9106.0 0.2928939180539598
9108.0 0.295098521142398
9110.0 0.29767955814252944
9112.0 0.3001249738636424
9114.0 0.3025666541628011
9116.0 0.305198749608648
9118.0 0.3071470139352421
9120.0 0.30840816000703186
9122.0 0.30829614364867
9124.0 0.30741811229474164
9126.0 0.30713885996706947
9128.0 0.3070977739930092
9130.0 0.30696970343184676
9132.0 0.3069572369319293
9134.0 0.3070436214664996
9136.0 0.3076155552138741
9138.0 0.30872646325962394
9140.0 0.3104652456773347
9142.0 0.31290734445507207
9144.0 0.3162028086411129
9146.0 0.32154640166713994
9148.0 0.3274062255559924
9150.0 0.33400308744008667
9152.0 0.3406859214940523
9154.0 0.34588113958090133
9156.0 0.349375387159385
9158.0 0.3511465356855044
9160.0 0.35012406543957364
9162.0 0.3488819272814754
9164.0 0.3471376272162643
9166.0 0.34481648045492974
9168.0 0.34129104143851713
9170.0 0.33671741126592897
9172.0 0.33257285253274776
9174.0 0.3293628159036173
9176.0 0.3264611148201893
9178.0 0.3255208678076114
9180.0 0.3251505965952209
9182.0 0.3258094422717099
9184.0 0.32731676562796463
9186.0 0.3288767938671478
9188.0 0.33051349200783964
9190.0 0.3320208163179752
9192.0 0.3317686302798278
9194.0 0.33124272409956784
9196.0 0.33128225865975486
9198.0 0.33170760865806476
9200.0 0.3315755491097236
9202.0 0.33035267260456774
9204.0 0.32881830184690614
9206.0 0.3260277752600067
9208.0 0.3228825040453644
9210.0 0.31943907446265496
9212.0 0.3157051981943607
9214.0 0.31237011136414095
9216.0 0.30947450313758174
9218.0 0.3070704179711179
9220.0 0.3061055602578969
9222.0 0.3053832864161067
9224.0 0.30397931839878
9226.0 0.3022334226348233
9228.0 0.3014666769828461
9230.0 0.30211038058002904
9232.0 0.3030578279718427
9234.0 0.3046160025977716
9236.0 0.3060568201832964
9238.0 0.3051438360411474
9240.0 0.3031389252858571
9242.0 0.3016576735972131
9244.0 0.3014533088818455
9246.0 0.30160148399731185
9248.0 0.3028524692444641
9250.0 0.30376664187968794
9252.0 0.3012816825503994
9254.0 0.2969817989911032
9256.0 0.2937422367862014
9258.0 0.29152668877520294
9260.0 0.28938830148101446
9262.0 0.28637710828661106
9264.0 0.2835537171184937
9266.0 0.28284051488636913
9268.0 0.2827212356253022
9270.0 0.2832000771658919
9272.0 0.284648961338657
9274.0 0.28556497449277923
9276.0 0.2857515442974563
9278.0 0.28605591602055086
9280.0 0.2872557133661168
9282.0 0.28889163819948765
9284.0 0.2900946177515818
9286.0 0.29062048771102034
9288.0 0.29094626893388237
9290.0 0.290968079315013
9292.0 0.2911931778531266
9294.0 0.29246914793666173
9296.0 0.2939493285991025
9298.0 0.29581767362337896
9300.0 0.29785206224991706
9302.0 0.2998584940334716
9304.0 0.29998496760874327
9306.0 0.2999983176546267
9308.0 0.29921505354511563
9310.0 0.29799307165745403
9312.0 0.2959090255739867
9314.0 0.29382767025839973
9316.0 0.29273089544525993
9318.0 0.29409589551061865
9320.0 0.29630891649672275
9322.0 0.298290528884411
9324.0 0.3001282875073236
9326.0 0.3009058235699528
9328.0 0.3001977380536052
9330.0 0.29936344682248933
9332.0 0.2997561744679418
9334.0 0.29997423173750964
9336.0 0.3000989341144682
9338.0 0.3002425314336568
9340.0 0.30015293760818024
9342.0 0.2999844282634969
9344.0 0.29942973151033286
9346.0 0.297465345840898
9348.0 0.29543788392100817
9350.0 0.293382518627358
9352.0 0.29100832129458165
9354.0 0.2887078550305749
9356.0 0.28704873037527356
9358.0 0.2863635442881771
9360.0 0.287334145060343
9362.0 0.2891943172608731
9364.0 0.29052051218194264
9366.0 0.2909355512965929
9368.0 0.2896722911899289
9370.0 0.28785200377094106
9372.0 0.2868095396681691
9374.0 0.2884470106965254
9376.0 0.2907474726935506
9378.0 0.29435373350556987
9380.0 0.2984711365333767
9382.0 0.30003824020468195
9384.0 0.298962156121352
9386.0 0.2973581935088098
9388.0 0.2945577305772717
9390.0 0.2920478293331261
9392.0 0.2912895638591867
9394.0 0.29143893947237354
9396.0 0.290997039078954
9398.0 0.2899097647496844
9400.0 0.2878050673551483
9402.0 0.2840727825598759
9404.0 0.2808935685613643
9406.0 0.27950441400029735
9408.0 0.2792980041576811
9410.0 0.2815556667110754
9412.0 0.28525269409733073
9414.0 0.28846076923577496
9416.0 0.2912329171179443
9418.0 0.2947148778346821
9420.0 0.2964968806690234
9422.0 0.2965201834576812
9424.0 0.2962931093982016
9426.0 0.29557635010837746
9428.0 0.2957747380918007
9430.0 0.2984158830059999
9432.0 0.3003424040815468
9434.0 0.3015746839755855
9436.0 0.3031686793712057
9438.0 0.3026633757689417
9440.0 0.3013591011959361
9442.0 0.29999382185994
9444.0 0.2970949806856727
9446.0 0.2943743229765895
9448.0 0.29382164720174053
9450.0 0.29407352282402927
9452.0 0.2948751925142366
9454.0 0.2954181293869773
9456.0 0.2954451414768625
9458.0 0.2960082438978336
9460.0 0.2970416245235447
9462.0 0.2981336610105472
9464.0 0.3002795672323183
9466.0 0.30190315769561366
9468.0 0.3029486065956175
9470.0 0.3045966904100602
9472.0 0.3069555190484719
9474.0 0.3093112473101373
9476.0 0.31003057109524484
9478.0 0.3106028920937376
9480.0 0.31005026505937006
9482.0 0.3075333319283376
9484.0 0.30462652957027275
9486.0 0.3021791554534075
9488.0 0.29993536374937896
9490.0 0.29764313125006076
9492.0 0.293900278798135
9494.0 0.2904638393076833
9496.0 0.28796962494923783
9498.0 0.28598136951798864
9500.0 0.28433134156481593
9502.0 0.2829702383776264
9504.0 0.2813427560450199
9506.0 0.2806856221934829
9508.0 0.2808512079255691
9510.0 0.2817995183896465
9512.0 0.2829564890914658
9514.0 0.28396338291820267
9516.0 0.2844449978032037
9518.0 0.2834635583144092
9520.0 0.2824920225964439
9522.0 0.28341235660523006
9524.0 0.28426341002375843
9526.0 0.28561384744626006
9528.0 0.28804972053804356
9530.0 0.28987477593806005
9532.0 0.2897205227891169
9534.0 0.28864216066659815
9536.0 0.2882063655004224
9538.0 0.28827044594537665
9540.0 0.28825474927538663
9542.0 0.28837909422289154
9544.0 0.28830864502921044
9546.0 0.2868471013032012
9548.0 0.2847964148661981
9550.0 0.2835111526758766
9552.0 0.28260222390609663
9554.0 0.2819120079539947
9556.0 0.2816652314373177
9558.0 0.2816208256493881
9560.0 0.28245937330508936
9562.0 0.2836430043132841
9564.0 0.2834550257913094
9566.0 0.28206086990597357
9568.0 0.281338447596378
9570.0 0.28136266166878354
9572.0 0.2819740809604548
9574.0 0.28377904027202727
9576.0 0.285663464711318
9578.0 0.28647395376611096
9580.0 0.28696611174594244
9582.0 0.28722063382663016
9584.0 0.28772224833180854
9586.0 0.28821204633021624
9588.0 0.2876459800517697
9590.0 0.28686177186105855
9592.0 0.2869885887713527
9594.0 0.2874455392790232
9596.0 0.28753603165182173
9598.0 0.2871016386940935
9600.0 0.28641566839414984
9602.0 0.28552456564076206
9604.0 0.28463528356334517
9606.0 0.28251108929743596
9608.0 0.27995919747397685
9610.0 0.27871235827061364
9612.0 0.27875987667139435
9614.0 0.2788970084826873
9616.0 0.27854464090369596
9618.0 0.2781785121766745
9620.0 0.2766170443848061
9622.0 0.27487945294326094
9624.0 0.2749068699084313
9626.0 0.27650118828414666
9628.0 0.2778568662242578
9630.0 0.27888451494113586
9632.0 0.2796544863243226
9634.0 0.2792583640764697
9636.0 0.2782183935389047
9638.0 0.27760296670603285
9640.0 0.2773418949177256
9642.0 0.2769126896529735
9644.0 0.27562987654545784
9646.0 0.2742180474434773
9648.0 0.272285175793337
9650.0 0.2705115923255311
9652.0 0.26962354588098225
9654.0 0.2694895688593725
9656.0 0.269296254165789
9658.0 0.2691227027274045
9660.0 0.26887793359458784
9662.0 0.2680231156442568
9664.0 0.2668651892887361
9666.0 0.26729327987511586
9668.0 0.26860079816123694
9670.0 0.27011117852553096
9672.0 0.27187702249852586
9674.0 0.27333812448794953
9676.0 0.2742004816842831
9678.0 0.2752269356874566
9680.0 0.27525047970001393
9682.0 0.27463090347204383
9684.0 0.27370335267536094
9686.0 0.27234243773478345
9688.0 0.2712182535406051
9690.0 0.2711001937504702
9692.0 0.2714324703253499
9694.0 0.2716850891261465
9696.0 0.2721966291008365
9698.0 0.27206618043766384
9700.0 0.2699028039362306
9702.0 0.2675823366595238
9704.0 0.26540001366774574
9706.0 0.263248660910417
9708.0 0.2620780633599121
9710.0 0.2614008892549614
9712.0 0.260854777333536
9714.0 0.26056025473757677
9716.0 0.2601316213868237
9718.0 0.2597974874261151
9720.0 0.2596547099392349
9722.0 0.2596059360435164
9724.0 0.25969755158515134
9726.0 0.2598439106396814
9728.0 0.2597016669457396
9730.0 0.259638373612474
9732.0 0.26061752337128063
9734.0 0.26178747840515354
9736.0 0.26244264057492506
9738.0 0.2631907345486893
9740.0 0.26486476363709366
9742.0 0.2662532264200583
9744.0 0.2668407081472654
9746.0 0.2674937826371546
9748.0 0.267799342065911
9750.0 0.2669511938808171
9752.0 0.2656584389656494
9754.0 0.26531580891526624
9756.0 0.26425622024056256
9758.0 0.2630024095305778
9760.0 0.2632181698525746
9762.0 0.2638175422396945
9764.0 0.26376190571172803
9766.0 0.26321945687007275
9768.0 0.2629744700752873
9770.0 0.26333840869998226
9772.0 0.26381098801911834
9774.0 0.2638654741188973
9776.0 0.26369077967807575
9778.0 0.26209836201034464
9780.0 0.2597750961340644
9782.0 0.25754648397808694
9784.0 0.25544768860125117
9786.0 0.25469044465643736
9788.0 0.25519460292641627
9790.0 0.25499611114565357
9792.0 0.25494768643304794
9794.0 0.25533443772458436
9796.0 0.25672962220715834
9798.0 0.25905810417753133
9800.0 0.2610323694924341
9802.0 0.2609422405859971
9804.0 0.26056926412276743
9806.0 0.2597820359642899
9808.0 0.2594694490893905
9810.0 0.25940017357082695
9812.0 0.25860707780790304
9814.0 0.25697071326660925
9816.0 0.2566534954483249
9818.0 0.25637677266099396
9820.0 0.2544717524575433
9822.0 0.25264785774885645
9824.0 0.2527339749455396
9826.0 0.25380333834053137
9828.0 0.2549127750065258
9830.0 0.2558588256356801
9832.0 0.2564673996943353
9834.0 0.2562219113129781
9836.0 0.25549522378178485
9838.0 0.2548110225921427
9840.0 0.25406938159901893
9842.0 0.2533487514917221
9844.0 0.2519304913422088
9846.0 0.25096744347607575
9848.0 0.25231922417316954
9850.0 0.25446822599976776
9852.0 0.25483420425279046
9854.0 0.2531583345223296
9856.0 0.2515752008163494
9858.0 0.2507526870645292
9860.0 0.2505456789991816
9862.0 0.24903570896594948
9864.0 0.24869989204187465
9866.0 0.25040061100274047
9868.0 0.25247180732734165
9870.0 0.2530703265478696
9872.0 0.2539967254134093
9874.0 0.2556444130938605
9876.0 0.2564245179619013
9878.0 0.2559262127165989
9880.0 0.2551129569437641
9882.0 0.2543023055547596
9884.0 0.2548779225148109
9886.0 0.25733313433171
9888.0 0.25969819503427133
9890.0 0.2592698386625044
9892.0 0.25830538217647225
9894.0 0.25751827055594323
9896.0 0.2563331319518657
9898.0 0.25555648249464646
9900.0 0.25691415527701766
9902.0 0.2594568316383598
9904.0 0.2607143032620756
9906.0 0.26071705974537
9908.0 0.2609515658010586
9910.0 0.26072283179687866
9912.0 0.2596486008015822
9914.0 0.25872637596294923
9916.0 0.2570424680000912
9918.0 0.2563709700639866
9920.0 0.25862143072622756
9922.0 0.262838815295203
9924.0 0.2654780334003755
9926.0 0.26652055426952087
9928.0 0.26733581148004115
9930.0 0.2686866331671709
9932.0 0.270256845493868
9934.0 0.2719176505208388
9936.0 0.2731596031497311
9938.0 0.2743984131357469
9940.0 0.27550746232271534
9942.0 0.27659573196996445
9944.0 0.27715010057143225
9946.0 0.27648357792444134
9948.0 0.27449784610783645
9950.0 0.27377113873680464
9952.0 0.27471659929305337
9954.0 0.2757777072175347
9956.0 0.2766144561411045
9958.0 0.27694253573580535
9960.0 0.27614967456819717
9962.0 0.27460278083949
9964.0 0.2739240437245595
9966.0 0.27418972328471075
9968.0 0.27431020465131606
9970.0 0.27265581092192787
9972.0 0.2702006331822115
9974.0 0.2687622966044608
9976.0 0.26784373089745994
9978.0 0.2674743873100298
9980.0 0.26845528239080974
9982.0 0.26959661520208333
9984.0 0.26990175015734513
9986.0 0.26951844148287196
9988.0 0.26869162119901574
9990.0 0.26820280539829405
9992.0 0.26911026925559745
9994.0 0.2704202640282221
9996.0 0.27162485533737113
9998.0 0.2732486121835289
