# z obs_date
# 0 52280
3580.0 0.40638683962464794
3582.0 0.4003691073953642
3584.0 0.3913738754023725
3586.0 0.40388415551903684
3588.0 0.3976713129193514
3590.0 0.4005198545831408
3592.0 0.4109172897303554
3594.0 0.4043193065792135
3596.0 0.3898800440905605
3598.0 0.39419633791190484
3600.0 0.40609643581458654
3602.0 0.4092151115327884
3604.0 0.41208291178986156
3606.0 0.4184246411449564
3608.0 0.40443721408332595
3610.0 0.397429039073566
3612.0 0.399711363726242
3614.0 0.3809984998597844
3616.0 0.4084495813331566
3618.0 0.4436068219571052
3620.0 0.3945438505574221
3622.0 0.3921064181739509
3624.0 0.4224777674552619
3626.0 0.43654308038358286
3628.0 0.4321524778665644
3630.0 0.4180969585773122
3632.0 0.38880775686427277
3634.0 0.386410568375811
3636.0 0.43947692646594533
3638.0 0.4471477796019362
3640.0 0.43513769440024286
3642.0 0.42256059444157873
3644.0 0.4454902177962959
3646.0 0.4550399148481576
3648.0 0.44124438193651694
3650.0 0.44379697983340016
3652.0 0.45515349937904215
3654.0 0.46340798316007586
3656.0 0.43241258956806383
3658.0 0.45137380251766934
3660.0 0.4587370763189174
3662.0 0.4638621719265811
3664.0 0.48428748965258384
3666.0 0.4728323005740911
3668.0 0.4793707614881257
3670.0 0.48121743102480374
3672.0 0.4695747025216751
3674.0 0.48802909233338015
3676.0 0.48453507534713947
3678.0 0.46548626299808676
3680.0 0.46483006033803115
3682.0 0.4801594595531328
3684.0 0.4950095849942513
3686.0 0.4633496628921322
3688.0 0.47462811107716235
3690.0 0.4951283910766606
3692.0 0.49686511931507543
3694.0 0.47906682870978934
3696.0 0.4794288368389472
3698.0 0.4740870248765344
3700.0 0.4763949038657705
3702.0 0.49117639360780724
3704.0 0.4941355659015021
3706.0 0.49653278200831574
3708.0 0.4993908237191025
3710.0 0.5002090572087223
3712.0 0.4919022604990229
3714.0 0.5115954005906594
3716.0 0.5067243684422377
3718.0 0.5055730752591742
3720.0 0.5066550169843099
3722.0 0.4907479273505962
3724.0 0.5078719461247883
3726.0 0.5114046592176635
3728.0 0.501187092756651
3730.0 0.4972703993721707
3732.0 0.4909957774192148
3734.0 0.4847025228439207
3736.0 0.47822014765523413
3738.0 0.47717624616599474
3740.0 0.46847156078128743
3742.0 0.4512826038959807
3744.0 0.4404535190943988
3746.0 0.43829257786448583
3748.0 0.42883331174368455
3750.0 0.4180094479501805
3752.0 0.409715964603914
3754.0 0.3980279177839685
3756.0 0.3975183739137398
3758.0 0.38550458885804223
3760.0 0.37070596567665615
3762.0 0.35356422461010567
3764.0 0.35693687056695633
3766.0 0.34510765569946833
3768.0 0.3379098499067163
3770.0 0.33844478073320594
3772.0 0.32754511020944627
3774.0 0.33305227361699813
3776.0 0.33066461210552406
3778.0 0.3338040354328545
3780.0 0.331465051935701
3782.0 0.31941068685360774
3784.0 0.3274810107002911
3786.0 0.3291683595510164
3788.0 0.33000799292954824
3790.0 0.32937581056405135
3792.0 0.3258167773134842
3794.0 0.3213971944317345
3796.0 0.3131283896364995
3798.0 0.3102946472069168
3800.0 0.316991379676667
3802.0 0.3170948918978377
3804.0 0.31739477281890127
3806.0 0.3233134225361159
3808.0 0.3308656134823574
3810.0 0.3350214900515073
3812.0 0.33624800110259045
3814.0 0.3451822009355935
3816.0 0.35532537506129674
3818.0 0.3550555583107151
3820.0 0.3658739006547914
3822.0 0.3674369094604178
3824.0 0.36787656334609053
3826.0 0.3789172358542979
3828.0 0.38396076713258726
3830.0 0.39072534168135203
3832.0 0.3954056328283219
3834.0 0.4078509385848319
3836.0 0.41169286154851
3838.0 0.4096868293590986
3840.0 0.41229770842656766
3842.0 0.42072632209613775
3844.0 0.4367493079734181
3846.0 0.44205485044805737
3848.0 0.4521159918501852
3850.0 0.45098714797566086
3852.0 0.45683238060141534
3854.0 0.462129946886033
3856.0 0.48363013865661825
3858.0 0.4903105212917227
3860.0 0.4765743550136283
3862.0 0.48567362758779853
3864.0 0.4979311838058375
3866.0 0.5094497924581113
3868.0 0.5175439238855755
3870.0 0.5242594304291313
3872.0 0.5252465650473778
3874.0 0.537799078395358
3876.0 0.5452739870565384
3878.0 0.550512945591817
3880.0 0.5544494223031661
3882.0 0.5560652239932462
3884.0 0.5630452506696427
3886.0 0.5740488857328502
3888.0 0.5818544519989299
3890.0 0.5932555917144791
3892.0 0.5970967449619189
3894.0 0.5930507965792622
3896.0 0.6055644641760646
3898.0 0.6208854386749327
3900.0 0.625704618706059
3902.0 0.6352434286266526
3904.0 0.6448103860906874
3906.0 0.6472970410990877
3908.0 0.6543021718808187
3910.0 0.6578874834292686
3912.0 0.6573983656127398
3914.0 0.6439035906758239
3916.0 0.6344196091927682
3918.0 0.6642940916060295
3920.0 0.6889119607244468
3922.0 0.6963931417613207
3924.0 0.7157469455141622
3926.0 0.7021591023118107
3928.0 0.6981941016047725
3930.0 0.7098959768122756
3932.0 0.6908669380979507
3934.0 0.6826455376763989
3936.0 0.703427939617454
3938.0 0.7231865082961534
3940.0 0.7285701114859117
3942.0 0.7319909485842705
3944.0 0.7419993745407647
3946.0 0.7517633094367012
3948.0 0.7340646272572787
3950.0 0.7248652391779942
3952.0 0.7359394271895622
3954.0 0.7537560566153145
3956.0 0.761443829807759
3958.0 0.7630941578781659
3960.0 0.7580179071687279
3962.0 0.7520133653736193
3964.0 0.7434443596341112
3966.0 0.744402160861268
3968.0 0.7357319638611345
3970.0 0.7432105754514181
3972.0 0.7404852723248462
3974.0 0.7344845162843778
3976.0 0.746582862638872
3978.0 0.7500733988058809
3980.0 0.742229299701361
3982.0 0.72843467991616
3984.0 0.7272284382499624
3986.0 0.7316691231738957
3988.0 0.7282286910604234
3990.0 0.7194212776050722
3992.0 0.7167456973480735
3994.0 0.7163165342833254
3996.0 0.7123578391116003
3998.0 0.7101317351797127
4000.0 0.693456881385511
4002.0 0.7008749699393905
4004.0 0.7016903787532505
4006.0 0.6916946686754524
4008.0 0.684709082927011
4010.0 0.6804943623636983
4012.0 0.6704906488234675
4014.0 0.6752265777656885
4016.0 0.6800988973580924
4018.0 0.6806935927972037
4020.0 0.6721983485057251
4022.0 0.6699149711546922
4024.0 0.6620365479875029
4026.0 0.6581237673690037
4028.0 0.6633097263280984
4030.0 0.6471206413525868
4032.0 0.6616214977201692
4034.0 0.6551868995541296
4036.0 0.6557344296782933
4038.0 0.6506024942429812
4040.0 0.6512454523620603
4042.0 0.6403603734415849
4044.0 0.6362365502636265
4046.0 0.6433259905482109
4048.0 0.6294011800289584
4050.0 0.6243531287345555
4052.0 0.6243457495095281
4054.0 0.604898354684078
4056.0 0.6107291518682653
4058.0 0.5960275858063876
4060.0 0.5955249688638575
4062.0 0.5911559340616706
4064.0 0.5875132228727743
4066.0 0.5860978248676298
4068.0 0.5732700854565633
4070.0 0.5689042362746067
4072.0 0.5616600732106544
4074.0 0.5539653870623997
4076.0 0.5602145756051843
4078.0 0.5356715143456533
4080.0 0.5338979022964224
4082.0 0.5368019577124916
4084.0 0.5247876425253919
4086.0 0.5269118217630339
4088.0 0.5217632051740692
4090.0 0.5200878267966245
4092.0 0.5205252382640093
4094.0 0.5115103748032742
4096.0 0.5118724832197747
4098.0 0.5085510010365765
4100.0 0.49874179372403227
4102.0 0.5016371813533497
4104.0 0.5083028146190333
4106.0 0.49046743673995985
4108.0 0.4964112232220343
4110.0 0.4873298732633426
4112.0 0.4851133518831642
4114.0 0.4883777213610126
4116.0 0.4858927000935266
4118.0 0.47139422193408925
4120.0 0.4829102170141051
4122.0 0.4855912491427731
4124.0 0.47798114741517517
4126.0 0.47243730464971534
4128.0 0.46760539207553137
4130.0 0.46323626994675365
4132.0 0.46260544579108676
4134.0 0.45510281637109495
4136.0 0.4598959745278879
4138.0 0.45882247745379545
4140.0 0.4581973805237996
4142.0 0.4540489434383185
4144.0 0.4400986838369413
4146.0 0.4419223159748522
4148.0 0.4507709708813164
4150.0 0.4516488286310464
4152.0 0.4386999619820118
4154.0 0.4285208220887754
4156.0 0.4288123261164234
4158.0 0.43069310726749954
4160.0 0.4264718371458434
4162.0 0.43406688077329497
4164.0 0.43211045434818796
4166.0 0.4247556359546105
4168.0 0.4264981509159448
4170.0 0.42113303436790017
4172.0 0.41589817705404886
4174.0 0.4183792874308708
4176.0 0.41999463628590766
4178.0 0.42135373663966524
4180.0 0.4237703373077894
4182.0 0.42496034133993643
4184.0 0.42313594195082643
4186.0 0.42908978637962303
4188.0 0.4272784002259064
4190.0 0.44130627259703525
4192.0 0.44573127907082116
4194.0 0.44353376327613553
4196.0 0.44193569763499657
4198.0 0.44124849271906436
4200.0 0.4491610535447038
4202.0 0.446856530050422
4204.0 0.4398028941014738
4206.0 0.44802203792702555
4208.0 0.4486535103212988
4210.0 0.4593045949147454
4212.0 0.4557199103627685
4214.0 0.4523655593787784
4216.0 0.45515267476644977
4218.0 0.4579049865082745
4220.0 0.4563145405989197
4222.0 0.44550940310829107
4224.0 0.4604536810902429
4226.0 0.46424184531540597
4228.0 0.45957633876311055
4230.0 0.4486292907221147
4232.0 0.45883945368910617
4234.0 0.45875548344607003
4236.0 0.4608609664814774
4238.0 0.4580122592991397
4240.0 0.45609280699835353
4242.0 0.4633236281766729
4244.0 0.46391876476315264
4246.0 0.4669104884648922
4248.0 0.46183397743395904
4250.0 0.45914307277292277
4252.0 0.45483283320488316
4254.0 0.4560593051013466
4256.0 0.4595661418017589
4258.0 0.45600795361680957
4260.0 0.44781742654694023
4262.0 0.4543579765139747
4264.0 0.4526720620528695
4266.0 0.4601619428295706
4268.0 0.45169615343832475
4270.0 0.45777478642459823
4272.0 0.4462204268699997
4274.0 0.44584541090096624
4276.0 0.44875906079498007
4278.0 0.4543761783817414
4280.0 0.4539032354793059
4282.0 0.44250303115757317
4284.0 0.4441708009584858
4286.0 0.442423766363372
4288.0 0.44595235697253743
4290.0 0.4552227392029825
4292.0 0.4549727810612291
4294.0 0.44831520059041324
4296.0 0.44289922287821626
4298.0 0.44971218996685186
4300.0 0.44725168081121514
4302.0 0.44734068556652434
4304.0 0.4515018266575697
4306.0 0.4571630746625957
4308.0 0.45432917106979415
4310.0 0.45025517524144004
4312.0 0.4578191936614146
4314.0 0.47308117845611064
4316.0 0.4759687733789144
4318.0 0.4656476000537231
4320.0 0.4645486363008577
4322.0 0.46869689334954
4324.0 0.4609612580462051
4326.0 0.46544610159870087
4328.0 0.4704752928385844
4330.0 0.4688167359712607
4332.0 0.47813555548297443
4334.0 0.47192730604961214
4336.0 0.4700337442888623
4338.0 0.4766802243655321
4340.0 0.47323686989938657
4342.0 0.4623330693041286
4344.0 0.4736688066276912
4346.0 0.47035975892554216
4348.0 0.46719889661258784
4350.0 0.4749728535560604
4352.0 0.4665655440463228
4354.0 0.46881639038151734
4356.0 0.473283531636223
4358.0 0.4705033211679914
4360.0 0.45677143422090405
4362.0 0.45069334467225153
4364.0 0.4506096560241397
4366.0 0.45230210284310784
4368.0 0.4540552477502692
4370.0 0.4477379089275977
4372.0 0.44389306432904146
4374.0 0.44064562043270167
4376.0 0.4395347187717158
4378.0 0.4386276938120215
4380.0 0.4344405391177021
4382.0 0.4345870807757837
4384.0 0.4238227012922033
4386.0 0.42262094147942714
4388.0 0.4268786627677777
4390.0 0.42933143402550733
4392.0 0.42447112338067533
4394.0 0.4228406655198401
4396.0 0.42961164101618504
4398.0 0.42143043550308423
4400.0 0.42097956365498523
4402.0 0.4276598855244484
4404.0 0.4245354667269289
4406.0 0.4253388330833025
4408.0 0.4151703615459808
4410.0 0.41720076288308405
4412.0 0.42164784902971425
4414.0 0.4243296906413885
4416.0 0.42525011202755997
4418.0 0.4252306825854533
4420.0 0.4238246186272603
4422.0 0.43040921393419007
4424.0 0.42904707334378206
4426.0 0.4317665974978005
4428.0 0.44023947755324994
4430.0 0.4450310639828523
4432.0 0.4487588994764345
4434.0 0.4438516353962109
4436.0 0.45380476757078875
4438.0 0.45329934308640857
4440.0 0.45727541829342666
4442.0 0.46069855135627136
4444.0 0.4570464676577912
4446.0 0.4667562202195863
4448.0 0.4706705427840121
4450.0 0.47121723102384083
4452.0 0.4748504534954235
4454.0 0.4866970629722884
4456.0 0.4856719126018284
4458.0 0.48341567472950436
4460.0 0.4891488770153467
4462.0 0.4895285074640044
4464.0 0.49397371159694275
4466.0 0.5027483655707102
4468.0 0.5167007780833088
4470.0 0.520541095927048
4472.0 0.5185085390867581
4474.0 0.526815261414399
4476.0 0.543560541441553
4478.0 0.5433735566570117
4480.0 0.5390670526522324
4482.0 0.5451606782721141
4484.0 0.556164834025837
4486.0 0.5614027628566882
4488.0 0.5677850955429448
4490.0 0.5777706265343846
4492.0 0.5873263517996684
4494.0 0.5838953045185655
4496.0 0.6039982871089942
4498.0 0.6118466710677365
4500.0 0.6152078901143654
4502.0 0.6208368880312263
4504.0 0.6295952302687584
4506.0 0.652019448789065
4508.0 0.6588321147905142
4510.0 0.6585118396832574
4512.0 0.6634989607558116
4514.0 0.6668555484868576
4516.0 0.6786083921783237
4518.0 0.6985296418373882
4520.0 0.7045095615108206
4522.0 0.7063256852511408
4524.0 0.7206347204423272
4526.0 0.7348259697387072
4528.0 0.7370472472428871
4530.0 0.7517119048828176
4532.0 0.7564513669647674
4534.0 0.7598949889495764
4536.0 0.7765946032716583
4538.0 0.7732707220350199
4540.0 0.799521317580953
4542.0 0.8094922951758329
4544.0 0.8117548710202893
4546.0 0.8084828207777537
4548.0 0.8281493209619978
4550.0 0.8335145881308464
4552.0 0.8376462920529524
4554.0 0.8501695435555525
4556.0 0.8532765272686701
4558.0 0.8551357525219194
4560.0 0.85537380574905
4562.0 0.8560371816490101
4564.0 0.8813519219479357
4566.0 0.8801645415738654
4568.0 0.8912711865647018
4570.0 0.8880651609984793
4572.0 0.8892803731879462
4574.0 0.8927632333126333
4576.0 0.8959598006559971
4578.0 0.898959986833089
4580.0 0.8969001303150547
4582.0 0.8859093141978327
4584.0 0.8898678503156731
4586.0 0.8827831702045608
4588.0 0.8811158545591349
4590.0 0.8609218154702641
4592.0 0.8677922403576056
4594.0 0.857321605172911
4596.0 0.8541791055669183
4598.0 0.8605862635787519
4600.0 0.850785301566969
4602.0 0.8508705748324716
4604.0 0.8600105176995746
4606.0 0.8438574125798299
4608.0 0.8357902205656076
4610.0 0.844456541238532
4612.0 0.85135011793273
4614.0 0.8455851473193882
4616.0 0.8332222875316713
4618.0 0.8255361395681388
4620.0 0.8215112539315158
4622.0 0.8292703414204939
4624.0 0.8217715097064353
4626.0 0.8162377053793062
4628.0 0.8174118036971937
4630.0 0.8045824899273621
4632.0 0.7975290244766396
4634.0 0.7933502772617265
4636.0 0.802275793496227
4638.0 0.7883285468277086
4640.0 0.7765482928824758
4642.0 0.773193886885152
4644.0 0.7674674369158249
4646.0 0.7683076221547488
4648.0 0.7599781417369206
4650.0 0.7444302124791776
4652.0 0.7327262620566033
4654.0 0.7243181152806454
4656.0 0.7233058598836022
4658.0 0.7194228272480963
4660.0 0.7045346377125021
4662.0 0.7049796362053515
4664.0 0.6986391040465378
4666.0 0.680954861779046
4668.0 0.6882319358924591
4670.0 0.6879072441866185
4672.0 0.6807643014205896
4674.0 0.6758454403575632
4676.0 0.6707108397261682
4678.0 0.6719276647194466
4680.0 0.6599843886678761
4682.0 0.6499805450034647
4684.0 0.6438560871030159
4686.0 0.6462738167258708
4688.0 0.6286836490212923
4690.0 0.6256778143643991
4692.0 0.6187287842891164
4694.0 0.6209363454004821
4696.0 0.6235579213224532
4698.0 0.6184112084526021
4700.0 0.6114292106355135
4702.0 0.61385792034513
4704.0 0.610246343504821
4706.0 0.6032845907155621
4708.0 0.6111676023708162
4710.0 0.6129666494323147
4712.0 0.6104897036577979
4714.0 0.6026079380515615
4716.0 0.6084779887525668
4718.0 0.6006242739117034
4720.0 0.5942096852826749
4722.0 0.590329258397646
4724.0 0.5887579914632304
4726.0 0.5785850055743793
4728.0 0.5825768385141469
4730.0 0.5747223468674335
4732.0 0.5756201271531592
4734.0 0.5730671307182582
4736.0 0.5652416697389353
4738.0 0.5605215291354423
4740.0 0.5637014749457384
4742.0 0.5580711721746581
4744.0 0.5540794978686792
4746.0 0.5501899004385831
4748.0 0.5510305966833193
4750.0 0.5545940526138577
4752.0 0.5549221466142801
4754.0 0.5438466777393342
4756.0 0.5412843422421981
4758.0 0.5395806857139931
4760.0 0.5401145977728364
4762.0 0.5347013722359465
4764.0 0.537498344696976
4766.0 0.5371984159881655
4768.0 0.5303194794905681
4770.0 0.5284507511337211
4772.0 0.5258874108256242
4774.0 0.5263953778914652
4776.0 0.5245498008174972
4778.0 0.5169707185135133
4780.0 0.5198990690515785
4782.0 0.5216389035488886
4784.0 0.5191503520496944
4786.0 0.5201632170060907
4788.0 0.523157929259305
4790.0 0.5342220032338484
4792.0 0.530891681911291
4794.0 0.521898253124897
4796.0 0.520920573370877
4798.0 0.5328427740041756
4800.0 0.5361923076806305
4802.0 0.5356901009537067
4804.0 0.5444328327990573
4806.0 0.5417537079895434
4808.0 0.5301895573858934
4810.0 0.5284955287222316
4812.0 0.531147085904579
4814.0 0.526645266512418
4816.0 0.5258493450385919
4818.0 0.5289471698049432
4820.0 0.5323616733472633
4822.0 0.5232590286168171
4824.0 0.5183645083582181
4826.0 0.5281972308775401
4828.0 0.5238940673397467
4830.0 0.5249389936791393
4832.0 0.529818085141794
4834.0 0.531192191612811
4836.0 0.5346743082417339
4838.0 0.5389992108012858
4840.0 0.5388726321145214
4842.0 0.5411970453129972
4844.0 0.543551774091275
4846.0 0.5459167297044667
4848.0 0.5482301806809341
4850.0 0.5506364196579199
4852.0 0.5529411983490427
4854.0 0.5553277466340324
4856.0 0.5576697232368114
4858.0 0.5600078679882008
4860.0 0.5621028500414467
4862.0 0.5633923346521122
4864.0 0.560239870439951
4866.0 0.5559159610412434
4868.0 0.5601280996288482
4870.0 0.5618347539816688
4872.0 0.5614715978500702
4874.0 0.5569233161204901
4876.0 0.5659559024742242
4878.0 0.5777461563944573
4880.0 0.5792754444586936
4882.0 0.5845837628996807
4884.0 0.5884189254042813
4886.0 0.5869343202113351
4888.0 0.5851558286393956
4890.0 0.5900558169853634
4892.0 0.5994429670538635
4894.0 0.6083372823180736
4896.0 0.6065365695195732
4898.0 0.6176514330990538
4900.0 0.6166398215177223
4902.0 0.6151443197334792
4904.0 0.620703815522044
4906.0 0.6202674013492168
4908.0 0.6268476878502174
4910.0 0.6272345307835779
4912.0 0.6273448414793719
4914.0 0.6387661587439122
4916.0 0.6328829213460402
4918.0 0.6374852230444441
4920.0 0.6360395294812029
4922.0 0.6374241295427564
4924.0 0.6489161389246472
4926.0 0.659189293258661
4928.0 0.6629216718089099
4930.0 0.6524584886186622
4932.0 0.6501372715394225
4934.0 0.6502555910875096
4936.0 0.6484006502288955
4938.0 0.6483428293691398
4940.0 0.6515179170380548
4942.0 0.6524079053351509
4944.0 0.6533400487509653
4946.0 0.6542332038170101
4948.0 0.655073054251204
4950.0 0.6560584896171695
4952.0 0.6568480417533848
4954.0 0.6578417826442646
4956.0 0.6586733577011273
4958.0 0.6595747566829683
4960.0 0.6604767050347384
4962.0 0.6595632501967542
4964.0 0.6562158242122437
4966.0 0.6542582264423569
4968.0 0.6563763614584848
4970.0 0.6526907899267672
4972.0 0.6458416398516277
4974.0 0.6516453968728898
4976.0 0.6374250100587817
4978.0 0.6342829816323123
4980.0 0.6209939395097294
4982.0 0.6239375407665823
4984.0 0.6228464920678609
4986.0 0.6074500034285295
4988.0 0.5926762844715127
4990.0 0.584628161871671
4992.0 0.5765433155237736
4994.0 0.5723486728822438
4996.0 0.5652582998754746
4998.0 0.5601110775039361
5000.0 0.5544597879076775
5002.0 0.5484494159549985
5004.0 0.5428064272725971
5006.0 0.5369883788801805
5008.0 0.5312728579377373
5010.0 0.5255487549388571
5012.0 0.5197396509799386
5014.0 0.5140978296844851
5016.0 0.5082177428020308
5018.0 0.5025646316120731
5020.0 0.49679979551643366
5022.0 0.49079302610098274
5024.0 0.48660449434270836
5026.0 0.4837171867531629
5028.0 0.4770857864261178
5030.0 0.4764906605264074
5032.0 0.47850568105103103
5034.0 0.4717926371200642
5036.0 0.46919605379910057
5038.0 0.4730921279834355
5040.0 0.4762180479674358
5042.0 0.47609514201352954
5044.0 0.47339102756023455
5046.0 0.4784190288596689
5048.0 0.46860731349787654
5050.0 0.476951641396986
5052.0 0.47536400874276835
5054.0 0.477202732259476
5056.0 0.47487073984450984
5058.0 0.48227625524225315
5060.0 0.4801187393406666
5062.0 0.4831320316956083
5064.0 0.4916169057512438
5066.0 0.4895199060421527
5068.0 0.49462230338413704
5070.0 0.4980194405836839
5072.0 0.49848716922971265
5074.0 0.5052543821469364
5076.0 0.4962915340462396
5078.0 0.5050105911488809
5080.0 0.5142931311404876
5082.0 0.5114187848898767
5084.0 0.5158083617175584
5086.0 0.5208202353163005
5088.0 0.5296224329273037
5090.0 0.5346265410633312
5092.0 0.538200236906671
5094.0 0.5422311384616318
5096.0 0.5433893420567433
5098.0 0.5484416394940906
5100.0 0.5534376132681013
5102.0 0.552345978913701
5104.0 0.5590622227425026
5106.0 0.5651369815936118
5108.0 0.5708363017921654
5110.0 0.570238541552763
5112.0 0.566489211760669
5114.0 0.5703197574769404
5116.0 0.568157715414626
5118.0 0.5812863930375671
5120.0 0.5726599072671812
5122.0 0.5827048627389776
5124.0 0.5913344179209052
5126.0 0.5865834874872529
5128.0 0.5956215661560632
5130.0 0.5917479159925778
5132.0 0.5952264863049757
5134.0 0.5962465162872179
5136.0 0.5936706979950457
5138.0 0.5903627366148863
5140.0 0.6004635368878931
5142.0 0.5896006272701624
5144.0 0.6010426525445343
5146.0 0.6096540458957004
5148.0 0.6042086250444179
5150.0 0.6011419267046317
5152.0 0.6066829861377049
5154.0 0.6102957147689344
5156.0 0.6107075421233389
5158.0 0.6106514131224619
5160.0 0.6187540287586099
5162.0 0.6247429862059221
5164.0 0.6219739149741987
5166.0 0.6232236683975395
5168.0 0.6275429737314588
5170.0 0.6311014164590413
5172.0 0.6329797851342115
5174.0 0.6386170068364636
5176.0 0.641428536472861
5178.0 0.6412726661175944
5180.0 0.6381015211549442
5182.0 0.6463794582656384
5184.0 0.6548984855902745
5186.0 0.6535841411220544
5188.0 0.6570284699592247
5190.0 0.6579049234790786
5192.0 0.6665656242329897
5194.0 0.6706026865472804
5196.0 0.6763529106881789
5198.0 0.6803306946287916
5200.0 0.68870649914873
5202.0 0.6909839280005904
5204.0 0.6996656126339
5206.0 0.7109610290812589
5208.0 0.7063147782372533
5210.0 0.7127311859785109
5212.0 0.7140598985897431
5214.0 0.7169938329433124
5216.0 0.715267059842355
5218.0 0.7266694060098294
5220.0 0.7282008294201853
5222.0 0.7240338663305607
5224.0 0.7310549214737276
5226.0 0.7327346337853771
5228.0 0.7425520702838644
5230.0 0.7504587537577193
5232.0 0.7520748047037699
5234.0 0.7474891616578059
5236.0 0.7484467038802497
5238.0 0.7599927362673538
5240.0 0.755531138710735
5242.0 0.7577683540419684
5244.0 0.769286000698536
5246.0 0.7747450758393235
5248.0 0.7696684491568269
5250.0 0.7713394255977358
5252.0 0.7765022466931932
5254.0 0.7743676084008181
5256.0 0.7826217483710953
5258.0 0.7906577732804596
5260.0 0.7990435310287541
5262.0 0.7958513600915187
5264.0 0.8026728521925269
5266.0 0.8066013795511116
5268.0 0.8155402924737879
5270.0 0.8167271866368875
5272.0 0.8215950261451412
5274.0 0.8297198979069395
5276.0 0.8341174548804476
5278.0 0.8344294107792595
5280.0 0.8324083191785092
5282.0 0.8308971259850801
5284.0 0.8355141195493924
5286.0 0.8406696945715431
5288.0 0.838162952741616
5290.0 0.8358883643641466
5292.0 0.8462159137942319
5294.0 0.842248510693166
5296.0 0.8340956673190308
5298.0 0.8284526984402881
5300.0 0.8245432984946744
5302.0 0.8233738866107974
5304.0 0.8380226238109132
5306.0 0.8434844962544676
5308.0 0.8384312280076128
5310.0 0.833011019262283
5312.0 0.8330718461772921
5314.0 0.8359668547043277
5316.0 0.8331231043619944
5318.0 0.8320010283293183
5320.0 0.8243919097208232
5322.0 0.8160420187458437
5324.0 0.8119593313614977
5326.0 0.8125326833274481
5328.0 0.8162201165188887
5330.0 0.8188935419522698
5332.0 0.8102983343663552
5334.0 0.8056202038968242
5336.0 0.8102061420849483
5338.0 0.8021748754489897
5340.0 0.801025642887983
5342.0 0.7987887949685823
5344.0 0.7991468511013533
5346.0 0.7941539341567164
5348.0 0.794411956165802
5350.0 0.8008191502659435
5352.0 0.8072528503304854
5354.0 0.8062899756103601
5356.0 0.8044922732745335
5358.0 0.80906368552665
5360.0 0.811872560221818
5362.0 0.8143557397351677
5364.0 0.8109424207326482
5366.0 0.8144474766939281
5368.0 0.8140698125088066
5370.0 0.8063121271248909
5372.0 0.8109611529744271
5374.0 0.8137476244171782
5376.0 0.819547007696063
5378.0 0.8233469297464697
5380.0 0.826085545004327
5382.0 0.8290188398102502
5384.0 0.8366540496125714
5386.0 0.8369106365507505
5388.0 0.8335905419165851
5390.0 0.8345961005141025
5392.0 0.8398307245690466
5394.0 0.8351320737895316
5396.0 0.8388362186934695
5398.0 0.8378288206299808
5400.0 0.8351789548863824
5402.0 0.8325904659078539
5404.0 0.8236678106856039
5406.0 0.8203751274049029
5408.0 0.8284384228047561
5410.0 0.8248554040408717
5412.0 0.8190419430188183
5414.0 0.822597818378312
5416.0 0.8241224523715949
5418.0 0.819897863003861
5420.0 0.814298980196242
5422.0 0.8149841161758858
5424.0 0.8097909143704588
5426.0 0.803080020671263
5428.0 0.8091937628649972
5430.0 0.8116502994468373
5432.0 0.8042489276715173
5434.0 0.8026721734343417
5436.0 0.7979878395066526
5438.0 0.8112634028104463
5440.0 0.7988873879470979
5442.0 0.7965781351572765
5444.0 0.8083991402710963
5446.0 0.8158101263657597
5448.0 0.8142304947033185
5450.0 0.8052990547549577
5452.0 0.8172524252758987
5454.0 0.8214164230873818
5456.0 0.8272437560947624
5458.0 0.8384797812846414
5460.0 0.8375880962679482
5462.0 0.8429331407097785
5464.0 0.8469089070586738
5466.0 0.8576982107791498
5468.0 0.8705691670746029
5470.0 0.8715634762199839
5472.0 0.8805293993424402
5474.0 0.8870282728680203
5476.0 0.90566753677882
5478.0 0.907319724834191
5480.0 0.9079512999202647
5482.0 0.923643164265138
5484.0 0.922543652137925
5486.0 0.9337045240665746
5488.0 0.9377511777001151
5490.0 0.9500790988234953
5492.0 0.9509838570213274
5494.0 0.9745349901459881
5496.0 0.9764607348018899
5498.0 0.9779322921245764
5500.0 0.9863552123062721
5502.0 0.9845127174252661
5504.0 0.9837758005444115
5506.0 0.9860145097153226
5508.0 0.9859662815348452
5510.0 0.992143162765648
5512.0 0.9983363741436543
5514.0 1.0
5516.0 0.9954833654634987
5518.0 0.9941811534126149
5520.0 0.9866237418137436
5522.0 0.976569180782013
5524.0 0.9686796653879879
5526.0 0.9638770092843044
5528.0 0.9611138616026246
5530.0 0.9599796454514388
5532.0 0.952801061850946
5534.0 0.9419010371175193
5536.0 0.9344389751070099
5538.0 0.9254543643026057
5540.0 0.922526397367012
5542.0 0.9134904907475613
5544.0 0.9045418249572313
5546.0 0.896315135343414
5548.0 0.891491449600842
5550.0 0.8836680033671118
5552.0 0.8777313397312964
5554.0 0.8735368038363721
5556.0 0.8685264706273038
5558.0 0.8574591807148776
5560.0 0.8500050503539106
5562.0 0.8440934222616377
5564.0 0.8388381554990377
5566.0 0.830642703092166
5568.0 0.8241753455837019
5570.0 0.8169222442267381
5572.0 0.8129000471876667
5574.0 0.8096463163992162
5576.0 0.8074215931821578
5578.0 0.8089118390157676
5580.0 0.8101058875862786
5582.0 0.8116994199886614
5584.0 0.8107957415022243
5586.0 0.8147576726899206
5588.0 0.8201864385258193
5590.0 0.8218487655756649
5592.0 0.8231529481171936
5594.0 0.8238484939785292
5596.0 0.8246256809273582
5598.0 0.8270126968714678
5600.0 0.8291897994103675
5602.0 0.8282506790783556
5604.0 0.8255348698261178
5606.0 0.8234237358536727
5608.0 0.8259913518490394
5610.0 0.8321570922769304
5612.0 0.8391282629203979
5614.0 0.8425645908806981
5616.0 0.8454884949733272
5618.0 0.84350779630979
5620.0 0.8445167244300387
5622.0 0.8415874266381974
5624.0 0.83722311374268
5626.0 0.8315922624005034
5628.0 0.8286334806559659
5630.0 0.822802034587757
5632.0 0.820746043110094
5634.0 0.8156186221086965
5636.0 0.8094130447818897
5638.0 0.8036899107913081
5640.0 0.7926125872865862
5642.0 0.7770998667734488
5644.0 0.761259214777127
5646.0 0.7435083044512505
5648.0 0.7269345848341301
5650.0 0.7113263228091723
5652.0 0.6961581512749028
5654.0 0.6839407037819756
5656.0 0.6737320194791885
5658.0 0.6658310852445056
5660.0 0.656450764999529
5662.0 0.6471233403584296
5664.0 0.6356502743444732
5666.0 0.6281435184442228
5668.0 0.6210350848953574
5670.0 0.6125719240620265
5672.0 0.6056895000542205
5674.0 0.6019203083584315
5676.0 0.6003357535286985
5678.0 0.5977562426520282
5680.0 0.5949512906879625
5682.0 0.5907068365969537
5684.0 0.582835808858419
5686.0 0.5734735942560695
5688.0 0.5686794847853525
5690.0 0.5632338804380363
5692.0 0.5592575681217478
5694.0 0.556565968696814
5696.0 0.556097995826794
5698.0 0.5546263951838499
5700.0 0.5561405551903308
5702.0 0.5542526956280082
5704.0 0.5555828067813058
5706.0 0.5559557099820424
5708.0 0.5560367974985131
5710.0 0.5588836821071641
5712.0 0.5607603776998894
5714.0 0.5612768682039886
5716.0 0.5591699619251426
5718.0 0.5554811338193266
5720.0 0.5534115239013688
5722.0 0.5526195611079382
5724.0 0.5485993695370521
5726.0 0.5466379638411744
5728.0 0.5413019709254757
5730.0 0.5378006734273688
5732.0 0.5390797261216936
5734.0 0.5430671042480021
5736.0 0.5449924197367204
5738.0 0.5436236398584292
5740.0 0.5431480299853656
5742.0 0.5412234924483686
5744.0 0.5374562914672618
5746.0 0.5344627493968293
5748.0 0.5307078840268386
5750.0 0.5288423594519712
5752.0 0.5330787715177173
5754.0 0.5364565048264034
5756.0 0.5352522425306341
5758.0 0.5369767431343133
5760.0 0.5384816072156511
5762.0 0.540451931492786
5764.0 0.539749316712281
5766.0 0.5404350739153604
5768.0 0.5421756419116847
5770.0 0.5467667607246264
5772.0 0.5480486129306895
5774.0 0.5465337697983899
5776.0 0.546790838893233
5778.0 0.5508350902547997
5780.0 0.5568283636464514
5782.0 0.5582013646446743
5784.0 0.5602305153992463
5786.0 0.5635124615427124
5788.0 0.5687607630775374
5790.0 0.5721935460017086
5792.0 0.5762772479003926
5794.0 0.5798549764948764
5796.0 0.5849896633595955
5798.0 0.5880745728950164
5800.0 0.5929801320963466
5802.0 0.5984277966345564
5804.0 0.6070012660166791
5806.0 0.6131912927693052
5808.0 0.6213237473680701
5810.0 0.6318148319368792
5812.0 0.6430139984111315
5814.0 0.6504813775272718
5816.0 0.6542427277257392
5818.0 0.6593222207955164
5820.0 0.6610007740556719
5822.0 0.6671719648803836
5824.0 0.6743741936595516
5826.0 0.6841272504391838
5828.0 0.6951988602028234
5830.0 0.7033316581885534
5832.0 0.7124896598814288
5834.0 0.7184446817913376
5836.0 0.720591711529734
5838.0 0.7220279558235538
5840.0 0.7272298966646223
5842.0 0.7345113394796685
5844.0 0.7397871463475071
5846.0 0.7454639806105908
5848.0 0.7519243434493217
5850.0 0.7598323884463986
5852.0 0.7639003129413123
5854.0 0.7708725963161468
5856.0 0.7747886755814762
5858.0 0.7771927714444846
5860.0 0.7795140110115101
5862.0 0.775482091641685
5864.0 0.7693955757991736
5866.0 0.7718819437843849
5868.0 0.777563635995353
5870.0 0.7793836156935867
5872.0 0.78351647142455
5874.0 0.7878066022281006
5876.0 0.7914381104116106
5878.0 0.7925098528628309
5880.0 0.7920629481430185
5882.0 0.7916256095565108
5884.0 0.7911872428871222
5886.0 0.7907413677732323
5888.0 0.7903096203159737
5890.0 0.7898568537120133
5892.0 0.7894252048278319
5894.0 0.7889811446663884
5896.0 0.7885398620335085
5898.0 0.787955727489864
5900.0 0.7871023407328855
5902.0 0.7879157321994722
5904.0 0.7899722623591618
5906.0 0.7901131744828164
5908.0 0.7905858879613022
5910.0 0.7922644045714777
5912.0 0.7905851100416137
5914.0 0.7913850922989687
5916.0 0.7907617347437149
5918.0 0.7867592542431521
5920.0 0.7794834914675768
5922.0 0.7735967064915636
5924.0 0.7746408166535808
5926.0 0.7760881154562567
5928.0 0.7718606713978464
5930.0 0.7698254552559947
5932.0 0.7629857632219901
5934.0 0.754136255014585
5936.0 0.7515080541898951
5938.0 0.7458670511328779
5940.0 0.7428401561863627
5942.0 0.7429240935981996
5944.0 0.7421759507219357
5946.0 0.7386654133347075
5948.0 0.7368377978823666
5950.0 0.7378901614018589
5952.0 0.7376046437737309
5954.0 0.7362881802285773
5956.0 0.7361594659593623
5958.0 0.7389002303007214
5960.0 0.7355598919237343
5962.0 0.735193019515126
5964.0 0.7383255062324515
5966.0 0.7385801947029077
5968.0 0.735153024074754
5970.0 0.7269524832849394
5972.0 0.7217533476835101
5974.0 0.7198373763586453
5976.0 0.7191663349665607
5978.0 0.7221490739834149
5980.0 0.7235737113701548
5982.0 0.7178688084693261
5984.0 0.7141013564868596
5986.0 0.7097828859872223
5988.0 0.7062690970855746
5990.0 0.7040909968751378
5992.0 0.7013977650666771
5994.0 0.6965964996875912
5996.0 0.6949022767814992
5998.0 0.6907710000034746
6000.0 0.6860153621961049
6002.0 0.6814838512209316
6004.0 0.6811943788855549
6006.0 0.6830188544420052
6008.0 0.6816361330173779
6010.0 0.6745548557385609
6012.0 0.6676283344286595
6014.0 0.659027818128992
6016.0 0.6519753021312928
6018.0 0.6475456468420664
6020.0 0.6442489298713013
6022.0 0.6416831985880397
6024.0 0.640412293653513
6026.0 0.6372744107160822
6028.0 0.6340934415049523
6030.0 0.6305678863547705
6032.0 0.6242111512025879
6034.0 0.6212550683688091
6036.0 0.6165745243819312
6038.0 0.6095812002864426
6040.0 0.6021106892007834
6042.0 0.6037601880782713
6044.0 0.6057145958817924
6046.0 0.601696857972486
6048.0 0.5926580018755473
6050.0 0.5902776931670295
6052.0 0.5911392054382874
6054.0 0.591773753957263
6056.0 0.5892492211815284
6058.0 0.5870583613452134
6060.0 0.5891200982177539
6062.0 0.5947897357545817
6064.0 0.5979295450161949
6066.0 0.5969733076060489
6068.0 0.5983184292621365
6070.0 0.5995537494882921
6072.0 0.6015406925404909
6074.0 0.6066490581783387
6076.0 0.6087609478594063
6078.0 0.6118347026026585
6080.0 0.6141382824086488
6082.0 0.6160888415484851
6084.0 0.6159838734014175
6086.0 0.6180973935789473
6088.0 0.6223497919595119
6090.0 0.6240292849789306
6092.0 0.6268638785885199
6094.0 0.6322798982463228
6096.0 0.6381932369540388
6098.0 0.6451320278802989
6100.0 0.6471044310142051
6102.0 0.6445342086603846
6104.0 0.6450696400535569
6106.0 0.646802416374534
6108.0 0.6491707130818264
6110.0 0.6507087128150508
6112.0 0.6544185866960983
6114.0 0.6567791938535442
6116.0 0.6551691480276121
6118.0 0.6533685840254383
6120.0 0.6548913661682426
6122.0 0.6564406526767483
6124.0 0.6582321208518688
6126.0 0.6581839425762968
6128.0 0.6584093319691566
6130.0 0.657831905993507
6132.0 0.6543758144848799
6134.0 0.6470103013384635
6136.0 0.6415441581506788
6138.0 0.6367222730198705
6140.0 0.6350127468447718
6142.0 0.6360052466917748
6144.0 0.6339366280789578
6146.0 0.6299091038698719
6148.0 0.625165570354279
6150.0 0.6220549788013398
6152.0 0.6222101404044128
6154.0 0.6231951528979981
6156.0 0.6265052411953688
6158.0 0.6303320470082914
6160.0 0.6345993782916812
6162.0 0.6398960825094749
6164.0 0.6427067001523702
6166.0 0.6449374159033688
6168.0 0.6498048190726435
6170.0 0.653057512836397
6172.0 0.6534178699814555
6174.0 0.6550254463522324
6176.0 0.6591156681071759
6178.0 0.6657125392521295
6180.0 0.6730299012089945
6182.0 0.6798431556546851
6184.0 0.689175455094707
6186.0 0.6963654694686408
6188.0 0.702786304006828
6190.0 0.7105911891368863
6192.0 0.7169465054462731
6194.0 0.7248229365080068
6196.0 0.7351145582206713
6198.0 0.7430503584168701
6200.0 0.7546449061220001
6202.0 0.7692813387904758
6204.0 0.7833961082845403
6206.0 0.7934122334682203
6208.0 0.8062012070938614
6210.0 0.8116676248328383
6212.0 0.819576458184996
6214.0 0.8263852314481426
6216.0 0.8284123530638009
6218.0 0.8309761988587899
6220.0 0.8376749557328932
6222.0 0.8419881903293731
6224.0 0.8472869241170503
6226.0 0.8508317779959299
6228.0 0.8519870685471722
6230.0 0.856229248932556
6232.0 0.8546718128077374
6234.0 0.8528302059184557
6236.0 0.8529854462332794
6238.0 0.851565467456187
6240.0 0.85030865607063
6242.0 0.8528736369160095
6244.0 0.8582749684730154
6246.0 0.8655750429041059
6248.0 0.86765857243872
6250.0 0.8616443999804796
6252.0 0.8657573451641809
6254.0 0.8702188341672326
6256.0 0.8736797823724632
6258.0 0.879561889566279
6260.0 0.8778808621410057
6262.0 0.8760839788817449
6264.0 0.8840027671433232
6266.0 0.8962330562750361
6268.0 0.8994554119123882
6270.0 0.9006682552992022
6272.0 0.9034956093638465
6274.0 0.9012890673796968
6276.0 0.9014773607620632
6278.0 0.9057374034063871
6280.0 0.8991530805063067
6282.0 0.8931459428031258
6284.0 0.8840338947186941
6286.0 0.8790530149254732
6288.0 0.8747821746722301
6290.0 0.8766324644411448
6292.0 0.8772342068307569
6294.0 0.8753971860357909
6296.0 0.8773256806716855
6298.0 0.8708941597106701
6300.0 0.8666781844318198
6302.0 0.8673172422047369
6304.0 0.8627896437523336
6306.0 0.8568511558294155
6308.0 0.8595499183890055
6310.0 0.8621239704555419
6312.0 0.858659318178447
6314.0 0.8589062324205627
6316.0 0.8570834844004646
6318.0 0.8553935893809865
6320.0 0.8532713482425844
6322.0 0.8501628283826941
6324.0 0.8486572857718511
6326.0 0.849421424040684
6328.0 0.8473883449107085
6330.0 0.8460537426279516
6332.0 0.8462141245576699
6334.0 0.8485673717798441
6336.0 0.8520580963033794
6338.0 0.84742978371854
6340.0 0.8474787624409922
6342.0 0.8473823222650778
6344.0 0.8487499565219065
6346.0 0.8464866523775507
6348.0 0.8451094986699452
6350.0 0.837987338449279
6352.0 0.8338747784717438
6354.0 0.8271382372790322
6356.0 0.8207568850292372
6358.0 0.8193678834276498
6360.0 0.8168034849287005
6362.0 0.8113685044302988
6364.0 0.8059884924191736
6366.0 0.8085287181095172
6368.0 0.8073025204746443
6370.0 0.8042762386991664
6372.0 0.801661163048508
6374.0 0.7975040253719865
6376.0 0.7921999064388932
6378.0 0.7876031210192038
6380.0 0.7828360636346737
6382.0 0.7791932852853365
6384.0 0.7770662125938935
6386.0 0.7759779007366019
6388.0 0.7717115762507708
6390.0 0.7680235721020585
6392.0 0.7702316545035701
6394.0 0.7677419778930459
6396.0 0.7652947412122743
6398.0 0.7642396635049862
6400.0 0.7633531757839116
6402.0 0.7628025697413119
6404.0 0.7614751985521969
6406.0 0.7615706667554357
6408.0 0.7617399195014095
6410.0 0.7619614433807558
6412.0 0.7621417696245726
6414.0 0.7623464204282839
6416.0 0.7625477293618772
6418.0 0.7627297659535084
6420.0 0.7629512941560986
6422.0 0.763115276494439
6424.0 0.7633346391684068
6426.0 0.7634328363242238
6428.0 0.7634187261412078
6430.0 0.7626948028902423
6432.0 0.7625247099057514
6434.0 0.7649834705616053
6436.0 0.765048977510146
6438.0 0.7645725164669545
6440.0 0.7639111825312316
6442.0 0.7637668694707325
6444.0 0.763492514559818
6446.0 0.7606148724996024
6448.0 0.7564426296621151
6450.0 0.7546992199803461
6452.0 0.7530870526958541
6454.0 0.753844967985132
6456.0 0.7563189795770024
6458.0 0.7576435911478212
6460.0 0.7600915310484393
6462.0 0.763708564339276
6464.0 0.7633098452629463
6466.0 0.7587964595521564
6468.0 0.7580524803959304
6470.0 0.7580591879012711
6472.0 0.758294429139967
6474.0 0.7624888321906148
6476.0 0.7672106080224862
6478.0 0.7676557099080117
6480.0 0.7667796834309529
6482.0 0.7632312451425894
6484.0 0.7598796292967018
6486.0 0.7583260184828776
6488.0 0.7573813738357174
6490.0 0.7531334900789355
6492.0 0.7475400865070821
6494.0 0.7423527681625095
6496.0 0.7408565305106377
6498.0 0.7435621428047593
6500.0 0.7484640435912934
6502.0 0.7474642957300078
6504.0 0.7439817905695402
6506.0 0.7411896429692018
6508.0 0.7370107184289563
6510.0 0.7345440463149961
6512.0 0.7327999919450128
6514.0 0.727061537231316
6516.0 0.7244436543894583
6518.0 0.7221202850793398
6520.0 0.7163728250655447
6522.0 0.7132042576575066
6524.0 0.7164254928906748
6526.0 0.7173278212978208
6528.0 0.7179148691102831
6530.0 0.7215550190504728
6532.0 0.7227583401708284
6534.0 0.7218526516789203
6536.0 0.7251747149499856
6538.0 0.7274974799403856
6540.0 0.7278669693123461
6542.0 0.729605128831818
6544.0 0.7288656505305614
6546.0 0.7262975026323797
6548.0 0.7258576583505019
6550.0 0.722973753680968
6552.0 0.7202751041028292
6554.0 0.7179301812784459
6556.0 0.7156793434482611
6558.0 0.7134515044565622
6560.0 0.7111827108014732
6562.0 0.7089593342875069
6564.0 0.7067003166490904
6566.0 0.7044627071481163
6568.0 0.7022223815599572
6570.0 0.6999660693256171
6572.0 0.697742692466872
6574.0 0.6954712041264793
6576.0 0.6927549955853555
6578.0 0.6897771215678671
6580.0 0.6868360916748764
6582.0 0.6845918240872606
6584.0 0.6823203588720904
6586.0 0.6813277263348042
6588.0 0.6774729933473338
6590.0 0.6762658675285865
6592.0 0.6751758499610687
6594.0 0.6773474413539575
6596.0 0.6727278378043265
6598.0 0.665933719317462
6600.0 0.6626250125484815
6602.0 0.65773621698621
6604.0 0.6525427546475677
6606.0 0.6503778267026235
6608.0 0.6481918413475941
6610.0 0.6419075416958088
6612.0 0.6355774246379143
6614.0 0.6326306236553977
6616.0 0.6308033085498098
6618.0 0.6317542517917561
6620.0 0.6328150636037283
6622.0 0.6315952283205288
6624.0 0.6327245823636781
6626.0 0.6325997835190914
6628.0 0.6293068433945526
6630.0 0.6233916304365332
6632.0 0.6224055519025129
6634.0 0.6211201770670091
6636.0 0.6211324601816407
6638.0 0.6235142506279384
6640.0 0.6231592983104007
6642.0 0.6214054063473268
6644.0 0.6182657423088945
6646.0 0.6173636743834038
6648.0 0.6157719129394487
6650.0 0.6148864457370221
6652.0 0.6138706661501208
6654.0 0.6164881160624701
6656.0 0.6185766315566049
6658.0 0.6187242060489871
6660.0 0.6162278800158371
6662.0 0.6142548577804684
6664.0 0.6093313214433266
6666.0 0.6057880586685823
6668.0 0.6068156965512832
6670.0 0.6059920434910081
6672.0 0.6056264761922335
6674.0 0.6044734435859954
6676.0 0.6055651553238215
6678.0 0.6064601079789593
6680.0 0.6021133016842601
6682.0 0.5965963204660193
6684.0 0.5935269763876673
6686.0 0.59223055206879
6688.0 0.5918164022914869
6690.0 0.5905767263312974
6692.0 0.5829435685966509
6694.0 0.5794937035895275
6696.0 0.5795953818277393
6698.0 0.5810837181908731
6700.0 0.5794924587131229
6702.0 0.5754463235002235
6704.0 0.5727713167916697
6706.0 0.5714378233006057
6708.0 0.5695525524964409
6710.0 0.5652351785429106
6712.0 0.5653567134025269
6714.0 0.5651703006801313
6716.0 0.559787400883828
6718.0 0.5571481694054551
6720.0 0.5533845786482412
6722.0 0.5497358667827664
6724.0 0.5457447135302198
6726.0 0.5435245239853342
6728.0 0.5418382868056351
6730.0 0.5440727513898312
6732.0 0.5453932534892588
6734.0 0.5440219802528586
6736.0 0.5393495863133335
6738.0 0.5354540474288348
6740.0 0.5342427579309339
6742.0 0.5340870990272403
6744.0 0.5336704167943682
6746.0 0.5327697128555948
6748.0 0.53215096671267
6750.0 0.5308455013698719
6752.0 0.5300051970441457
6754.0 0.5303002299530473
6756.0 0.5287776994480491
6758.0 0.5289988689574588
6760.0 0.5284626922968907
6762.0 0.5277429954974414
6764.0 0.5261913122696861
6766.0 0.5245823837817939
6768.0 0.5234706345397289
6770.0 0.5223613953706953
6772.0 0.5212484457528808
6774.0 0.5201425388618263
6776.0 0.5190269149434378
6778.0 0.5179203723841549
6780.0 0.5168054994426599
6782.0 0.5156949379695582
6784.0 0.5145859321328916
6786.0 0.5134714341849257
6788.0 0.5123670483435693
6790.0 0.5112565470266954
6792.0 0.510115389891944
6794.0 0.5101202644133908
6796.0 0.5087243996221733
6798.0 0.5073027746656285
6800.0 0.5069286495032854
6802.0 0.5089007385513565
6804.0 0.505233935118276
6806.0 0.5023405151752407
6808.0 0.5022353841994016
6810.0 0.49892881737886235
6812.0 0.4980406529839559
6814.0 0.49691293106054385
6816.0 0.4928128051094286
6818.0 0.4916345363638891
6820.0 0.49298313681150674
6822.0 0.4932991018527457
6824.0 0.4941308453087123
6826.0 0.4940390196980176
6828.0 0.493710180016458
6830.0 0.4934578269042462
6832.0 0.4924977365314412
6834.0 0.490924354976268
6836.0 0.48368647286256927
6838.0 0.4746358912828604
6840.0 0.47183456696329873
6842.0 0.4718846158701003
6844.0 0.46844999561122563
6846.0 0.46535689931477997
6848.0 0.46764283994554373
6850.0 0.46872014401314505
6852.0 0.4723936784063932
6854.0 0.4721805527433822
6856.0 0.47011978738327653
6858.0 0.47185380807194716
6860.0 0.47106278853578837
6862.0 0.46552690321331974
6864.0 0.46352111178996364
6866.0 0.4637794838054371
6868.0 0.4619316407366156
6870.0 0.46169752264084635
6872.0 0.4611554141321833
6874.0 0.46010164957092875
6876.0 0.45801870896995556
6878.0 0.4596874239743102
6880.0 0.46317564853499704
6882.0 0.46732884792756835
6884.0 0.4656691515153868
6886.0 0.46546281413551915
6888.0 0.46115216137963455
6890.0 0.4553162131761488
6892.0 0.4547693804139576
6894.0 0.45758341603845737
6896.0 0.45924359095975187
6898.0 0.46074488390653495
6900.0 0.4595308893205313
6902.0 0.4599466766312567
6904.0 0.46387808154230875
6906.0 0.46798774678707694
6908.0 0.4712419879557662
6910.0 0.4714216197509269
6912.0 0.472527393612009
6914.0 0.47427488429931447
6916.0 0.4756375846419696
6918.0 0.4778402403009725
6920.0 0.48091776265404695
6922.0 0.4826314365177399
6924.0 0.48404887908619393
6926.0 0.48646185529596675
6928.0 0.4869789634966248
6930.0 0.4881403297437323
6932.0 0.49001755762640037
6934.0 0.4926878741014498
6936.0 0.4946742402381958
6938.0 0.4977387058575943
6940.0 0.500926526211565
6942.0 0.5052812049996719
6944.0 0.5079696860884583
6946.0 0.5094095302798902
6948.0 0.5057896256331051
6950.0 0.5044491801808548
6952.0 0.5033312731802677
6954.0 0.5046794647717814
6956.0 0.5080874094695761
6958.0 0.5133097068826655
6960.0 0.5150582137877779
6962.0 0.515682357814002
6964.0 0.5163498421848378
6966.0 0.5163052053429733
6968.0 0.5125482859698898
6970.0 0.5101567225185473
6972.0 0.5101843178718407
6974.0 0.5102810757242905
6976.0 0.5113022511618864
6978.0 0.5129176698969298
6980.0 0.5153233037224783
6982.0 0.5150480848361821
6984.0 0.51493180401124
6986.0 0.5177892875079995
6988.0 0.519457250895207
6990.0 0.515835819562663
6992.0 0.5113552542568109
6994.0 0.5120601814459553
6996.0 0.5119229215621833
6998.0 0.5118774877460683
7000.0 0.5127532466070772
7002.0 0.5137907954389549
7004.0 0.5151323775947985
7006.0 0.5125903175300074
7008.0 0.5119509746264045
7010.0 0.5139777459782268
7012.0 0.5148089949024195
7014.0 0.5136894238879302
7016.0 0.5131969805261043
7018.0 0.5110412693642197
7020.0 0.5078344326458102
7022.0 0.5059819029460714
7024.0 0.5048351067221076
7026.0 0.5059776375144478
7028.0 0.5066830894391474
7030.0 0.5056692661324357
7032.0 0.5052614458608541
7034.0 0.5007097715173705
7036.0 0.5041866038788668
7038.0 0.5078379565234693
7040.0 0.5136194613126831
7042.0 0.5166526322757238
7044.0 0.5009228430152687
7046.0 0.4952391283444997
7048.0 0.5062740624025208
7050.0 0.5086246446341253
7052.0 0.5114459434458228
7054.0 0.5130369896994926
7056.0 0.5087272889283526
7058.0 0.5079900039450532
7060.0 0.5078221388285736
7062.0 0.506645798503673
7064.0 0.5009147189012741
7066.0 0.493564071237634
7068.0 0.49744861984933647
7070.0 0.504137980048565
7072.0 0.5007557918483397
7074.0 0.49677830199504125
7076.0 0.4994627885593654
7078.0 0.5002153472365758
7080.0 0.4982116119418315
7082.0 0.49688688569500145
7084.0 0.49529485484925395
7086.0 0.4944729404889919
7088.0 0.49439714852670946
7090.0 0.49678096608837197
7092.0 0.5000936434316153
7094.0 0.49901272146648706
7096.0 0.5006801645664932
7098.0 0.5044364253177656
7100.0 0.5078118059185426
7102.0 0.5099740128460086
7104.0 0.5098997346180266
7106.0 0.5064369383427397
7108.0 0.5033364140550469
7110.0 0.5011688718235388
7112.0 0.49906843569330955
7114.0 0.500046940799546
7116.0 0.5030814725090833
7118.0 0.5036220023879462
7120.0 0.5019377519876242
7122.0 0.5031834776041026
7124.0 0.5053697800730527
7126.0 0.5061279575116189
7128.0 0.5104027614930843
7130.0 0.5139171180922375
7132.0 0.516407177851157
7134.0 0.5195230820074824
7136.0 0.5220772443159575
7138.0 0.5203265680400196
7140.0 0.517125340577642
7142.0 0.5173446865323736
7144.0 0.5190617238145824
7146.0 0.5197964689560618
7148.0 0.5268208209433993
7150.0 0.5317444110627657
7152.0 0.5359519246745588
7154.0 0.5393292535684464
7156.0 0.5381196852553982
7158.0 0.539463289102792
7160.0 0.5366172471533343
7162.0 0.5359537941704169
7164.0 0.5380467594044164
7166.0 0.541188836108779
7168.0 0.540170315064633
7170.0 0.5400768860091937
7172.0 0.5445721288397484
7174.0 0.5486006813227199
7176.0 0.5497618638353332
7178.0 0.5507895912200437
7180.0 0.5519854323739267
7182.0 0.5548011451409495
7184.0 0.5575566959546284
7186.0 0.5589941129241174
7188.0 0.5576916774022422
7190.0 0.5546577867651903
7192.0 0.55477891370986
7194.0 0.5563208538221404
7196.0 0.5610580961841216
7198.0 0.567746301185201
7200.0 0.5701472721774031
7202.0 0.5619010796955868
7204.0 0.5594047022555277
7206.0 0.5673302757046234
7208.0 0.5672510585598676
7210.0 0.557401993218741
7212.0 0.5607334687007743
7214.0 0.5676252467281665
7216.0 0.5749748035881933
7218.0 0.581319638665416
7220.0 0.579225046209355
7222.0 0.5738167371032709
7224.0 0.5730641153321614
7226.0 0.5760525748304582
7228.0 0.5787343626408123
7230.0 0.5802885854615635
7232.0 0.5789091523014169
7234.0 0.5806979419793672
7236.0 0.5847450602553119
7238.0 0.5855440225169154
7240.0 0.5854322119026231
7242.0 0.5855261245210761
7244.0 0.580910731838912
7246.0 0.5810047325974926
7248.0 0.5895389534084398
7250.0 0.5967292816248142
7252.0 0.6011953859088432
7254.0 0.605300276757775
7256.0 0.6059784863449399
7258.0 0.6072074176732121
7260.0 0.6112114331356349
7262.0 0.6144927386180429
7264.0 0.6222436403820866
7266.0 0.6302397748392736
7268.0 0.6347720312326164
7270.0 0.6352034339097382
7272.0 0.6324753924057293
7274.0 0.6368559604537896
7276.0 0.640464847862282
7278.0 0.6413055766851384
7280.0 0.6418933171468642
7282.0 0.6429196438274886
7284.0 0.6432112470284821
7286.0 0.6447706526236906
7288.0 0.6483436280697286
7290.0 0.652914693797464
7292.0 0.6533961776668172
7294.0 0.6556961114603562
7296.0 0.6513371815173339
7298.0 0.648613848784359
7300.0 0.6442884050336863
7302.0 0.6415480600239375
7304.0 0.6402863350210873
7306.0 0.6392324866748169
7308.0 0.6431567062982378
7310.0 0.6418753309511217
7312.0 0.6404353652228305
7314.0 0.6388783288664017
7316.0 0.6359119329844616
7318.0 0.6333988556340189
7320.0 0.6352152852802266
7322.0 0.6367245379525366
7324.0 0.6406618639894887
7326.0 0.6423032078420964
7328.0 0.6408039390995312
7330.0 0.639119142755133
7332.0 0.6348429051397435
7334.0 0.6270389084007398
7336.0 0.6230726440839723
7338.0 0.6188414108039422
7340.0 0.6180124163611193
7342.0 0.6172953706772878
7344.0 0.6128796973527111
7346.0 0.6081475118409378
7348.0 0.6037922160081711
7350.0 0.6002134728886729
7352.0 0.6017572611962696
7354.0 0.6044347148636459
7356.0 0.6003435004753859
7358.0 0.5960655888788915
7360.0 0.5957366110546524
7362.0 0.5956581918947987
7364.0 0.5948978196279715
7366.0 0.5926182557686263
7368.0 0.589482027698754
7370.0 0.5891127457760887
7372.0 0.5896791633523342
7374.0 0.5877146989162697
7376.0 0.5828197173878911
7378.0 0.5825605088780563
7380.0 0.5820509831902994
7382.0 0.5813206815204051
7384.0 0.5789621432654058
7386.0 0.5752128483937526
7388.0 0.5719914002948246
7390.0 0.5720315776800381
7392.0 0.5743721894333739
7394.0 0.5733581147661656
7396.0 0.5678572490205509
7398.0 0.5651589642447902
7400.0 0.5610750302653679
7402.0 0.5610684769690449
7404.0 0.5573990928349667
7406.0 0.5509056871564159
7408.0 0.5477773481889658
7410.0 0.5441398539722712
7412.0 0.5418812486842889
7414.0 0.5443158719490939
7416.0 0.5403901194754722
7418.0 0.5383001799207139
7420.0 0.5378583882116512
7422.0 0.5345947597086402
7424.0 0.5304070472621022
7426.0 0.5242461267482633
7428.0 0.5186061246365126
7430.0 0.5160038385980787
7432.0 0.5136083528698105
7434.0 0.5093287420099977
7436.0 0.5034550070439905
7438.0 0.4975638629594478
7440.0 0.4907185369117865
7442.0 0.4868007386158994
7444.0 0.4837702913438725
7446.0 0.4788801155011111
7448.0 0.47187524282460247
7450.0 0.4660413579444
7452.0 0.4592382220861817
7454.0 0.4545031476847606
7456.0 0.4531518812298061
7458.0 0.45161717589155237
7460.0 0.45094890934340515
7462.0 0.4516053042322629
7464.0 0.4497627154088667
7466.0 0.4450696308058363
7468.0 0.43891720803176193
7470.0 0.4358580645193471
7472.0 0.4325659181680312
7474.0 0.4273938004783059
7476.0 0.42439628099585985
7478.0 0.4198340171569499
7480.0 0.4156927023932151
7482.0 0.4104364327918392
7484.0 0.4034104007961322
7486.0 0.39946583431539906
7488.0 0.39781977816257247
7490.0 0.39640753744185486
7492.0 0.39414196310403043
7494.0 0.39341529880326254
7496.0 0.3925073464922783
7498.0 0.3907337171420766
7500.0 0.3883746196127945
7502.0 0.3863023757410406
7504.0 0.384244570253806
7506.0 0.3821810426203733
7508.0 0.38012635633381586
7510.0 0.3780440508425345
7512.0 0.3760098939104851
7514.0 0.37393755188117606
7516.0 0.37189058517748175
7518.0 0.3698398300255624
7520.0 0.36776905804746535
7522.0 0.365645414416843
7524.0 0.3623107605780195
7526.0 0.36143102848841785
7528.0 0.3595227847926987
7530.0 0.35820032640404925
7532.0 0.35615842167302075
7534.0 0.35366325325756875
7536.0 0.35169824008031836
7538.0 0.3496972541726202
7540.0 0.34773018314740406
7542.0 0.3457476028383565
7544.0 0.3437621255842774
7546.0 0.34179963306388794
7548.0 0.339798706023474
7550.0 0.33783922226792756
7552.0 0.33584435649766775
7554.0 0.3338702164513014
7556.0 0.33203818233498605
7558.0 0.3307122711548772
7560.0 0.3300557575929641
7562.0 0.3265749069901657
7564.0 0.3245165947320721
7566.0 0.3182559826047803
7568.0 0.3132112018514145
7570.0 0.3068023869501469
7572.0 0.30323862876734564
7574.0 0.30632063859619024
7576.0 0.3153990399633082
7578.0 0.31985836589902417
7580.0 0.31941978291688267
7582.0 0.3236668581524761
7584.0 0.327165612986138
7586.0 0.328190904186321
7588.0 0.3236741433240472
7590.0 0.3214786037321558
7592.0 0.3263141878226588
7594.0 0.3298437872940026
7596.0 0.3315589196685807
7598.0 0.3311933354465761
7600.0 0.32343191649428127
7602.0 0.32372578965356785
7604.0 0.32366159562391095
7606.0 0.3254374992774868
7608.0 0.32480173386943256
7610.0 0.3287254554695344
7612.0 0.3319595201967182
7614.0 0.33524332894612874
7616.0 0.3368446136089601
7618.0 0.3413129691528665
7620.0 0.3441515590400464
7622.0 0.3483876504826722
7624.0 0.35118565014016956
7626.0 0.35202206296355
7628.0 0.3530101470229298
7630.0 0.35514424538215567
7632.0 0.358828799500081
7634.0 0.3645940617914774
7636.0 0.36943954814212004
7638.0 0.37583991955223234
7640.0 0.38304850435705534
7642.0 0.3917706222192157
7644.0 0.40014961788828085
7646.0 0.4074450695835134
7648.0 0.41570788218563876
7650.0 0.42481996175066655
7652.0 0.4350008825380704
7654.0 0.44493253339188105
7656.0 0.45424739012677146
7658.0 0.4634635135264084
7660.0 0.47074565089283454
7662.0 0.47267685464117926
7664.0 0.4748854126597245
7666.0 0.4811873193820633
7668.0 0.4876397943407094
7670.0 0.4978940586227957
7672.0 0.5062212505435755
7674.0 0.5099327938765581
7676.0 0.5181978094870593
7678.0 0.522277023696978
7680.0 0.5282298776361669
7682.0 0.537749425882696
7684.0 0.5473451064070871
7686.0 0.5516214376577708
7688.0 0.5555392110340349
7690.0 0.5634998315535066
7692.0 0.5681755672163189
7694.0 0.575819853297653
7696.0 0.5807158361419574
7698.0 0.5890387690062961
7700.0 0.5993267168290991
7702.0 0.6054312702130678
7704.0 0.6027949467879734
7706.0 0.6053591029530483
7708.0 0.6170204221927464
7710.0 0.6253915517390142
7712.0 0.6267431928899503
7714.0 0.6308726766104683
7716.0 0.6362917385674902
7718.0 0.643060203254811
7720.0 0.6481540906767823
7722.0 0.6489572824452019
7724.0 0.6503186339781779
7726.0 0.653145891414454
7728.0 0.6577528167096055
7730.0 0.6582778517115343
7732.0 0.6606877197224269
7734.0 0.6668926450243042
7736.0 0.6747725077976789
7738.0 0.6805845561980435
7740.0 0.6874057753355908
7742.0 0.6942459431981881
7744.0 0.6998132506915827
7746.0 0.7021658229847891
7748.0 0.6996722516542845
7750.0 0.6963162699685578
7752.0 0.696284343227004
7754.0 0.6931599148980354
7756.0 0.6899239984574104
7758.0 0.6897061816994844
7760.0 0.6858570923760795
7762.0 0.6811042081483549
7764.0 0.6738683694381843
7766.0 0.671288201415474
7768.0 0.6703931036324955
7770.0 0.668435212882101
7772.0 0.663208998914845
7774.0 0.658194616840354
7776.0 0.6578204594722831
7778.0 0.6583845253597428
7780.0 0.6608720800864986
7782.0 0.6612486830035041
7784.0 0.6629219036131435
7786.0 0.6562196096634644
7788.0 0.6561614324031942
7790.0 0.6562176801638967
7792.0 0.65026147937091
7794.0 0.6394977421986544
7796.0 0.6387214121571647
7798.0 0.6369772064262125
7800.0 0.6356248089353392
7802.0 0.6316041332127267
7804.0 0.6296390968996485
7806.0 0.6258310443002691
7808.0 0.624219150512541
7810.0 0.6235119998458923
7812.0 0.6268645923661994
7814.0 0.6283234413612783
7816.0 0.6230773258182842
7818.0 0.6210222296281493
7820.0 0.620209830427722
7822.0 0.6173175044290703
7824.0 0.6211058730406732
7826.0 0.6258024987460437
7828.0 0.625222016020909
7830.0 0.6255710052585102
7832.0 0.6234288492171917
7834.0 0.621055066796756
7836.0 0.6191453274466707
7838.0 0.6216939991979307
7840.0 0.6211003206892517
7842.0 0.6206998394456357
7844.0 0.6191358996022612
7846.0 0.6129945922366933
7848.0 0.6092196596897765
7850.0 0.6072161982183216
7852.0 0.6081954218373643
7854.0 0.6082179910486271
7856.0 0.6101648323362122
7858.0 0.6084923419364126
7860.0 0.6041089810944269
7862.0 0.5991567934536309
7864.0 0.594535284646051
7866.0 0.5910384295396032
7868.0 0.5880222013828279
7870.0 0.586344391924132
7872.0 0.5833520777075188
7874.0 0.5879448805923468
7876.0 0.5967287300131613
7878.0 0.5925852217720546
7880.0 0.5868935093974337
7882.0 0.5823636069616589
7884.0 0.5795345762609132
7886.0 0.5777755373712816
7888.0 0.57471568677205
7890.0 0.5732237766747702
7892.0 0.570364199568981
7894.0 0.5691364132386734
7896.0 0.5688639764240147
7898.0 0.5654991402020036
7900.0 0.5618653543282915
7902.0 0.560291859242944
7904.0 0.5593222773539127
7906.0 0.5555016114606962
7908.0 0.5497846279928666
7910.0 0.5492797617142546
7912.0 0.548033832739737
7914.0 0.5454948375522731
7916.0 0.5444748687139218
7918.0 0.5424698449160749
7920.0 0.5419944567712717
7922.0 0.5410379433788169
7924.0 0.5368939953804085
7926.0 0.5363352374832663
7928.0 0.5371662909457627
7930.0 0.5372456160740778
7932.0 0.5336474282463194
7934.0 0.5287597448766771
7936.0 0.5259342352089048
7938.0 0.5268721154800003
7940.0 0.5256190677945837
7942.0 0.5191986726753515
7944.0 0.5159714422186961
7946.0 0.5137046627045962
7948.0 0.5107477324525049
7950.0 0.5084272374537778
7952.0 0.5109912109522691
7954.0 0.5102678966178771
7956.0 0.5071194742269906
7958.0 0.5020734013344856
7960.0 0.500155441255546
7962.0 0.49641351672197165
7964.0 0.4933028657582826
7966.0 0.49328281996851325
7968.0 0.4969256137076351
7970.0 0.4947038925591301
7972.0 0.49124841042628054
7974.0 0.48754299678783136
7976.0 0.48600179599491344
7978.0 0.4853471126897025
7980.0 0.48211700405654967
7982.0 0.47539225218383246
7984.0 0.47377997306036407
7986.0 0.4769967799782147
7988.0 0.478886210371608
7990.0 0.4731461312853533
7992.0 0.4697203496400721
7994.0 0.4710912432366277
7996.0 0.47014492901198923
7998.0 0.46770378748690067
8000.0 0.46249543872510523
8002.0 0.46066055050575855
8004.0 0.4631555738072958
8006.0 0.46125134701300746
8008.0 0.4529819855902448
8010.0 0.4488102932826292
8012.0 0.4490000885632662
8014.0 0.4465652950567716
8016.0 0.44011423285832857
8018.0 0.43765385107134436
8020.0 0.43944679937991804
8022.0 0.43938370219825684
8024.0 0.4357243893100772
8026.0 0.4304796443914517
8028.0 0.4293309033887135
8030.0 0.43191332614331124
8032.0 0.43499455635561474
8034.0 0.43550277265842263
8036.0 0.42985081048676976
8038.0 0.42767988977493604
8040.0 0.42582463846430585
8042.0 0.4218454632901234
8044.0 0.42054724203255395
8046.0 0.4217687086566235
8048.0 0.42168689001342086
8050.0 0.4146670704268909
8052.0 0.41005543826900576
8054.0 0.40623972340513803
8056.0 0.4007279006644707
8058.0 0.39841515824962564
8060.0 0.3948742460642191
8062.0 0.39125452228540925
8064.0 0.38973261734776987
8066.0 0.3883797711480588
8068.0 0.38422178065709967
8070.0 0.3812874447355065
8072.0 0.3847418459701109
8074.0 0.38434919173860516
8076.0 0.38427253648858656
8078.0 0.3831000726667332
8080.0 0.38161779292383174
8082.0 0.3807702629178615
8084.0 0.3752930804440338
8086.0 0.3737020023073546
8088.0 0.3753982991615623
8090.0 0.37837309858681367
8092.0 0.3759516766623879
8094.0 0.37069030463286196
8096.0 0.3663419513409492
8098.0 0.3593709412467212
8100.0 0.3545995924115504
8102.0 0.3558791529671444
8104.0 0.354055056904385
8106.0 0.3508930448376499
8108.0 0.34837413017736807
8110.0 0.3466997806170797
8112.0 0.34664360849583176
8114.0 0.34128792275056635
8116.0 0.3394131200779859
8118.0 0.3389684225803392
8120.0 0.337076204811256
8122.0 0.33851904528941656
8124.0 0.33897973362692824
8126.0 0.3365024415849017
8128.0 0.3308014525469032
8130.0 0.32772664301299514
8132.0 0.3255463384691402
8134.0 0.32312240694986205
8136.0 0.3238133465203576
8138.0 0.3249747675120385
8140.0 0.32728775483827494
8142.0 0.3218814579473435
8144.0 0.3096645574092707
8146.0 0.29853919630504416
8148.0 0.28393818755905825
8150.0 0.2720588080046539
8152.0 0.2684879679244601
8154.0 0.26559986083455867
8156.0 0.25939751446475867
8158.0 0.252291100515541
8160.0 0.24813438047910646
8162.0 0.24723491050400045
8164.0 0.24301523571845715
8166.0 0.23373515026295621
8168.0 0.22461980224765016
8170.0 0.2166678070652218
8172.0 0.21613527374238295
8174.0 0.2118282103718335
8176.0 0.2076383103117099
8178.0 0.20308166367309297
8180.0 0.1985767693409354
8182.0 0.19015928121398312
8184.0 0.18300265307739907
8186.0 0.17782834880746193
8188.0 0.17310649648927393
8190.0 0.16991936367166585
8192.0 0.1709389951759278
8194.0 0.16760206107830064
8196.0 0.1645409918219361
8198.0 0.16229984437815212
8200.0 0.16012264811676813
8202.0 0.15732473739542094
8204.0 0.15336252309734977
8206.0 0.15067422147508885
8208.0 0.14809544646278336
8210.0 0.14673599828007175
8212.0 0.14535354389725277
8214.0 0.14241375681152824
8216.0 0.14090664817211893
8218.0 0.14036798167001024
8220.0 0.1404162737133863
8222.0 0.13895593009014562
8224.0 0.1376902205028632
8226.0 0.13761300462604914
8228.0 0.13831037566264018
8230.0 0.13954018337899188
8232.0 0.14025153625209394
8234.0 0.1416482009919103
8236.0 0.14051594291173736
8238.0 0.1405512821463383
8240.0 0.1390858223369619
8242.0 0.1419248419783154
8244.0 0.14147958195623037
8246.0 0.1392744763645208
8248.0 0.14456275361041146
8250.0 0.14774105127576584
8252.0 0.1467590327559752
8254.0 0.1484024633482463
8256.0 0.14930796114477302
8258.0 0.14549121146879354
8260.0 0.14473962527748996
8262.0 0.1452448339027771
8264.0 0.14365797085542842
8266.0 0.14306709734501655
8268.0 0.14197285951430005
8270.0 0.14334006356111006
8272.0 0.14771921452979786
8274.0 0.15079351825770432
8276.0 0.1537496329479166
8278.0 0.15704752726347823
8280.0 0.15724213203195742
8282.0 0.15664440918979516
8284.0 0.1573200990581028
8286.0 0.15691226714017886
8288.0 0.15762946224875599
8290.0 0.15952809937329596
8292.0 0.15969038592023432
8294.0 0.15837151640990746
8296.0 0.1603376124233127
8298.0 0.16030692030497373
8300.0 0.161489659450061
8302.0 0.16028395455438807
8304.0 0.15828615817759129
8306.0 0.15558749344694736
8308.0 0.1523173554512449
8310.0 0.14861290176707498
8312.0 0.15211876495421384
8314.0 0.15701459896517847
8316.0 0.1586104623390328
8318.0 0.1565742933356616
8320.0 0.15369237638906547
8322.0 0.15530672812794188
8324.0 0.1547160571915986
8326.0 0.1509500679242907
8328.0 0.1508967872271984
8330.0 0.15307117618281035
8332.0 0.15441720117886207
8334.0 0.16008359124297455
8336.0 0.16541494148163444
8338.0 0.16705076139820088
8340.0 0.16749333506558975
8342.0 0.1652307850599073
8344.0 0.16354861271006557
8346.0 0.16404248909097058
8348.0 0.16510444876502817
8350.0 0.16845718210721444
8352.0 0.17140053824605472
8354.0 0.17298012693314252
8356.0 0.17365296344537584
8358.0 0.1731431968948454
8360.0 0.1769730586705023
8362.0 0.1768895482734582
8364.0 0.17565716860160766
8366.0 0.1769517271980872
8368.0 0.17975860031761595
8370.0 0.1814294863290778
8372.0 0.18285596982526162
8374.0 0.18467981456623872
8376.0 0.1895075476758222
8378.0 0.1928979783999685
8380.0 0.19617960441590288
8382.0 0.20101387675822247
8384.0 0.20370970396679045
8386.0 0.2032854572588207
8388.0 0.2071525805540633
8390.0 0.21418941538058844
8392.0 0.21657859208900868
8394.0 0.2201277007459875
8396.0 0.2223126964266922
8398.0 0.22260024597695494
8400.0 0.2290289999535964
8402.0 0.23327894199656077
8404.0 0.23343883521895992
8406.0 0.237057562179794
8408.0 0.23999585198631987
8410.0 0.24279977192582936
8412.0 0.24653571157089763
8414.0 0.2536123575331732
8416.0 0.260253818789738
8418.0 0.2632941986531315
8420.0 0.2668615503386383
8422.0 0.27130418550150104
8424.0 0.2784359837229957
8426.0 0.28295646628404225
8428.0 0.28406261900084717
8430.0 0.28797423952879553
8432.0 0.2944626126083891
8434.0 0.30238795273717545
8436.0 0.30896660288359973
8438.0 0.31223276974612746
8440.0 0.3176803635368165
8442.0 0.325788601376966
8444.0 0.3324001911955029
8446.0 0.3430365199857533
8448.0 0.34791932095489914
8450.0 0.3500140912861901
8452.0 0.3541673454406359
8454.0 0.35957388530996953
8456.0 0.3686868393514173
8458.0 0.37462788569813266
8460.0 0.3797030637211187
8462.0 0.3852982524311082
8464.0 0.3883523924484673
8466.0 0.3918196310201713
8468.0 0.39335598078182504
8470.0 0.39795983375575883
8472.0 0.40435348156532536
8474.0 0.41422591872963255
8476.0 0.42094614091624266
8478.0 0.42874959679246555
8480.0 0.4334686244229586
8482.0 0.4382075558804632
8484.0 0.44562988708539003
8486.0 0.45302368003605514
8488.0 0.45752180067548404
8490.0 0.4610835259519495
8492.0 0.46815115618678754
8494.0 0.4761271553963256
8496.0 0.4799081064415274
8498.0 0.4867491775075038
8500.0 0.49655044163172146
8502.0 0.4996242317257684
8504.0 0.5027016968565621
8506.0 0.5076287506544733
8508.0 0.5148358906109646
8510.0 0.5199680864000493
8512.0 0.5259310147739593
8514.0 0.5326836863442965
8516.0 0.5395203613120008
8518.0 0.547182340312735
8520.0 0.5549218142431366
8522.0 0.5676731921655715
8524.0 0.5782749812922846
8526.0 0.5869614985385754
8528.0 0.5946379848409138
8530.0 0.5989122180130013
8532.0 0.6063072836977853
8534.0 0.6126358273017083
8536.0 0.6193387088322413
8538.0 0.6266334043922035
8540.0 0.6405748903463883
8542.0 0.6497863757951985
8544.0 0.6548832451957131
8546.0 0.6658102636527273
8548.0 0.6705947755940719
8550.0 0.6736430775236267
8552.0 0.6771932994869091
8554.0 0.6863198639229063
8556.0 0.6913008775242222
8558.0 0.6998500676091675
8560.0 0.7124706986285801
8562.0 0.7215301081835488
8564.0 0.7305202704517556
8566.0 0.7397360600057764
8568.0 0.7549644240576374
8570.0 0.7597982317438545
8572.0 0.764960923997763
8574.0 0.7731836040003757
8576.0 0.785115404543346
8578.0 0.7949844866078392
8580.0 0.8022070678933976
8582.0 0.8090579604975836
8584.0 0.8200506284077503
8586.0 0.8291099267650127
8588.0 0.8321217414219445
8590.0 0.8348597035151852
8592.0 0.8432704680148292
8594.0 0.8505390211311137
8596.0 0.8513745019751514
8598.0 0.8586451672860195
8600.0 0.8615320601007642
8602.0 0.8616496938742981
8604.0 0.8663556806026318
8606.0 0.8714249161189341
8608.0 0.879578095392496
8610.0 0.8877780371096267
8612.0 0.8946972713627066
8614.0 0.8971674654487339
8616.0 0.9006487625680961
8618.0 0.9050584241533193
8620.0 0.9082818493720562
8622.0 0.9134657645018041
8624.0 0.9153719915267706
8626.0 0.9223155231377657
8628.0 0.9234202650530975
8630.0 0.9246600198805359
8632.0 0.925516599192688
8634.0 0.924751835751552
8636.0 0.9294694301740435
8638.0 0.9286178583745421
8640.0 0.9264495056463259
8642.0 0.92533937985959
8644.0 0.9244554670002144
8646.0 0.9180959203941459
8648.0 0.9142097596553711
8650.0 0.9068142350702499
8652.0 0.9024340067903538
8654.0 0.8996957427614048
8656.0 0.8966238903939557
8658.0 0.8947729149822448
8660.0 0.8906558726390302
8662.0 0.8902448622335323
8664.0 0.8820939280846839
8666.0 0.8806159661915268
8668.0 0.8771599765217161
8670.0 0.8700402375964966
8672.0 0.8645301067962375
8674.0 0.8551711783032458
8676.0 0.8434414789591884
8678.0 0.8396952467135729
8680.0 0.8382957261493706
8682.0 0.8354535367675864
8684.0 0.8312482245822178
8686.0 0.8267213234759092
8688.0 0.8205059987862007
8690.0 0.818574282526055
8692.0 0.8151750418300004
8694.0 0.8059186561546562
8696.0 0.7972963628408737
8698.0 0.7954026081798499
8700.0 0.7948925067262772
8702.0 0.7883553496284137
8704.0 0.7877166768391092
8706.0 0.7898737551797227
8708.0 0.7866106983629405
8710.0 0.7884490316033789
8712.0 0.7794407965392808
8714.0 0.7777784865305515
8716.0 0.7723566838240852
8718.0 0.7687768286904443
8720.0 0.763932581391498
8722.0 0.7580545030923685
8724.0 0.7563079330974094
8726.0 0.7574928450125799
8728.0 0.7547793357557999
8730.0 0.7452995344203622
8732.0 0.7389119335000738
8734.0 0.7332716102247488
8736.0 0.7219213060299823
8738.0 0.7176869135396418
8740.0 0.7169665760839055
8742.0 0.7119362455931941
8744.0 0.7056847657260733
8746.0 0.7025335123153094
8748.0 0.7031124913586742
8750.0 0.7022253344847584
8752.0 0.6983416315097049
8754.0 0.6931173275778975
8756.0 0.6927447244242616
8758.0 0.6920534331443108
8760.0 0.6911249890869233
8762.0 0.6879781535176913
8764.0 0.6816033556291542
8766.0 0.6777425041876143
8768.0 0.6718804520032244
8770.0 0.664310648963412
8772.0 0.6649943310001879
8774.0 0.6589113318286517
8776.0 0.6564817067213057
8778.0 0.653921736619023
8780.0 0.6547180457849074
8782.0 0.6544324156694887
8784.0 0.653760428571044
8786.0 0.6479379303144563
8788.0 0.6456750219978313
8790.0 0.641881750897598
8792.0 0.6407665567516156
8794.0 0.6398170059452707
8796.0 0.6325647583091457
8798.0 0.6218202626572175
8800.0 0.6088616861774551
8802.0 0.6022372774801674
8804.0 0.598140571752274
8806.0 0.5954538354588845
8808.0 0.5886491188591112
8810.0 0.5797389100474416
8812.0 0.5774949090996948
8814.0 0.572563130075765
8816.0 0.565881551702174
8818.0 0.5584874962628368
8820.0 0.5532529692459712
8822.0 0.5474247382186511
8824.0 0.5437631157836136
8826.0 0.5405999389530942
8828.0 0.5335695836543977
8830.0 0.5263918810432331
8832.0 0.521180580738892
8834.0 0.5155309163990646
8836.0 0.5041068468125366
8838.0 0.5032908499542421
8840.0 0.504250056744654
8842.0 0.5042020835576325
8844.0 0.49877832948254
8846.0 0.48923815265351106
8848.0 0.48279244927747056
8850.0 0.4703004865638508
8852.0 0.4609059580365459
8854.0 0.4548372414933599
8856.0 0.45116291044939044
8858.0 0.44769945912332487
8860.0 0.4475895709522766
8862.0 0.44792531967974347
8864.0 0.44731156988609133
8866.0 0.44263306394421653
8868.0 0.43885377098725836
8870.0 0.432979081005126
8872.0 0.4217965489919474
8874.0 0.41785907278246304
8876.0 0.4141441405412655
8878.0 0.408643600911356
8880.0 0.4025958965929826
8882.0 0.39893265098797476
8884.0 0.3926196585696321
8886.0 0.38886400803336
8888.0 0.3825245691301827
8890.0 0.3751074564100636
8892.0 0.3692377110259031
8894.0 0.3643771879972968
8896.0 0.35979173612842197
8898.0 0.3575848377789033
8900.0 0.35750274842529506
8902.0 0.3544939995485236
8904.0 0.35336543273152765
8906.0 0.35451418785416217
8908.0 0.35131861218226706
8910.0 0.34678457603102114
8912.0 0.3456302982455719
8914.0 0.3436902889164383
8916.0 0.33792880818343973
8918.0 0.33971637820368206
8920.0 0.3384558719305393
8922.0 0.33576355588370466
8924.0 0.3312315062951081
8926.0 0.32905193829263385
8928.0 0.33293257725698316
8930.0 0.33282208101800526
8932.0 0.32751272102708445
8934.0 0.32469565306818415
8936.0 0.32775650397755707
8938.0 0.3286983570421541
8940.0 0.3260771741609507
8942.0 0.3246145279383242
8944.0 0.330225757866679
8946.0 0.33169327750902505
8948.0 0.3286987689174677
8950.0 0.3266190713564685
8952.0 0.3286658606620915
8954.0 0.3277366812429697
8956.0 0.3353588552409274
8958.0 0.3421161879224432
8960.0 0.3420610751422591
8962.0 0.33711866836375093
8964.0 0.3370321922809281
8966.0 0.3409235445674732
8968.0 0.3444175142471267
8970.0 0.34779223594858305
8972.0 0.3538263690755763
8974.0 0.3554123155820634
8976.0 0.3539863395873052
8978.0 0.3549568030473623
8980.0 0.35880967469319186
8982.0 0.36078976523280437
8984.0 0.36023912410332437
8986.0 0.3615732124807952
8988.0 0.3630038974431109
8990.0 0.363625923329231
8992.0 0.36298736442071283
8994.0 0.36757883213457615
8996.0 0.37023564130945485
8998.0 0.3717359381149271
9000.0 0.3753723058324363
9002.0 0.3741210610470613
9004.0 0.3706839727172139
9006.0 0.37174947228260874
9008.0 0.37257853352269066
9010.0 0.371920014508031
9012.0 0.3767181566448708
9014.0 0.3790319198690283
9016.0 0.38229005722515835
9018.0 0.3886855273587943
9020.0 0.38887627946650777
9022.0 0.392170840980491
9024.0 0.3932276470367125
9026.0 0.3956083251545099
9028.0 0.39457018219890966
9030.0 0.39051289672469897
9032.0 0.3910658610243033
9034.0 0.39479021198658676
9036.0 0.4020175230065423
9038.0 0.40692192474292743
9040.0 0.4008154333460855
9042.0 0.3994996947378061
9044.0 0.4013764204811775
9046.0 0.40098392057963483
9048.0 0.3952223872343451
9050.0 0.392351829832239
9052.0 0.39477743692362405
9054.0 0.3960138158561121
9056.0 0.3974478653316791
9058.0 0.3970012968032295
9060.0 0.39175867986343693
9062.0 0.38464480097810677
9064.0 0.38314333366148967
9066.0 0.38161550620996093
9068.0 0.38660770620448454
9070.0 0.39413710701794535
9072.0 0.40087070955976756
9074.0 0.4062330605034083
9076.0 0.40759380871800055
9078.0 0.40337096120176463
9080.0 0.3980001815010201
9082.0 0.4024501665566899
9084.0 0.40886789846433436
9086.0 0.4128054323602737
9088.0 0.41455468070211315
9090.0 0.40890396945217095
9092.0 0.40608792380485775
9094.0 0.40693833375997646
9096.0 0.4026654539339215
9098.0 0.40136939132284183
9100.0 0.40766813872152485
9102.0 0.4112176735380294
9104.0 0.413323260537996
9106.0 0.41728420076808836
9108.0 0.41894943842762095
9110.0 0.41694574176148413
9112.0 0.4081401307322687
9114.0 0.39899812835336146
9116.0 0.39908591715790054
9118.0 0.4044255097260968
9120.0 0.40677869538040573
9122.0 0.40921590479758896
9124.0 0.4109948104818143
9126.0 0.41042164277934995
9128.0 0.4089301373044431
9130.0 0.40841729594018233
9132.0 0.4103604712146168
9134.0 0.40991695420293384
9136.0 0.41596903611182257
9138.0 0.4253333915600971
9140.0 0.4276060466125329
9142.0 0.431882386138158
9144.0 0.433202136572181
9146.0 0.4369615705558596
9148.0 0.44056866661255495
9150.0 0.44105379063288264
9152.0 0.4428433288940775
9154.0 0.4425971496327785
9156.0 0.4415208969133687
9158.0 0.44366726734443285
9160.0 0.4514277314478774
9162.0 0.45625276407941706
9164.0 0.45430984906865773
9166.0 0.45575874803470223
9168.0 0.46153435830576245
9170.0 0.4652778732841741
9172.0 0.4590186176268946
9174.0 0.45803421816885587
9176.0 0.4623574715344828
9178.0 0.47134270174040704
9180.0 0.4761274524203244
9182.0 0.47605839026096386
9184.0 0.4713843037415185
9186.0 0.46539316292387095
9188.0 0.4646808640856835
9190.0 0.46079387341859024
9192.0 0.45688682487716037
9194.0 0.4524251962926254
9196.0 0.4482857883267611
9198.0 0.4493264822991765
9200.0 0.45192255069849774
9202.0 0.45470868518968405
9204.0 0.4558309278783845
9206.0 0.45558617139467944
9208.0 0.4606558127446713
9210.0 0.46028513936331966
9212.0 0.4599730418944922
9214.0 0.4611523728144407
9216.0 0.45829783815243796
9218.0 0.4522367287455688
9220.0 0.4485363106624075
9222.0 0.4469244290067484
9224.0 0.44398355227803005
9226.0 0.43915422410755667
9228.0 0.437536905342911
9230.0 0.4353947152925419
9232.0 0.43452659030092217
9234.0 0.4404201690042163
9236.0 0.44479293732836384
9238.0 0.43829492367539136
9240.0 0.431814909791926
9242.0 0.4315235382006617
9244.0 0.4221117008570088
9246.0 0.4166084285070612
9248.0 0.41862096316270314
9250.0 0.4221833902115617
9252.0 0.4205981942664332
9254.0 0.4175157641726945
9256.0 0.41146439580070926
9258.0 0.402510297780282
9260.0 0.400277634264346
9262.0 0.40824424685729555
9264.0 0.4198285773929893
9266.0 0.4198366650511748
9268.0 0.41034313066858885
9270.0 0.40400611847755485
9272.0 0.40151607820531443
9274.0 0.39916137288460535
9276.0 0.39465462518850397
9278.0 0.39789023486207215
9280.0 0.4031950933852155
9282.0 0.39181960426455154
9284.0 0.3867167655831145
9286.0 0.3942470741790628
9288.0 0.40428934012505396
9290.0 0.40571443548458813
9292.0 0.39804800312964594
9294.0 0.3894683768936955
9296.0 0.3962500151445458
9298.0 0.391807166799908
9300.0 0.37401583995731996
9302.0 0.35843135310199725
9304.0 0.3566674060422741
9306.0 0.37605987633771054
9308.0 0.4064571126745089
9310.0 0.4236557536183351
9312.0 0.41493565179151204
9314.0 0.39818702718113047
9316.0 0.3908824416531129
9318.0 0.39351954658975624
9320.0 0.4086975058374847
9322.0 0.4136585035498658
9324.0 0.4071033517197435
9326.0 0.40433822290286026
9328.0 0.39862861017144363
9330.0 0.4017273741042442
9332.0 0.40314480568488614
9334.0 0.3954740185684901
9336.0 0.3842923574591323
9338.0 0.3719039238180721
9340.0 0.3641057589554062
9342.0 0.378405405363649
9344.0 0.39558531770072797
9346.0 0.404943655028116
9348.0 0.40914841840638916
9350.0 0.4135996826094283
9352.0 0.4232774539781072
9354.0 0.4295532723800025
9356.0 0.4348751663170952
9358.0 0.4333438977470234
9360.0 0.4259484323018217
9362.0 0.419253249800852
9364.0 0.4135879045136108
9366.0 0.41674927264912165
9368.0 0.42188911540513696
9370.0 0.4203580770867007
9372.0 0.42448771782568734
9374.0 0.43486658186695876
9376.0 0.43188213168867406
9378.0 0.4276384053097971
9380.0 0.4258722733996587
9382.0 0.416011566266734
9384.0 0.40693446505324715
9386.0 0.39775030325728694
9388.0 0.3937758359257489
9390.0 0.40370233644621956
9392.0 0.426976449175689
9394.0 0.4372201921379192
9396.0 0.4252977357465645
9398.0 0.4120181572662704
9400.0 0.40209266998582904
9402.0 0.40900473883175603
9404.0 0.41665444077648583
9406.0 0.41528617002077506
9408.0 0.41804990724671437
9410.0 0.41973052529399757
9412.0 0.4168131205986565
9414.0 0.4121947781256132
9416.0 0.4111767582567934
9418.0 0.41148347024944976
9420.0 0.4098526898178922
9422.0 0.40669585560614513
9424.0 0.4017549873216309
9426.0 0.3921137235985421
9428.0 0.384820260348251
9430.0 0.3878629982408674
9432.0 0.39276847862054803
9434.0 0.391115443148029
9436.0 0.3852724260190142
9438.0 0.3797959400451881
9440.0 0.3750025325084015
9442.0 0.37516190404627575
9444.0 0.3869966307150479
9446.0 0.39824010796019116
9448.0 0.3984430200565836
9450.0 0.39422767339374154
9452.0 0.3930285649504614
9454.0 0.3952877720916097
9456.0 0.39830036274040553
9458.0 0.40260532618896205
9460.0 0.40440176358840246
9462.0 0.3995419416643284
9464.0 0.39346989009557776
9466.0 0.3897149378785051
9468.0 0.3879182777639655
9470.0 0.38897200548127486
9472.0 0.3933965945490575
9474.0 0.3983155407616869
9476.0 0.4037346420990849
9478.0 0.4071253935309917
9480.0 0.4068349771374177
9482.0 0.4055031380789627
9484.0 0.4052576246171253
9486.0 0.40565134973272937
9488.0 0.40507677420902244
9490.0 0.40310810442398165
9492.0 0.4002125047800413
9494.0 0.3957658231300144
9496.0 0.39289461369909306
9498.0 0.39372807027719464
9500.0 0.39605294860016277
9502.0 0.39710949141092217
9504.0 0.3968352720187824
9506.0 0.39423264440941735
9508.0 0.3868862823337643
9510.0 0.3834035834483527
9512.0 0.3865097295637237
9514.0 0.39175307607686716
9516.0 0.39579233971972494
9518.0 0.398504216203319
9520.0 0.4014469239762702
9522.0 0.4067804093815314
9524.0 0.4075220582608055
9526.0 0.4007934591822227
9528.0 0.3973586262062978
9530.0 0.4018794762668598
9532.0 0.40850794105408206
9534.0 0.40979261763911884
9536.0 0.4054465986411323
9538.0 0.4020022186422473
9540.0 0.40104576631881705
9542.0 0.39998086940888544
9544.0 0.39784542279265983
9546.0 0.3956592690000349
9548.0 0.39520779190423067
9550.0 0.39618195486173485
9552.0 0.39572098004122214
9554.0 0.3930911358064916
9556.0 0.38980768833309076
9558.0 0.38438480873872405
9560.0 0.38226746090043273
9562.0 0.3856659211180081
9564.0 0.3908409423940476
9566.0 0.39369498348097437
9568.0 0.3941995051724145
9570.0 0.3935299038281614
9572.0 0.39292488857577856
9574.0 0.39286405282062276
9576.0 0.39246122572919434
9578.0 0.39206047705323344
9580.0 0.39165591183772075
9582.0 0.39144199284540726
9584.0 0.39262421673185166
9586.0 0.3955497617275757
9588.0 0.39813348266891
9590.0 0.3993949974529458
9592.0 0.39973907018094207
9594.0 0.4007498088362065
9596.0 0.40092023018858286
9598.0 0.3983453590199845
9600.0 0.395078458465869
9602.0 0.39788179915621197
9604.0 0.4080329748508906
9606.0 0.4104215989243959
9608.0 0.4048966360136085
9610.0 0.40044073332541186
9612.0 0.4013295674924685
9614.0 0.4041404622319905
9616.0 0.40271074695560616
9618.0 0.3974364605923369
9620.0 0.39304296968040003
9622.0 0.3875391520445113
9624.0 0.3838878021227316
9626.0 0.38243288373763534
9628.0 0.3833128065003029
9630.0 0.38647310081049097
9632.0 0.3906367283357274
9634.0 0.39150013304235165
9636.0 0.38760828727473867
9638.0 0.3899913415384863
9640.0 0.3994931688701971
9642.0 0.40695981487613775
9644.0 0.4102028590404138
9646.0 0.4101389822077768
9648.0 0.4066767432088788
9650.0 0.39929508423798804
9652.0 0.3971011750984452
9654.0 0.3986362651514408
9656.0 0.39928686557251675
9658.0 0.39915877121819604
9660.0 0.39846724876225464
9662.0 0.3975001043853192
9664.0 0.3977080533514121
9666.0 0.40276316916194493
9668.0 0.4144025784149506
9670.0 0.4166928311105568
9672.0 0.4110850524296517
9674.0 0.40601657912054906
9676.0 0.4031014022822465
9678.0 0.4011046043332656
9680.0 0.399359452417242
9682.0 0.3984273324699916
9684.0 0.4008295499000084
9686.0 0.40710314075452225
9688.0 0.4063741891954925
9690.0 0.39891882198741074
9692.0 0.3923073741945764
9694.0 0.39020123994663836
9696.0 0.3903216370263423
9698.0 0.3898403255256589
9700.0 0.3892666532307708
9702.0 0.3856075871481949
9704.0 0.3792408633068971
9706.0 0.3766617061700279
9708.0 0.3791946619978038
9710.0 0.3827830999310022
9712.0 0.38334630050153523
9714.0 0.38204692926587686
9716.0 0.3811580434860774
9718.0 0.37983932235726603
9720.0 0.3824497572341147
9722.0 0.38947083911185704
9724.0 0.3945410973222847
9726.0 0.3947140689697492
9728.0 0.3925364167268767
9730.0 0.3903832824052825
9732.0 0.38686630706541325
9734.0 0.3858581300945014
9736.0 0.38652146944578963
9738.0 0.38853948168200997
9740.0 0.39334848876307527
9742.0 0.39580312756680774
9744.0 0.38963667662621765
9746.0 0.37958708362599475
9748.0 0.3786691646735099
9750.0 0.3815886606192496
9752.0 0.38028492819464627
9754.0 0.37716932341292825
9756.0 0.3754248737894586
9758.0 0.3761668060094755
9760.0 0.3782254619037361
9762.0 0.37977583968146494
9764.0 0.3804036021739424
9766.0 0.3785947429343961
9768.0 0.3749872794309154
9770.0 0.3733724817019925
9772.0 0.37398191782649276
9774.0 0.3749444212657628
9776.0 0.37497595345990004
9778.0 0.3743908137964584
9780.0 0.37329812094854675
9782.0 0.37177091080053
9784.0 0.3703457548478745
9786.0 0.3694063246816643
9788.0 0.3705810567230288
9790.0 0.3742139544304513
9792.0 0.37747261048619435
9794.0 0.37700951059906906
9796.0 0.3749551062803342
9798.0 0.3757193193055374
9800.0 0.377358407634898
9802.0 0.3771492404578535
9804.0 0.37556923109674917
9806.0 0.37430978851886887
9808.0 0.3740980634525378
9810.0 0.37462298131616306
9812.0 0.375582533938111
9814.0 0.3765876174466349
9816.0 0.37867340944393896
9818.0 0.3809037785195658
9820.0 0.3778935651368306
9822.0 0.36908912649938225
9824.0 0.36078995411871134
9826.0 0.3571165448811692
9828.0 0.3555476083089139
9830.0 0.3556413387164115
9832.0 0.3567015266169947
9834.0 0.3571668739409375
9836.0 0.3572430553151432
9838.0 0.356145332921515
9840.0 0.3533476254400919
9842.0 0.3510460907461333
9844.0 0.3506727472074237
9846.0 0.3522317910241099
9848.0 0.3586980381474943
9850.0 0.3675209415099418
9852.0 0.37157980814749864
9854.0 0.37009660740864314
9856.0 0.3688424110511821
9858.0 0.3713137674846804
9860.0 0.37394384532266617
9862.0 0.37489564879780957
9864.0 0.37456847244462155
9866.0 0.3710111941023408
9868.0 0.3650945208333914
9870.0 0.36032188200239906
9872.0 0.35780441719180206
9874.0 0.35593507741654973
9876.0 0.353836670663276
9878.0 0.35295977447182814
9880.0 0.35528498326204466
9882.0 0.3593089214136754
9884.0 0.3628898851723718
9886.0 0.36497819187242675
9888.0 0.36161804569593553
9890.0 0.3482353648773588
9892.0 0.33695111408377676
9894.0 0.3378178486768383
9896.0 0.3432331935105377
9898.0 0.3492200279141684
9900.0 0.35495576310108223
9902.0 0.356428494541521
9904.0 0.3522566735751345
9906.0 0.3449131245714518
9908.0 0.3333479435713545
9910.0 0.32633149767350866
9912.0 0.33030968297394125
9914.0 0.33899454865275
9916.0 0.3475458592792957
9918.0 0.3555688663753696
9920.0 0.3621777705161244
9922.0 0.3664620841594136
9924.0 0.3677673275827667
9926.0 0.36623219071314467
9928.0 0.36328199456509647
9930.0 0.35904169642153955
9932.0 0.35498257869101785
9934.0 0.35389231172781077
9936.0 0.35607531427757483
9938.0 0.359239980226755
9940.0 0.36406569572776903
9942.0 0.3649800579631398
9944.0 0.3569992273647075
9946.0 0.3502767163984113
9948.0 0.3556807902222934
9950.0 0.36845010378651505
9952.0 0.373126890997583
9954.0 0.36740157434092857
9956.0 0.3632579361074929
9958.0 0.3519286207330585
9960.0 0.34423416578326416
9962.0 0.34637603164830716
9964.0 0.3524946346774326
9966.0 0.35529460752201386
9968.0 0.35511427285673997
9970.0 0.3548547263317852
9972.0 0.35465919210158087
9974.0 0.3542059015621653
9976.0 0.3527231576378959
9978.0 0.35206896427987555
9980.0 0.35432759280362935
9982.0 0.3580119464144367
9984.0 0.3591288593545798
9986.0 0.35717286655948827
9988.0 0.3562909274463605
9990.0 0.35621095786897616
9992.0 0.35754119718984156
9994.0 0.36182440564347906
9996.0 0.36622056273620046
9998.0 0.36722160044470353
