# z obs_date
# 0 52280
3580.0 0.6166930178589481
3582.0 0.6523612998121762
3584.0 0.6280286245169383
3586.0 0.6274364877382823
3588.0 0.6291831127430857
3590.0 0.6193880715568677
3592.0 0.6167408266798334
3594.0 0.6320342494477769
3596.0 0.6352058638702286
3598.0 0.6273934071696524
3600.0 0.6179122982301604
3602.0 0.6180847288340178
3604.0 0.5786603893065398
3606.0 0.6068292592576213
3608.0 0.5972593080628988
3610.0 0.621669987471343
3612.0 0.6700764625974285
3614.0 0.6218430931137189
3616.0 0.6140762603462186
3618.0 0.6206238050483239
3620.0 0.6391721006266566
3622.0 0.5820624123271929
3624.0 0.5837604207623204
3626.0 0.5838722565414237
3628.0 0.5838107443118113
3630.0 0.6036518833833039
3632.0 0.5834174957223592
3634.0 0.5770594655243481
3636.0 0.609841661844084
3638.0 0.5962464784735836
3640.0 0.5913309948968333
3642.0 0.608350552536718
3644.0 0.597057388805603
3646.0 0.604305034428503
3648.0 0.5966707525259797
3650.0 0.5884138759009754
3652.0 0.6224510840443841
3654.0 0.6097106158755626
3656.0 0.6137849261770487
3658.0 0.6219099149353066
3660.0 0.6053153705727522
3662.0 0.6076119652284693
3664.0 0.6021217315881685
3666.0 0.6143390152498942
3668.0 0.5893047505317625
3670.0 0.6076886058046284
3672.0 0.6123184254979502
3674.0 0.6001263799577758
3676.0 0.6028942089494189
3678.0 0.6175386680071745
3680.0 0.6033844906520851
3682.0 0.5970340098135086
3684.0 0.5760153374143585
3686.0 0.5729381039149183
3688.0 0.5736580550774438
3690.0 0.6061886679275813
3692.0 0.58835774079037
3694.0 0.5683190824998308
3696.0 0.5611702340425844
3698.0 0.6035595836510127
3700.0 0.5944958167762568
3702.0 0.5804413726305093
3704.0 0.5794572182834522
3706.0 0.5838581651989523
3708.0 0.5846808859491838
3710.0 0.6118663911293831
3712.0 0.5935625841222311
3714.0 0.5847930241997505
3716.0 0.6094861792630534
3718.0 0.6233648821112986
3720.0 0.6115196217914216
3722.0 0.652160869524108
3724.0 0.736238643003233
3726.0 0.7879514306196436
3728.0 0.760208475556037
3730.0 0.6818501329805703
3732.0 0.661794976575787
3734.0 0.6383927727967978
3736.0 0.6346812529654097
3738.0 0.6685570873444997
3740.0 0.6962035005456413
3742.0 0.6722915240700056
3744.0 0.6609422802195726
3746.0 0.665589048763777
3748.0 0.6725252764194827
3750.0 0.6764567832931699
3752.0 0.6826164041354976
3754.0 0.6935134023827282
3756.0 0.6972759368604113
3758.0 0.6839336460898879
3760.0 0.6826963766045078
3762.0 0.6909990722035587
3764.0 0.6942091357423391
3766.0 0.6680870629229256
3768.0 0.6307870342841785
3770.0 0.6099914596024729
3772.0 0.6036769146979689
3774.0 0.6334537789778569
3776.0 0.6487456886131591
3778.0 0.6492949210416621
3780.0 0.6573266851637796
3782.0 0.6344416325529919
3784.0 0.6416340736799436
3786.0 0.6573341538837215
3788.0 0.6457742304336612
3790.0 0.6491704094013426
3792.0 0.6269736394325611
3794.0 0.6018802510951313
3796.0 0.6295710089866233
3798.0 0.636417201864314
3800.0 0.6190203520912944
3802.0 0.6284847171012756
3804.0 0.6558609518287128
3806.0 0.6705343696157531
3808.0 0.671481895715217
3810.0 0.6946842373060709
3812.0 0.6880284308150372
3814.0 0.6828420344366568
3816.0 0.6932551695486542
3818.0 0.7038623745828035
3820.0 0.7050539620739688
3822.0 0.722258524058897
3824.0 0.7023280106064256
3826.0 0.6887778506187063
3828.0 0.6660938276173165
3830.0 0.6485471432352148
3832.0 0.6583662227179291
3834.0 0.6611529255477996
3836.0 0.6433785842638656
3838.0 0.6410996328271852
3840.0 0.6413845437044572
3842.0 0.6225799477996135
3844.0 0.6195606758169048
3846.0 0.6374387943421274
3848.0 0.6287282285663375
3850.0 0.6268682144087232
3852.0 0.6123837234662665
3854.0 0.600548697522363
3856.0 0.5934236407264561
3858.0 0.5758147488771135
3860.0 0.5803216866267938
3862.0 0.5781207872539036
3864.0 0.5617213902045943
3866.0 0.5891389004041921
3868.0 0.5923929427109035
3870.0 0.5692933515857961
3872.0 0.562799057011692
3874.0 0.5673650845848188
3876.0 0.5957592491299161
3878.0 0.5809736839605969
3880.0 0.5768034650073467
3882.0 0.5639007442699686
3884.0 0.5585332382170607
3886.0 0.5574954876513248
3888.0 0.5980940304779201
3890.0 0.5964435251091702
3892.0 0.5609833735108495
3894.0 0.5598369649497358
3896.0 0.5542286718166959
3898.0 0.5550636294000918
3900.0 0.5706745163509638
3902.0 0.5752765531427789
3904.0 0.5744996308453332
3906.0 0.5766153190030061
3908.0 0.5886005643357272
3910.0 0.5705026928745713
3912.0 0.5497121880546026
3914.0 0.5988086960485138
3916.0 0.626720163114977
3918.0 0.6438056172485791
3920.0 0.6357944732736738
3922.0 0.6640651930371411
3924.0 0.6692359909271199
3926.0 0.6671739783405592
3928.0 0.6927778091357125
3930.0 0.6845430505866446
3932.0 0.6805764895895531
3934.0 0.7036253444777898
3936.0 0.7020112116648418
3938.0 0.7513219688697154
3940.0 0.7212079774422857
3942.0 0.7378029363205421
3944.0 0.7349667814760741
3946.0 0.7430829248570091
3948.0 0.7484161047451529
3950.0 0.7708606747688217
3952.0 0.7651512247454024
3954.0 0.772675931994653
3956.0 0.8011966537167359
3958.0 0.7768951960908291
3960.0 0.7595242185153042
3962.0 0.7771554896905032
3964.0 0.7465110739421735
3966.0 0.7303257557952542
3968.0 0.7370920892320093
3970.0 0.7421051992281921
3972.0 0.7784648525992469
3974.0 0.7459023742293748
3976.0 0.7677752822916194
3978.0 0.7787295382721683
3980.0 0.7537300673602496
3982.0 0.7662441702107915
3984.0 0.7483615150740118
3986.0 0.7648305452783559
3988.0 0.7591156440218552
3990.0 0.7528130672079659
3992.0 0.7545829738745959
3994.0 0.7275689735274641
3996.0 0.7278875546259181
3998.0 0.7719649745466743
4000.0 0.7677376671478762
4002.0 0.7340491988647817
4004.0 0.7338452566739577
4006.0 0.7269009714320355
4008.0 0.6910873260445372
4010.0 0.6995530778461578
4012.0 0.6873630274683001
4014.0 0.6920941659698338
4016.0 0.7221363714565804
4018.0 0.706410521733184
4020.0 0.6715902075462975
4022.0 0.706029189541816
4024.0 0.6889208449290322
4026.0 0.6407282639569895
4028.0 0.6689895860886865
4030.0 0.6857287518326619
4032.0 0.6971394080666464
4034.0 0.6776121791507986
4036.0 0.6901227679987915
4038.0 0.6574348144000335
4040.0 0.6599227197772389
4042.0 0.6605846974321882
4044.0 0.6792794799239594
4046.0 0.6667594124298349
4048.0 0.6760977974805588
4050.0 0.6991531806351132
4052.0 0.7050886798835531
4054.0 0.7261902506800395
4056.0 0.7245152441616622
4058.0 0.7341110213446205
4060.0 0.7355526185283315
4062.0 0.764069639201339
4064.0 0.7772774454514396
4066.0 0.7973816096370728
4068.0 0.7851444880217245
4070.0 0.8056532462401547
4072.0 0.7885878856093821
4074.0 0.7937931532841751
4076.0 0.8001847005893892
4078.0 0.8124366885289412
4080.0 0.8105578387224955
4082.0 0.8145574856840864
4084.0 0.8186093362574272
4086.0 0.8025064623448799
4088.0 0.7847154228105012
4090.0 0.7870141538313532
4092.0 0.78445492886539
4094.0 0.7809942934224287
4096.0 0.7603436474199934
4098.0 0.7715420620870191
4100.0 0.8027985806966452
4102.0 0.7960618835711768
4104.0 0.766085574305844
4106.0 0.7489105529152503
4108.0 0.7505939875832444
4110.0 0.7336932038587697
4112.0 0.712535192012548
4114.0 0.7275250976042212
4116.0 0.7436789681190299
4118.0 0.7330542281979777
4120.0 0.7069412852289394
4122.0 0.7197328272561992
4124.0 0.7061392419274306
4126.0 0.6933922223607016
4128.0 0.7047586220276407
4130.0 0.6974906910982676
4132.0 0.6927257885703142
4134.0 0.713476116120626
4136.0 0.7306409787327974
4138.0 0.7245690190853121
4140.0 0.7059148132258726
4142.0 0.7050991199163994
4144.0 0.7120329668169629
4146.0 0.7171523632057127
4148.0 0.7294577740971377
4150.0 0.7245294122402948
4152.0 0.7239376004527733
4154.0 0.7361017759581263
4156.0 0.7292907357497691
4158.0 0.7242358797441992
4160.0 0.717987645920504
4162.0 0.7068924079196229
4164.0 0.7023086799799628
4166.0 0.7082572479599721
4168.0 0.6947729331578305
4170.0 0.6667288205653767
4172.0 0.6644176021010294
4174.0 0.6495182114095778
4176.0 0.6397838641646384
4178.0 0.6206494358934707
4180.0 0.6248581315193571
4182.0 0.6369227747994107
4184.0 0.6383305347792114
4186.0 0.647227929911658
4188.0 0.628226744217202
4190.0 0.6286835527977357
4192.0 0.6370763019992192
4194.0 0.6310693734864342
4196.0 0.6402261094098154
4198.0 0.6299884089581662
4200.0 0.6317483553493984
4202.0 0.6265840757776048
4204.0 0.6352969279866276
4206.0 0.6498186131880007
4208.0 0.6515404194423277
4210.0 0.6568990351020288
4212.0 0.6670478469364055
4214.0 0.6786408277296279
4216.0 0.6761389763152932
4218.0 0.6635077108777668
4220.0 0.6737415418224331
4222.0 0.6693134157305147
4224.0 0.6423272467922836
4226.0 0.6354288591928574
4228.0 0.6449807621244908
4230.0 0.6338303040860942
4232.0 0.6255187664516405
4234.0 0.6033857916887381
4236.0 0.603522465931873
4238.0 0.5866768860772456
4240.0 0.5941280600197609
4242.0 0.5718361635054204
4244.0 0.5689987923276129
4246.0 0.5416614697066148
4248.0 0.537729763204518
4250.0 0.528281810006433
4252.0 0.5455811087955313
4254.0 0.5538268319176376
4256.0 0.5460967516192394
4258.0 0.5327343483008015
4260.0 0.5420649614134929
4262.0 0.5406567558255271
4264.0 0.540852351024456
4266.0 0.5427204370265275
4268.0 0.5426538667532741
4270.0 0.5467131910528871
4272.0 0.5510272618331886
4274.0 0.5642282692639088
4276.0 0.5786857238657424
4278.0 0.5723004544606712
4280.0 0.5921787471115256
4282.0 0.5719095891422991
4284.0 0.567823950412424
4286.0 0.5978007147434894
4288.0 0.5968922246822151
4290.0 0.5974224953154844
4292.0 0.6076706175102082
4294.0 0.6259448342568235
4296.0 0.6686565964217774
4298.0 0.6288887660211877
4300.0 0.6441199914463657
4302.0 0.6538600590223423
4304.0 0.6700837045437918
4306.0 0.6727827022293407
4308.0 0.6803839013091934
4310.0 0.6843541960994268
4312.0 0.6953607750746299
4314.0 0.6906793804268876
4316.0 0.6997635245119814
4318.0 0.6692893497231178
4320.0 0.7036281829529454
4322.0 0.7041190319690152
4324.0 0.6904211684385728
4326.0 0.6653675381459608
4328.0 0.6428677154735831
4330.0 0.6461832992059657
4332.0 0.633948339184844
4334.0 0.6179814061524121
4336.0 0.629631862092697
4338.0 0.6614937046861639
4340.0 0.649518695741848
4342.0 0.6227578934525387
4344.0 0.6391025885979796
4346.0 0.6218711925542131
4348.0 0.6219258007666854
4350.0 0.6360814351000693
4352.0 0.6260688440640847
4354.0 0.6331649590367293
4356.0 0.6345810745512462
4358.0 0.6413287760315544
4360.0 0.620368676303917
4362.0 0.6413470452069214
4364.0 0.6557684016309774
4366.0 0.6368642000968612
4368.0 0.6390468565692986
4370.0 0.650624846598602
4372.0 0.6491958750811183
4374.0 0.6539628793610477
4376.0 0.6320153961886218
4378.0 0.6645441947378191
4380.0 0.6572931033498873
4382.0 0.6521130411132279
4384.0 0.6487385938723368
4386.0 0.6581836580764515
4388.0 0.6657616576119187
4390.0 0.6769546031152556
4392.0 0.6850540217903126
4394.0 0.6564225547083071
4396.0 0.6690083273251107
4398.0 0.6669223875036185
4400.0 0.6484848770114702
4402.0 0.6670640088079093
4404.0 0.6512698306606203
4406.0 0.6444236102188444
4408.0 0.6403174619288233
4410.0 0.6440671507881579
4412.0 0.6342530877718375
4414.0 0.6512831686403322
4416.0 0.6571260913768134
4418.0 0.644628230905851
4420.0 0.6399108227929352
4422.0 0.6713471646235876
4424.0 0.6662408225081813
4426.0 0.6544787258460388
4428.0 0.6687982162397442
4430.0 0.6539024534844499
4432.0 0.6580687088478021
4434.0 0.6693951534511655
4436.0 0.6797581256185886
4438.0 0.6707225965151545
4440.0 0.6811549709358218
4442.0 0.6783783402202516
4444.0 0.6720998538135152
4446.0 0.6608423035368061
4448.0 0.6667935444770483
4450.0 0.6632778336354315
4452.0 0.6534619014470979
4454.0 0.6482794619037836
4456.0 0.6355059122355432
4458.0 0.6343881113792309
4460.0 0.6200145124091924
4462.0 0.6158649577113761
4464.0 0.6230685156395844
4466.0 0.6086333526170946
4468.0 0.6127067301934179
4470.0 0.611433172682756
4472.0 0.599943876661657
4474.0 0.6047061351434286
4476.0 0.5985688462095698
4478.0 0.5984463034675215
4480.0 0.5919623087614564
4482.0 0.5964714683922346
4484.0 0.5948947047489289
4486.0 0.5842826369600164
4488.0 0.573681001502448
4490.0 0.5630403756078142
4492.0 0.5649425158631521
4494.0 0.5659301700824617
4496.0 0.5651914593302112
4498.0 0.5661044362575969
4500.0 0.5582104780494532
4502.0 0.5547063449581056
4504.0 0.549980604389115
4506.0 0.5566553171152281
4508.0 0.5606981407138893
4510.0 0.5612071288167235
4512.0 0.5693738118698407
4514.0 0.5812989413928411
4516.0 0.5871104063635566
4518.0 0.5844530953615044
4520.0 0.5780435354609623
4522.0 0.586246401508899
4524.0 0.6051080608620993
4526.0 0.6043757118086432
4528.0 0.6061741923916132
4530.0 0.6157884817937495
4532.0 0.6147374016686191
4534.0 0.6183259503960257
4536.0 0.6400702381446924
4538.0 0.6440042094842293
4540.0 0.6435254610097395
4542.0 0.6642938847755983
4544.0 0.6670921239792224
4546.0 0.6656766700601644
4548.0 0.6740214781204061
4550.0 0.6879668200702356
4552.0 0.6938552310156123
4554.0 0.704106058783618
4556.0 0.7171838446564163
4558.0 0.7301864335595564
4560.0 0.7326611658745291
4562.0 0.7417359450411724
4564.0 0.765774315644859
4566.0 0.7904292728755723
4568.0 0.7940714680331987
4570.0 0.7961054951828075
4572.0 0.7985755078624411
4574.0 0.7859603697065078
4576.0 0.7804066360678136
4578.0 0.7902307400202425
4580.0 0.7724657293430446
4582.0 0.763492452783532
4584.0 0.7661419582249495
4586.0 0.7751144825405188
4588.0 0.7678312366654022
4590.0 0.7629540624656023
4592.0 0.754642657560345
4594.0 0.7555286696961979
4596.0 0.7475430693545762
4598.0 0.74284825984285
4600.0 0.7554988600494459
4602.0 0.7604082860034946
4604.0 0.7577360715507048
4606.0 0.7729116709755904
4608.0 0.7753233731293672
4610.0 0.775646803710489
4612.0 0.7880074140123561
4614.0 0.7874433887802056
4616.0 0.7755631077057498
4618.0 0.7633913784564851
4620.0 0.7690121378524926
4622.0 0.7650820066535479
4624.0 0.7671164913578253
4626.0 0.7559894616701773
4628.0 0.7588302968225503
4630.0 0.7515769746442378
4632.0 0.7615188577556627
4634.0 0.7693288173159714
4636.0 0.7673776787008435
4638.0 0.7760152320500368
4640.0 0.787394260347778
4642.0 0.7694296080279135
4644.0 0.7806603996079334
4646.0 0.7789105113363913
4648.0 0.7988387347369549
4650.0 0.8196630604890197
4652.0 0.8119017949094626
4654.0 0.7941479862732646
4656.0 0.8081343295812177
4658.0 0.8029188277284229
4660.0 0.7871864263965448
4662.0 0.7986534876514553
4664.0 0.7808884826232708
4666.0 0.7745667972821783
4668.0 0.7808433145205363
4670.0 0.8002184859122353
4672.0 0.7828325059539836
4674.0 0.7405775947670037
4676.0 0.7430211806860233
4678.0 0.7631324081634399
4680.0 0.7687415037022672
4682.0 0.754655822018621
4684.0 0.7643425552335851
4686.0 0.7520715037641511
4688.0 0.7449167651637246
4690.0 0.74691260000724
4692.0 0.7545148923790155
4694.0 0.7732743215414084
4696.0 0.7420837568771852
4698.0 0.7549765169498124
4700.0 0.7604317048217258
4702.0 0.7591215091299324
4704.0 0.7329199994767666
4706.0 0.7307480463158541
4708.0 0.7294541224022819
4710.0 0.7234554435716944
4712.0 0.7361231908263017
4714.0 0.7263073235391264
4716.0 0.7241417770521115
4718.0 0.7035877571309013
4720.0 0.6925134792574222
4722.0 0.7112781850215645
4724.0 0.7151584296757314
4726.0 0.6787547401720979
4728.0 0.6967258767978491
4730.0 0.661308647439304
4732.0 0.6745903824472451
4734.0 0.6737546600137405
4736.0 0.6568551018721248
4738.0 0.6385762736582115
4740.0 0.6489309208714032
4742.0 0.6367615459050471
4744.0 0.6268136056158959
4746.0 0.6320741437844138
4748.0 0.6327773831024041
4750.0 0.6099991274181117
4752.0 0.6128545971204348
4754.0 0.6011619612226368
4756.0 0.6045752406381889
4758.0 0.6070297406542158
4760.0 0.6028591465860651
4762.0 0.5947741778851922
4764.0 0.5918366772324877
4766.0 0.5850772869343145
4768.0 0.5808991158572141
4770.0 0.5694443871697902
4772.0 0.5798895358702981
4774.0 0.5692454432149764
4776.0 0.5740081511024904
4778.0 0.5718521729521686
4780.0 0.5708703445769623
4782.0 0.5763107286691769
4784.0 0.5680159588198888
4786.0 0.5548034163715257
4788.0 0.5655922240407174
4790.0 0.5605605387069236
4792.0 0.5679060332051464
4794.0 0.5811752442295366
4796.0 0.5774794919102999
4798.0 0.5759792156464001
4800.0 0.5729708696515592
4802.0 0.5796058327845086
4804.0 0.5902887950004655
4806.0 0.5981694263332187
4808.0 0.6137357459611582
4810.0 0.6269672236272327
4812.0 0.6434323196350684
4814.0 0.6589145124005229
4816.0 0.6614895690367623
4818.0 0.67116651007091
4820.0 0.6956140527336393
4822.0 0.7162015216582808
4824.0 0.7385980502260653
4826.0 0.7584801247099398
4828.0 0.7598261099657948
4830.0 0.7592391652078271
4832.0 0.757764537774727
4834.0 0.756289910341627
4836.0 0.7548152829085281
4838.0 0.7533406554754268
4840.0 0.751866028042327
4842.0 0.7503914006092272
4844.0 0.748916773176127
4846.0 0.7474421457430271
4848.0 0.7459675183099278
4850.0 0.7444928908768277
4852.0 0.7430182634437279
4854.0 0.7415436360106277
4856.0 0.7400690085775278
4858.0 0.7385943811444273
4860.0 0.7371197537113279
4862.0 0.7356451262782278
4864.0 0.734170498845128
4866.0 0.7326958714120283
4868.0 0.7312212439789282
4870.0 0.7299491438077976
4872.0 0.7260082225661363
4874.0 0.723177938956956
4876.0 0.7197160646936094
4878.0 0.7193275689622407
4880.0 0.7206783959721456
4882.0 0.7132513485636587
4884.0 0.711605733700072
4886.0 0.7364347486535693
4888.0 0.7405875603132352
4890.0 0.7352723023049547
4892.0 0.7439262795053234
4894.0 0.746842180966177
4896.0 0.759584472705282
4898.0 0.7723241454723977
4900.0 0.779861966039844
4902.0 0.7907492739109442
4904.0 0.7992634567756998
4906.0 0.7967446872878448
4908.0 0.8071659289332848
4910.0 0.835025585737234
4912.0 0.8403751145811998
4914.0 0.8469340249078433
4916.0 0.8478959325693602
4918.0 0.8614464740375247
4920.0 0.8569112643527222
4922.0 0.8438493114239024
4924.0 0.8389798825692901
4926.0 0.8341143038982565
4928.0 0.8112811263410407
4930.0 0.8002129311551319
4932.0 0.7932106250083995
4934.0 0.7832896047925965
4936.0 0.7733685845767916
4938.0 0.7634475643609874
4940.0 0.7535265441451858
4942.0 0.7436055239293777
4944.0 0.7336845037135725
4946.0 0.7237634834977681
4948.0 0.7138424632819624
4950.0 0.7039214430661589
4952.0 0.6940004228503537
4954.0 0.6840794026345496
4956.0 0.6741583824187445
4958.0 0.664237362202943
4960.0 0.6543163419871354
4962.0 0.6443953217713307
4964.0 0.634474301555526
4966.0 0.6245532813397203
4968.0 0.6146322611239164
4970.0 0.6047112409081118
4972.0 0.6088205819074213
4974.0 0.6107808897251111
4976.0 0.6090352044588412
4978.0 0.6130813222748768
4980.0 0.632245619302853
4982.0 0.6551991360295683
4984.0 0.665193261982949
4986.0 0.6690727793156519
4988.0 0.682478420277613
4990.0 0.703288889040647
4992.0 0.7107447278770117
4994.0 0.7154306636457264
4996.0 0.7201165994144394
4998.0 0.7248025351831531
5000.0 0.7294884709518665
5002.0 0.73417440672058
5004.0 0.738860342489293
5006.0 0.7435462782580063
5008.0 0.7482322140267197
5010.0 0.7529181497954314
5012.0 0.7576040855641463
5014.0 0.7622900213328594
5016.0 0.7669759571015727
5018.0 0.7716618928702872
5020.0 0.7763478286390003
5022.0 0.7810337644077135
5024.0 0.7857197001764263
5026.0 0.7904056359451387
5028.0 0.7950915717138531
5030.0 0.7997775074825666
5032.0 0.7787671205545944
5034.0 0.7764489986075828
5036.0 0.7597814752842904
5038.0 0.730952918078219
5040.0 0.7500195394810165
5042.0 0.7449157653011567
5044.0 0.7421813346027398
5046.0 0.7316844126265843
5048.0 0.7290528637562509
5050.0 0.721741707719004
5052.0 0.7221176273305846
5054.0 0.709996173194524
5056.0 0.7048246182711443
5058.0 0.6916451872251812
5060.0 0.6932108833012975
5062.0 0.6794387108094248
5064.0 0.6747069303765134
5066.0 0.6733595351926887
5068.0 0.679345230311017
5070.0 0.6709526853417109
5072.0 0.6558631494401272
5074.0 0.6642073231083924
5076.0 0.6489939467537923
5078.0 0.6446968971388248
5080.0 0.6364996383965663
5082.0 0.6387425462789544
5084.0 0.6181233152788217
5086.0 0.6160384085671304
5088.0 0.6082873638878246
5090.0 0.5982685482993809
5092.0 0.5947348049722571
5094.0 0.5799376088743177
5096.0 0.5733534261447163
5098.0 0.5767657343200365
5100.0 0.5758814285281639
5102.0 0.5607352770272039
5104.0 0.5532661926769239
5106.0 0.5668536310379149
5108.0 0.5706372930907812
5110.0 0.5510675801410958
5112.0 0.5453624225442674
5114.0 0.5404448382423509
5116.0 0.5336078760640186
5118.0 0.527985439501767
5120.0 0.5313608809559397
5122.0 0.5198368141209756
5124.0 0.5277714526357371
5126.0 0.5373862694236292
5128.0 0.5393054202351473
5130.0 0.5365054087290583
5132.0 0.5427711177642841
5134.0 0.5643979952542199
5136.0 0.5645873237599025
5138.0 0.555078977664641
5140.0 0.5699351470719061
5142.0 0.5621571855650849
5144.0 0.5764525963091939
5146.0 0.5907764887438476
5148.0 0.603805466280706
5150.0 0.6174845540459128
5152.0 0.6152872815729299
5154.0 0.6050931579649008
5156.0 0.6093757756368581
5158.0 0.6351688624571475
5160.0 0.6391277140875501
5162.0 0.6342393002491266
5164.0 0.6391862040144901
5166.0 0.6467912204780332
5168.0 0.6507499797567928
5170.0 0.6503622971919303
5172.0 0.6574999118905634
5174.0 0.6625470788913004
5176.0 0.6574456908925144
5178.0 0.6538570423183231
5180.0 0.6539551025653849
5182.0 0.66612779532824
5184.0 0.670369636676011
5186.0 0.6661779907087448
5188.0 0.6731038772410315
5190.0 0.6647213730323384
5192.0 0.659457159625794
5194.0 0.6575943397160072
5196.0 0.6500218857504624
5198.0 0.6557398666650889
5200.0 0.6626080053713768
5202.0 0.6595169024320732
5204.0 0.6719554508290765
5206.0 0.67493982831785
5208.0 0.6735070041485169
5210.0 0.6729900653673869
5212.0 0.6740855553096196
5214.0 0.6582973155016837
5216.0 0.648273561034896
5218.0 0.6495750446616396
5220.0 0.6469954841768931
5222.0 0.6446087461218526
5224.0 0.644463005341177
5226.0 0.6355574902903344
5228.0 0.6286039705132068
5230.0 0.6291368339079706
5232.0 0.6299436928963881
5234.0 0.6357829374398797
5236.0 0.6322100723391472
5238.0 0.6234543090758307
5240.0 0.6256188951985494
5242.0 0.6219461371856854
5244.0 0.6241967044059717
5246.0 0.6440409440762568
5248.0 0.6537151377805931
5250.0 0.652832399821937
5252.0 0.6515612568696932
5254.0 0.6712259160614287
5256.0 0.6705877164691199
5258.0 0.6681158830800907
5260.0 0.6670170044107493
5262.0 0.6660100440334884
5264.0 0.6606624932103434
5266.0 0.6558737637582673
5268.0 0.6485515032059203
5270.0 0.6457922758266286
5272.0 0.6426252640902224
5274.0 0.6397970478667794
5276.0 0.6460425680805729
5278.0 0.6374938848077479
5280.0 0.6323480216717812
5282.0 0.6205639040043504
5284.0 0.6176596143298447
5286.0 0.6313417146174455
5288.0 0.6386832611984726
5290.0 0.6337407171617848
5292.0 0.6387336682750219
5294.0 0.637959810036154
5296.0 0.6340848457120681
5298.0 0.6523509181950026
5300.0 0.6470186465068041
5302.0 0.656510713223156
5304.0 0.6721327531613401
5306.0 0.6807215560688541
5308.0 0.6773791051850122
5310.0 0.6828723536560035
5312.0 0.702490342391911
5314.0 0.7071554181245082
5316.0 0.7053601657949571
5318.0 0.6995990446503145
5320.0 0.6931719114900983
5322.0 0.6847749379350068
5324.0 0.6741430045847915
5326.0 0.6739104421344912
5328.0 0.6686144461572466
5330.0 0.6845202494592277
5332.0 0.6783064469623072
5334.0 0.6711280614954824
5336.0 0.6804970361777288
5338.0 0.6563816730790947
5340.0 0.6597412960642761
5342.0 0.6572019039448361
5344.0 0.6618117053808664
5346.0 0.671279751415058
5348.0 0.6566946774421527
5350.0 0.6586230839626674
5352.0 0.6677142415836727
5354.0 0.6751162117565347
5356.0 0.6794121969863395
5358.0 0.6810959820396184
5360.0 0.6679552214686505
5362.0 0.6551656258885438
5364.0 0.6537668263752687
5366.0 0.662042420340795
5368.0 0.6519478179618727
5370.0 0.6539441578086314
5372.0 0.6628289330231416
5374.0 0.6707239502130289
5376.0 0.6620701402774477
5378.0 0.660780319803463
5380.0 0.6535777136505534
5382.0 0.6412399952928532
5384.0 0.6269301409960902
5386.0 0.6382054952376817
5388.0 0.6503033999390336
5390.0 0.6426283288315776
5392.0 0.6487510968130917
5394.0 0.6479193464910289
5396.0 0.6566184160207541
5398.0 0.6643524801292385
5400.0 0.6735637970724186
5402.0 0.6724392742364701
5404.0 0.6745254059950928
5406.0 0.6716424184556892
5408.0 0.6898050547626917
5410.0 0.688588076275057
5412.0 0.6861721174898662
5414.0 0.6800605659694524
5416.0 0.6990638206035393
5418.0 0.694678344620311
5420.0 0.7071138577499967
5422.0 0.7231007516874758
5424.0 0.7078145591949337
5426.0 0.7439551712019733
5428.0 0.7501556939247663
5430.0 0.7432339674083336
5432.0 0.7073527272605041
5434.0 0.6821666299954383
5436.0 0.6684621117855544
5438.0 0.6519462987756386
5440.0 0.6545936555969777
5442.0 0.6537979057838584
5444.0 0.6442058139423736
5446.0 0.6443690705069045
5448.0 0.6447379790449465
5450.0 0.6641122466447084
5452.0 0.6529454464502242
5454.0 0.6436121413401328
5456.0 0.6476456653050885
5458.0 0.6459761569458654
5460.0 0.6384637449466183
5462.0 0.6335708403052644
5464.0 0.6359978379313859
5466.0 0.642610712837911
5468.0 0.6345432895419264
5470.0 0.6307149521960687
5472.0 0.6339724376932284
5474.0 0.6265859302153902
5476.0 0.6103079123782758
5478.0 0.6132163670320708
5480.0 0.6216872503669151
5482.0 0.6275136146787054
5484.0 0.6207426693276752
5486.0 0.6158459606054469
5488.0 0.6209715144680715
5490.0 0.6244102562346694
5492.0 0.6203311479267926
5494.0 0.6190766902957725
5496.0 0.6215117657521112
5498.0 0.6266002544696042
5500.0 0.6357850207786414
5502.0 0.647800452366815
5504.0 0.653500944080016
5506.0 0.6540907703429883
5508.0 0.6555078921239537
5510.0 0.662910536131165
5512.0 0.6712389086271029
5514.0 0.6776187861854601
5516.0 0.681308117351306
5518.0 0.6849658631193765
5520.0 0.6928103021811194
5522.0 0.7009388556216339
5524.0 0.7027890539799656
5526.0 0.7016691451582905
5528.0 0.7019452932095076
5530.0 0.7042722867645832
5532.0 0.7066829675079211
5534.0 0.7090263438175133
5536.0 0.7110535221001293
5538.0 0.7081341106814605
5540.0 0.7006161033009621
5542.0 0.6983280926755963
5544.0 0.6979509797392205
5546.0 0.6897284349822536
5548.0 0.6662491116945498
5550.0 0.6395783993719037
5552.0 0.6320166107350594
5554.0 0.638852830431747
5556.0 0.6443771780865957
5558.0 0.6467650264740186
5560.0 0.648347264446957
5562.0 0.6472557084433778
5564.0 0.645911991444296
5566.0 0.6471463360662976
5568.0 0.6492129532680522
5570.0 0.6542492873945086
5572.0 0.6608957378496824
5574.0 0.6590000118966584
5576.0 0.6494216733396811
5578.0 0.6378122846021154
5580.0 0.6278958625769601
5582.0 0.6225468818697684
5584.0 0.6215858566022289
5586.0 0.6212549240830354
5588.0 0.6221133227497713
5590.0 0.6223355418259221
5592.0 0.6187868554634605
5594.0 0.6138880246012993
5596.0 0.6090145059596869
5598.0 0.6023995290244728
5600.0 0.5932553256290913
5602.0 0.5832796435710602
5604.0 0.577153986069961
5606.0 0.576510002058115
5608.0 0.577813946829212
5610.0 0.5782519011998098
5612.0 0.5787307120020007
5614.0 0.5775446984069306
5616.0 0.5715578907036216
5618.0 0.5662786517290753
5620.0 0.5643771748818134
5622.0 0.5626793625284847
5624.0 0.5603659033099844
5626.0 0.5602866008765637
5628.0 0.5665236267719849
5630.0 0.5790616774096033
5632.0 0.5902199306233994
5634.0 0.6000926136423095
5636.0 0.6083770952327368
5638.0 0.6099128270736006
5640.0 0.607695956443846
5642.0 0.6102068984199158
5644.0 0.6189478107891462
5646.0 0.6304179149786132
5648.0 0.6478115992390631
5650.0 0.6627193547436019
5652.0 0.6690622825697469
5654.0 0.669290005018549
5656.0 0.6635798607083107
5658.0 0.6549046834842703
5660.0 0.6498750056875173
5662.0 0.6488705064394567
5664.0 0.6487716479557837
5666.0 0.6517500656500389
5668.0 0.6558337166849998
5670.0 0.6555850079425692
5672.0 0.6525286181632356
5674.0 0.6510383822416052
5676.0 0.6503485610386377
5678.0 0.6504539801930025
5680.0 0.6521405855902933
5682.0 0.654592176202601
5684.0 0.656565458671741
5686.0 0.656040294264654
5688.0 0.6508532665383939
5690.0 0.6434701444714997
5692.0 0.6421573709826162
5694.0 0.6457302623359074
5696.0 0.6455158916897499
5698.0 0.641684707143794
5700.0 0.6384240196610443
5702.0 0.6349858145635879
5704.0 0.630521995631566
5706.0 0.6266758807226387
5708.0 0.6254001564663151
5710.0 0.6246965780458655
5712.0 0.6265352421087875
5714.0 0.6284056926655632
5716.0 0.6264847033267298
5718.0 0.6207877764364642
5720.0 0.6116573694787011
5722.0 0.6019726449180347
5724.0 0.601693276108342
5726.0 0.6125304756643196
5728.0 0.619451715495709
5730.0 0.6141209071079029
5732.0 0.6133033223547608
5734.0 0.619160132490283
5736.0 0.6205073549016692
5738.0 0.6131114037323542
5740.0 0.5997668968793539
5742.0 0.5880205684335016
5744.0 0.5766337458731345
5746.0 0.5722373989519038
5748.0 0.5686815380438841
5750.0 0.5692547284979508
5752.0 0.581242693711203
5754.0 0.5994825601352536
5756.0 0.6054825022643201
5758.0 0.5970273388732119
5760.0 0.5875462264697798
5762.0 0.5775840394034902
5764.0 0.5713000888608533
5766.0 0.5699903348533522
5768.0 0.5738209722821433
5770.0 0.5811607228835665
5772.0 0.5897910896893351
5774.0 0.5909260702669008
5776.0 0.5843761911106535
5778.0 0.5802532208156002
5780.0 0.583140478451771
5782.0 0.5850412988964587
5784.0 0.5829412103084823
5786.0 0.5807374119625089
5788.0 0.5823786315097803
5790.0 0.5865643583903163
5792.0 0.5894729879568057
5794.0 0.5882296159091641
5796.0 0.5786625233101197
5798.0 0.5686696554509414
5800.0 0.5662679142846269
5802.0 0.5674215456477996
5804.0 0.5636729031206122
5806.0 0.5513343064451269
5808.0 0.5342066331591268
5810.0 0.5283493394553843
5812.0 0.5256547091662156
5814.0 0.5210493832791182
5816.0 0.518566488579512
5818.0 0.5166165848148137
5820.0 0.5110911480288137
5822.0 0.5030933051909697
5824.0 0.5022297170321828
5826.0 0.5024442776734239
5828.0 0.49692911961439495
5830.0 0.49123197669964097
5832.0 0.4913892599111686
5834.0 0.4967349028615009
5836.0 0.5033011175725739
5838.0 0.5088866229000851
5840.0 0.5150228325342963
5842.0 0.5187910054630793
5844.0 0.5202140824149284
5846.0 0.5311364608472257
5848.0 0.5552535427096484
5850.0 0.5860879589081626
5852.0 0.6180701379941791
5854.0 0.6477454357641282
5856.0 0.6368875073105164
5858.0 0.5963617997939191
5860.0 0.5701776950599251
5862.0 0.5528639596653435
5864.0 0.539093937594579
5866.0 0.5342260784648637
5868.0 0.5384287478166143
5870.0 0.54629512919465
5872.0 0.5541615105726877
5874.0 0.5620278919507242
5876.0 0.5698942733287609
5878.0 0.5777606547067977
5880.0 0.5856270360848369
5882.0 0.5934934174628713
5884.0 0.6013597988409082
5886.0 0.6092261802189448
5888.0 0.6170925615969802
5890.0 0.6249589429750182
5892.0 0.6328253243530549
5894.0 0.6406917057310917
5896.0 0.6485580871091309
5898.0 0.6564244684871656
5900.0 0.6642908498652019
5902.0 0.6721572312432386
5904.0 0.6800236126212751
5906.0 0.6878899939993106
5908.0 0.68986471772651
5910.0 0.6824562230278249
5912.0 0.6769835841752312
5914.0 0.675920736904923
5916.0 0.6770036952523274
5918.0 0.6753807692483037
5920.0 0.6675542644220189
5922.0 0.6579140770893341
5924.0 0.6542327868305029
5926.0 0.6551429998603933
5928.0 0.6581789986924154
5930.0 0.6635959002336569
5932.0 0.6649473296953737
5934.0 0.6558857110496751
5936.0 0.6450156279984441
5938.0 0.639012710309987
5940.0 0.632875715209491
5942.0 0.6285866960013714
5944.0 0.626797816594141
5946.0 0.6254140641609875
5948.0 0.6254882993853558
5950.0 0.626478461560674
5952.0 0.6254280260358775
5954.0 0.6242210344410575
5956.0 0.6256998468757247
5958.0 0.6278785196204234
5960.0 0.6274245986410018
5962.0 0.6228472921929006
5964.0 0.6169680231374624
5966.0 0.6129645792770676
5968.0 0.6114121067339615
5970.0 0.6131493749644179
5972.0 0.6166286030130882
5974.0 0.6190560379638171
5976.0 0.6197670829457975
5978.0 0.6183527472189903
5980.0 0.6148462304150825
5982.0 0.6128075037276557
5984.0 0.6135844508006848
5986.0 0.613990840143355
5988.0 0.6122005603077078
5990.0 0.6104959375644551
5992.0 0.6106993547958142
5994.0 0.6122119300794601
5996.0 0.6131027266276312
5998.0 0.6117757311666059
6000.0 0.6100756807458919
6002.0 0.6104082526914213
6004.0 0.6086896831098164
6006.0 0.6039688097856768
6008.0 0.6010448419351755
6010.0 0.6030676979515507
6012.0 0.6072287838342317
6014.0 0.6087023102338041
6016.0 0.6078053038895883
6018.0 0.6032496708529033
6020.0 0.5961637721321112
6022.0 0.5912667732668621
6024.0 0.5911573602275503
6026.0 0.594084181183067
6028.0 0.5950610070999435
6030.0 0.591819469978944
6032.0 0.5856273111566115
6034.0 0.5793067624671613
6036.0 0.5758259640356274
6038.0 0.5761543186277073
6040.0 0.5787313942550305
6042.0 0.5799336824566053
6044.0 0.5775412815945389
6046.0 0.5769222131740595
6048.0 0.581702564779054
6050.0 0.584779460599118
6052.0 0.5846212461770239
6054.0 0.584137510637977
6056.0 0.5843542522527134
6058.0 0.5839075848349896
6060.0 0.5833420398418088
6062.0 0.5815576265943839
6064.0 0.5775734722717316
6066.0 0.57333877546961
6068.0 0.5719614379349965
6070.0 0.5745593684032486
6072.0 0.5772645838482273
6074.0 0.5774853583182746
6076.0 0.5746044468397385
6078.0 0.571748657174695
6080.0 0.5680951876522508
6082.0 0.5626820533530364
6084.0 0.5600569716639676
6086.0 0.5546346056620512
6088.0 0.5482481283954806
6090.0 0.5422932715954953
6092.0 0.5358981629318927
6094.0 0.530610794914414
6096.0 0.5290211413400847
6098.0 0.5260961036805499
6100.0 0.5275823345541648
6102.0 0.5311133454254575
6104.0 0.5307419782411644
6106.0 0.5324218903220923
6108.0 0.5407889459872303
6110.0 0.5492354495701011
6112.0 0.5540278699759171
6114.0 0.559600549470066
6116.0 0.5690350013193902
6118.0 0.5773491771494472
6120.0 0.5836852004816262
6122.0 0.5894542239192702
6124.0 0.5908188090088191
6126.0 0.5866307310067022
6128.0 0.5871558459821501
6130.0 0.5898904960821099
6132.0 0.5916905923576561
6134.0 0.5967207534450287
6136.0 0.605498766618538
6138.0 0.6098475636589876
6140.0 0.6077518227032845
6142.0 0.60877146193549
6144.0 0.6160725592367509
6146.0 0.6207516014428396
6148.0 0.6222711088592464
6150.0 0.625076064034455
6152.0 0.6240748291337629
6154.0 0.617705103556563
6156.0 0.6104440464183883
6158.0 0.6030025324806624
6160.0 0.5955353376488607
6162.0 0.5867458538178976
6164.0 0.5807678738013067
6166.0 0.5804014991341833
6168.0 0.5843989004232886
6170.0 0.5876398481297749
6172.0 0.5859532921998108
6174.0 0.577939852962556
6176.0 0.5686321779900497
6178.0 0.5611585752029411
6180.0 0.5545719026717951
6182.0 0.5500646747272284
6184.0 0.5472960074421234
6186.0 0.5436220220875424
6188.0 0.5421824543825791
6190.0 0.5411565921922517
6192.0 0.538807745470321
6194.0 0.5377557575784799
6196.0 0.5391966546071293
6198.0 0.5403774182751563
6200.0 0.540615405149009
6202.0 0.5411395039542095
6204.0 0.5413386437305336
6206.0 0.5399553083453196
6208.0 0.5374314515795229
6210.0 0.5387690005842461
6212.0 0.5416879962293863
6214.0 0.5472348364853855
6216.0 0.555628620365461
6218.0 0.5637804117259428
6220.0 0.5694948207483727
6222.0 0.5748975991601412
6224.0 0.5778989216324727
6226.0 0.5770139018986314
6228.0 0.5803182080876151
6230.0 0.5879512808958478
6232.0 0.5918859532549857
6234.0 0.5892937857033403
6236.0 0.5848239083297045
6238.0 0.5825824922617244
6240.0 0.5824901458772467
6242.0 0.5838433728164316
6244.0 0.5847618876551294
6246.0 0.584190979052414
6248.0 0.5810996699506286
6250.0 0.5775200231579759
6252.0 0.5742447724373574
6254.0 0.5725611821860513
6256.0 0.5729964058106845
6258.0 0.5723076950269045
6260.0 0.5692174081321164
6262.0 0.5664576173750268
6264.0 0.5655764586287565
6266.0 0.5660529103325809
6268.0 0.5652770129455498
6270.0 0.5601660764508907
6272.0 0.5533951234050544
6274.0 0.5483878150353041
6276.0 0.5452263035127088
6278.0 0.5455016929152265
6280.0 0.5478752345893655
6282.0 0.5496211529304953
6284.0 0.5498315995277281
6286.0 0.5492191458780624
6288.0 0.5473926761126304
6290.0 0.5454399026325002
6292.0 0.5460366339311306
6294.0 0.5475921528740363
6296.0 0.5484623264309187
6298.0 0.5476360823275843
6300.0 0.5464271358810938
6302.0 0.5466392600177502
6304.0 0.5472817786693052
6306.0 0.5470978191195855
6308.0 0.5463686809955899
6310.0 0.5462811265258318
6312.0 0.5463524918144732
6314.0 0.5461993936988812
6316.0 0.5475548208804587
6318.0 0.5494558023875727
6320.0 0.5486144271039068
6322.0 0.5471383604518335
6324.0 0.5488819798398563
6326.0 0.5509137623526509
6328.0 0.5507291742698441
6330.0 0.5507751999297448
6332.0 0.5506546384146673
6334.0 0.5474123913337068
6336.0 0.5460121387686231
6338.0 0.5475914424566943
6340.0 0.5450960931684296
6342.0 0.542389586455061
6344.0 0.5449866636806612
6346.0 0.5485916580869701
6348.0 0.5497033224307653
6350.0 0.5502808298338379
6352.0 0.549062328638973
6354.0 0.5430915270448855
6356.0 0.5342517323262489
6358.0 0.5278070413136933
6360.0 0.5265934797353333
6362.0 0.5288692411843487
6364.0 0.5291638034831058
6366.0 0.526987522221568
6368.0 0.5247304932221839
6370.0 0.5209573851490917
6372.0 0.5176262116287375
6374.0 0.5174883593272828
6376.0 0.5181630689181518
6378.0 0.5170088588699837
6380.0 0.5158240759370757
6382.0 0.5153668046436473
6384.0 0.5113004003138345
6386.0 0.505675150927926
6388.0 0.5000587789679135
6390.0 0.49464689782847165
6392.0 0.49038631004831074
6394.0 0.4869214004381616
6396.0 0.4821951262071947
6398.0 0.4769593943445565
6400.0 0.4717236624819195
6402.0 0.46648793061928145
6404.0 0.46125219875664364
6406.0 0.4560164668940078
6408.0 0.45078073503136845
6410.0 0.4455450031687309
6412.0 0.44030927130609293
6414.0 0.4350735394434555
6416.0 0.4298378075808172
6418.0 0.42460207571818004
6420.0 0.41936634385554195
6422.0 0.4141306119929047
6424.0 0.40889488013026903
6426.0 0.4036591482676293
6428.0 0.39842341640499174
6430.0 0.39318768454235387
6432.0 0.38795195267971594
6434.0 0.3827162208170784
6436.0 0.3789454186301822
6438.0 0.3742372632924299
6440.0 0.3722086988130438
6442.0 0.37333392478203725
6444.0 0.37329384885176736
6446.0 0.36880312405018695
6448.0 0.36322809321978194
6450.0 0.36306736795524164
6452.0 0.36582726479842903
6454.0 0.36990564514487173
6456.0 0.375166509921438
6458.0 0.37989980431679565
6460.0 0.3854383434404312
6462.0 0.39167463329419466
6464.0 0.40013095956455075
6466.0 0.4115455208054457
6468.0 0.4184057825616705
6470.0 0.4234287329079198
6472.0 0.428933769195626
6474.0 0.43368900817390693
6476.0 0.43813063343214914
6478.0 0.44717583567700664
6480.0 0.46097515574640563
6482.0 0.4756216883538025
6484.0 0.4911754986609696
6486.0 0.5080117399350318
6488.0 0.5224037637105788
6490.0 0.5390978761406185
6492.0 0.5564864308657034
6494.0 0.5745157419126511
6496.0 0.5907862265399318
6498.0 0.612662602099868
6500.0 0.6359069922161513
6502.0 0.658617775334308
6504.0 0.6798590385324423
6506.0 0.698618813977565
6508.0 0.7144789882038195
6510.0 0.7312422818553732
6512.0 0.7508685923303918
6514.0 0.7749206564656229
6516.0 0.8028294468179464
6518.0 0.8263064697952861
6520.0 0.8405631894504173
6522.0 0.8502902371473918
6524.0 0.8644368009120821
6526.0 0.8832506120524921
6528.0 0.9009602468599831
6530.0 0.9138214240964394
6532.0 0.9251077763788861
6534.0 0.935995495574005
6536.0 0.9464993107109002
6538.0 0.958839456501959
6540.0 0.974846152310974
6542.0 0.989591481232376
6544.0 1.0
6546.0 0.9964111490313546
6548.0 0.9928222980627094
6550.0 0.9892334470940647
6552.0 0.9856445961254188
6554.0 0.9820557451567752
6556.0 0.9784668941881306
6558.0 0.9748780432194853
6560.0 0.9712891922508412
6562.0 0.9677003412821957
6564.0 0.9641114903135509
6566.0 0.9605226393449063
6568.0 0.9569337883762611
6570.0 0.9533449374076153
6572.0 0.9497560864389717
6574.0 0.9461672354703257
6576.0 0.9425783845016817
6578.0 0.9389895335330374
6580.0 0.9354006825643923
6582.0 0.9318118315957473
6584.0 0.9282229806271024
6586.0 0.9212660043352258
6588.0 0.9045334334303803
6590.0 0.885667564794593
6592.0 0.864308062326368
6594.0 0.8438491317432781
6596.0 0.8291666920420814
6598.0 0.8185756764922733
6600.0 0.8090512343678398
6602.0 0.8000525866952691
6604.0 0.7928791831347517
6606.0 0.7849604899352314
6608.0 0.7750697938575907
6610.0 0.7646657321865261
6612.0 0.7546685688831825
6614.0 0.7436530842581218
6616.0 0.7301077360306549
6618.0 0.7178703921322287
6620.0 0.711197336940551
6622.0 0.7068399715234538
6624.0 0.6988512410300803
6626.0 0.6878432786558629
6628.0 0.677190968427644
6630.0 0.6690568306991456
6632.0 0.6646597211356985
6634.0 0.6624085124473887
6636.0 0.6591484187880243
6638.0 0.6527434471691351
6640.0 0.6459537181309736
6642.0 0.6405658189109787
6644.0 0.6360492053589386
6646.0 0.6312709652152715
6648.0 0.6251929117878439
6650.0 0.6185651800614299
6652.0 0.6136762001711241
6654.0 0.6113485457650932
6656.0 0.6091157762898671
6658.0 0.6055948127149514
6660.0 0.602539249741121
6662.0 0.6013211777058727
6664.0 0.6003812553130177
6666.0 0.5979242199909925
6668.0 0.5926704775567299
6670.0 0.5829569126525417
6672.0 0.5719478513745241
6674.0 0.5653374075077346
6676.0 0.5645941050545705
6678.0 0.5669813187224558
6680.0 0.5687245252167178
6682.0 0.5675699841396498
6684.0 0.5636834824683054
6686.0 0.5585305855100239
6688.0 0.5540616948042753
6690.0 0.5513701360589911
6692.0 0.5484853295880051
6694.0 0.5449483097934407
6696.0 0.5421166313043544
6698.0 0.5408133511486821
6700.0 0.5404282538205116
6702.0 0.5404499007797982
6704.0 0.5399042267724754
6706.0 0.5382187732627893
6708.0 0.5395189714348935
6710.0 0.5462236417580946
6712.0 0.5565421087212116
6714.0 0.5651700920998288
6716.0 0.5671243260664376
6718.0 0.5600404814768549
6720.0 0.546871523257846
6722.0 0.5389907187020884
6724.0 0.5399668272533003
6726.0 0.5441091887508279
6728.0 0.545838292590575
6730.0 0.5447197255927597
6732.0 0.5429187338531147
6734.0 0.5383960906976845
6736.0 0.5300899649531581
6738.0 0.5226784375243418
6740.0 0.5165099039279218
6742.0 0.5105530113060973
6744.0 0.5068213886136081
6746.0 0.5060955495256054
6748.0 0.5061590870279421
6750.0 0.5059745597249045
6752.0 0.5060521154814396
6754.0 0.505042066558669
6756.0 0.5048007995876631
6758.0 0.5045977827391314
6760.0 0.5041195857575245
6762.0 0.5035967120492431
6764.0 0.5030738383409612
6766.0 0.5025509646326798
6768.0 0.502028090924398
6770.0 0.5015052172161165
6772.0 0.5009823435078347
6774.0 0.5004594697995534
6776.0 0.4999365960912711
6778.0 0.49941372238298964
6780.0 0.49889084867470773
6782.0 0.4983679749664262
6784.0 0.49784510125814424
6786.0 0.4973222275498628
6788.0 0.4967993538415811
6790.0 0.4962764801332994
6792.0 0.4957536064250178
6794.0 0.49523073271673596
6796.0 0.4947078590084544
6798.0 0.49418498530017263
6800.0 0.48822082842855846
6802.0 0.48870729358195397
6804.0 0.49059836677039365
6806.0 0.4918732761266323
6808.0 0.4940231872129
6810.0 0.4963681144373712
6812.0 0.49976710888412396
6814.0 0.5030931253601266
6816.0 0.5041510676468568
6818.0 0.5035589757988768
6820.0 0.5014872224339629
6822.0 0.4967424545466082
6824.0 0.4901851810738521
6826.0 0.4872352656132101
6828.0 0.4880800740593938
6830.0 0.4893857352296202
6832.0 0.4900646083666629
6834.0 0.49192713536371324
6836.0 0.49215623497971245
6838.0 0.4945719301555455
6840.0 0.5005992236082657
6842.0 0.5017434153542532
6844.0 0.4945640700353455
6846.0 0.4901641853714303
6848.0 0.4915664726059488
6850.0 0.4920530534368063
6852.0 0.4917770288653815
6854.0 0.4909936562860835
6856.0 0.48832735623291906
6858.0 0.48495262727051486
6860.0 0.48394276029753175
6862.0 0.4871912689432741
6864.0 0.4881599504590095
6866.0 0.48791604148453166
6868.0 0.48997893903521417
6870.0 0.48847584608990224
6872.0 0.4846676175250268
6874.0 0.48052806755806066
6876.0 0.475263188157448
6878.0 0.4740138951599816
6880.0 0.4796544347284093
6882.0 0.48556213718898567
6884.0 0.4873154370332241
6886.0 0.4849966776518896
6888.0 0.4815290334721942
6890.0 0.4782872104287186
6892.0 0.475378277093541
6894.0 0.4713025084956994
6896.0 0.4719268896543487
6898.0 0.4745331996307088
6900.0 0.47520895662225526
6902.0 0.47360592188622047
6904.0 0.47136065785821757
6906.0 0.4735499032200252
6908.0 0.4787272508775924
6910.0 0.4807223757096939
6912.0 0.480377210214464
6914.0 0.4796628669066832
6916.0 0.47746698078618927
6918.0 0.47454917675728103
6920.0 0.4715835589433921
6922.0 0.4690507095457954
6924.0 0.4674624889106242
6926.0 0.46577926065246106
6928.0 0.4660761444058059
6930.0 0.4673810473118212
6932.0 0.46820953580097
6934.0 0.4672875045383341
6936.0 0.4645491075241846
6938.0 0.46192014111863355
6940.0 0.4599487953017657
6942.0 0.46006001917362677
6944.0 0.4615645759249495
6946.0 0.463048288826898
6948.0 0.46300409483044147
6950.0 0.46157171296507243
6952.0 0.46147186358272835
6954.0 0.46348979392975465
6956.0 0.4677222935457437
6958.0 0.47097109246366975
6960.0 0.47029912988505745
6962.0 0.46924758727417226
6964.0 0.4683302101441919
6966.0 0.46772545437633795
6968.0 0.46884534054443017
6970.0 0.4714767145511639
6972.0 0.47270696254947664
6974.0 0.4722989743061773
6976.0 0.47203444389601057
6978.0 0.47308690309615226
6980.0 0.4764175026617428
6982.0 0.4803778689020428
6984.0 0.48276602867354035
6986.0 0.4835141414011178
6988.0 0.4830692450802094
6990.0 0.4821377929315299
6992.0 0.48227327330844477
6994.0 0.48394778797153154
6996.0 0.48511870731384105
6998.0 0.48434052696719193
7000.0 0.48277996585387684
7002.0 0.48250080929059047
7004.0 0.4832623794510995
7006.0 0.48438157076735144
7008.0 0.4847214933572138
7010.0 0.48241344246455553
7012.0 0.47830221751645485
7014.0 0.4740086761074485
7016.0 0.47159278883794054
7018.0 0.47185044666891596
7020.0 0.4737379231220558
7022.0 0.47542454076834045
7024.0 0.4763531787415118
7026.0 0.4758293228831222
7028.0 0.4720866113872622
7030.0 0.4674139751427435
7032.0 0.4655695967640437
7034.0 0.46650962497706217
7036.0 0.46758858661568
7038.0 0.46888736051426017
7040.0 0.470803909502906
7042.0 0.47109043997468114
7044.0 0.4691593431243475
7046.0 0.46829990335113614
7048.0 0.4709455601600621
7050.0 0.47393055274486695
7052.0 0.4746622510580649
7054.0 0.4746746990629605
7056.0 0.474823422669763
7058.0 0.47281388895800813
7060.0 0.4690931271468663
7062.0 0.46681074490025704
7064.0 0.4665785625196107
7066.0 0.4670684190472435
7068.0 0.46841702416675746
7070.0 0.47002359641229496
7072.0 0.4690270068371964
7074.0 0.46638562579797777
7076.0 0.4648035001148081
7078.0 0.4658972011594466
7080.0 0.46931110878036575
7082.0 0.4721172547383201
7084.0 0.47226789333771124
7086.0 0.4702090101887561
7088.0 0.4662067635520451
7090.0 0.4628248471919058
7092.0 0.4608988666536061
7094.0 0.4604291437063887
7096.0 0.4629115504581512
7098.0 0.4676086307088617
7100.0 0.46974441829636054
7102.0 0.46902419614792407
7104.0 0.4687761665935616
7106.0 0.4687490801556638
7108.0 0.46769959595497484
7110.0 0.466131239756119
7112.0 0.4650352130082597
7114.0 0.46483252360630006
7116.0 0.4650301363159159
7118.0 0.4640629963647251
7120.0 0.46290406450339283
7122.0 0.46429109267245916
7124.0 0.4650013525541703
7126.0 0.464653867700218
7128.0 0.463535697746041
7130.0 0.4615492343972323
7132.0 0.4607726710099537
7134.0 0.46173274192992925
7136.0 0.46297463687702456
7138.0 0.46238954901816703
7140.0 0.4617930723200679
7142.0 0.4638157041589639
7144.0 0.4672414715783044
7146.0 0.4675528671647663
7148.0 0.4640585065516489
7150.0 0.4608058758150592
7152.0 0.45790978041725283
7154.0 0.4552446996801425
7156.0 0.45450801848509254
7158.0 0.4557222706122986
7160.0 0.45735958731415505
7162.0 0.4600748557943406
7164.0 0.46199006296394474
7166.0 0.4597665239727005
7168.0 0.45629397069193633
7170.0 0.45450982541166035
7172.0 0.45462734629507295
7174.0 0.4556632059527842
7176.0 0.458186672784828
7178.0 0.46074086639927536
7180.0 0.46288320795445526
7182.0 0.4634129362520189
7184.0 0.46401103048533937
7186.0 0.46612290127974737
7188.0 0.4701409327454627
7190.0 0.4740754419308953
7192.0 0.47627674529756425
7194.0 0.4766272068498053
7196.0 0.4768562371913808
7198.0 0.48348996530644656
7200.0 0.48848717298697386
7202.0 0.48401425867925907
7204.0 0.47631845062866507
7206.0 0.47289184252495514
7208.0 0.4729959688239274
7210.0 0.47397783269995625
7212.0 0.4736041184935534
7214.0 0.47043617445325386
7216.0 0.46810808599094317
7218.0 0.4727271012342503
7220.0 0.4786718305201782
7222.0 0.4809389669791372
7224.0 0.4793334194449574
7226.0 0.4757610010243671
7228.0 0.47370836237908864
7230.0 0.475012463787492
7232.0 0.47684163807713326
7234.0 0.4786821035907502
7236.0 0.4783760917116375
7238.0 0.47202322105621525
7240.0 0.4619848005555957
7242.0 0.45787223331405424
7244.0 0.4602094220030048
7246.0 0.45753870918815565
7248.0 0.4523897037466648
7250.0 0.45381260129910567
7252.0 0.4562441990148553
7254.0 0.4589805528981884
7256.0 0.4608809633457075
7258.0 0.4617109170253659
7260.0 0.46167891729579996
7262.0 0.4634655238513505
7264.0 0.4658842823551282
7266.0 0.465740210900741
7268.0 0.4680010713315711
7270.0 0.4714508433564687
7272.0 0.47483407314061377
7274.0 0.4774825908320919
7276.0 0.47887378112512213
7278.0 0.47660933244074977
7280.0 0.4742827635604134
7282.0 0.47507609905168646
7284.0 0.4777963548335768
7286.0 0.4802252647380967
7288.0 0.4788547940181409
7290.0 0.47523614195026104
7292.0 0.47585515626541663
7294.0 0.4809941853061036
7296.0 0.48432060140110933
7298.0 0.48492596657325876
7300.0 0.48529764209451554
7302.0 0.48468411577081233
7304.0 0.4813981764018941
7306.0 0.4786600572040294
7308.0 0.47834435081122756
7310.0 0.4780284543494451
7312.0 0.47804340664682793
7314.0 0.4789570616768396
7316.0 0.47980474533294876
7318.0 0.47915661613053384
7320.0 0.4776759506388353
7322.0 0.47896121686035625
7324.0 0.48344518459637076
7326.0 0.48710617607567397
7328.0 0.4863340097655853
7330.0 0.48229803153566675
7332.0 0.4757869953477614
7334.0 0.4720460432689342
7336.0 0.47104732779031155
7338.0 0.4681369840068244
7340.0 0.4647648883881438
7342.0 0.46281667684887917
7344.0 0.46065243843852677
7346.0 0.4576013170021019
7348.0 0.4544897072138858
7350.0 0.45229585175321735
7352.0 0.452465216312371
7354.0 0.45417191963649545
7356.0 0.45599209308515304
7358.0 0.45851272843391855
7360.0 0.4599546169922874
7362.0 0.45839857661824485
7364.0 0.45498036473320846
7366.0 0.4512008932877598
7368.0 0.4467229193100718
7370.0 0.4431724842076841
7372.0 0.44060242993556825
7374.0 0.43904462782813874
7376.0 0.4378837866028999
7378.0 0.43481308289471104
7380.0 0.4312445512805538
7382.0 0.42968287777678243
7384.0 0.4305088749802753
7386.0 0.4317332169170989
7388.0 0.43321065227535516
7390.0 0.43489599636140214
7392.0 0.43544512968271365
7394.0 0.43565066336425495
7396.0 0.436794391205056
7398.0 0.43826416888305314
7400.0 0.43826527555222033
7402.0 0.4354520302096077
7404.0 0.4304229906051228
7406.0 0.42574926420586373
7408.0 0.42343277085356107
7410.0 0.42264211462829715
7412.0 0.4249533435865772
7414.0 0.4308706451726155
7416.0 0.43573577989738904
7418.0 0.4374395003275156
7420.0 0.4377116338979292
7422.0 0.43952808612991284
7424.0 0.4430871976261189
7426.0 0.4462770006777443
7428.0 0.4481384055310257
7430.0 0.4491982834418302
7432.0 0.44992355440266923
7434.0 0.45000717333265333
7436.0 0.4498822602272273
7438.0 0.4495894665357326
7440.0 0.44973878668978085
7442.0 0.45030061603268473
7444.0 0.45311167336170355
7446.0 0.4571838123163529
7448.0 0.4592954641018667
7450.0 0.4576220735533579
7452.0 0.45343417172579475
7454.0 0.4507711791293113
7456.0 0.44818528650657696
7458.0 0.4457303568848832
7460.0 0.44576328579229135
7462.0 0.4474218579121751
7464.0 0.44765104289795443
7466.0 0.44694784639112367
7468.0 0.4486459971197351
7470.0 0.45304332448094425
7472.0 0.45556619132219944
7474.0 0.454770193168769
7476.0 0.45314000931406223
7478.0 0.45157704210922156
7480.0 0.4507670522358699
7482.0 0.44920632089424983
7484.0 0.44621593357558614
7486.0 0.4401898444588818
7488.0 0.43400672794251904
7490.0 0.4290332449285614
7492.0 0.4277496825402747
7494.0 0.4274602766243752
7496.0 0.42717087070847554
7498.0 0.42688146479257566
7500.0 0.4265920588766765
7502.0 0.42630265296077646
7504.0 0.42601324704487725
7506.0 0.4257238411289775
7508.0 0.42543443521307817
7510.0 0.42514502929717835
7512.0 0.4248556233812793
7514.0 0.4245662174653793
7516.0 0.4242768115494797
7518.0 0.42398740563358006
7520.0 0.4236979997176805
7522.0 0.4234085938017806
7524.0 0.4231191878858814
7526.0 0.42282978196998183
7528.0 0.42254037605408223
7530.0 0.4222509701381827
7532.0 0.4219615642222833
7534.0 0.4216721583063835
7536.0 0.4213827523904837
7538.0 0.42109334647458413
7540.0 0.4208039405586845
7542.0 0.42051453464278477
7544.0 0.42022512872688544
7546.0 0.41993572281098607
7548.0 0.41964631689508625
7550.0 0.4193569109791867
7552.0 0.41906750506328705
7554.0 0.41877809914738756
7556.0 0.418488693231488
7558.0 0.4181992873155883
7560.0 0.4179098813996887
7562.0 0.41762047548378917
7564.0 0.4173310695678897
7566.0 0.41013551695679235
7568.0 0.4076891868093747
7570.0 0.4114440521793864
7572.0 0.4131605351630261
7574.0 0.41730121100112927
7576.0 0.4228052245741046
7578.0 0.4213822034425103
7580.0 0.4166202844565724
7582.0 0.40896249755223163
7584.0 0.39392445929330905
7586.0 0.3865294677588045
7588.0 0.390751206330146
7590.0 0.39673397405995536
7592.0 0.3992433164260379
7594.0 0.40081408724302314
7596.0 0.398610534209908
7598.0 0.3952776426804239
7600.0 0.39616727892123477
7602.0 0.3989371776672119
7604.0 0.4015728397969395
7606.0 0.40490270831748243
7608.0 0.4056658083545981
7610.0 0.40432476442940646
7612.0 0.402255952742563
7614.0 0.40075924484101294
7616.0 0.3985777478830728
7618.0 0.3986051875947678
7620.0 0.40050177366826045
7622.0 0.3990625400904063
7624.0 0.3970282726628959
7626.0 0.3945123243954911
7628.0 0.3911427598290849
7630.0 0.3872978595085808
7632.0 0.3858204696444188
7634.0 0.38579129406237034
7636.0 0.3869809630943504
7638.0 0.39000195308670127
7640.0 0.39380073799186127
7642.0 0.39585625099643207
7644.0 0.3971187321267579
7646.0 0.399288841711266
7648.0 0.4027007773900487
7650.0 0.4040867922831686
7652.0 0.4019431506592501
7654.0 0.39770225122775615
7656.0 0.3935452529457044
7658.0 0.38985127326811675
7660.0 0.38886267035640804
7662.0 0.3909837279755404
7664.0 0.39286481138107043
7666.0 0.39275341646389905
7668.0 0.3923547421852976
7670.0 0.38980244728023117
7672.0 0.3859997273212942
7674.0 0.3837800438023142
7676.0 0.3809043377921029
7678.0 0.3752258634822888
7680.0 0.36931093967331996
7682.0 0.3672943985048111
7684.0 0.3667179567888986
7686.0 0.3673561884230387
7688.0 0.3683229756903187
7690.0 0.3682756253267063
7692.0 0.3697463399038786
7694.0 0.3722732356177024
7696.0 0.37207457335838934
7698.0 0.36989059051895257
7700.0 0.36933671469130963
7702.0 0.37180488716820165
7704.0 0.3726044340073444
7706.0 0.36815899650129935
7708.0 0.3614540268329932
7710.0 0.3570338717811048
7712.0 0.3554855266834027
7714.0 0.3573287463037029
7716.0 0.36330346247462714
7718.0 0.37005809547841756
7720.0 0.3712937695357693
7722.0 0.3707953700433767
7724.0 0.37548681011783896
7726.0 0.38228390867385564
7728.0 0.3837076327432795
7730.0 0.38161716087823216
7732.0 0.3819020371783691
7734.0 0.38493533701245125
7736.0 0.3864023191605929
7738.0 0.3831182877696299
7740.0 0.3788150461646011
7742.0 0.3805639211528369
7744.0 0.388798894115059
7746.0 0.3989757681876562
7748.0 0.40693672514375673
7750.0 0.41025396606923964
7752.0 0.40809535107766837
7754.0 0.40344359362296556
7756.0 0.40001198126390597
7758.0 0.40009227413744614
7760.0 0.4016777589063167
7762.0 0.4023646593045958
7764.0 0.40305155970287493
7766.0 0.4037384601011541
7768.0 0.40442536049943284
7770.0 0.4051122608977122
7772.0 0.40579916129599175
7774.0 0.40648606169427076
7776.0 0.40717296209254994
7778.0 0.40785986249082923
7780.0 0.40854676288910846
7782.0 0.4092336632873877
7784.0 0.4099205636856669
7786.0 0.41060746408394566
7788.0 0.41129436448222517
7790.0 0.41198126488050435
7792.0 0.4126681652787836
7794.0 0.41335506567706276
7796.0 0.41404196607534205
7798.0 0.4147288664736212
7800.0 0.41257305904609437
7802.0 0.4057918925131347
7804.0 0.40205300888776835
7806.0 0.40449145121404667
7808.0 0.4077916275911893
7810.0 0.4072434670933334
7812.0 0.4022617509183118
7814.0 0.39755555915988233
7816.0 0.39440367953018757
7818.0 0.39339847290037344
7820.0 0.3941893421796875
7822.0 0.39704456324211357
7824.0 0.40054526896971837
7826.0 0.4010276713633809
7828.0 0.3988679667740409
7830.0 0.3955364554889163
7832.0 0.3929644637044501
7834.0 0.3900106101974083
7836.0 0.3881965262489397
7838.0 0.390343158649446
7840.0 0.3913790422914937
7842.0 0.3929152967991749
7844.0 0.3963659886150926
7846.0 0.39573817383612114
7848.0 0.388340673213611
7850.0 0.3842984127151124
7852.0 0.38681149039183454
7854.0 0.3887839978727633
7856.0 0.38803751947989157
7858.0 0.38749093424396885
7860.0 0.38927345386949025
7862.0 0.39502348692112044
7864.0 0.3993160424800763
7866.0 0.3995237166927989
7868.0 0.39765963797275866
7870.0 0.3925143475381915
7872.0 0.38278369552457053
7874.0 0.3750287844892488
7876.0 0.37378438097118843
7878.0 0.37620817619610997
7880.0 0.3821137537628564
7882.0 0.38701485121697066
7884.0 0.3899031748238984
7886.0 0.3893578511311176
7888.0 0.3885477227771739
7890.0 0.3884680177651788
7892.0 0.3872431577127569
7894.0 0.3855776251235376
7896.0 0.3858630283851918
7898.0 0.3861944966000291
7900.0 0.3876752201349241
7902.0 0.39049947497197923
7904.0 0.38762713799352744
7906.0 0.3834659091373532
7908.0 0.37830033652122075
7910.0 0.3757672254119371
7912.0 0.3767099775440331
7914.0 0.37907838723185316
7916.0 0.3856604410819435
7918.0 0.38705190170776277
7920.0 0.382076616042995
7922.0 0.3775444292145702
7924.0 0.3773325621865394
7926.0 0.3807919003681498
7928.0 0.38042302877052425
7930.0 0.37887772514065393
7932.0 0.3770074700394227
7934.0 0.3779050691124681
7936.0 0.3790762122209281
7938.0 0.38314317138635823
7940.0 0.38795348280642417
7942.0 0.392089555280893
7944.0 0.39975522092162363
7946.0 0.4041978004794007
7948.0 0.40446418766814635
7950.0 0.394368613771064
7952.0 0.37861731976697843
7954.0 0.3673996483250878
7956.0 0.36445424685394556
7958.0 0.3676591679106754
7960.0 0.3728215990354294
7962.0 0.37954627105766714
7964.0 0.3860318582683511
7966.0 0.39296430443443514
7968.0 0.39324726850092956
7970.0 0.38531280738631235
7972.0 0.37836073263870407
7974.0 0.3794607275787494
7976.0 0.38468127538843633
7978.0 0.38646790915405954
7980.0 0.38403432329453946
7982.0 0.38334391222876535
7984.0 0.37988375586655865
7986.0 0.37246414167595465
7988.0 0.36834521256557795
7990.0 0.3682783883656496
7992.0 0.36804930413600456
7994.0 0.36838931082713705
7996.0 0.3710428369531714
7998.0 0.37113530795961336
8000.0 0.3743131281882543
8002.0 0.3808191418459912
8004.0 0.38133808189583734
8006.0 0.3761508716894781
8008.0 0.37020422834375016
8010.0 0.37071621373074
8012.0 0.3750400368836655
8014.0 0.37780824524259576
8016.0 0.3779052870091746
8018.0 0.3762017316535937
8020.0 0.3712154343758448
8022.0 0.3676599131336823
8024.0 0.3718018110070079
8026.0 0.37821463579290704
8028.0 0.3778854117715457
8030.0 0.374328334396859
8032.0 0.37119506395142304
8034.0 0.3705175380814067
8036.0 0.37011814627125456
8038.0 0.3666318659319747
8040.0 0.36440234856001685
8042.0 0.3674949754085123
8044.0 0.3713016604516164
8046.0 0.3736163690439638
8048.0 0.3757259883510653
8050.0 0.376450254840394
8052.0 0.37529494806056435
8054.0 0.3742244924810538
8056.0 0.37488889701180067
8058.0 0.37533979811940416
8060.0 0.3744888496726064
8062.0 0.3731177100134819
8064.0 0.3714680613458214
8066.0 0.3691264688445482
8068.0 0.36550977579718624
8070.0 0.3628027603341823
8072.0 0.36158795816593214
8074.0 0.3634988231383535
8076.0 0.3671566793370684
8078.0 0.3692276471210139
8080.0 0.3694706008406795
8082.0 0.36941751633926373
8084.0 0.3709032985372444
8086.0 0.37027960058584747
8088.0 0.3650636965976208
8090.0 0.3599709613504735
8092.0 0.35974441324032597
8094.0 0.36248241764295064
8096.0 0.3650466749559034
8098.0 0.3654639727682396
8100.0 0.36400444495792245
8102.0 0.3618299236916392
8104.0 0.36098794438718806
8106.0 0.3634869807901571
8108.0 0.36743479196651374
8110.0 0.36798810760550427
8112.0 0.36425431147510784
8114.0 0.36104874791722713
8116.0 0.3596214183525708
8118.0 0.35737203507112336
8120.0 0.3532158407026933
8122.0 0.35096023999690507
8124.0 0.35211734537646006
8126.0 0.3551284567530782
8128.0 0.36314089703110586
8130.0 0.3723627613910727
8132.0 0.37520908340061176
8134.0 0.3738764624313751
8136.0 0.37168765681891164
8138.0 0.3650783006430015
8140.0 0.35959259230654633
8142.0 0.359454132318132
8144.0 0.36106146901156977
8146.0 0.36508720556832513
8148.0 0.3664159899506112
8150.0 0.3522323665841002
8152.0 0.32172488062623344
8154.0 0.30502403189624117
8156.0 0.31742289321809125
8158.0 0.33554626740473614
8160.0 0.3454841701709648
8162.0 0.35163688627763484
8164.0 0.3527158719418292
8166.0 0.3473113814294319
8168.0 0.3432349956942466
8170.0 0.3444541765005154
8172.0 0.34751854688498346
8174.0 0.3520317093163372
8176.0 0.35416909441046
8178.0 0.35290766239095617
8180.0 0.3519018594772413
8182.0 0.3524051889911404
8184.0 0.3524876244654449
8186.0 0.3534736707476869
8188.0 0.3557267971355925
8190.0 0.35915228094174445
8192.0 0.36481419678192234
8194.0 0.36952971697352427
8196.0 0.3695304161165497
8198.0 0.36590956990738516
8200.0 0.36285489659100767
8202.0 0.36015744270840266
8204.0 0.35855009692083306
8206.0 0.36111543065874346
8208.0 0.36532059919737075
8210.0 0.3667362098018037
8212.0 0.3660835985879432
8214.0 0.36248833443721645
8216.0 0.35624756910176975
8218.0 0.3525753571844977
8220.0 0.35191804946208005
8222.0 0.3529734120522941
8224.0 0.35677853273798116
8226.0 0.3624204201436059
8228.0 0.3679544550252116
8230.0 0.3741604899398161
8232.0 0.37893808455017874
8234.0 0.37991020205673237
8236.0 0.3771148409598505
8238.0 0.37012649328731284
8240.0 0.36214294362188343
8242.0 0.35482308944308705
8244.0 0.3481296750797484
8246.0 0.34907927896881874
8248.0 0.3593534505398165
8250.0 0.36165356841157836
8252.0 0.35172855525310553
8254.0 0.3441931120763091
8256.0 0.3377243590320578
8258.0 0.3318079762127534
8260.0 0.33295043057892004
8262.0 0.3393657845204475
8264.0 0.3458491816117996
8266.0 0.3509309441758208
8268.0 0.35091045682165467
8270.0 0.3443001626056599
8272.0 0.33871290915002744
8274.0 0.33995664641784923
8276.0 0.34644725558089196
8278.0 0.34723524655719673
8280.0 0.3452575414121349
8282.0 0.3404113342876839
8284.0 0.3299143750993563
8286.0 0.32639776199494036
8288.0 0.3381653005071326
8290.0 0.35545834933753456
8292.0 0.3653787516403381
8294.0 0.3703591118261519
8296.0 0.36603843672864855
8298.0 0.3492709959155123
8300.0 0.3346305707955593
8302.0 0.3306713751994087
8304.0 0.3317915007111167
8306.0 0.3325241889295475
8308.0 0.33324757834614444
8310.0 0.33500261299306816
8312.0 0.3383763276791478
8314.0 0.3388214683808382
8316.0 0.3382477476799485
8318.0 0.33849065849984117
8320.0 0.3394878928725675
8322.0 0.3373846003636099
8324.0 0.3323933919162714
8326.0 0.3291581384142057
8328.0 0.3274515398176036
8330.0 0.3280441120921628
8332.0 0.32986011940838933
8334.0 0.33240188503329315
8336.0 0.33064692853023886
8338.0 0.3214750094327882
8340.0 0.31246035827628854
8342.0 0.3069936033628444
8344.0 0.30303264047347644
8346.0 0.30093095657251157
8348.0 0.3013185636104403
8350.0 0.29465127878762365
8352.0 0.2814339576316844
8354.0 0.2661605670197207
8356.0 0.2518264517305281
8358.0 0.24165099368440346
8360.0 0.24102423605122494
8362.0 0.24841919365707515
8364.0 0.2488925275339418
8366.0 0.24276610043329303
8368.0 0.23483791147964533
8370.0 0.22866354293665905
8372.0 0.2210810378244774
8374.0 0.21368202646816847
8376.0 0.20867865899343804
8378.0 0.20595172612245105
8380.0 0.20520372173559076
8382.0 0.19888170330885893
8384.0 0.18229579237580693
8386.0 0.16495927426330925
8388.0 0.15939461266032026
8390.0 0.1608464860921869
8392.0 0.16769227255383823
8394.0 0.17684918954844528
8396.0 0.17852460573656848
8398.0 0.17559530232000867
8400.0 0.17523819538457447
8402.0 0.17701293186409478
8404.0 0.17957261403631028
8406.0 0.1831859870900743
8408.0 0.18589498861338974
8410.0 0.18835115412360454
8412.0 0.19244510666901324
8414.0 0.19837653597717558
8416.0 0.20500538019716688
8418.0 0.20610764753653676
8420.0 0.1945646076875833
8422.0 0.17895439594065932
8424.0 0.1761643656311713
8426.0 0.1814195412223499
8428.0 0.18505567379655058
8430.0 0.1875504813112769
8432.0 0.19173455179975216
8434.0 0.19710605352408742
8436.0 0.20306054209041946
8438.0 0.20868265832108304
8440.0 0.2145860613626898
8442.0 0.22009147419867625
8444.0 0.22424460893341816
8446.0 0.22824539215168754
8448.0 0.23309164942170196
8450.0 0.23872595847391315
8452.0 0.24740436753431844
8454.0 0.25667132458348174
8456.0 0.2613630996760141
8458.0 0.26407450477865574
8460.0 0.26835466037719596
8462.0 0.2741903769348834
8464.0 0.2815706221766304
8466.0 0.28896003010038523
8468.0 0.2960571438722627
8470.0 0.30573605961235556
8472.0 0.3167659443789543
8474.0 0.3277700152561122
8476.0 0.3394540349931531
8478.0 0.3499997753350487
8480.0 0.3565825634374984
8482.0 0.3603931850098372
8484.0 0.36565847580959615
8486.0 0.3726046196561657
8488.0 0.38020966365157016
8490.0 0.38564883274371864
8492.0 0.3878560234984137
8494.0 0.3889777912455625
8496.0 0.39029311296964164
8498.0 0.3943142035078714
8500.0 0.3999195023311202
8502.0 0.40539848073129386
8504.0 0.4110608705968587
8506.0 0.4164521184904589
8508.0 0.42086755836944073
8510.0 0.4260174424921774
8512.0 0.4295407783053755
8514.0 0.42680360742161977
8516.0 0.4199762277507773
8518.0 0.4136813399175326
8520.0 0.4085642536001942
8522.0 0.4040157509424911
8524.0 0.40010958400217567
8526.0 0.3950097324526012
8528.0 0.38684420215075693
8530.0 0.37693819678984175
8532.0 0.36686002751276403
8534.0 0.357722238478168
8536.0 0.34934063727456893
8538.0 0.33950163612903006
8540.0 0.3281179518352519
8542.0 0.3168118343753752
8544.0 0.30455714152854263
8546.0 0.2961373289563842
8548.0 0.29143583743618195
8550.0 0.2890482516000664
8552.0 0.28810997398172367
8554.0 0.2858200003867574
8556.0 0.282473550692597
8558.0 0.2818531037430337
8560.0 0.28337234774229275
8562.0 0.2838958608700471
8564.0 0.2840808349238839
8566.0 0.28367511061524353
8568.0 0.28068541128934804
8570.0 0.2763559081100304
8572.0 0.27593371776219083
8574.0 0.2782044881834676
8576.0 0.2844493365366341
8578.0 0.2971351169181803
8580.0 0.3088889742323983
8582.0 0.31170070921839493
8584.0 0.3080746286829843
8586.0 0.30787724353508983
8588.0 0.31198984611699626
8590.0 0.315523350104276
8592.0 0.3211127854076962
8594.0 0.3283398695058788
8596.0 0.33600192966689296
8598.0 0.34582753876265643
8600.0 0.3562382290781381
8602.0 0.3646326688253545
8604.0 0.3709338649105974
8606.0 0.3760343271271371
8608.0 0.3799229726226515
8610.0 0.3807743327336969
8612.0 0.3832320945250682
8614.0 0.39058011882269716
8616.0 0.3978176346343592
8618.0 0.408146702260498
8620.0 0.4239459581595444
8622.0 0.4376633505765535
8624.0 0.4405379329829467
8626.0 0.44047544243568576
8628.0 0.4473104405776907
8630.0 0.4568639450918987
8632.0 0.4642702970866084
8634.0 0.46969851352427566
8636.0 0.4748086412388723
8638.0 0.4760872448027716
8640.0 0.47726247777781294
8642.0 0.48191555835919625
8644.0 0.48912573382701036
8646.0 0.492990342299124
8648.0 0.4926247501267236
8650.0 0.4917704976664484
8652.0 0.4951991321808352
8654.0 0.49716216945709957
8656.0 0.49672558042165454
8658.0 0.49547810283691474
8660.0 0.4929613109618977
8662.0 0.48812702089013815
8664.0 0.48480763619212686
8666.0 0.4831904249251156
8668.0 0.4829582064436652
8670.0 0.4838383063954902
8672.0 0.48369608775129525
8674.0 0.4830145257296099
8676.0 0.48235946937877344
8678.0 0.4773537500698466
8680.0 0.46840238225027075
8682.0 0.4637668355694523
8684.0 0.46609261800010604
8686.0 0.4690479952113983
8688.0 0.4693438061122878
8690.0 0.4683057383592661
8692.0 0.4640137728305775
8694.0 0.4580726097518346
8696.0 0.4489617814251306
8698.0 0.4341762292413008
8700.0 0.4245024900547029
8702.0 0.4181535449633176
8704.0 0.42015409256525243
8706.0 0.43304291443745496
8708.0 0.4462453181768642
8710.0 0.4457564443252334
8712.0 0.4404132962386151
8714.0 0.4388459351302141
8716.0 0.4342271368998313
8718.0 0.42578824416926475
8720.0 0.42057904751967856
8722.0 0.41369543283547494
8724.0 0.3983484548851433
8726.0 0.38046486524696266
8728.0 0.3757757395944553
8730.0 0.3793135228255538
8732.0 0.3782956416432033
8734.0 0.3739200387452501
8736.0 0.36910193485309095
8738.0 0.37004083989743314
8740.0 0.3735115693599542
8742.0 0.37437908047451585
8744.0 0.3724245224440703
8746.0 0.3671240443646321
8748.0 0.35915418549093586
8750.0 0.3539479516652578
8752.0 0.3537934976100287
8754.0 0.3548597993275451
8756.0 0.3509744421526496
8758.0 0.3453161927355686
8760.0 0.3440867573496431
8762.0 0.3458451866381184
8764.0 0.3455808755856803
8766.0 0.34215755646071944
8768.0 0.3378176504110939
8770.0 0.33606736280520133
8772.0 0.33849150764279895
8774.0 0.339225808484439
8776.0 0.33831402804901567
8778.0 0.33509213050588327
8780.0 0.32737898139275984
8782.0 0.3182039827943791
8784.0 0.31308348994786156
8786.0 0.30841516411021735
8788.0 0.3029879543106074
8790.0 0.29962664503490705
8792.0 0.299043699193992
8794.0 0.30117018954895597
8796.0 0.30754463644320695
8798.0 0.31593649313695044
8800.0 0.3173548077362655
8802.0 0.31120502808026307
8804.0 0.3080845090042771
8806.0 0.3114670463675049
8808.0 0.31624251191574176
8810.0 0.32096470684189493
8812.0 0.3264937989542229
8814.0 0.3295561772043386
8816.0 0.3295054164510439
8818.0 0.3265922077174918
8820.0 0.31693269701960586
8822.0 0.30370689797330286
8824.0 0.29554496506926087
8826.0 0.2940893456381582
8828.0 0.29732986218907426
8830.0 0.30209393492479936
8832.0 0.3092450378874211
8834.0 0.31760262259079747
8836.0 0.31791524409794186
8838.0 0.30395108507385815
8840.0 0.28786529679533956
8842.0 0.279387095534645
8844.0 0.276075604565757
8846.0 0.277932402065965
8848.0 0.28643677540087153
8850.0 0.2957979369162639
8852.0 0.2997138643687235
8854.0 0.29756890928755836
8856.0 0.2869590243559374
8858.0 0.2726460396836204
8860.0 0.2634150496132101
8862.0 0.26461320128833515
8864.0 0.2738709924249428
8866.0 0.2903831284693724
8868.0 0.30040338371496733
8870.0 0.2919382352703184
8872.0 0.2765320512414277
8874.0 0.26265469509913325
8876.0 0.25098201268494275
8878.0 0.24612834726072794
8880.0 0.25444200455073823
8882.0 0.26730209585451176
8884.0 0.27840230576846736
8886.0 0.28975021728705125
8888.0 0.30382563656048783
8890.0 0.31313199235616296
8892.0 0.30920823582928453
8894.0 0.29593261221648326
8896.0 0.2873147489379327
8898.0 0.28111387971640434
8900.0 0.27796040053991655
8902.0 0.28565575244590863
8904.0 0.29557334513316846
8906.0 0.3006740195571323
8908.0 0.3014048407684857
8910.0 0.2992929310379122
8912.0 0.2915873887653703
8914.0 0.28498204250904546
8916.0 0.28234244254942686
8918.0 0.28110137364591925
8920.0 0.28156468379486577
8922.0 0.2839368616712184
8924.0 0.28657706763275487
8926.0 0.2888281106398561
8928.0 0.2897926100936616
8930.0 0.2904759233791308
8932.0 0.2923183058043329
8934.0 0.29769509735454686
8936.0 0.29889383725367624
8938.0 0.2896044617763659
8940.0 0.2801875239763381
8942.0 0.27939628586085175
8944.0 0.2840549705954904
8946.0 0.2894630522258705
8948.0 0.2989921386241822
8950.0 0.303887654373629
8952.0 0.29962402520174514
8954.0 0.2910106842962416
8956.0 0.2861134106983522
8958.0 0.28742994948753947
8960.0 0.2872854195236837
8962.0 0.28762357961450435
8964.0 0.28655280404357114
8966.0 0.2813710273051796
8968.0 0.2800488203151351
8970.0 0.28514616256840575
8972.0 0.2891296313112967
8974.0 0.28730765295120403
8976.0 0.2829992686762204
8978.0 0.2796446088358171
8980.0 0.28008461188475103
8982.0 0.28125630951949804
8984.0 0.2799961689040077
8986.0 0.2769618039522643
8988.0 0.2763317833330271
8990.0 0.2750033726433431
8992.0 0.26854431761715775
8994.0 0.2636480412542796
8996.0 0.26326586765383087
8998.0 0.2620144379339906
9000.0 0.25739624015052226
9002.0 0.25069522796221616
9004.0 0.24781335211805358
9006.0 0.24586524304982774
9008.0 0.24423985241063345
9010.0 0.24562257423205666
9012.0 0.25055556182686284
9014.0 0.2504950371604387
9016.0 0.24564030743805051
9018.0 0.2405528893041059
9020.0 0.23456296598175935
9022.0 0.23337518201970123
9024.0 0.23908038944058566
9026.0 0.24722000895318855
9028.0 0.24984701818272195
9030.0 0.24624926289523746
9032.0 0.24427531049274878
9034.0 0.24441416854436981
9036.0 0.24755479431410127
9038.0 0.2523743415743735
9040.0 0.257293461288552
9042.0 0.259705445487183
9044.0 0.25988087245033126
9046.0 0.2622182991036106
9048.0 0.2645020909219314
9050.0 0.26584957099467926
9052.0 0.2675607931751094
9054.0 0.2720951167273981
9056.0 0.27561343381661235
9058.0 0.2749520738598732
9060.0 0.2795282074560058
9062.0 0.2861838650398516
9064.0 0.2910580609031108
9066.0 0.2936103433752997
9068.0 0.2933465088648951
9070.0 0.29077953067922646
9072.0 0.2913694208466324
9074.0 0.29595572868147785
9076.0 0.2973984196149616
9078.0 0.29377280661296384
9080.0 0.28511301772756475
9082.0 0.2763788280599309
9084.0 0.27225993865279763
9086.0 0.2783656660021107
9088.0 0.2866072060635776
9090.0 0.2890767813371183
9092.0 0.29221469224781077
9094.0 0.2978642761411507
9096.0 0.3027716545556584
9098.0 0.3034923737641563
9100.0 0.3023929090026772
9102.0 0.3010803674249461
9104.0 0.2985450474277469
9106.0 0.29925106172319416
9108.0 0.30161992002934734
9110.0 0.30262604289047323
9112.0 0.29832624535019325
9114.0 0.2895263346858293
9116.0 0.2799238706276896
9118.0 0.27112013321422074
9120.0 0.2661256581547359
9122.0 0.2651446555755107
9124.0 0.26522253963787257
9126.0 0.2674389237869702
9128.0 0.2656206062501167
9130.0 0.2611043591398069
9132.0 0.25839633014576424
9134.0 0.2564204230137243
9136.0 0.2552445187341311
9138.0 0.25855279793610647
9140.0 0.2639073438097747
9142.0 0.2605839378050019
9144.0 0.2542675391638214
9146.0 0.2526498175391791
9148.0 0.25363984246015814
9150.0 0.25130589165938544
9152.0 0.24712974858772513
9154.0 0.2447744431109909
9156.0 0.2465140411982399
9158.0 0.25003118354882164
9160.0 0.24944933357757745
9162.0 0.24649260324772593
9164.0 0.2501262624248333
9166.0 0.25937426373523986
9168.0 0.2642646653744498
9170.0 0.26351198602037046
9172.0 0.259344791951069
9174.0 0.2530351391835791
9176.0 0.24720770925515584
9178.0 0.2443572839690147
9180.0 0.24242341293267428
9182.0 0.24234443572932526
9184.0 0.24537059164300207
9186.0 0.24902504420282448
9188.0 0.2538639902521963
9190.0 0.259380246703978
9192.0 0.26265892685669384
9194.0 0.2657525132475504
9196.0 0.2703093277796707
9198.0 0.2708978718612173
9200.0 0.26737933868211594
9202.0 0.2671061834111395
9204.0 0.27099223959489366
9206.0 0.2775428378240102
9208.0 0.28368246771518096
9210.0 0.2857009417582324
9212.0 0.2834729939846678
9214.0 0.2791130133701785
9216.0 0.27698153820049676
9218.0 0.27735336209030687
9220.0 0.2786514237070309
9222.0 0.2824867398922227
9224.0 0.289394451769944
9226.0 0.29387851227393813
9228.0 0.296504517022567
9230.0 0.29918678515940705
9232.0 0.29404299384672106
9234.0 0.2840634621699104
9236.0 0.27979809313370146
9238.0 0.27957227839893745
9240.0 0.27961296547109926
9242.0 0.2834018745024069
9244.0 0.2910503033942042
9246.0 0.3017956183561451
9248.0 0.31488962923849667
9250.0 0.3284202013371512
9252.0 0.3464465518221443
9254.0 0.3489622087118874
9256.0 0.3290649152569765
9258.0 0.3034905885883194
9260.0 0.2762908169212252
9262.0 0.25143598233422665
9264.0 0.24144835432650216
9266.0 0.2442838859616687
9268.0 0.254305569256039
9270.0 0.2753723865641846
9272.0 0.28644979662483616
9274.0 0.27369255399642717
9276.0 0.26264114096873004
9278.0 0.2593865160806735
9280.0 0.25919674305658524
9282.0 0.26455374322098957
9284.0 0.27528971597383745
9286.0 0.27470562540467297
9288.0 0.26184079475837657
9290.0 0.2551127225738411
9292.0 0.25869560265399105
9294.0 0.2614129902290824
9296.0 0.2625443131721484
9298.0 0.26456759274488484
9300.0 0.26010113626435233
9302.0 0.2485939425487575
9304.0 0.24069301060695536
9306.0 0.24030554580251134
9308.0 0.2491050789617827
9310.0 0.26802399853321124
9312.0 0.28259742165647955
9314.0 0.2997626811981704
9316.0 0.32299646436492235
9318.0 0.3352662393607758
9320.0 0.34179532969594245
9322.0 0.3359181656610867
9324.0 0.308019600989754
9326.0 0.23786885822427425
9328.0 0.19068091179810231
9330.0 0.18071438546924118
9332.0 0.19157325822523646
9334.0 0.2249440605478869
9336.0 0.2407551391329465
9338.0 0.23652612727440844
9340.0 0.23421527399896436
9342.0 0.2428128319802899
9344.0 0.25050879825594974
9346.0 0.2564303559874894
9348.0 0.2595834214606587
9350.0 0.26079384716602555
9352.0 0.2622362386824678
9354.0 0.25636281386751447
9356.0 0.23951511553130655
9358.0 0.22220069071579643
9360.0 0.20823035524590255
9362.0 0.2028565470424406
9364.0 0.20627044769659036
9366.0 0.20750798718754251
9368.0 0.21624452582842213
9370.0 0.24128791022067575
9372.0 0.2535339590023798
9374.0 0.25195965274832555
9376.0 0.2591683006315475
9378.0 0.27571453131789986
9380.0 0.2879460478866672
9382.0 0.28730102586067613
9384.0 0.2870486454453521
9386.0 0.27850950902282084
9388.0 0.25564274576998086
9390.0 0.2393323374036778
9392.0 0.23802778995950516
9394.0 0.24027240298807956
9396.0 0.251236345550641
9398.0 0.25978533922554553
9400.0 0.2526269959049917
9402.0 0.24075741713866233
9404.0 0.23737045293985407
9406.0 0.23364096788263927
9408.0 0.2206097857187157
9410.0 0.22250252173351848
9412.0 0.2356918574572575
9414.0 0.25459623350451216
9416.0 0.2858062670603339
9418.0 0.31026106393854497
9420.0 0.3185131409863462
9422.0 0.3165741333610631
9424.0 0.29159710306715064
9426.0 0.24396441797705629
9428.0 0.21765301141369048
9430.0 0.21495789196853213
9432.0 0.23495859665353258
9434.0 0.2645735369954083
9436.0 0.27605390120483214
9438.0 0.2704975372112847
9440.0 0.2648312883168244
9442.0 0.26568333184447734
9444.0 0.26308195640140575
9446.0 0.25671210214912743
9448.0 0.25172619772544697
9450.0 0.2489420885788549
9452.0 0.24756504509349353
9454.0 0.24802186948127894
9456.0 0.25073797243481605
9458.0 0.25057604933154515
9460.0 0.25239197747097425
9462.0 0.25670335990627835
9464.0 0.2536045496739986
9466.0 0.24191824305502332
9468.0 0.2331904646289988
9470.0 0.2308990383621201
9472.0 0.23137455206293409
9474.0 0.24003811837444974
9476.0 0.25068982181903954
9478.0 0.25554692890488123
9480.0 0.2576248588081881
9482.0 0.2618622772740818
9484.0 0.2670024162885756
9486.0 0.26801325064913045
9488.0 0.26553179153054357
9490.0 0.26719804025198535
9492.0 0.2761506960506547
9494.0 0.2788114630043085
9496.0 0.27147911390792645
9498.0 0.26235276896931853
9500.0 0.2544100645711864
9502.0 0.2474349985947038
9504.0 0.25482965379522343
9506.0 0.27408758201917455
9508.0 0.2816712032520842
9510.0 0.27225149833273304
9512.0 0.25941728452419277
9514.0 0.24710874097641464
9516.0 0.23516697804450026
9518.0 0.23822801044838052
9520.0 0.25315853808810973
9522.0 0.2669387357003633
9524.0 0.275967041952791
9526.0 0.2788493325835442
9528.0 0.27772174189309085
9530.0 0.27362537895803146
9532.0 0.26676958709903364
9534.0 0.25813783339117546
9536.0 0.2506111659532509
9538.0 0.24277498034739264
9540.0 0.23721439325762844
9542.0 0.2369683233305055
9544.0 0.24027188697656063
9546.0 0.24702691161073698
9548.0 0.25287729174856205
9550.0 0.24798669341040924
9552.0 0.23213219145829134
9554.0 0.21569392593952985
9556.0 0.20866795580377043
9558.0 0.2126162174279858
9560.0 0.2254107638169092
9562.0 0.23663468710119617
9564.0 0.2318575415948255
9566.0 0.21773596206366883
9568.0 0.21035015826809977
9570.0 0.2091959426533755
9572.0 0.2099730309456608
9574.0 0.21612847976090713
9576.0 0.22302192590490025
9578.0 0.225302054815144
9580.0 0.22500061748553457
9582.0 0.22262091479332968
9584.0 0.2161736885426238
9586.0 0.20842464335570163
9588.0 0.20775196441215174
9590.0 0.2138679182823593
9592.0 0.22139041884234345
9594.0 0.2253394331788082
9596.0 0.22633551642452393
9598.0 0.22979021705483052
9600.0 0.23138941012401276
9602.0 0.22310786819848502
9604.0 0.21552370692141593
9606.0 0.21981989663346618
9608.0 0.2265091508743078
9610.0 0.22519665969399202
9612.0 0.22142201991963684
9614.0 0.21986151314272456
9616.0 0.21499657026217073
9618.0 0.21142751395808468
9620.0 0.21898507754961488
9622.0 0.23204451527432723
9624.0 0.23735412555224966
9626.0 0.23336252504819094
9628.0 0.2332953533565788
9630.0 0.2382795399269531
9632.0 0.23778024099964337
9634.0 0.24135760993810582
9636.0 0.24290447400302373
9638.0 0.23304485579928824
9640.0 0.22112975106187888
9642.0 0.2171685563534033
9644.0 0.21730602837121976
9646.0 0.21813152017460227
9648.0 0.22121232166723767
9650.0 0.22306742165945506
9652.0 0.22428092859129437
9654.0 0.2251745630471691
9656.0 0.22552357960547084
9658.0 0.22578038308557516
9660.0 0.2231925642197603
9662.0 0.21416314270224382
9664.0 0.1950777441607261
9666.0 0.1725899623580939
9668.0 0.1734347902460324
9670.0 0.19759486315579733
9672.0 0.21156527086838614
9674.0 0.21482265798895264
9676.0 0.215511366700178
9678.0 0.2083154495663894
9680.0 0.1902567888369321
9682.0 0.1869234462924679
9684.0 0.19766464547775262
9686.0 0.202843188146292
9688.0 0.2046999931370192
9690.0 0.2113336273443349
9692.0 0.21856113939512276
9694.0 0.22269316846751913
9696.0 0.22839595644776334
9698.0 0.23338500273934948
9700.0 0.2363250145528551
9702.0 0.23705888823345922
9704.0 0.23289092981724654
9706.0 0.22039736498003962
9708.0 0.20496127254290625
9710.0 0.20274760738637893
9712.0 0.21825920331222487
9714.0 0.22694299672144153
9716.0 0.2333648001530364
9718.0 0.23572974578190434
9720.0 0.23384909707877125
9722.0 0.22773381236152704
9724.0 0.2222904797864104
9726.0 0.2248095757293669
9728.0 0.2225659893782537
9730.0 0.21108358165714752
9732.0 0.20605990927384066
9734.0 0.21136326316025814
9736.0 0.2128069260688557
9738.0 0.21019719610499493
9740.0 0.2123212900176377
9742.0 0.21081237767241662
9744.0 0.2023933843657878
9746.0 0.20575844022448703
9748.0 0.2264003654362118
9750.0 0.23699986420377878
9752.0 0.23126874406059927
9754.0 0.2196083123809479
9756.0 0.20890138317942633
9758.0 0.21342361568742882
9760.0 0.22633741433607812
9762.0 0.24028491537052796
9764.0 0.24311622633296226
9766.0 0.23161841628938812
9768.0 0.2159583143319812
9770.0 0.20353642811395628
9772.0 0.2084294447007636
9774.0 0.222484584754855
9776.0 0.23010785949242812
9778.0 0.22329616045086687
9780.0 0.21208722319108103
9782.0 0.20341785511265012
9784.0 0.1961039179084222
9786.0 0.1969709994599225
9788.0 0.1951851690044015
9790.0 0.18882682716981256
9792.0 0.19661230705724933
9794.0 0.2131839305754089
9796.0 0.2195284690162582
9798.0 0.2115513874293576
9800.0 0.20570570107208577
9802.0 0.21122367528690655
9804.0 0.2218887969910772
9806.0 0.22927738701188558
9808.0 0.22839831758550913
9810.0 0.21879491988430427
9812.0 0.1993625854831746
9814.0 0.18781014770440116
9816.0 0.1822998246861326
9818.0 0.18523675019623778
9820.0 0.1908773650740787
9822.0 0.19434756477259976
9824.0 0.20049201691113427
9826.0 0.20307120469506756
9828.0 0.20320046710400544
9830.0 0.20429915368899607
9832.0 0.20680892117868982
9834.0 0.201867330690002
9836.0 0.20189883835070147
9838.0 0.21288041594548093
9840.0 0.21769705828298844
9842.0 0.2258535629379124
9844.0 0.2320806032348514
9846.0 0.21950507851522386
9848.0 0.1954742646732925
9850.0 0.1813723051091571
9852.0 0.16870051415496742
9854.0 0.15398293677341196
9856.0 0.15776816236235208
9858.0 0.17214656084479263
9860.0 0.1845036093967422
9862.0 0.19453256579335898
9864.0 0.20231391170870394
9866.0 0.21229299739573462
9868.0 0.21911012632902385
9870.0 0.22017950649852575
9872.0 0.21676778486855267
9874.0 0.2161265796080932
9876.0 0.2156861274094335
9878.0 0.2185634908106537
9880.0 0.2228521296260866
9882.0 0.2208875942403536
9884.0 0.21851481897604993
9886.0 0.2177372104438454
9888.0 0.2164735860678014
9890.0 0.20905167094121144
9892.0 0.19955926717336026
9894.0 0.1952538979781037
9896.0 0.19181094670875143
9898.0 0.18950891925349664
9900.0 0.19613678413026572
9902.0 0.19938715687923583
9904.0 0.19137776957569788
9906.0 0.18496328150744665
9908.0 0.18236940609307284
9910.0 0.18384737705782808
9912.0 0.18920983647269407
9914.0 0.1917167021178464
9916.0 0.18787222014245758
9918.0 0.1920079805714141
9920.0 0.2014937178276058
9922.0 0.20255256815021924
9924.0 0.20078103422201415
9926.0 0.2037340729351805
9928.0 0.20690981159760025
9930.0 0.20237471981001662
9932.0 0.19713254838639369
9934.0 0.1985284613580839
9936.0 0.20765491254308308
9938.0 0.2230537502559603
9940.0 0.2261252858798325
9942.0 0.20248017831080917
9944.0 0.17731861507620444
9946.0 0.18735659006405178
9948.0 0.18310979847125583
9950.0 0.19006517157206407
9952.0 0.2061623287395232
9954.0 0.22207829650896554
9956.0 0.22888239106848257
9958.0 0.22433303412062897
9960.0 0.21267479116488586
9962.0 0.20094699590211257
9964.0 0.19805974938326756
9966.0 0.20279897010801673
9968.0 0.21018942516957873
9970.0 0.21660528965026707
9972.0 0.2200597954171831
9974.0 0.220809139710541
9976.0 0.21776410528377946
9978.0 0.21123229892250278
9980.0 0.20504219603271906
9982.0 0.20216041799843135
9984.0 0.20213266457499213
9986.0 0.2086651440658212
9988.0 0.22282152153147167
9990.0 0.2320476306933591
9992.0 0.2301392435582019
9994.0 0.22159849213100466
9996.0 0.21550813749529202
9998.0 0.21774583014622978
