# z obs_date
# 0 52280
3580.0 0.521225945356637
3582.0 0.518697295590885
3584.0 0.5225765031536724
3586.0 0.5202276744749117
3588.0 0.5184787938818198
3590.0 0.534098717934787
3592.0 0.5264467573971052
3594.0 0.5169186817778055
3596.0 0.5266475376229894
3598.0 0.523289902004041
3600.0 0.5170672129564686
3602.0 0.516078630926467
3604.0 0.5180918692408287
3606.0 0.5176503663497761
3608.0 0.5094632017869032
3610.0 0.5022067988625208
3612.0 0.5014995985064178
3614.0 0.5033145343432319
3616.0 0.5048133570678941
3618.0 0.5037081042920843
3620.0 0.48989054557009554
3622.0 0.5001519327254086
3624.0 0.5148504002231461
3626.0 0.5137765778442204
3628.0 0.5050370899548073
3630.0 0.5055289041076861
3632.0 0.5096804826497306
3634.0 0.508109528004012
3636.0 0.50728159232131
3638.0 0.5129829864119695
3640.0 0.516322244177841
3642.0 0.5162316942574793
3644.0 0.5170584980262611
3646.0 0.5164108531812645
3648.0 0.514142326559305
3650.0 0.5171180551652714
3652.0 0.520141692540314
3654.0 0.516066995477529
3656.0 0.5111508625637111
3658.0 0.5142027121030947
3660.0 0.509695502104489
3662.0 0.5130978455787016
3664.0 0.5216463696244815
3666.0 0.5275227006455742
3668.0 0.5282772635341175
3670.0 0.5302590974064
3672.0 0.537331388500419
3674.0 0.5314319813021874
3676.0 0.5239091213516897
3678.0 0.5230406902322957
3680.0 0.5095466715391044
3682.0 0.5155263468519208
3684.0 0.5154708791765876
3686.0 0.5270297832676771
3688.0 0.5189308356753412
3690.0 0.5162664849448009
3692.0 0.516890926787349
3694.0 0.5300014590988357
3696.0 0.5290705505526202
3698.0 0.5242731075949733
3700.0 0.5435707745662636
3702.0 0.5483270550590035
3704.0 0.5477538898759097
3706.0 0.5341805044054382
3708.0 0.5171288340042944
3710.0 0.4957447629843487
3712.0 0.4861029605333106
3714.0 0.4907999323241964
3716.0 0.5057340224166983
3718.0 0.5161672657938211
3720.0 0.5140424030540491
3722.0 0.5405410784888447
3724.0 0.5567150118781906
3726.0 0.5776675086121242
3728.0 0.5971070731351698
3730.0 0.5974010934607248
3732.0 0.577228577778896
3734.0 0.5521919306285148
3736.0 0.5348607536578527
3738.0 0.5275577942477386
3740.0 0.5195377823740119
3742.0 0.5090467757183175
3744.0 0.5183599884600631
3746.0 0.5189295584418696
3748.0 0.5179373003929264
3750.0 0.5194290935237988
3752.0 0.5230758198811869
3754.0 0.5146068305327928
3756.0 0.5074872847459515
3758.0 0.4854548503162755
3760.0 0.48949694322697074
3762.0 0.48445145593391103
3764.0 0.4881088121496896
3766.0 0.4763603591128604
3768.0 0.4664339612651656
3770.0 0.4864754040433413
3772.0 0.49407955886514365
3774.0 0.49296040131938146
3776.0 0.5012743665925802
3778.0 0.49368359390920424
3780.0 0.4841184968661761
3782.0 0.48121895060339137
3784.0 0.48538438182194565
3786.0 0.4864201074804841
3788.0 0.4807117392136164
3790.0 0.4744494586522734
3792.0 0.461047446302489
3794.0 0.46671150507721115
3796.0 0.4626823415894188
3798.0 0.4580548692420301
3800.0 0.463229167620627
3802.0 0.4671026642207689
3804.0 0.47359036757947676
3806.0 0.48628436669566566
3808.0 0.47666874003698373
3810.0 0.4762881463809621
3812.0 0.4890692734216694
3814.0 0.4987032563130949
3816.0 0.49769304439330886
3818.0 0.4923487542048645
3820.0 0.5005840977163719
3822.0 0.5065439157419718
3824.0 0.500981130384893
3826.0 0.5134745078372742
3828.0 0.5224893579551666
3830.0 0.5208045623653821
3832.0 0.5261501806362684
3834.0 0.5258549167784932
3836.0 0.5224868061328714
3838.0 0.5258829764206241
3840.0 0.5335485080642419
3842.0 0.5394381127756264
3844.0 0.5380829434391169
3846.0 0.5454866332872004
3848.0 0.5540274770986681
3850.0 0.5619633890612187
3852.0 0.5616159879545181
3854.0 0.5692060547490864
3856.0 0.5708079472803989
3858.0 0.5670993159468984
3860.0 0.5759438446426667
3862.0 0.5848983664292404
3864.0 0.5920823639291871
3866.0 0.6025072751188832
3868.0 0.6042070766244991
3870.0 0.6092358734436176
3872.0 0.6160356335008724
3874.0 0.6236079236313818
3876.0 0.6267175361131825
3878.0 0.6247781011907897
3880.0 0.6251512058938453
3882.0 0.6301974129841676
3884.0 0.6308878863129844
3886.0 0.6264408716811671
3888.0 0.6269772464305258
3890.0 0.6297179555629016
3892.0 0.6336966632816674
3894.0 0.6386008254323622
3896.0 0.6467243010086954
3898.0 0.6620605169617936
3900.0 0.6793084803677356
3902.0 0.6757769794409864
3904.0 0.66092016231777
3906.0 0.6572458583445946
3908.0 0.6732222867250263
3910.0 0.6807924374655095
3912.0 0.6821670135732257
3914.0 0.6875764519835177
3916.0 0.7010008123484153
3918.0 0.7068651688419905
3920.0 0.7074038674358689
3922.0 0.707741309824136
3924.0 0.7024080125954345
3926.0 0.7064110035033835
3928.0 0.6999038825049524
3930.0 0.6870088016755272
3932.0 0.6740807854873404
3934.0 0.663515665309926
3936.0 0.6700676944414833
3938.0 0.6767395576524552
3940.0 0.6693809730647835
3942.0 0.6676201544298161
3944.0 0.6722954605888924
3946.0 0.6761888567199398
3948.0 0.6795477895823927
3950.0 0.6918039843384914
3952.0 0.7036872575781985
3954.0 0.7089212964798408
3956.0 0.7007439238734705
3958.0 0.7020613969959377
3960.0 0.7033276294267202
3962.0 0.6955025196696724
3964.0 0.6798796602278689
3966.0 0.6635806345527799
3968.0 0.6622410260859604
3970.0 0.6753577952071994
3972.0 0.6863621471353099
3974.0 0.6674343572050444
3976.0 0.646949319443485
3978.0 0.6368895628142979
3980.0 0.6382656580028043
3982.0 0.6390913221991811
3984.0 0.6369061849047263
3986.0 0.6399695246702581
3988.0 0.6434818166342972
3990.0 0.6589609650178049
3992.0 0.6660585394385892
3994.0 0.6598205085151838
3996.0 0.6486415011765226
3998.0 0.6486266278769977
4000.0 0.6427574457223046
4002.0 0.6377414286404307
4004.0 0.6400046080745126
4006.0 0.631541147149605
4008.0 0.6292957038767354
4010.0 0.6392034716804613
4012.0 0.6462499284718793
4014.0 0.6507659377597
4016.0 0.6541537967519904
4018.0 0.6466601633118304
4020.0 0.653107709486451
4022.0 0.6505655458108105
4024.0 0.6457072336460314
4026.0 0.6450332599179951
4028.0 0.6442236880030782
4030.0 0.64744798343694
4032.0 0.6480511886658876
4034.0 0.6492560829447215
4036.0 0.6541590654367182
4038.0 0.6588523776181341
4040.0 0.660201770343711
4042.0 0.6631912573925428
4044.0 0.6646307685034355
4046.0 0.6674844516385965
4048.0 0.669743421980324
4050.0 0.6713131157620771
4052.0 0.6628313825889417
4054.0 0.6381422177614238
4056.0 0.6369482566168021
4058.0 0.6341820503364275
4060.0 0.6388166652928633
4062.0 0.6415097393993748
4064.0 0.6500466126130942
4066.0 0.652842752729565
4068.0 0.6542799955577718
4070.0 0.6457509418398552
4072.0 0.640488212064378
4074.0 0.6363704524400225
4076.0 0.6362148229984663
4078.0 0.631495758976431
4080.0 0.635163973517599
4082.0 0.6308400048016103
4084.0 0.6298475879860559
4086.0 0.6312582817777006
4088.0 0.625124864820222
4090.0 0.6220034648073302
4092.0 0.623219900711677
4094.0 0.6265131000114255
4096.0 0.6216149126717773
4098.0 0.6121201615067927
4100.0 0.6115209565923334
4102.0 0.6134673520660401
4104.0 0.6158855383615847
4106.0 0.6166535129836301
4108.0 0.6115900073832541
4110.0 0.6087664439518612
4112.0 0.6071699391178164
4114.0 0.602928846204029
4116.0 0.6019389285950111
4118.0 0.6007103320485516
4120.0 0.5963491498761653
4122.0 0.5904177076026981
4124.0 0.597953803187313
4126.0 0.6048371922257241
4128.0 0.6123663352822488
4130.0 0.6084828857366783
4132.0 0.6011096054429602
4134.0 0.5984647342886835
4136.0 0.6007786692720285
4138.0 0.608468556264176
4140.0 0.6206705007174238
4142.0 0.6269547793266632
4144.0 0.6132187606623647
4146.0 0.5942045378271338
4148.0 0.5935875625803032
4150.0 0.601254927855829
4152.0 0.6048318001632879
4154.0 0.6058940233260316
4156.0 0.6033117411218517
4158.0 0.609558872334558
4160.0 0.6114881555859893
4162.0 0.6177726127584129
4164.0 0.6191827207153825
4166.0 0.6191836040718403
4168.0 0.6224128286621068
4170.0 0.6234555672240079
4172.0 0.6190888613845779
4174.0 0.6094198504724704
4176.0 0.5935904943684363
4178.0 0.5878112597848882
4180.0 0.5856877577055061
4182.0 0.5875758663948372
4184.0 0.5899767118994307
4186.0 0.5900014124524113
4188.0 0.5946906529195005
4190.0 0.5987502603498752
4192.0 0.594129136641309
4194.0 0.5882992087226211
4196.0 0.5841055479820991
4198.0 0.5804149842048155
4200.0 0.5802725417525794
4202.0 0.5819632211897889
4204.0 0.5873408219430223
4206.0 0.5829939487160367
4208.0 0.5774054214219831
4210.0 0.5752419948258182
4212.0 0.5724400833502129
4214.0 0.5691219463524314
4216.0 0.5647203058878713
4218.0 0.5670277322815422
4220.0 0.5677562252422383
4222.0 0.5665718070106919
4224.0 0.5627108874563197
4226.0 0.557095312521006
4228.0 0.5602457944870023
4230.0 0.5584728484164131
4232.0 0.5584815283675401
4234.0 0.5580407830573688
4236.0 0.5491337189472957
4238.0 0.5405531216901444
4240.0 0.5401403702839086
4242.0 0.5451338433015541
4244.0 0.5405756555303255
4246.0 0.5380424121113495
4248.0 0.538682984810964
4250.0 0.5385880928308663
4252.0 0.5408146355188417
4254.0 0.5439644259151035
4256.0 0.545800449136792
4258.0 0.5415521740688143
4260.0 0.5444087603024924
4262.0 0.5447171709628236
4264.0 0.5472705742539075
4266.0 0.5496707307264748
4268.0 0.5480289890743141
4270.0 0.5499200912635541
4272.0 0.5536036083391364
4274.0 0.5585023299554466
4276.0 0.5641903662451803
4278.0 0.5657346383950114
4280.0 0.5639086838421088
4282.0 0.5651530917848534
4284.0 0.5637106845761787
4286.0 0.5637812512929353
4288.0 0.5624873119721077
4290.0 0.5665180367062285
4292.0 0.5585421273582486
4294.0 0.5596983659427964
4296.0 0.5619447061034527
4298.0 0.5662068083133727
4300.0 0.5695471579108132
4302.0 0.5711377351543787
4304.0 0.5690037789844797
4306.0 0.5684759161372996
4308.0 0.5723920126995764
4310.0 0.5707412810194955
4312.0 0.5678884845473706
4314.0 0.5665409308890839
4316.0 0.5640886438894137
4318.0 0.5665340749382902
4320.0 0.5724311139977486
4322.0 0.574424600197262
4324.0 0.5708109313287222
4326.0 0.5739063550981155
4328.0 0.583779156319672
4330.0 0.5951968449330394
4332.0 0.5927630004676864
4334.0 0.5854140145745547
4336.0 0.5814139042034379
4338.0 0.581238475788084
4340.0 0.5788828318247035
4342.0 0.5852929018575923
4344.0 0.5848437060471066
4346.0 0.5747417388786511
4348.0 0.5586067200778816
4350.0 0.5405239242007394
4352.0 0.5422311641666104
4354.0 0.5676943312624415
4356.0 0.573961545285763
4358.0 0.5739878484698887
4360.0 0.5717667459106069
4362.0 0.5736074180888593
4364.0 0.5749363197014689
4366.0 0.5726350910127191
4368.0 0.5660927942027818
4370.0 0.5665897783172678
4372.0 0.5606319891272202
4374.0 0.5624216186108191
4376.0 0.5589509817178611
4378.0 0.5522615051220982
4380.0 0.5437104485953915
4382.0 0.5387221236831932
4384.0 0.5362661805974897
4386.0 0.5355090065416478
4388.0 0.5401453977303236
4390.0 0.537649399971323
4392.0 0.5314687868865037
4394.0 0.528833865446822
4396.0 0.5308014056881941
4398.0 0.5317553277140157
4400.0 0.532153920466693
4402.0 0.5322632175321655
4404.0 0.5327007465984741
4406.0 0.5406492216766053
4408.0 0.5479859498330355
4410.0 0.5482044477966276
4412.0 0.5487937081309455
4414.0 0.5506916864809033
4416.0 0.5527316931784424
4418.0 0.5524614797842422
4420.0 0.5466682097321705
4422.0 0.5391939679961942
4424.0 0.5369164174497024
4426.0 0.5392163425602683
4428.0 0.5456494904581161
4430.0 0.550993073370526
4432.0 0.5615464098283133
4434.0 0.5688608966131016
4436.0 0.5743015113244149
4438.0 0.5819860111572657
4440.0 0.5916273106739321
4442.0 0.6004653414224408
4444.0 0.600610391796986
4446.0 0.5980679038460277
4448.0 0.601119870804507
4450.0 0.6087161897096636
4452.0 0.6139694754614944
4454.0 0.6202371168032044
4456.0 0.626273678267973
4458.0 0.6284152408709217
4460.0 0.6334974625858368
4462.0 0.634614705076162
4464.0 0.6393602160942375
4466.0 0.6434951640351201
4468.0 0.6462939865682585
4470.0 0.6520902606329029
4472.0 0.6525074381948284
4474.0 0.654149257061642
4476.0 0.6532825435434465
4478.0 0.6496252184894037
4480.0 0.6507748526642546
4482.0 0.6555615727959768
4484.0 0.6634089990599012
4486.0 0.6717705063429101
4488.0 0.6822601735486531
4490.0 0.6898134271955514
4492.0 0.6896860279945751
4494.0 0.6902001498942859
4496.0 0.6911983266357781
4498.0 0.699571106745294
4500.0 0.7103543934068257
4502.0 0.7119220217599905
4504.0 0.7223273799808726
4506.0 0.7282321282759526
4508.0 0.7345548728555648
4510.0 0.7433138378850723
4512.0 0.7520382957800958
4514.0 0.7621189688982839
4516.0 0.7728108205527112
4518.0 0.7812403412437156
4520.0 0.7905372078635723
4522.0 0.8010321436469126
4524.0 0.8091407576394659
4526.0 0.8119482388268987
4528.0 0.8205526426628558
4530.0 0.8273372924994575
4532.0 0.8327004537923878
4534.0 0.8401837912510218
4536.0 0.8499113614912293
4538.0 0.8598716106384047
4540.0 0.8686773467368636
4542.0 0.8748866585328693
4544.0 0.8744985072020469
4546.0 0.8794459522425887
4548.0 0.8923331798178209
4550.0 0.8973009624962165
4552.0 0.9062675497883279
4554.0 0.9092108188424116
4556.0 0.9125807981076602
4558.0 0.9195990607844383
4560.0 0.9206618994104884
4562.0 0.9259133500695772
4564.0 0.9296501839296888
4566.0 0.9325329874485174
4568.0 0.9421797910208872
4570.0 0.9524350109564497
4572.0 0.955368694828356
4574.0 0.9609479984745598
4576.0 0.9591955693716082
4578.0 0.9620685814354659
4580.0 0.9661448990853189
4582.0 0.9707523251101934
4584.0 0.9712940694399979
4586.0 0.9715868347709078
4588.0 0.9761586866944238
4590.0 0.9800856096594455
4592.0 0.9823549694730368
4594.0 0.9835151818526647
4596.0 0.9863356292501364
4598.0 0.9857252079700235
4600.0 0.9892626946676438
4602.0 0.9946948671865581
4604.0 0.9976876564878311
4606.0 1.0
4608.0 0.9996812706765262
4610.0 0.992643635884158
4612.0 0.9905494145113263
4614.0 0.9862569055997344
4616.0 0.9879169614911214
4618.0 0.9853550145817326
4620.0 0.977916868981076
4622.0 0.9731074669108863
4624.0 0.9670857929457719
4626.0 0.9669970128377176
4628.0 0.9576099984505126
4630.0 0.9504050938774953
4632.0 0.9447128116906592
4634.0 0.9337613559862509
4636.0 0.9248911523022302
4638.0 0.9156827086025326
4640.0 0.9111083024526511
4642.0 0.9043587471958403
4644.0 0.9012383327171158
4646.0 0.8990337146113324
4648.0 0.8849071476732596
4650.0 0.8832011922352079
4652.0 0.8778499832765659
4654.0 0.8740147392825437
4656.0 0.86638730722161
4658.0 0.8541598470509568
4660.0 0.8450458615156127
4662.0 0.8356483079935609
4664.0 0.8316002168590251
4666.0 0.8278579313202024
4668.0 0.8147640471404214
4670.0 0.804086987188181
4672.0 0.7909882403392077
4674.0 0.7843563209706429
4676.0 0.7765527973274351
4678.0 0.7747753373325572
4680.0 0.7704133734225715
4682.0 0.7645609630100991
4684.0 0.7589545830098111
4686.0 0.7494239443759232
4688.0 0.7451615621350621
4690.0 0.7371716712392316
4692.0 0.7324375707885443
4694.0 0.7268287635843226
4696.0 0.7182362690785966
4698.0 0.7140296686754123
4700.0 0.7012799738448087
4702.0 0.6889166061406706
4704.0 0.682276676896086
4706.0 0.6781333902079265
4708.0 0.6746088790295104
4710.0 0.6700197304078419
4712.0 0.6673272920391451
4714.0 0.6592857273728125
4716.0 0.648252885140228
4718.0 0.6421116684592714
4720.0 0.6368026968660555
4722.0 0.6327737478973842
4724.0 0.6273650874233287
4726.0 0.6234084022459377
4728.0 0.6175554423989553
4730.0 0.6146282595129223
4732.0 0.6159000508076704
4734.0 0.6187613768264334
4736.0 0.6173713780685052
4738.0 0.6175906858245666
4740.0 0.6155691337099346
4742.0 0.6115813463731552
4744.0 0.6052356602818212
4746.0 0.5994753348380802
4748.0 0.6012140171332175
4750.0 0.6068225842030487
4752.0 0.6110785396430148
4754.0 0.6147306924675814
4756.0 0.6154363151724245
4758.0 0.6146440889363914
4760.0 0.6133763737649134
4762.0 0.6064434941192203
4764.0 0.5975668410799028
4766.0 0.594492902791783
4768.0 0.6042235715604931
4770.0 0.6310011358052369
4772.0 0.642937799052407
4774.0 0.6438682634567974
4776.0 0.6425304324149611
4778.0 0.6414220466020865
4780.0 0.6408087917553388
4782.0 0.6437616268241145
4784.0 0.6449970639586013
4786.0 0.6470994016691902
4788.0 0.6523683575203344
4790.0 0.6553477954462333
4792.0 0.6564200075470167
4794.0 0.6508699287143165
4796.0 0.6468535799356695
4798.0 0.649231012013235
4800.0 0.6549916079169915
4802.0 0.6561206041059278
4804.0 0.6579261413446943
4806.0 0.6600178147975522
4808.0 0.659003667786561
4810.0 0.6563032836765536
4812.0 0.654127074292597
4814.0 0.6495136880290472
4816.0 0.6490258469129538
4818.0 0.6476045536394961
4820.0 0.6458258786612897
4822.0 0.6459148684583074
4824.0 0.6471718222379329
4826.0 0.6477407530333347
4828.0 0.6444215178360502
4830.0 0.6457636830487566
4832.0 0.6477816706224245
4834.0 0.646839544423448
4836.0 0.6492882544536509
4838.0 0.6527940562227658
4840.0 0.6537536687610728
4842.0 0.6542320832982736
4844.0 0.653573103721775
4846.0 0.6532051377811381
4848.0 0.6525014356168961
4850.0 0.6490592969120766
4852.0 0.6461062832105072
4854.0 0.6471757652990846
4856.0 0.6470292909331203
4858.0 0.6468918063663001
4860.0 0.6541372687708774
4862.0 0.6641849256641376
4864.0 0.6703152292124777
4866.0 0.6689684433925063
4868.0 0.6696258875275904
4870.0 0.666315073340465
4872.0 0.6662226366323348
4874.0 0.6677071848367947
4876.0 0.6697104203201459
4878.0 0.669594699038791
4880.0 0.6691018318061029
4882.0 0.6741240692918633
4884.0 0.6804292280390872
4886.0 0.6896272409462577
4888.0 0.696245439343673
4890.0 0.6953361011249413
4892.0 0.6959060197311032
4894.0 0.696915428363969
4896.0 0.6977978861321588
4898.0 0.6991073382986571
4900.0 0.7010585865580574
4902.0 0.7038716918001818
4904.0 0.7072498194132524
4906.0 0.7092706369020333
4908.0 0.7084361978137942
4910.0 0.7070671993217709
4912.0 0.7053063355669527
4914.0 0.7057479931574638
4916.0 0.7012855946264921
4918.0 0.700406905235134
4920.0 0.7047270508223683
4922.0 0.7045538683549506
4924.0 0.7007099603413763
4926.0 0.6962020327761207
4928.0 0.6922197328171726
4930.0 0.6902588820400506
4932.0 0.6884395795890524
4934.0 0.6886580487951104
4936.0 0.6844411234669241
4938.0 0.6811702008584032
4940.0 0.6753613691177973
4942.0 0.6693013718738683
4944.0 0.6616890736227037
4946.0 0.6572008016696552
4948.0 0.6600023303477364
4950.0 0.6586740959478462
4952.0 0.657907272372836
4954.0 0.6533132198202357
4956.0 0.6499171770350607
4958.0 0.6494609336516215
4960.0 0.6479179575776469
4962.0 0.6433663492217461
4964.0 0.6331896584262034
4966.0 0.6271002902977773
4968.0 0.6212667392305381
4970.0 0.61518066787719
4972.0 0.6144688326447444
4974.0 0.6142854458361628
4976.0 0.6148054748567797
4978.0 0.6174595167105008
4980.0 0.6171642034666183
4982.0 0.6147792666795017
4984.0 0.6133701841020794
4986.0 0.6113238226413581
4988.0 0.6095281905495448
4990.0 0.6065751634992699
4992.0 0.6087444508285796
4994.0 0.6087194804909448
4996.0 0.607960524082122
4998.0 0.6098510085466693
5000.0 0.6083852884967915
5002.0 0.609924758164686
5004.0 0.6144908896931228
5006.0 0.621475473888357
5008.0 0.6269128041981141
5010.0 0.6243665881913479
5012.0 0.6185883142382115
5014.0 0.6146006979369225
5016.0 0.6090496396022503
5018.0 0.6025327934066654
5020.0 0.5952110770632953
5022.0 0.5925590357997754
5024.0 0.5898985763679864
5026.0 0.5989302207275525
5028.0 0.6068789186372505
5030.0 0.6104754471413395
5032.0 0.6114411661602682
5034.0 0.610401626207784
5036.0 0.6087542804389003
5038.0 0.6083288571592941
5040.0 0.6057863046645323
5042.0 0.6039607768816753
5044.0 0.6037968795050234
5046.0 0.6085609457628397
5048.0 0.6136658610901794
5050.0 0.6189357747478974
5052.0 0.6227759266922022
5054.0 0.6243569234412149
5056.0 0.6255218269358671
5058.0 0.6264156660755837
5060.0 0.6306746994331396
5062.0 0.6364058270788573
5064.0 0.6381287878128618
5066.0 0.6383413679113431
5068.0 0.6385351717648817
5070.0 0.6410857387592676
5072.0 0.6421090025772195
5074.0 0.6455547128158484
5076.0 0.6453253798674817
5078.0 0.6436330658343579
5080.0 0.6423848767500967
5082.0 0.6408028639613236
5084.0 0.6434592516382629
5086.0 0.6489492272827427
5088.0 0.6535426059295777
5090.0 0.6579147955900523
5092.0 0.6606294254179242
5094.0 0.6625582685513995
5096.0 0.6616744036320026
5098.0 0.6608031225500708
5100.0 0.663274749320702
5102.0 0.6647755501485575
5104.0 0.6738258054772439
5106.0 0.6781975540985388
5108.0 0.6763298035174915
5110.0 0.6762091063394329
5112.0 0.6782929020959807
5114.0 0.6830872291226928
5116.0 0.6858546968426774
5118.0 0.6870709580770816
5120.0 0.6876124681279002
5122.0 0.6890766691601493
5124.0 0.6889074071819271
5126.0 0.6929208643162739
5128.0 0.7057086923426444
5130.0 0.7112191116252373
5132.0 0.7197000409727159
5134.0 0.7226700926005719
5136.0 0.7208167373165587
5138.0 0.723047578079112
5140.0 0.7228672253560304
5142.0 0.7287468509091872
5144.0 0.7373295607687346
5146.0 0.740916564623737
5148.0 0.7411703470200731
5150.0 0.7392514351118806
5152.0 0.7439899554108854
5154.0 0.7456219980044494
5156.0 0.7461310053758494
5158.0 0.7496792537814985
5160.0 0.7517936595832212
5162.0 0.7589745593138095
5164.0 0.7657030733530786
5166.0 0.7726379655165807
5168.0 0.777357880556922
5170.0 0.7830043510767994
5172.0 0.7869209742339449
5174.0 0.7882579226774541
5176.0 0.7937384272907106
5178.0 0.7985083776655817
5180.0 0.8034226329462092
5182.0 0.8087058754667363
5184.0 0.8146421834414475
5186.0 0.8127989798940866
5188.0 0.8116617444646095
5190.0 0.8150910436975278
5192.0 0.8184608471465366
5194.0 0.822842803191046
5196.0 0.8283660418846385
5198.0 0.8314745124544106
5200.0 0.8298549248483943
5202.0 0.8295170654590882
5204.0 0.8274479906718061
5206.0 0.8279186337812993
5208.0 0.8297065310414189
5210.0 0.8380568110639904
5212.0 0.8466782859600651
5214.0 0.851078072306388
5216.0 0.8566663080213693
5218.0 0.8536990269402444
5220.0 0.8494570269570558
5222.0 0.8492783005461093
5224.0 0.8501590482668938
5226.0 0.8521483521366048
5228.0 0.8568296562236767
5230.0 0.8578333857373317
5232.0 0.8598091868123627
5234.0 0.8618251078460469
5236.0 0.861454989780569
5238.0 0.8624107573498471
5240.0 0.8661147203328029
5242.0 0.8664422633355566
5244.0 0.8658610269907766
5246.0 0.8677459972682774
5248.0 0.867105786590439
5250.0 0.8654600938096032
5252.0 0.8632380115924055
5254.0 0.8676091128415372
5256.0 0.8729962415017697
5258.0 0.873184563822482
5260.0 0.8734614571071834
5262.0 0.8721399181968564
5264.0 0.8743223066499094
5266.0 0.875838656767484
5268.0 0.8730803475908894
5270.0 0.869975689000254
5272.0 0.870226581259236
5274.0 0.8709791044938052
5276.0 0.8727569687164594
5278.0 0.8736411539340443
5280.0 0.8757319754387877
5282.0 0.8740489707864944
5284.0 0.8690720546436748
5286.0 0.8705939929421483
5288.0 0.872941473293776
5290.0 0.8747924217299301
5292.0 0.8774958081858213
5294.0 0.8769564859451202
5296.0 0.8758923964644836
5298.0 0.875420413767942
5300.0 0.8751596566940633
5302.0 0.8780399514881846
5304.0 0.8753574817188736
5306.0 0.8745465930812039
5308.0 0.8729585591606119
5310.0 0.8722497830456344
5312.0 0.8723807413619712
5314.0 0.8731819364551627
5316.0 0.8738391753124788
5318.0 0.8745779178573629
5320.0 0.8734765254823552
5322.0 0.8697200965443224
5324.0 0.8673256543058906
5326.0 0.8649378404061935
5328.0 0.8620998404880363
5330.0 0.865421415722517
5332.0 0.8656698954329447
5334.0 0.8640417873272117
5336.0 0.861463713868178
5338.0 0.862260031700845
5340.0 0.8648459024988578
5342.0 0.8673792609742453
5344.0 0.870212795117058
5346.0 0.8723189643988217
5348.0 0.8716535513413473
5350.0 0.8710966246644175
5352.0 0.8750465564603789
5354.0 0.8750834666447284
5356.0 0.8766390180240552
5358.0 0.8779951484326488
5360.0 0.8769081707814139
5362.0 0.8786877441100985
5364.0 0.8814777295882376
5366.0 0.8841844711780167
5368.0 0.8846305170069381
5370.0 0.8859261852159959
5372.0 0.889206887429265
5374.0 0.8898272744861988
5376.0 0.8880764238349511
5378.0 0.8902631738622658
5380.0 0.8965177548861932
5382.0 0.8991887084546194
5384.0 0.9006294084646147
5386.0 0.9026966012099741
5388.0 0.9039732546161834
5390.0 0.9069814907809733
5392.0 0.9093550183221665
5394.0 0.9136010814562334
5396.0 0.9159924053329899
5398.0 0.9202477133680073
5400.0 0.9226703684409939
5402.0 0.922101927212075
5404.0 0.9249364350014329
5406.0 0.9252950567307265
5408.0 0.9266622387126622
5410.0 0.9283176591415937
5412.0 0.9283119409031622
5414.0 0.9268761082666976
5416.0 0.9303757252458214
5418.0 0.9386640568168613
5420.0 0.9428455140298895
5422.0 0.9415140367283795
5424.0 0.9394111266223593
5426.0 0.9315140683086156
5428.0 0.9291336764381183
5430.0 0.93107928717851
5432.0 0.9366837654431667
5434.0 0.9399282468182003
5436.0 0.9393095690821303
5438.0 0.943164055135959
5440.0 0.9482843263552573
5442.0 0.949170693870195
5444.0 0.9499677060244701
5446.0 0.9500623123762486
5448.0 0.9502281143151998
5450.0 0.9501980377896193
5452.0 0.9492898689430089
5454.0 0.9514364549470482
5456.0 0.9600001366901171
5458.0 0.9684824037479536
5460.0 0.9715913266283772
5462.0 0.9691419307559663
5464.0 0.9665180062725376
5466.0 0.9735436412999379
5468.0 0.9791437471382046
5470.0 0.9835916875611761
5472.0 0.985577718392941
5474.0 0.9889218686773688
5476.0 0.9843210805016662
5478.0 0.9827158859625849
5480.0 0.9875301316695347
5482.0 0.9902187855712689
5484.0 0.9917700359914092
5486.0 0.9863357502998888
5488.0 0.986878018915411
5490.0 0.990394693873575
5492.0 0.9925688622927467
5494.0 0.9939718373833936
5496.0 0.9943117145483914
5498.0 0.9947044643026622
5500.0 0.9874190484325567
5502.0 0.9835168499465372
5504.0 0.9819383489304516
5506.0 0.9810831917570081
5508.0 0.9800957484750734
5510.0 0.9851131817975751
5512.0 0.9861267853263408
5514.0 0.9858689837482805
5516.0 0.9874192195930181
5518.0 0.9840423856723332
5520.0 0.9853962455398364
5522.0 0.987809127791957
5524.0 0.9871236799620096
5526.0 0.9892301225833883
5528.0 0.9894337088002502
5530.0 0.984600321944274
5532.0 0.9785160824136175
5534.0 0.9767214732986328
5536.0 0.9800671190006351
5538.0 0.9772003829858205
5540.0 0.973886917413197
5542.0 0.9719827510876881
5544.0 0.9716066765781903
5546.0 0.9721388716544804
5548.0 0.9719548007208915
5550.0 0.9695387534534909
5552.0 0.9674954950463889
5554.0 0.9695015140244764
5556.0 0.9676203978989436
5558.0 0.9632194191516228
5560.0 0.9627497788722131
5562.0 0.9605257946805899
5564.0 0.9561074314683918
5566.0 0.953139681966972
5568.0 0.9499870513284473
5570.0 0.9461484322146431
5572.0 0.9461851037050832
5574.0 0.9451307835356286
5576.0 0.9447780392484892
5578.0 0.9373375234395532
5580.0 0.9294975540104938
5582.0 0.9273740481126679
5584.0 0.9253021971290285
5586.0 0.9205839352584253
5588.0 0.9168820560490563
5590.0 0.9154694490055472
5592.0 0.9112894636975111
5594.0 0.9079147255406084
5596.0 0.9058351877869424
5598.0 0.9046188938187897
5600.0 0.902030592244119
5602.0 0.8977670664716907
5604.0 0.8938109956217618
5606.0 0.8919228771258094
5608.0 0.8882164680502261
5610.0 0.8833562333507318
5612.0 0.8771143932556239
5614.0 0.8730765633015318
5616.0 0.8722797590039996
5618.0 0.8693896150079357
5620.0 0.866674214073222
5622.0 0.8643936777947934
5624.0 0.8622386985625689
5626.0 0.8524882910948877
5628.0 0.8451196598237887
5630.0 0.8429372269358262
5632.0 0.8395999242680537
5634.0 0.8330108045744313
5636.0 0.8273892367211777
5638.0 0.8203797752060953
5640.0 0.8261924408478355
5642.0 0.8329272277532288
5644.0 0.8328214994258311
5646.0 0.8215207988170669
5648.0 0.8065260623792718
5650.0 0.7976635158359865
5652.0 0.7937921482182929
5654.0 0.7891560961690854
5656.0 0.7823447509781901
5658.0 0.7776447841167567
5660.0 0.7719389288006426
5662.0 0.7693119721763088
5664.0 0.767819440689377
5666.0 0.7662020030128112
5668.0 0.7661466862784948
5670.0 0.7613309058253169
5672.0 0.7564637976113882
5674.0 0.7518348586098991
5676.0 0.7491295672049941
5678.0 0.7458899323507373
5680.0 0.743794054187365
5682.0 0.7442942293753255
5684.0 0.7423326284786713
5686.0 0.740310036928039
5688.0 0.7369996702787155
5690.0 0.7350417970726648
5692.0 0.7354140849234831
5694.0 0.7372302613509428
5696.0 0.7369615820329939
5698.0 0.7318866889111728
5700.0 0.7292549379231874
5702.0 0.7310539659324685
5704.0 0.7288443624275776
5706.0 0.7277052861578057
5708.0 0.7304451325565753
5710.0 0.735205920478271
5712.0 0.7387474006615925
5714.0 0.7386450686266045
5716.0 0.7397949284284133
5718.0 0.7410077700797872
5720.0 0.7407655956125536
5722.0 0.7456018136317549
5724.0 0.7496991962048396
5726.0 0.7524766558265075
5728.0 0.7514238122612239
5730.0 0.7544762514680372
5732.0 0.7554702716765631
5734.0 0.7580252812269842
5736.0 0.7597886531823034
5738.0 0.7622153780954806
5740.0 0.764075961934475
5742.0 0.7716916017525648
5744.0 0.7782088383926706
5746.0 0.7841775321486507
5748.0 0.7875384472252771
5750.0 0.7896861634535585
5752.0 0.7932178011849549
5754.0 0.7958197592824928
5756.0 0.8035782016212846
5758.0 0.8108004361584599
5760.0 0.8185536511051794
5762.0 0.8231420057206076
5764.0 0.8259389843862219
5766.0 0.829784209250228
5768.0 0.834149471516341
5770.0 0.839492423891812
5772.0 0.8430825161778468
5774.0 0.8459276665763391
5776.0 0.8498800424518488
5778.0 0.8488299649073537
5780.0 0.8471251327628525
5782.0 0.850015519817387
5784.0 0.8572072149193252
5786.0 0.8695935703026363
5788.0 0.8788229724136841
5790.0 0.8869157839946197
5792.0 0.8935709132358384
5794.0 0.8973537440931033
5796.0 0.8994672056946821
5798.0 0.9019059497857568
5800.0 0.9088470613763914
5802.0 0.9126914768409805
5804.0 0.9207763091029519
5806.0 0.9267852688682365
5808.0 0.934231601722756
5810.0 0.9366872209840721
5812.0 0.9378579210125644
5814.0 0.9404101158938277
5816.0 0.9426800422813574
5818.0 0.9462432378227618
5820.0 0.9477427775004037
5822.0 0.9469652470435415
5824.0 0.9476782715833855
5826.0 0.9491515851639776
5828.0 0.9491562430850693
5830.0 0.9528399991015892
5832.0 0.9540911139951371
5834.0 0.9473861302957727
5836.0 0.9452696340616812
5838.0 0.9427449276317752
5840.0 0.9428192228241729
5842.0 0.9385367890363187
5844.0 0.9286121246363123
5846.0 0.913736533662983
5848.0 0.8960292112715728
5850.0 0.8836561737087005
5852.0 0.8845808827797091
5854.0 0.8887891269044239
5856.0 0.891535259336339
5858.0 0.8984199404415035
5860.0 0.9078707259820696
5862.0 0.9172264815140961
5864.0 0.9227880270102612
5866.0 0.9234632231885049
5868.0 0.9254179712927186
5870.0 0.9274491786058591
5872.0 0.9252914396734412
5874.0 0.9224058954272014
5876.0 0.9131752155678338
5878.0 0.910480143274797
5880.0 0.9119481876462482
5882.0 0.9101270550712651
5884.0 0.9099809126328943
5886.0 0.9050627608724412
5888.0 0.8949564214915505
5890.0 0.883251726984694
5892.0 0.872577319679744
5894.0 0.8684891041265762
5896.0 0.8616140749430736
5898.0 0.8554570035024248
5900.0 0.853949181875634
5902.0 0.8581403623026823
5904.0 0.86348463740468
5906.0 0.862382217041587
5908.0 0.8640365206373836
5910.0 0.8645064657827248
5912.0 0.8617512927406626
5914.0 0.8574693282673366
5916.0 0.8538512160460653
5918.0 0.8535189997895278
5920.0 0.8520488985628453
5922.0 0.8465448562038209
5924.0 0.8381975524514426
5926.0 0.8327752669425166
5928.0 0.8274883841419017
5930.0 0.8270663946447947
5932.0 0.8249262608730713
5934.0 0.824261767554635
5936.0 0.823174831501574
5938.0 0.8198612673112762
5940.0 0.8120465705327731
5942.0 0.8079700456570967
5944.0 0.8068998357396038
5946.0 0.8046300918596119
5948.0 0.8038376167839857
5950.0 0.8035544952409449
5952.0 0.8002944055466004
5954.0 0.7973847325600774
5956.0 0.7973533248424758
5958.0 0.79520328101642
5960.0 0.7928644937643246
5962.0 0.7908911849871254
5964.0 0.7886206992033786
5966.0 0.7848693434401498
5968.0 0.7787083298353489
5970.0 0.774488707832481
5972.0 0.7713995656978457
5974.0 0.7714290374440944
5976.0 0.7733659515376149
5978.0 0.7722589168983588
5980.0 0.7674006689099547
5982.0 0.7606217489007027
5984.0 0.7580030172791778
5986.0 0.754683937709533
5988.0 0.7540911216561916
5990.0 0.7548082905364573
5992.0 0.7536432643932753
5994.0 0.7498412242218022
5996.0 0.7494327102497518
5998.0 0.7470559168883701
6000.0 0.7427967647307923
6002.0 0.739076739675491
6004.0 0.738373070039081
6006.0 0.7403288599922099
6008.0 0.7388320090789778
6010.0 0.733536167245842
6012.0 0.7318700264766258
6014.0 0.731311495937415
6016.0 0.7313417396373586
6018.0 0.7318335234049445
6020.0 0.7317393761619988
6022.0 0.7270734532749262
6024.0 0.7227716181400156
6026.0 0.7195468968439117
6028.0 0.7204509912103793
6030.0 0.7211364465316101
6032.0 0.7213076095141933
6034.0 0.721959766859673
6036.0 0.7220593666598467
6038.0 0.7217213892170736
6040.0 0.7197206030782434
6042.0 0.7191425335324169
6044.0 0.7144509603956879
6046.0 0.7126956810144998
6048.0 0.7123758848279754
6050.0 0.7111729215357244
6052.0 0.7115164104093368
6054.0 0.7086523197756797
6056.0 0.7116158365440906
6058.0 0.7110341473848889
6060.0 0.7068942321011334
6062.0 0.7017355567280009
6064.0 0.6960430467698723
6066.0 0.700173490840589
6068.0 0.7005722214489106
6070.0 0.6987663881110392
6072.0 0.693868351233157
6074.0 0.6873046862377044
6076.0 0.6816601663549431
6078.0 0.6756315601810919
6080.0 0.6736198558472163
6082.0 0.6723502705289363
6084.0 0.6677896461129676
6086.0 0.6643074956065085
6088.0 0.6610461387274028
6090.0 0.6599824434943009
6092.0 0.6554256099008695
6094.0 0.6519992013394816
6096.0 0.6473393789459841
6098.0 0.6433140377929917
6100.0 0.6404198429328868
6102.0 0.6380208919227977
6104.0 0.6349167158328576
6106.0 0.6301913221337379
6108.0 0.627256802889163
6110.0 0.6239237348371087
6112.0 0.620098651430283
6114.0 0.6198913692610605
6116.0 0.6195750741387015
6118.0 0.6180386731749876
6120.0 0.6152419080657622
6122.0 0.6129448043722667
6124.0 0.6134934657213043
6126.0 0.6141506501551837
6128.0 0.615376148763309
6130.0 0.6162910055613762
6132.0 0.6156494522779546
6134.0 0.615074614882029
6136.0 0.6191354747263748
6138.0 0.6204569941009218
6140.0 0.6211662796851694
6142.0 0.6214482911913869
6144.0 0.6213726144079066
6146.0 0.6210282489724271
6148.0 0.6229996501821491
6150.0 0.6270988958434824
6152.0 0.6309460165898308
6154.0 0.6348836328961694
6156.0 0.6390532932161387
6158.0 0.6383520111239683
6160.0 0.6367372753940315
6162.0 0.6370030863939534
6164.0 0.6370678614937205
6166.0 0.6382268948683575
6168.0 0.6405415486378153
6170.0 0.6405885727656938
6172.0 0.6402226775207583
6174.0 0.6430563077033822
6176.0 0.6431217839692772
6178.0 0.6440919064795235
6180.0 0.6453833745356986
6182.0 0.6446183229672625
6184.0 0.644249218760276
6186.0 0.6456421075993655
6188.0 0.6454539050577228
6190.0 0.6473102820356799
6192.0 0.6456264302109243
6194.0 0.6466112775785124
6196.0 0.6488385993223186
6198.0 0.6516950195531269
6200.0 0.6518615755388819
6202.0 0.6515424392946058
6204.0 0.6523948726287699
6206.0 0.6510867929878559
6208.0 0.6518303177761748
6210.0 0.6512160447747132
6212.0 0.6524033518065304
6214.0 0.6551259465887483
6216.0 0.6574609006188403
6218.0 0.6560391694754446
6220.0 0.6542398555042517
6222.0 0.6555245762011603
6224.0 0.6521469815427812
6226.0 0.6485756690335647
6228.0 0.6444326486171068
6230.0 0.6392428675433981
6232.0 0.6333765038016438
6234.0 0.6311596230375905
6236.0 0.6308828509948337
6238.0 0.6376829300777563
6240.0 0.6432635292422292
6242.0 0.647942792664339
6244.0 0.6483998639842474
6246.0 0.6431882672401352
6248.0 0.642373901971673
6250.0 0.6466464251948849
6252.0 0.6502026953870548
6254.0 0.648919148158472
6256.0 0.6502818312405025
6258.0 0.6503137578958375
6260.0 0.6501184493115566
6262.0 0.6461123355547715
6264.0 0.6421737604614735
6266.0 0.6427324586571792
6268.0 0.6424050165401155
6270.0 0.6435421422281759
6272.0 0.6471222410312876
6274.0 0.6505563637537688
6276.0 0.648216702277188
6278.0 0.6482318170348184
6280.0 0.6464412695537144
6282.0 0.642636904347246
6284.0 0.6418604619845956
6286.0 0.6420029484459155
6288.0 0.6412975605688156
6290.0 0.6440272407886748
6292.0 0.6467377416410469
6294.0 0.6546112684391777
6296.0 0.6634932400855419
6298.0 0.6659643470248678
6300.0 0.667287262439681
6302.0 0.6662622732253451
6304.0 0.6680231755984135
6306.0 0.6659326676552134
6308.0 0.6650121563151759
6310.0 0.6702776825120228
6312.0 0.6739773262923703
6314.0 0.6743857296001563
6316.0 0.6736048405184974
6318.0 0.6751835162407795
6320.0 0.6749933832405222
6322.0 0.6747343122430435
6324.0 0.6751031651181931
6326.0 0.6771954200887774
6328.0 0.6808250108209415
6330.0 0.6852779962809491
6332.0 0.6871744663922816
6334.0 0.6896223001073112
6336.0 0.6919155635907197
6338.0 0.6902358335664793
6340.0 0.6918853744713496
6342.0 0.6935066252827132
6344.0 0.6938225993396512
6346.0 0.6946634597296499
6348.0 0.6975545864753304
6350.0 0.6986011331143587
6352.0 0.7010561583005386
6354.0 0.703910311750416
6356.0 0.7064194319253192
6358.0 0.7086748613373685
6360.0 0.7089171855386875
6362.0 0.7101807349919531
6364.0 0.7140581777548378
6366.0 0.7169398882796109
6368.0 0.7184209456932151
6370.0 0.7200959390105357
6372.0 0.7209456550392424
6374.0 0.7229028399734467
6376.0 0.7216524550588674
6378.0 0.7206995931630884
6380.0 0.7247292659040222
6382.0 0.7289944696473051
6384.0 0.7333955855284862
6386.0 0.7347002048062866
6388.0 0.7361696374469339
6390.0 0.7394669368156765
6392.0 0.7441903496847021
6394.0 0.7472427933289493
6396.0 0.7480292697594738
6398.0 0.7480108444330021
6400.0 0.7484885409525421
6402.0 0.7519234093778786
6404.0 0.7539844830698524
6406.0 0.7547319477852112
6408.0 0.75745829045965
6410.0 0.7616442235931065
6412.0 0.760464574103302
6414.0 0.762199912639612
6416.0 0.7642597538232856
6418.0 0.7640681387821869
6420.0 0.7631812126282165
6422.0 0.7612590886777434
6424.0 0.760445895674705
6426.0 0.7620270484315059
6428.0 0.7622811465032422
6430.0 0.7642139798871688
6432.0 0.7683792299628707
6434.0 0.7704371653920957
6436.0 0.7705470037164063
6438.0 0.7708841416219547
6440.0 0.7716332723187583
6442.0 0.775727829493356
6444.0 0.7783574491022964
6446.0 0.7784433732252662
6448.0 0.7789198623771142
6450.0 0.7808665153164746
6452.0 0.7849751589611648
6454.0 0.7870189806704381
6456.0 0.7889411499360253
6458.0 0.7906218884817818
6460.0 0.7937942590501506
6462.0 0.7927878056153916
6464.0 0.7910662758951992
6466.0 0.7895192846960971
6468.0 0.7862573276604783
6470.0 0.7868213975881875
6472.0 0.7887709822694681
6474.0 0.7914540186324164
6476.0 0.7930164482512094
6478.0 0.7939325264429817
6480.0 0.7922028805642435
6482.0 0.7921619481990839
6484.0 0.793807740508372
6486.0 0.7942250262132678
6488.0 0.7977979671331543
6490.0 0.8005941488877504
6492.0 0.801083562890656
6494.0 0.802711667261858
6496.0 0.800000148145246
6498.0 0.79680255656867
6500.0 0.7945120184324966
6502.0 0.7926540144875067
6504.0 0.789154546432475
6506.0 0.7900344953699413
6508.0 0.7922746888374462
6510.0 0.7932545141797598
6512.0 0.794211872391894
6514.0 0.7945443226533679
6516.0 0.7934839889225941
6518.0 0.7928427729880282
6520.0 0.7930180195870261
6522.0 0.7930816944144492
6524.0 0.7928257329961824
6526.0 0.794393465490532
6528.0 0.7917294718877531
6530.0 0.7914907642421504
6532.0 0.7922513252722285
6534.0 0.7890065811599406
6536.0 0.7855492051203481
6538.0 0.7853897345521778
6540.0 0.7831456553118091
6542.0 0.7805660547710702
6544.0 0.7786836454106972
6546.0 0.7781502666424982
6548.0 0.7777634608271193
6550.0 0.7766959194982263
6552.0 0.7771632530228627
6554.0 0.7779189949616029
6556.0 0.7786150369655372
6558.0 0.7797714113106117
6560.0 0.7831238239554636
6562.0 0.7903408904746446
6564.0 0.7966018478163603
6566.0 0.7962802768135945
6568.0 0.783012395810375
6570.0 0.7727163830258207
6572.0 0.7650602419929823
6574.0 0.7611501175407095
6576.0 0.7590865981859035
6578.0 0.7527577353225896
6580.0 0.7509749933262941
6582.0 0.746311833353773
6584.0 0.7405654772875792
6586.0 0.7361492844824874
6588.0 0.7330879348119661
6590.0 0.731933774857694
6592.0 0.7294075299963942
6594.0 0.7249751156597475
6596.0 0.719423841742635
6598.0 0.7158534139338874
6600.0 0.7091984128022665
6602.0 0.7058224592388248
6604.0 0.7032303259463581
6606.0 0.7016710619938392
6608.0 0.702190807952418
6610.0 0.7023217573031584
6612.0 0.699544782602589
6614.0 0.6949317348659518
6616.0 0.6888350369547391
6618.0 0.6856418795055228
6620.0 0.6845503923042882
6622.0 0.6823895757469737
6624.0 0.6787884645594013
6626.0 0.6738559139483244
6628.0 0.67106687642135
6630.0 0.6716825900782543
6632.0 0.6712483786116306
6634.0 0.6671380938766458
6636.0 0.6642239512321569
6638.0 0.6608294817004028
6640.0 0.6530786074984705
6642.0 0.6467682408298876
6644.0 0.6430596716652378
6646.0 0.6441470243251768
6648.0 0.6453765944478649
6650.0 0.6432697085208694
6652.0 0.6407428889396786
6654.0 0.6332119752255625
6656.0 0.6284933205717337
6658.0 0.6276906772194476
6660.0 0.6256313239739117
6662.0 0.6232255033619774
6664.0 0.6195535138833732
6666.0 0.6155280572598778
6668.0 0.612395032754086
6670.0 0.6095987115160235
6672.0 0.6057521730490757
6674.0 0.6021363249561785
6676.0 0.601118512899613
6678.0 0.6011113250157761
6680.0 0.6008332779839433
6682.0 0.5987588098954718
6684.0 0.5958932944241238
6686.0 0.5932688342586571
6688.0 0.5929859395689766
6690.0 0.5905854656269496
6692.0 0.5869773322715613
6694.0 0.5830753111377348
6696.0 0.5777914034194052
6698.0 0.574257236598008
6700.0 0.5708269346747241
6702.0 0.5683229537577688
6704.0 0.566737548681973
6706.0 0.566404584212209
6708.0 0.5666154532636898
6710.0 0.5677049906015271
6712.0 0.5671557353565454
6714.0 0.5663182537536346
6716.0 0.5662807681804384
6718.0 0.5661204217131733
6720.0 0.5631051386410517
6722.0 0.560474432798484
6724.0 0.5603598429007275
6726.0 0.5576553935464065
6728.0 0.5560448493117311
6730.0 0.5527446276501173
6732.0 0.5514084910926632
6734.0 0.5490882659661952
6736.0 0.5446429689351744
6738.0 0.5402630116586715
6740.0 0.5374002112306544
6742.0 0.5370415869897818
6744.0 0.5347340195158627
6746.0 0.5318440569955432
6748.0 0.5296232203147652
6750.0 0.5271629853374468
6752.0 0.5263189299004729
6754.0 0.5252346393287729
6756.0 0.5231855539544622
6758.0 0.5214023623191868
6760.0 0.5182136546876077
6762.0 0.5196601638593801
6764.0 0.5173239971685527
6766.0 0.5145681559185744
6768.0 0.5126864791558009
6770.0 0.5109813378268224
6772.0 0.5102799698830213
6774.0 0.5101396889570897
6776.0 0.5090964853675132
6778.0 0.5094144715570955
6780.0 0.5059693050640839
6782.0 0.5024894055766437
6784.0 0.5035237498637382
6786.0 0.503597542426287
6788.0 0.49865885618601974
6790.0 0.49545212362308566
6792.0 0.49280850535609094
6794.0 0.4933313099709076
6796.0 0.4958508013156206
6798.0 0.4917967506951232
6800.0 0.48935706079263963
6802.0 0.4904556840433759
6804.0 0.4886063271551253
6806.0 0.4876654509298934
6808.0 0.4813889177681861
6810.0 0.47809734508665336
6812.0 0.4770267491215508
6814.0 0.4733210473050588
6816.0 0.4641835604841785
6818.0 0.4535443926956451
6820.0 0.4459469452385962
6822.0 0.4341243110912833
6824.0 0.42465904109488145
6826.0 0.4203725549452051
6828.0 0.41910041680903937
6830.0 0.4201953290789173
6832.0 0.42362541732761283
6834.0 0.4261141686018288
6836.0 0.4285010540276832
6838.0 0.4263994498302718
6840.0 0.4264351190512375
6842.0 0.4265896925879276
6844.0 0.42764635283083297
6846.0 0.43062846402753413
6848.0 0.42965097465651425
6850.0 0.42558251327213453
6852.0 0.43105469823960707
6854.0 0.43222642692590635
6856.0 0.4349844052453353
6858.0 0.4354499515439558
6860.0 0.4363421871455961
6862.0 0.43704645856955804
6864.0 0.438597866420426
6866.0 0.4408341357612858
6868.0 0.44229172039825004
6870.0 0.44599207658564866
6872.0 0.44869213250395296
6874.0 0.4482138192606675
6876.0 0.44720225415407583
6878.0 0.44410606774620887
6880.0 0.4397077799314429
6882.0 0.4412330259559353
6884.0 0.44292386470348255
6886.0 0.44055270572516536
6888.0 0.4421928920720526
6890.0 0.4455738111338683
6892.0 0.44537191119097047
6894.0 0.443309307693281
6896.0 0.4433494410048669
6898.0 0.4468215190404343
6900.0 0.44632488564213013
6902.0 0.44494333454004775
6904.0 0.4435949896161951
6906.0 0.4417591147014747
6908.0 0.4390532989274283
6910.0 0.4380635724118957
6912.0 0.4392213839025726
6914.0 0.440141394058535
6916.0 0.4428298300199685
6918.0 0.4437659263378685
6920.0 0.44969081531689276
6922.0 0.45307482867929083
6924.0 0.4506587134567696
6926.0 0.45055333717183593
6928.0 0.4514077015761423
6930.0 0.45153505207086475
6932.0 0.4471173846547786
6934.0 0.4434808061839293
6936.0 0.44276828318851624
6938.0 0.43932023318989244
6940.0 0.43898509344919495
6942.0 0.4419468931344636
6944.0 0.4409362191227088
6946.0 0.43898865324987063
6948.0 0.4386149946881814
6950.0 0.4368564887090481
6952.0 0.43375359520667073
6954.0 0.4349122720432304
6956.0 0.4327160225748869
6958.0 0.4333741171314282
6960.0 0.4366307867331487
6962.0 0.43591424541441787
6964.0 0.43271071740955186
6966.0 0.43079998900163113
6968.0 0.4317590582638989
6970.0 0.42968058819811583
6972.0 0.4294406341036208
6974.0 0.42784291734714613
6976.0 0.42573855975402614
6978.0 0.42863886018375197
6980.0 0.4289022291149303
6982.0 0.4285356073874322
6984.0 0.42945663987859184
6986.0 0.42919803846935634
6988.0 0.4307796613670406
6990.0 0.43087962956709747
6992.0 0.42763169740925183
6994.0 0.42676878938732127
6996.0 0.4254228728787881
6998.0 0.42619432193906887
7000.0 0.4240136148211516
7002.0 0.4226532681911847
7004.0 0.4237804980763817
7006.0 0.421046466074183
7008.0 0.42015152822466545
7010.0 0.4182585099395977
7012.0 0.41833458247710104
7014.0 0.42068650659335305
7016.0 0.42450045614916304
7018.0 0.4278461224151128
7020.0 0.4245785135257428
7022.0 0.4227508136835791
7024.0 0.4190722665990487
7026.0 0.41696755534670416
7028.0 0.41619660105076506
7030.0 0.4161386429907656
7032.0 0.417032448310297
7034.0 0.41612171672074383
7036.0 0.41682408245070923
7038.0 0.41760031862397357
7040.0 0.41975962865412225
7042.0 0.41625198740154207
7044.0 0.4149814883183443
7046.0 0.4163941969970363
7048.0 0.41550756604434064
7050.0 0.4144830575661678
7052.0 0.4135267703098923
7054.0 0.41360767500858076
7056.0 0.41292262476685176
7058.0 0.4141922653556126
7060.0 0.41384613637081463
7062.0 0.4140809926337195
7064.0 0.41730081473717656
7066.0 0.41773417575683663
7068.0 0.41778054179476265
7070.0 0.41881300389569137
7072.0 0.4193485008879528
7074.0 0.41801092138238505
7076.0 0.41638062803504844
7078.0 0.4160372534583194
7080.0 0.4163883185854643
7082.0 0.42038586248221227
7084.0 0.4221779192851737
7086.0 0.42146081735599145
7088.0 0.4196995611960508
7090.0 0.4177365389821201
7092.0 0.4185245614290091
7094.0 0.4186593460722308
7096.0 0.41830159813102147
7098.0 0.42058701690816847
7100.0 0.4205449924855425
7102.0 0.4209020655335633
7104.0 0.4206100984930763
7106.0 0.41754002826673214
7108.0 0.41717627943611574
7110.0 0.41395304136416955
7112.0 0.41139089426164405
7114.0 0.40961151865282414
7116.0 0.40499501622311807
7118.0 0.4011074069754512
7120.0 0.3926592276734852
7122.0 0.3906820419278938
7124.0 0.3883987751418146
7126.0 0.38556298571369557
7128.0 0.38268034905903225
7130.0 0.3820402381346929
7132.0 0.38352477512882444
7134.0 0.38140681673366683
7136.0 0.37977669115671364
7138.0 0.37810771038647034
7140.0 0.3745589347581492
7142.0 0.3731212092142482
7144.0 0.3718800012914119
7146.0 0.37228624612875655
7148.0 0.37719204906016895
7150.0 0.38274475643067696
7152.0 0.384561308468454
7154.0 0.3876806103614476
7156.0 0.3929750132807313
7158.0 0.39942840954726844
7160.0 0.40185388681469214
7162.0 0.40617340972427207
7164.0 0.40949800810363335
7166.0 0.41548432820723763
7168.0 0.417072312103449
7170.0 0.41830556851799877
7172.0 0.416399469990148
7174.0 0.41302878249988334
7176.0 0.4149195523189846
7178.0 0.4151336489075775
7180.0 0.40993789216346044
7182.0 0.40589519509627964
7184.0 0.4053543881697755
7186.0 0.4038022686220781
7188.0 0.40347970425626833
7190.0 0.4048400920039484
7192.0 0.4022968828799752
7194.0 0.40111539848810013
7196.0 0.4060314157208931
7198.0 0.4069204658813673
7200.0 0.40285107396986586
7202.0 0.3998715959079377
7204.0 0.4001143098886294
7206.0 0.4033224259855148
7208.0 0.40597835612409294
7210.0 0.4034062569250729
7212.0 0.40259550673750766
7214.0 0.4022699866533897
7216.0 0.40368132593987394
7218.0 0.4085621722472521
7220.0 0.41012875963322576
7222.0 0.40988639774249386
7224.0 0.40756327057932196
7226.0 0.40769231159302216
7228.0 0.4085422738513455
7230.0 0.40834466521413604
7232.0 0.41332420678915827
7234.0 0.4167354141047897
7236.0 0.4142003832947586
7238.0 0.40762595111853805
7240.0 0.40334138019819105
7242.0 0.4023593385270503
7244.0 0.4044738401705985
7246.0 0.40806647804081936
7248.0 0.4090741075975067
7250.0 0.4106234796535128
7252.0 0.4081517045469258
7254.0 0.4066626489390397
7256.0 0.40840741981636525
7258.0 0.4122278546973107
7260.0 0.4147552021465728
7262.0 0.41587311433964247
7264.0 0.41843603804375845
7266.0 0.4201580271583961
7268.0 0.416636546719338
7270.0 0.4189828545964958
7272.0 0.4224018287538482
7274.0 0.42621518358624627
7276.0 0.4311046694343118
7278.0 0.43019169606269725
7280.0 0.42738541823164516
7282.0 0.42865740208164826
7284.0 0.43207687965608815
7286.0 0.4371109508896613
7288.0 0.44015499615681597
7290.0 0.43829530014317386
7292.0 0.43530069000444965
7294.0 0.4313631796375485
7296.0 0.4318179324387209
7298.0 0.4337289217710031
7300.0 0.4379511289338015
7302.0 0.4401832017768945
7304.0 0.44010114724448535
7306.0 0.43627532070100516
7308.0 0.43424327653632655
7310.0 0.4310987263790171
7312.0 0.42889227847027106
7314.0 0.43125443469965213
7316.0 0.4326716793110969
7318.0 0.42997666881675667
7320.0 0.42632078670229406
7322.0 0.4279878591654584
7324.0 0.43167127275860545
7326.0 0.43012453499467557
7328.0 0.4288491038540913
7330.0 0.43043335625940715
7332.0 0.43550428484003645
7334.0 0.4360594550641403
7336.0 0.4374040733085908
7338.0 0.4374454776313476
7340.0 0.43772661465809587
7342.0 0.4395591033988079
7344.0 0.4416899088288528
7346.0 0.442678384707864
7348.0 0.44580035912572963
7350.0 0.44611840496070615
7352.0 0.44413097595603035
7354.0 0.44295533328369174
7356.0 0.44371275877580163
7358.0 0.44299855883930017
7360.0 0.4402620624255635
7362.0 0.43787002388267604
7364.0 0.4350348506725446
7366.0 0.4345691814201621
7368.0 0.4349543735629513
7370.0 0.4366886251293395
7372.0 0.43989952094451534
7374.0 0.4398860583999071
7376.0 0.4396853642262415
7378.0 0.44080689381287047
7380.0 0.4428662442863925
7382.0 0.4430163585877227
7384.0 0.4414442523363654
7386.0 0.441217149694866
7388.0 0.44329186011553795
7390.0 0.4402755873077974
7392.0 0.4367350824081603
7394.0 0.43614436400797846
7396.0 0.43395181508986774
7398.0 0.43614164534149524
7400.0 0.43860594875978026
7402.0 0.4419075298506464
7404.0 0.44461311696047945
7406.0 0.44484345005391007
7408.0 0.4423262170203387
7410.0 0.44174655474082375
7412.0 0.4402229868228726
7414.0 0.4420374579336837
7416.0 0.4450872163075087
7418.0 0.4454214624092337
7420.0 0.44505713028755095
7422.0 0.441794109451863
7424.0 0.43817231423962305
7426.0 0.4379206800303731
7428.0 0.43789722419897464
7430.0 0.43814475685876764
7432.0 0.43679980651634315
7434.0 0.4343853688331879
7436.0 0.4329416263998941
7438.0 0.4343250392243726
7440.0 0.43536344022878964
7442.0 0.43084659333112324
7444.0 0.4270064968470327
7446.0 0.42534544656486134
7448.0 0.4245206832104548
7450.0 0.4227972101189698
7452.0 0.42303854305939725
7454.0 0.42338659871306494
7456.0 0.4227235821368886
7458.0 0.4225332346114892
7460.0 0.4204173639819779
7462.0 0.42145772808723136
7464.0 0.42273704753069813
7466.0 0.42233068720396255
7468.0 0.4235640554879382
7470.0 0.4233060399021185
7472.0 0.4184905934850481
7474.0 0.4115601397729443
7476.0 0.4100812865201532
7478.0 0.40954200300289856
7480.0 0.4100193677801141
7482.0 0.4095933044749197
7484.0 0.4074860867119882
7486.0 0.4063931649183738
7488.0 0.40631294408571195
7490.0 0.40478064135177855
7492.0 0.4037663076821006
7494.0 0.4005914769178184
7496.0 0.398116179263554
7498.0 0.39456433016350434
7500.0 0.3944328467965218
7502.0 0.3955829045343711
7504.0 0.39596449126206656
7506.0 0.3941609732701702
7508.0 0.39235788618726375
7510.0 0.3949531459068368
7512.0 0.3977013081777547
7514.0 0.39860549553358016
7516.0 0.39823479105953935
7518.0 0.39490231466974596
7520.0 0.3934655463954611
7522.0 0.3912726831398847
7524.0 0.388780231191104
7526.0 0.3864230931056704
7528.0 0.3780912805441602
7530.0 0.3763257620026178
7532.0 0.37138696186789366
7534.0 0.36740211420990543
7536.0 0.36210638121687017
7538.0 0.3480065272249612
7540.0 0.33272319903818887
7542.0 0.3101540806281059
7544.0 0.28991279420858757
7546.0 0.2695351197001599
7548.0 0.24992261208856292
7550.0 0.23110890343077153
7552.0 0.21722254788617187
7554.0 0.21227035562940888
7556.0 0.21369586220819145
7558.0 0.2197709385368285
7560.0 0.22928380292679834
7562.0 0.2384877012868625
7564.0 0.2463720860302826
7566.0 0.2516248076491682
7568.0 0.25202703026350737
7570.0 0.25074118278424334
7572.0 0.24911125799426237
7574.0 0.2479174624274399
7576.0 0.24780203819783322
7578.0 0.24611536026172195
7580.0 0.24689536869105033
7582.0 0.24878468162830145
7584.0 0.25069003268354095
7586.0 0.25490427137397004
7588.0 0.2593081471517645
7590.0 0.26682980791390914
7592.0 0.2721450013581912
7594.0 0.27920994233911206
7596.0 0.2857344131967462
7598.0 0.2917867974979992
7600.0 0.30034996150082494
7602.0 0.306830367518287
7604.0 0.3142977748654988
7606.0 0.3190103527517111
7608.0 0.3238851856933602
7610.0 0.3307585638263904
7612.0 0.3356390092596169
7614.0 0.3417285964938803
7616.0 0.34805408282976796
7618.0 0.3539987558735013
7620.0 0.3589732831832144
7622.0 0.362356709162855
7624.0 0.366150674384028
7626.0 0.36667939056047305
7628.0 0.3688237306519501
7630.0 0.37169941105719345
7632.0 0.37520032697479644
7634.0 0.3781915172269368
7636.0 0.3801341304341588
7638.0 0.3820196697906491
7640.0 0.38483402381060344
7642.0 0.3871523845526413
7644.0 0.38937455991063247
7646.0 0.390779777526692
7648.0 0.391031811232757
7650.0 0.39103786314921407
7652.0 0.3915437376552243
7654.0 0.3933913203326938
7656.0 0.3952150541242939
7658.0 0.39641921828860943
7660.0 0.3954668484170353
7662.0 0.39281240001887724
7664.0 0.39047362862194
7666.0 0.38864169979363605
7668.0 0.3875582148284462
7670.0 0.38745238091259104
7672.0 0.3891773078428514
7674.0 0.39227837266372795
7676.0 0.39459178732217043
7678.0 0.39574548213098665
7680.0 0.39660151086985135
7682.0 0.39808257508279277
7684.0 0.3989605626305407
7686.0 0.40020551854822767
7688.0 0.4020531247809541
7690.0 0.404995780774047
7692.0 0.4072650936285598
7694.0 0.406764423064881
7696.0 0.40543064702928
7698.0 0.4036444530307028
7700.0 0.4018245902005691
7702.0 0.40030510261750696
7704.0 0.3992409157449692
7706.0 0.3982582590097635
7708.0 0.40022759856080686
7710.0 0.40204380880882795
7712.0 0.4011065370105516
7714.0 0.3999661052128498
7716.0 0.3996773111114608
7718.0 0.4004056788458949
7720.0 0.3997784717504666
7722.0 0.3994748384396678
7724.0 0.39980624620052735
7726.0 0.39977513813779675
7728.0 0.4005698987481539
7730.0 0.4023926823002969
7732.0 0.40357508756441823
7734.0 0.40451894662864113
7736.0 0.40377546136172315
7738.0 0.40223291914360276
7740.0 0.4008367346853723
7742.0 0.4004577978674812
7744.0 0.3996838305470573
7746.0 0.400080628157778
7748.0 0.4002812382379751
7750.0 0.39815941394051285
7752.0 0.39697732012511777
7754.0 0.39693291909587564
7756.0 0.3983689386881333
7758.0 0.4000075807196417
7760.0 0.4011949423037008
7762.0 0.40161286010510133
7764.0 0.4003633319322778
7766.0 0.39889045310609383
7768.0 0.39943798779061807
7770.0 0.399528947467285
7772.0 0.3979453667909208
7774.0 0.3970686091038218
7776.0 0.39778398879155513
7778.0 0.3995499131609695
7780.0 0.3987352461815088
7782.0 0.3976726625406249
7784.0 0.39655025844657676
7786.0 0.3979269030264965
7788.0 0.4009879519084702
7790.0 0.4035321100748991
7792.0 0.40817834434671074
7794.0 0.4090997391925902
7796.0 0.407186677656264
7798.0 0.4036529779801605
7800.0 0.40244414826822955
7802.0 0.40131616871113257
7804.0 0.3999130196833425
7806.0 0.3969942262130322
7808.0 0.3954263226463202
7810.0 0.3942463730782444
7812.0 0.3931670652479183
7814.0 0.3920907101311383
7816.0 0.3899557946635746
7818.0 0.388815089380366
7820.0 0.3873170884066813
7822.0 0.38597709782950546
7824.0 0.3852053487707277
7826.0 0.3850623652481614
7828.0 0.38393728074632655
7830.0 0.3822580075805563
7832.0 0.3817952681033614
7834.0 0.3829383159035557
7836.0 0.38258754566816633
7838.0 0.37936531708435395
7840.0 0.37774858958578356
7842.0 0.37577228764507137
7844.0 0.37459834577253537
7846.0 0.37544712387256995
7848.0 0.3774151211293618
7850.0 0.378313618971752
7852.0 0.37751068112312064
7854.0 0.37487960469927534
7856.0 0.3724567358034367
7858.0 0.37049304329872057
7860.0 0.3699639558969212
7862.0 0.37158195282437295
7864.0 0.3723079094010681
7866.0 0.3713791082076933
7868.0 0.37271235213157616
7870.0 0.3746326547454341
7872.0 0.37393502933303563
7874.0 0.37317472618717246
7876.0 0.37149699730435193
7878.0 0.3708754699629725
7880.0 0.3696161082979352
7882.0 0.36816041298802865
7884.0 0.3673845523224767
7886.0 0.36803707512777883
7888.0 0.36632861396781063
7890.0 0.36567126158964164
7892.0 0.3652198442353277
7894.0 0.3643286366166637
7896.0 0.36302458641321417
7898.0 0.3628767950578655
7900.0 0.3622470863818154
7902.0 0.3624415803936749
7904.0 0.3616279266355715
7906.0 0.35790826384253993
7908.0 0.355112707867517
7910.0 0.3549944449361085
7912.0 0.356544229146331
7914.0 0.35758317624090574
7916.0 0.35772499073900826
7918.0 0.3561337558682986
7920.0 0.3547526466827524
7922.0 0.35377927669878034
7924.0 0.35306785024037296
7926.0 0.35228304694393175
7928.0 0.3498038855306601
7930.0 0.35230987810000536
7932.0 0.35598266420699015
7934.0 0.3574881849232074
7936.0 0.35547209754620446
7938.0 0.3529243047060126
7940.0 0.3495104800754529
7942.0 0.34711234673724556
7944.0 0.34593905964991273
7946.0 0.34615319472710204
7948.0 0.3455044608106019
7950.0 0.34378351008870217
7952.0 0.3429157583401298
7954.0 0.342210581792749
7956.0 0.34064095762550195
7958.0 0.34001157010355043
7960.0 0.34122287460300094
7962.0 0.3418948147415429
7964.0 0.34255788162602197
7966.0 0.34353255309770686
7968.0 0.3452975134290799
7970.0 0.34740193357696436
7972.0 0.3476021540682535
7974.0 0.3484168518072676
7976.0 0.3481554420913614
7978.0 0.34498933236535456
7980.0 0.3412240618354127
7982.0 0.3380804890660763
7984.0 0.3372252944203965
7986.0 0.33676455536374583
7988.0 0.33836098381365515
7990.0 0.34019502317971306
7992.0 0.3406698658956675
7994.0 0.340923298085634
7996.0 0.34030014157996824
7998.0 0.3393875241458153
8000.0 0.3387897661415093
8002.0 0.337097580671365
8004.0 0.3361092755602456
8006.0 0.33466949035158844
8008.0 0.33426244596237586
8010.0 0.33406330800465545
8012.0 0.3331693878582022
8014.0 0.33333589398352553
8016.0 0.3350150233797065
8018.0 0.3349176047130995
8020.0 0.33302465182225227
8022.0 0.33388309530531124
8024.0 0.33431871677395336
8026.0 0.3342816789327234
8028.0 0.3328805802649674
8030.0 0.3299913449441837
8032.0 0.3310444730900982
8034.0 0.3331771649193433
8036.0 0.333808778241884
8038.0 0.3332379312975861
8040.0 0.3321480059906286
8042.0 0.331489364470311
8044.0 0.33006477220299185
8046.0 0.3294601909785373
8048.0 0.32974728782600116
8050.0 0.33008718616597665
8052.0 0.3287937699150214
8054.0 0.32709877551436045
8056.0 0.32397449945745327
8058.0 0.32152885180811824
8060.0 0.3209895121711982
8062.0 0.3198906564740139
8064.0 0.3204880642858034
8066.0 0.3180329378291823
8068.0 0.31595888957883
8070.0 0.31476355815992413
8072.0 0.31433853306993115
8074.0 0.314178329801507
8076.0 0.31371268343069914
8078.0 0.3156605741248684
8080.0 0.3121636825898926
8082.0 0.3068139128325399
8084.0 0.3032188562162841
8086.0 0.302517535879332
8088.0 0.303020336803066
8090.0 0.3042302586993654
8092.0 0.3046768890389907
8094.0 0.30199722941715285
8096.0 0.3004765768122533
8098.0 0.2984516483044778
8100.0 0.2968344657789974
8102.0 0.29568540259033405
8104.0 0.29336610110886524
8106.0 0.29133723609034085
8108.0 0.29127008520564757
8110.0 0.29080446074737615
8112.0 0.28846789818684054
8114.0 0.2909747896074727
8116.0 0.2955092077172047
8118.0 0.29698431496972005
8120.0 0.29441954685277294
8122.0 0.2920795825028892
8124.0 0.2923126669001054
8126.0 0.29482256043981914
8128.0 0.29578114244541903
8130.0 0.29610014825096126
8132.0 0.2981257258935806
8134.0 0.2974923492373005
8136.0 0.2941255566601859
8138.0 0.2939059466614666
8140.0 0.29441347411908186
8142.0 0.2936735501778874
8144.0 0.2944673995315065
8146.0 0.29357413396206417
8148.0 0.2935008035358579
8150.0 0.29269005478457755
8152.0 0.29139360902672107
8154.0 0.29239811211899724
8156.0 0.2945025883174014
8158.0 0.2934055240970057
8160.0 0.2894745265118542
8162.0 0.2853149809854653
8164.0 0.28272371155803755
8166.0 0.27659977860650964
8168.0 0.27147470450315936
8170.0 0.26745273223671295
8172.0 0.2629914069751037
8174.0 0.2585479222994037
8176.0 0.2553768561825527
8178.0 0.2528636347536317
8180.0 0.2537397269889237
8182.0 0.2573162417908904
8184.0 0.261154192379207
8186.0 0.2633681034848347
8188.0 0.2674697715002164
8190.0 0.26911848943588157
8192.0 0.2697399187036222
8194.0 0.2689288657143291
8196.0 0.2660396682132858
8198.0 0.26423417102761415
8200.0 0.264502480303543
8202.0 0.26512892485720685
8204.0 0.2663845499215642
8206.0 0.2665160310176123
8208.0 0.26653663580478376
8210.0 0.26499210114293775
8212.0 0.2631844773566396
8214.0 0.2610917570533974
8216.0 0.2600017420823497
8218.0 0.25977506519339666
8220.0 0.26058297825375776
8222.0 0.2601092250482354
8224.0 0.2600943941113214
8226.0 0.25985230183293373
8228.0 0.2603334869706845
8230.0 0.2602617814034534
8232.0 0.2605523213158594
8234.0 0.2606104578864736
8236.0 0.26025534539754613
8238.0 0.26023124170440537
8240.0 0.26186455392467045
8242.0 0.26377386370683237
8244.0 0.26517874570816563
8246.0 0.2662096991922855
8248.0 0.26680616525220663
8250.0 0.26798328528850435
8252.0 0.26914198602575967
8254.0 0.2693708578103647
8256.0 0.2695341306922032
8258.0 0.2682969072212413
8260.0 0.26592285086419976
8262.0 0.26483892462001213
8264.0 0.2658683453314762
8266.0 0.2685572033172097
8268.0 0.27061620037388723
8270.0 0.2711064875051834
8272.0 0.27189438669596017
8274.0 0.2705544420680495
8276.0 0.26878167434606826
8278.0 0.2680291726589147
8280.0 0.26691095385748226
8282.0 0.2652982226395997
8284.0 0.26445267882701223
8286.0 0.2674436778184993
8288.0 0.2702358700061309
8290.0 0.27072907429338927
8292.0 0.27193066423238726
8294.0 0.2740162612980721
8296.0 0.2740822018722948
8298.0 0.2735216191202421
8300.0 0.2747517104934644
8302.0 0.27548496432093156
8304.0 0.2745039018074839
8306.0 0.2729224662977294
8308.0 0.2716351871852881
8310.0 0.2709317105274783
8312.0 0.2725014250371652
8314.0 0.27434518952972614
8316.0 0.2752359924717969
8318.0 0.2755693341093389
8320.0 0.27560185697234924
8322.0 0.27482257147313893
8324.0 0.2754620479788335
8326.0 0.2756209324407905
8328.0 0.2759745760189177
8330.0 0.2778206328724359
8332.0 0.2778025138459174
8334.0 0.2770198390104868
8336.0 0.2786016733195471
8338.0 0.27947428943271757
8340.0 0.2799336316381212
8342.0 0.280043788979864
8344.0 0.27887892246441465
8346.0 0.27897027950285125
8348.0 0.2797842843155694
8350.0 0.28090526913505337
8352.0 0.2822591715100791
8354.0 0.2837352338539211
8356.0 0.2848309206387744
8358.0 0.2844659302110726
8360.0 0.2840780856310551
8362.0 0.28638634246694095
8364.0 0.2890048271552995
8366.0 0.29133067836817
8368.0 0.29582932050256405
8370.0 0.2986119625282005
8372.0 0.3004559342968458
8374.0 0.30087508582500866
8376.0 0.3016093673532705
8378.0 0.30276794269487
8380.0 0.3019269372211298
8382.0 0.3021308614065754
8384.0 0.3013185312243698
8386.0 0.30319797484474914
8388.0 0.3049727423203244
8390.0 0.308058317057644
8392.0 0.3078146226614171
8394.0 0.30854805301776234
8396.0 0.3114144980110146
8398.0 0.3127003039117678
8400.0 0.31342168815463634
8402.0 0.3149264205612567
8404.0 0.31659141795558277
8406.0 0.316561198903944
8408.0 0.3163499141592922
8410.0 0.3168130563102201
8412.0 0.31745961474133255
8414.0 0.3168235765627439
8416.0 0.31575470007477124
8418.0 0.31357448482813466
8420.0 0.3134252143469798
8422.0 0.3137884680377946
8424.0 0.31339824800724086
8426.0 0.3125938736755494
8428.0 0.3113365604644232
8430.0 0.31330004433554387
8432.0 0.3143198432147988
8434.0 0.3160866883785085
8436.0 0.3181860074452124
8438.0 0.32254387322694755
8440.0 0.3264609848936445
8442.0 0.3297126954877145
8444.0 0.33225090457108036
8446.0 0.3326196146955284
8448.0 0.3345631845047796
8450.0 0.33663278624474496
8452.0 0.3381761657020113
8454.0 0.34038279253005765
8456.0 0.3415934357925455
8458.0 0.3417585660923046
8460.0 0.3409155238812836
8462.0 0.3406057996104749
8464.0 0.33853298271738685
8466.0 0.33819256355905813
8468.0 0.33848648579610463
8470.0 0.3381076353422072
8472.0 0.33797053315198156
8474.0 0.3390504680577436
8476.0 0.33985662619392376
8478.0 0.33994372612915186
8480.0 0.33811329465279405
8482.0 0.3409491202073538
8484.0 0.34378821459872977
8486.0 0.3451671241088499
8488.0 0.3490379424159236
8490.0 0.3509789080546561
8492.0 0.35171678046804483
8494.0 0.3532279121820795
8496.0 0.35547492851332096
8498.0 0.35647793556491947
8500.0 0.35524135604291984
8502.0 0.35481478353769236
8504.0 0.35486282996556073
8506.0 0.35650665328332476
8508.0 0.35826737624012434
8510.0 0.35948188865638214
8512.0 0.3585460875631139
8514.0 0.35821216468646416
8516.0 0.35805083446995883
8518.0 0.3536754681819864
8520.0 0.35564296124709044
8522.0 0.35709368481305265
8524.0 0.3566971920693316
8526.0 0.35626994528213873
8528.0 0.3561015439811508
8530.0 0.3550938113720156
8532.0 0.35385082667540235
8534.0 0.3547447406835874
8536.0 0.3580221166283434
8538.0 0.3561492867652989
8540.0 0.35654047385823184
8542.0 0.3572596198005517
8544.0 0.3573564257087778
8546.0 0.3585861621588945
8548.0 0.3599606474852117
8550.0 0.3606791193964566
8552.0 0.3606695832586745
8554.0 0.36105000121673736
8556.0 0.3602875325381312
8558.0 0.35988091827978674
8560.0 0.3620180161088933
8562.0 0.3634445642574068
8564.0 0.362383540167049
8566.0 0.36254874962435496
8568.0 0.36387615330933637
8570.0 0.36332488452904316
8572.0 0.36341304501528554
8574.0 0.3635079601950113
8576.0 0.3645735420667799
8578.0 0.36312985732936615
8580.0 0.3616654965636094
8582.0 0.36130572741377026
8584.0 0.36082706997540726
8586.0 0.3607076727264221
8588.0 0.3609446989611071
8590.0 0.3614569110513226
8592.0 0.36175676481919034
8594.0 0.3623637542535107
8596.0 0.3618444328597247
8598.0 0.363610471915932
8600.0 0.3638425136586468
8602.0 0.36330416621256856
8604.0 0.3636712174343498
8606.0 0.36408667559224817
8608.0 0.3646425718778376
8610.0 0.3647447993347685
8612.0 0.3642026161622072
8614.0 0.3640258810271376
8616.0 0.363810554346767
8618.0 0.36305811665984905
8620.0 0.3631096459504099
8622.0 0.36131432741452035
8624.0 0.36184328572470076
8626.0 0.3610833235250223
8628.0 0.35885124161644816
8630.0 0.35853503029107797
8632.0 0.3578375342554567
8634.0 0.35922400232264823
8636.0 0.3581775356026954
8638.0 0.35800197034306813
8640.0 0.35756361842160156
8642.0 0.3577854943677101
8644.0 0.3594948174340675
8646.0 0.3616768897216329
8648.0 0.3617564084180309
8650.0 0.362207484841023
8652.0 0.3637631668036002
8654.0 0.3645750530193307
8656.0 0.36562812469934025
8658.0 0.36482556274844297
8660.0 0.36485700454843806
8662.0 0.3645606617135238
8664.0 0.3640037320786157
8666.0 0.3644260139030116
8668.0 0.36347212285931485
8670.0 0.3626414511147741
8672.0 0.3625638277195389
8674.0 0.3614016326274917
8676.0 0.35998803739425655
8678.0 0.360696777647073
8680.0 0.35984943803297853
8682.0 0.3593803516548238
8684.0 0.35788359716348345
8686.0 0.3581290950730568
8688.0 0.3587206424095207
8690.0 0.35760812303668815
8692.0 0.357182792229296
8694.0 0.35641645890015855
8696.0 0.35825921528186777
8698.0 0.357719016010846
8700.0 0.3560967949858174
8702.0 0.35516544886254864
8704.0 0.3538469846797744
8706.0 0.35278053680484933
8708.0 0.35204515566392
8710.0 0.35192477799036115
8712.0 0.3515864534304549
8714.0 0.35209007946167187
8716.0 0.35255094478428306
8718.0 0.35391974879068056
8720.0 0.35460545617136824
8722.0 0.3545065650124806
8724.0 0.35408372333865457
8726.0 0.3535031425386023
8728.0 0.3544930353029628
8730.0 0.3547830636691677
8732.0 0.35354795891086904
8734.0 0.35266988509731034
8736.0 0.35248525139272047
8738.0 0.35352042204818246
8740.0 0.3540849498207252
8742.0 0.35543167259209163
8744.0 0.3555799731903148
8746.0 0.35659234422395114
8748.0 0.35659375518904396
8750.0 0.3548011459490955
8752.0 0.35460005819621926
8754.0 0.35504956817283767
8756.0 0.35244928528497926
8758.0 0.35364987355506683
8760.0 0.3543335887690509
8762.0 0.35350178400757065
8764.0 0.352837653707315
8766.0 0.3522249561915377
8768.0 0.3512271912606221
8770.0 0.350542083683407
8772.0 0.3506549359270726
8774.0 0.3506273109872176
8776.0 0.3506080885282265
8778.0 0.3510937473752223
8780.0 0.350204435723672
8782.0 0.34863511448633516
8784.0 0.3492765482328942
8786.0 0.3487853188586952
8788.0 0.347077208081838
8790.0 0.34591089577361245
8792.0 0.34593709915472354
8794.0 0.3464387049588221
8796.0 0.3465497765890789
8798.0 0.34712365788740024
8800.0 0.34768955401729096
8802.0 0.3486596975843732
8804.0 0.34843803846471516
8806.0 0.3479884314762336
8808.0 0.3464751038369219
8810.0 0.3448250657757168
8812.0 0.34327193522069627
8814.0 0.3426700826404117
8816.0 0.341856654593109
8818.0 0.3424599196389592
8820.0 0.34399391338505
8822.0 0.34352034999530767
8824.0 0.343527568777435
8826.0 0.3439600363443547
8828.0 0.34129710253715506
8830.0 0.33902062210834966
8832.0 0.3364443737051881
8834.0 0.3344585149775391
8836.0 0.3346342429239215
8838.0 0.3342801920997341
8840.0 0.3347571891027357
8842.0 0.33392065348670413
8844.0 0.332472787773318
8846.0 0.3316768189801902
8848.0 0.33088630753169046
8850.0 0.33066315429963344
8852.0 0.3300775014097959
8854.0 0.3294111729173243
8856.0 0.3302453937376053
8858.0 0.3302666568587606
8860.0 0.32872631383193834
8862.0 0.3270563394565162
8864.0 0.3264882382446706
8866.0 0.3261327888431171
8868.0 0.3257834907699114
8870.0 0.3257602324335101
8872.0 0.3248772261468656
8874.0 0.32543482959063313
8876.0 0.3245643977726177
8878.0 0.32305378593813733
8880.0 0.32270611597075255
8882.0 0.32225043961503336
8884.0 0.32177223728974347
8886.0 0.31957800431444805
8888.0 0.31917908293923825
8890.0 0.31869743220983027
8892.0 0.3184332200976523
8894.0 0.3172718538623201
8896.0 0.315803238214302
8898.0 0.3149035622686997
8900.0 0.31371788637441095
8902.0 0.31401999429295624
8904.0 0.3145045040849122
8906.0 0.314351105533905
8908.0 0.31429754214463423
8910.0 0.3127360541786384
8912.0 0.31263003925357274
8914.0 0.3130113706455217
8916.0 0.31259958996552806
8918.0 0.31223494859961837
8920.0 0.31194547613515844
8922.0 0.3117892467792346
8924.0 0.31167475921691834
8926.0 0.3121666360505981
8928.0 0.31294166461956086
8930.0 0.3125267568839776
8932.0 0.3122126919656081
8934.0 0.3102844711478232
8936.0 0.3091931356206313
8938.0 0.3084623668476149
8940.0 0.3081518217614349
8942.0 0.3085457344894107
8944.0 0.30910799440511666
8946.0 0.309439908407414
8948.0 0.31109445786571677
8950.0 0.31287340242031775
8952.0 0.3139513359892197
8954.0 0.3151745865467697
8956.0 0.31445466394605875
8958.0 0.3151867950316123
8960.0 0.3145696994053473
8962.0 0.31513315522897917
8964.0 0.3161208802184119
8966.0 0.3160544611421765
8968.0 0.31672586929179014
8970.0 0.3174169596062511
8972.0 0.3174925108772175
8974.0 0.31672145917233135
8976.0 0.31565909420928234
8978.0 0.31429919336369255
8980.0 0.3141999687884971
8982.0 0.31306905197155876
8984.0 0.31328258579899454
8986.0 0.3124594720585791
8988.0 0.3111049392590315
8990.0 0.3106065731623305
8992.0 0.3093642142049607
8994.0 0.30922257597848934
8996.0 0.3088100563139803
8998.0 0.3087621544474744
9000.0 0.3084773549097972
9002.0 0.3075249607170631
9004.0 0.30750621661244965
9006.0 0.30690083029541126
9008.0 0.30661902010715536
9010.0 0.3064466080180057
9012.0 0.3061429909308911
9014.0 0.30570745317404
9016.0 0.3062186139478113
9018.0 0.3069492361625933
9020.0 0.3077638617567469
9022.0 0.3078351887281342
9024.0 0.3076764619944667
9026.0 0.3078696137156477
9028.0 0.30788214613159137
9030.0 0.3086407098144949
9032.0 0.3090914003123332
9034.0 0.3090832012598819
9036.0 0.3085829015965817
9038.0 0.3082197307055936
9040.0 0.3081673996357984
9042.0 0.30856507533507105
9044.0 0.30850711878442555
9046.0 0.30858423477635855
9048.0 0.3085661702952299
9050.0 0.3081083035660682
9052.0 0.3080315028392922
9054.0 0.30766501867925916
9056.0 0.3076229998721803
9058.0 0.3078748582683382
9060.0 0.3080411512476381
9062.0 0.30762503246148565
9064.0 0.30665806723993694
9066.0 0.3059684301145924
9068.0 0.30535645275070133
9070.0 0.3053962443757469
9072.0 0.3061069045445088
9074.0 0.3064637866520413
9076.0 0.30650405398181463
9078.0 0.3058186471722811
9080.0 0.30558129593826466
9082.0 0.30555741720022317
9084.0 0.30571152428598014
9086.0 0.3057919292306287
9088.0 0.3058721688762708
9090.0 0.3052854108783159
9092.0 0.30505924809431056
9094.0 0.30580789215744963
9096.0 0.30654428308008663
9098.0 0.3065021638956235
9100.0 0.3060523105213758
9102.0 0.3057131804159621
9104.0 0.3052684732708451
9106.0 0.3051178462518045
9108.0 0.3053531288537218
9110.0 0.3056160178422909
9112.0 0.30669038511328917
9114.0 0.30726268160840087
9116.0 0.30786777421089684
9118.0 0.30787033078794634
9120.0 0.30803199810165854
9122.0 0.3089159298762338
9124.0 0.3096250568503043
9126.0 0.3105513016643734
9128.0 0.3109422736689139
9130.0 0.3111533158692782
9132.0 0.3116224996071873
9134.0 0.31213989637668466
9136.0 0.3132184709068949
9138.0 0.31318319296664643
9140.0 0.3119675284513702
9142.0 0.31091374306499003
9144.0 0.3098493113751165
9146.0 0.3085655188067474
9148.0 0.30857386564942857
9150.0 0.30814267127978745
9152.0 0.308451511748168
9154.0 0.3088097799390604
9156.0 0.30917558116200117
9158.0 0.3101318983405081
9160.0 0.3104825068611953
9162.0 0.3108230882721236
9164.0 0.3108286381308776
9166.0 0.3107611068106267
9168.0 0.3109384005291184
9170.0 0.31070944009922224
9172.0 0.309296606986893
9174.0 0.3078200480470115
9176.0 0.3075321942792804
9178.0 0.3089786740960121
9180.0 0.3105895662310266
9182.0 0.3115733719341098
9184.0 0.31261448026884764
9186.0 0.31134166451024853
9188.0 0.31020116590498725
9190.0 0.31027015305571626
9192.0 0.3104555248837108
9194.0 0.30956019377593325
9196.0 0.3091130277799138
9198.0 0.30744506220348145
9200.0 0.3064753345827768
9202.0 0.30555777870135126
9204.0 0.30472487925436
9206.0 0.3040346517737671
9208.0 0.3023462883854282
9210.0 0.30219733891461553
9212.0 0.30121956129928007
9214.0 0.30004738968731576
9216.0 0.29953185748182687
9218.0 0.2990062254324239
9220.0 0.29911161694254373
9222.0 0.29807131621783195
9224.0 0.29782930062982044
9226.0 0.29723935677478946
9228.0 0.29606992813915517
9230.0 0.29539615810391806
9232.0 0.29573886304518676
9234.0 0.2946969080242484
9236.0 0.29050410936969745
9238.0 0.2876843500010362
9240.0 0.28823314592125393
9242.0 0.2899552279390886
9244.0 0.2906962660415239
9246.0 0.28834098744938597
9248.0 0.2891111060564787
9250.0 0.2898925527205347
9252.0 0.29054790614322074
9254.0 0.292173237858495
9256.0 0.29103165492914945
9258.0 0.28926825679156587
9260.0 0.2891421249212701
9262.0 0.28889335267931365
9264.0 0.2868820362135944
9266.0 0.28511067970895826
9268.0 0.2844362403513476
9270.0 0.2851136106295215
9272.0 0.28644096079412273
9274.0 0.28789220943757543
9276.0 0.2893204727390118
9278.0 0.2901418253781655
9280.0 0.2905638281524402
9282.0 0.29033319497464954
9284.0 0.28999496816403986
9286.0 0.28878828934508255
9288.0 0.2891660482580451
9290.0 0.29081656432145775
9292.0 0.2912003184534136
9294.0 0.2913142999022782
9296.0 0.29188280165290004
9298.0 0.28986127063318273
9300.0 0.2869720914871674
9302.0 0.28560052281013487
9304.0 0.28393847470169586
9306.0 0.2828990386015056
9308.0 0.2875445949791168
9310.0 0.29167772928971875
9312.0 0.2915202965275977
9314.0 0.29037581614983315
9316.0 0.2901076249980346
9318.0 0.2910215474105009
9320.0 0.2920238643029614
9322.0 0.2930386097169254
9324.0 0.29381419210154247
9326.0 0.2935413166699628
9328.0 0.29185901225530103
9330.0 0.29029811442509273
9332.0 0.2886688609376685
9334.0 0.2881626468649956
9336.0 0.2888585244210674
9338.0 0.2898683476619951
9340.0 0.2897772560021973
9342.0 0.289208520054567
9344.0 0.2893067750747573
9346.0 0.2892918470532818
9348.0 0.2892417522424027
9350.0 0.2897324906492233
9352.0 0.29023350206689086
9354.0 0.2913084952822281
9356.0 0.2913718296583661
9358.0 0.2903885292037778
9360.0 0.2885633258451798
9362.0 0.2859943234076131
9364.0 0.2853151748076352
9366.0 0.2844082400708141
9368.0 0.28569376041992267
9370.0 0.28692342534340737
9372.0 0.28685561170434243
9374.0 0.2859738119515145
9376.0 0.2859917663571204
9378.0 0.28524138415704253
9380.0 0.2857717696657158
9382.0 0.28605705255385816
9384.0 0.2852781350973168
9386.0 0.28473625971126415
9388.0 0.2849635020574746
9390.0 0.28635293939847783
9392.0 0.2875707889783821
9394.0 0.288246951790063
9396.0 0.28882310457046245
9398.0 0.2890795733212787
9400.0 0.28887030739850594
9402.0 0.28920689312677156
9404.0 0.2892441082987077
9406.0 0.2887527353518892
9408.0 0.28841710950239613
9410.0 0.2876631196444708
9412.0 0.28715492881266413
9414.0 0.2870701409801831
9416.0 0.28693988802175985
9418.0 0.28650978005527666
9420.0 0.2861975176118023
9422.0 0.2855683548511187
9424.0 0.2846621849081365
9426.0 0.28387225767952057
9428.0 0.28351977164232595
9430.0 0.2838414398830471
9432.0 0.28471678164327874
9434.0 0.2863804970370488
9436.0 0.28739258059459505
9438.0 0.2866925992529008
9440.0 0.2850930383913976
9442.0 0.2845623764814822
9444.0 0.28587126361636167
9446.0 0.2867048022280821
9448.0 0.2862283057502889
9450.0 0.2860242202452442
9452.0 0.28644981243099593
9454.0 0.28684599038993935
9456.0 0.28733874627348327
9458.0 0.287891155893972
9460.0 0.2884721308428166
9462.0 0.2889302027548819
9464.0 0.28912166245833987
9466.0 0.28913868748424026
9468.0 0.28971643172663497
9470.0 0.2904865039910873
9472.0 0.29073500959527016
9474.0 0.2907448386508152
9476.0 0.2904886173994816
9478.0 0.2904012089051608
9480.0 0.2911283556662982
9482.0 0.29139402697912997
9484.0 0.29092609654230966
9486.0 0.29094645433366767
9488.0 0.290714034899826
9490.0 0.2902704977167183
9492.0 0.28832018734157755
9494.0 0.284431243777133
9496.0 0.2825627152255153
9498.0 0.2837358274699901
9500.0 0.28507717101548785
9502.0 0.286147005493286
9504.0 0.2865748447873661
9506.0 0.2858661680288357
9508.0 0.2845887117651567
9510.0 0.28436988874042757
9512.0 0.28498431117936995
9514.0 0.284856380666924
9516.0 0.28404042393446005
9518.0 0.2831383578335019
9520.0 0.2828390059261378
9522.0 0.28336209148250213
9524.0 0.2843757574574917
9526.0 0.28573285485925043
9528.0 0.2864670573162056
9530.0 0.2869859922229905
9532.0 0.28875016661276104
9534.0 0.2920763571668313
9536.0 0.29357478258625136
9538.0 0.29124757612699126
9540.0 0.2866059620627019
9542.0 0.2851280567653323
9544.0 0.2851685591524938
9546.0 0.284808784538236
9548.0 0.28372567598502535
9550.0 0.2826128340459774
9552.0 0.283342797807614
9554.0 0.2851981641833898
9556.0 0.2859291254008868
9558.0 0.2858884404238021
9560.0 0.28640199136801786
9562.0 0.28767261267130345
9564.0 0.2874949753941114
9566.0 0.28567128618160365
9568.0 0.28420762252079723
9570.0 0.2843759034939366
9572.0 0.28499033345885383
9574.0 0.2847138361182648
9576.0 0.28411636375383387
9578.0 0.28381630043778644
9580.0 0.2835308790617394
9582.0 0.28335919455731173
9584.0 0.28343516537527547
9586.0 0.28336529987081666
9588.0 0.28285321662034874
9590.0 0.28237139998997146
9592.0 0.2826383605537855
9594.0 0.28314566949606335
9596.0 0.28347276843951014
9598.0 0.28399549996293144
9600.0 0.2844894753624417
9602.0 0.28487150960017243
9604.0 0.2853136459467574
9606.0 0.28586376834428656
9608.0 0.286207884050359
9610.0 0.2858923827650299
9612.0 0.2856391998689666
9614.0 0.28546662453830135
9616.0 0.28470448949054566
9618.0 0.28428477543188363
9620.0 0.284670361293032
9622.0 0.28481098438810565
9624.0 0.28374321903589506
9626.0 0.2822455207816803
9628.0 0.2810631591353427
9630.0 0.2803785434192104
9632.0 0.2802525486986646
9634.0 0.2805239723230112
9636.0 0.2806958199101428
9638.0 0.28003565531300967
9640.0 0.2790921083140816
9642.0 0.2791358320561226
9644.0 0.2800855569235817
9646.0 0.28124467050158747
9648.0 0.2829612127136925
9650.0 0.28431500763169487
9652.0 0.2836075046377674
9654.0 0.282506276956048
9656.0 0.2830749743246496
9658.0 0.28421153995761317
9660.0 0.2841724623929382
9662.0 0.28324379385036524
9664.0 0.2826829393426788
9666.0 0.28256614984328543
9668.0 0.28227936260975234
9670.0 0.2815600380870351
9672.0 0.2810958725068774
9674.0 0.28176247586216135
9676.0 0.2828120387177988
9678.0 0.28295552481925557
9680.0 0.2829930124203767
9682.0 0.28364850103965006
9684.0 0.2838549630048346
9686.0 0.28314622587389693
9688.0 0.28234118659382407
9690.0 0.2822595511006934
9692.0 0.2823964623319686
9694.0 0.28283823850799183
9696.0 0.2840859110464826
9698.0 0.28559329830799235
9700.0 0.2862932131822525
9702.0 0.28613158088112417
9704.0 0.2858767076709718
9706.0 0.28556570820913046
9708.0 0.2853822839850217
9710.0 0.2855768619405975
9712.0 0.28529984777934586
9714.0 0.2836777992630242
9716.0 0.28064127424253965
9718.0 0.27888318845834703
9720.0 0.27991163677362585
9722.0 0.2815131738988442
9724.0 0.28205983977446725
9726.0 0.28246249657445743
9728.0 0.2833554405992211
9730.0 0.2838566628027569
9732.0 0.2838814697849135
9734.0 0.28388041180025486
9736.0 0.2843880269514874
9738.0 0.2850112672094725
9740.0 0.28469940003185434
9742.0 0.28347172557389405
9744.0 0.28230648950557896
9746.0 0.2827581981995583
9748.0 0.2842498990195619
9750.0 0.284891419446672
9752.0 0.2845133434860392
9754.0 0.2851977798205035
9756.0 0.2867039628363932
9758.0 0.2873417001823327
9760.0 0.2871096946535775
9762.0 0.2868306839194005
9764.0 0.2863618246750072
9766.0 0.2855049641752363
9768.0 0.2845831978891212
9770.0 0.2835426416933731
9772.0 0.2827147583451197
9774.0 0.28281909825537055
9776.0 0.28277664605889474
9778.0 0.28301919128782704
9780.0 0.28422236851654836
9782.0 0.2858755576714593
9784.0 0.2881233659393412
9786.0 0.28958168426304115
9788.0 0.2898382453755797
9790.0 0.2900250186389997
9792.0 0.29025625253915327
9794.0 0.28976391927343337
9796.0 0.2881805095930951
9798.0 0.2850248650527899
9800.0 0.28339449383277115
9802.0 0.28386966574612976
9804.0 0.28440189138370375
9806.0 0.2844640515045225
9808.0 0.2850545020219866
9810.0 0.2856213745629942
9812.0 0.2866511814000025
9814.0 0.2869485366553482
9816.0 0.2863428186415634
9818.0 0.28466437063451205
9820.0 0.2822734525410143
9822.0 0.2808950066726917
9824.0 0.2823779474184231
9826.0 0.28585487545373534
9828.0 0.2873252767791684
9830.0 0.2886555094691661
9832.0 0.28904397331820914
9834.0 0.2877737748960736
9836.0 0.28536490494645306
9838.0 0.28338242460043905
9840.0 0.2814690174203504
9842.0 0.2811167647402674
9844.0 0.28219772836532603
9846.0 0.28303500106134327
9848.0 0.28395598129202004
9850.0 0.28410204085403423
9852.0 0.2835404602029411
9854.0 0.2836806675397614
9856.0 0.28409885584846456
9858.0 0.28408940466372906
9860.0 0.2839935233304013
9862.0 0.28370338125366135
9864.0 0.28321346131118424
9866.0 0.2829502186751156
9868.0 0.28344601969562666
9870.0 0.2838544078211258
9872.0 0.2844650084878675
9874.0 0.2846551274413841
9876.0 0.28408670800489844
9878.0 0.28420951761426905
9880.0 0.28503731793669546
9882.0 0.2854967888925055
9884.0 0.2848597752557585
9886.0 0.2840039247175648
9888.0 0.2835118361335175
9890.0 0.28340679475032876
9892.0 0.2839651270717308
9894.0 0.2847335132698776
9896.0 0.2847404544899139
9898.0 0.28476175966368933
9900.0 0.2856271106762709
9902.0 0.28636733692960015
9904.0 0.28614582208988687
9906.0 0.2854982511145227
9908.0 0.28558280840222844
9910.0 0.28625092562747395
9912.0 0.28660558886429865
9914.0 0.2860234256817737
9916.0 0.2840697374619008
9918.0 0.2809521904906635
9920.0 0.27671935854709345
9922.0 0.27363351309644196
9924.0 0.2747738209148859
9926.0 0.27750198413669
9928.0 0.2797524148105178
9930.0 0.28176935403220543
9932.0 0.2831000312033418
9934.0 0.28384929183733043
9936.0 0.28499259866870824
9938.0 0.2862283015344646
9940.0 0.28699571972715804
9942.0 0.2875310806636274
9944.0 0.28753739676587076
9946.0 0.2860917706817391
9948.0 0.2840992689032646
9950.0 0.2835898823401043
9952.0 0.28435456523514974
9954.0 0.2846861232435872
9956.0 0.28453324059780305
9958.0 0.2845666725879233
9960.0 0.2844306050438814
9962.0 0.2844980987180207
9964.0 0.28604196274339544
9966.0 0.28822371702849486
9968.0 0.2882283122175892
9970.0 0.285090805525563
9972.0 0.28220144011671927
9974.0 0.280674608935035
9976.0 0.28074087870918174
9978.0 0.2836680529409757
9980.0 0.2876482594196176
9982.0 0.2893707167898775
9984.0 0.28841742529448855
9986.0 0.28833249409883865
9988.0 0.29031683655450624
9990.0 0.29210498332027435
9992.0 0.293382248980455
9994.0 0.29340162962518285
9996.0 0.2903557572654779
9998.0 0.28583896069385173
