# z obs_date
# 0 52280
3580.0 0.03075217627052517
3582.0 0.02649221405896916
3584.0 0.0317369923167752
3586.0 0.03762525272338456
3588.0 0.03754326311215131
3590.0 0.03865119005144308
3592.0 0.03528290813169622
3594.0 0.029239971610924138
3596.0 0.02669886955425452
3598.0 0.03259312655013829
3600.0 0.03626730912998682
3602.0 0.03435594114873168
3604.0 0.036050256418611176
3606.0 0.03837536192897555
3608.0 0.04228584344308904
3610.0 0.04539876740197792
3612.0 0.042858650017477906
3614.0 0.04053491069785575
3616.0 0.036115645140216805
3618.0 0.038507909751831826
3620.0 0.044084190567870454
3622.0 0.04344203069378585
3624.0 0.04321899809699846
3626.0 0.04301089317249975
3628.0 0.034287728544467336
3630.0 0.030906537969318637
3632.0 0.030284544274942416
3634.0 0.03076215208668648
3636.0 0.025445283433633146
3638.0 0.026383686095269827
3640.0 0.029030670959915288
3642.0 0.021994482539016293
3644.0 0.023174749784583375
3646.0 0.021748230345965663
3648.0 0.024837488926483985
3650.0 0.03538792952149692
3652.0 0.0390123837400928
3654.0 0.0364821116678758
3656.0 0.033025066643911555
3658.0 0.03680252598467486
3660.0 0.03679942459321998
3662.0 0.028892800873014678
3664.0 0.031873208073896764
3666.0 0.033961784818943415
3668.0 0.023838651329367466
3670.0 0.025850394316732122
3672.0 0.03273753381314167
3674.0 0.029556158406081542
3676.0 0.027034281433564143
3678.0 0.02500976517526394
3680.0 0.030160367971219085
3682.0 0.0328097707251295
3684.0 0.02676913711501829
3686.0 0.028768297419392547
3688.0 0.029461598245442137
3690.0 0.0310572988131716
3692.0 0.029212176524611454
3694.0 0.03155137428456846
3696.0 0.031885726134211215
3698.0 0.031574005692702856
3700.0 0.030603003296764113
3702.0 0.026024111214147303
3704.0 0.0315743918784222
3706.0 0.03455439688656888
3708.0 0.03312795656443647
3710.0 0.03402759073304743
3712.0 0.03206830236203343
3714.0 0.03504982200450234
3716.0 0.04487924797495901
3718.0 0.04731665271175035
3720.0 0.04485848126095136
3722.0 0.05039272952759417
3724.0 0.07229597196173478
3726.0 0.07577488079540272
3728.0 0.06795231751342437
3730.0 0.06497462809775945
3732.0 0.057631449414446506
3734.0 0.05622549762450631
3736.0 0.05667307182425278
3738.0 0.057195563090272745
3740.0 0.0537014929100941
3742.0 0.05635064874464433
3744.0 0.06125963566066414
3746.0 0.06198340067698636
3748.0 0.05775159930643208
3750.0 0.060486575388894105
3752.0 0.06246112270563859
3754.0 0.05914415581870452
3756.0 0.05390849119598939
3758.0 0.05170230800348217
3760.0 0.05196764442129912
3762.0 0.053005699337690525
3764.0 0.051709813254383986
3766.0 0.04269275072580382
3768.0 0.04196971926886682
3770.0 0.048131867805537944
3772.0 0.04622409736871015
3774.0 0.048139325435943715
3776.0 0.051917250500499015
3778.0 0.05095003635895775
3780.0 0.05016067770005271
3782.0 0.049076235814769276
3784.0 0.048531226786825296
3786.0 0.046020001309623124
3788.0 0.04777196956731089
3790.0 0.05146030415674961
3792.0 0.0519918595007547
3794.0 0.04800902907726673
3796.0 0.03941041934205327
3798.0 0.048294918156441935
3800.0 0.0434317512986567
3802.0 0.04015413352356985
3804.0 0.04820340793041236
3806.0 0.052666431473604246
3808.0 0.051941406344560515
3810.0 0.050352074399106224
3812.0 0.046351841365786906
3814.0 0.04331677008074534
3816.0 0.04364531079131458
3818.0 0.044514756435650706
3820.0 0.043111873540780915
3822.0 0.04461283517246341
3824.0 0.036651833618279214
3826.0 0.031536262998528304
3828.0 0.036621609352046135
3830.0 0.03700050162435695
3832.0 0.035618947043624186
3834.0 0.03226012259617666
3836.0 0.028823350640858066
3838.0 0.03332709353743964
3840.0 0.03865410154174224
3842.0 0.04079849517013094
3844.0 0.03338376032757458
3846.0 0.028550656619237797
3848.0 0.029549042698015192
3850.0 0.033165649508555786
3852.0 0.03722450276641879
3854.0 0.033958291712682255
3856.0 0.036218200790122064
3858.0 0.03529965802883218
3860.0 0.03691389041923674
3862.0 0.02983241529302561
3864.0 0.029917697353606
3866.0 0.03087180846463927
3868.0 0.029128706302766257
3870.0 0.02535273813907944
3872.0 0.028194901931279853
3874.0 0.030666409500812532
3876.0 0.03099770202865332
3878.0 0.031363929666308236
3880.0 0.028094276404578098
3882.0 0.03012387395547661
3884.0 0.03159179915174923
3886.0 0.03441899488173945
3888.0 0.037596647183497714
3890.0 0.03612235404102527
3892.0 0.03189044293734671
3894.0 0.03958572160293953
3896.0 0.03864882352947527
3898.0 0.03572521141300926
3900.0 0.03375131433751335
3902.0 0.03898325809669967
3904.0 0.044863247670830914
3906.0 0.045607269126239136
3908.0 0.045933430099325184
3910.0 0.045159623271625586
3912.0 0.045160849407238045
3914.0 0.04978966239900411
3916.0 0.054661841116644634
3918.0 0.057362914391963976
3920.0 0.057528550137402275
3922.0 0.0525341735719731
3924.0 0.053211311549943734
3926.0 0.05617531142558463
3928.0 0.06304293422644366
3930.0 0.06931413904975892
3932.0 0.07129910428515553
3934.0 0.07557266866746319
3936.0 0.07792261587578342
3938.0 0.07747823506206154
3940.0 0.08188103081323359
3942.0 0.09056450775821448
3944.0 0.09032712513057702
3946.0 0.09222023787010777
3948.0 0.0987360153448738
3950.0 0.09714335492344817
3952.0 0.09892940257471793
3954.0 0.09951441887502768
3956.0 0.10615294541983689
3958.0 0.10773697493311153
3960.0 0.10245695535836906
3962.0 0.10330469738613232
3964.0 0.1025294949226629
3966.0 0.0946119921328408
3968.0 0.10044487869020287
3970.0 0.10248634950930047
3972.0 0.10543264126087869
3974.0 0.10030267386577484
3976.0 0.0948746314516286
3978.0 0.09754099283950302
3980.0 0.0951210827992194
3982.0 0.09902249820584791
3984.0 0.10166733373646016
3986.0 0.10652076669491574
3988.0 0.10175935160191242
3990.0 0.08958021981524608
3992.0 0.09541154289451714
3994.0 0.09751326578729852
3996.0 0.09322163876607298
3998.0 0.09122926585405283
4000.0 0.08981033973639017
4002.0 0.08602183292344111
4004.0 0.08397433087523205
4006.0 0.08163059964745736
4008.0 0.08518173880008632
4010.0 0.07868093089646327
4012.0 0.06469351826450807
4014.0 0.06768025265489415
4016.0 0.0679875433372694
4018.0 0.06488695352778563
4020.0 0.06146458356861473
4022.0 0.05673327579659434
4024.0 0.05777978415836814
4026.0 0.06857400712515936
4028.0 0.06846498119275708
4030.0 0.07033755421807376
4032.0 0.071675718566557
4034.0 0.07578964878167985
4036.0 0.08147706344187715
4038.0 0.0886469638282658
4040.0 0.09196723370127005
4042.0 0.0935997541686896
4044.0 0.10949866605471724
4046.0 0.11897983720267365
4048.0 0.13132524417177252
4050.0 0.14599781204501794
4052.0 0.16216971688154302
4054.0 0.18224090137075508
4056.0 0.20057862592721612
4058.0 0.21928695387845756
4060.0 0.23310249529213067
4062.0 0.24058058100503407
4064.0 0.25300480097857014
4066.0 0.2534892396335706
4068.0 0.25394730052155384
4070.0 0.242355251816637
4072.0 0.22333640519011216
4074.0 0.21164116326491553
4076.0 0.2063283990850884
4078.0 0.1992447817819652
4080.0 0.2014231951430881
4082.0 0.19926726855032492
4084.0 0.1834359796825738
4086.0 0.18722237431333222
4088.0 0.18897030467278264
4090.0 0.17956108190341485
4092.0 0.17200382004106796
4094.0 0.16671361715942737
4096.0 0.15979195821217257
4098.0 0.16534545239473322
4100.0 0.17263093465794674
4102.0 0.16884147569344043
4104.0 0.1562714255755095
4106.0 0.1477043827727614
4108.0 0.1526117792591562
4110.0 0.1539331871048755
4112.0 0.1441205257944167
4114.0 0.14046249030113597
4116.0 0.13447315223836237
4118.0 0.12279673106861373
4120.0 0.11759779221345225
4122.0 0.11389897291735637
4124.0 0.10903878346912063
4126.0 0.10414531693443733
4128.0 0.09125727726841905
4130.0 0.08793359560930791
4132.0 0.08613636363883681
4134.0 0.08415245277468646
4136.0 0.08674169468994657
4138.0 0.08498480933492258
4140.0 0.07948469929003713
4142.0 0.082051594732156
4144.0 0.07982594715951838
4146.0 0.06807218522242804
4148.0 0.0700395153753745
4150.0 0.07146660136513867
4152.0 0.06782382583301004
4154.0 0.06655853821611273
4156.0 0.06461192445056854
4158.0 0.05956326971431965
4160.0 0.05669200529720286
4162.0 0.05873191513267258
4164.0 0.05960749926165998
4166.0 0.05761084457734918
4168.0 0.05764159997685288
4170.0 0.05891581758116197
4172.0 0.06208000336750568
4174.0 0.06528224203502798
4176.0 0.06610169302136597
4178.0 0.06701631195919222
4180.0 0.06659732423201954
4182.0 0.0683007822133525
4184.0 0.07406229951786991
4186.0 0.07492911436613296
4188.0 0.07186733655163449
4190.0 0.07333585294211588
4192.0 0.07377855149275578
4194.0 0.07818715926800168
4196.0 0.0794593920385704
4198.0 0.0791273854231753
4200.0 0.08167795793874759
4202.0 0.087733938552662
4204.0 0.09450847025302878
4206.0 0.09649181210887753
4208.0 0.10516846530868988
4210.0 0.11344174187755986
4212.0 0.12119791371599695
4214.0 0.12627302987623842
4216.0 0.12873842939307872
4218.0 0.13755788481561373
4220.0 0.13887949276778827
4222.0 0.13797874700503923
4224.0 0.1432886942526885
4226.0 0.14252871804595468
4228.0 0.14001714177378075
4230.0 0.13428904856028825
4232.0 0.12354795149258986
4234.0 0.11572543001638268
4236.0 0.10862501316125166
4238.0 0.10247247192904461
4240.0 0.09583090559336105
4242.0 0.09115683270909085
4244.0 0.08512903408937023
4246.0 0.08170473716685143
4248.0 0.07450497247529718
4250.0 0.07154353838784604
4252.0 0.07428392260934327
4254.0 0.07296526545020973
4256.0 0.06938040461763563
4258.0 0.06849157179643556
4260.0 0.06844791618520107
4262.0 0.06633601168848441
4264.0 0.06524333040730458
4266.0 0.06799031968802031
4268.0 0.07152678940504341
4270.0 0.07057578432732543
4272.0 0.07006145299931212
4274.0 0.07169783728168651
4276.0 0.0792662863494648
4278.0 0.08217462956227588
4280.0 0.08079698080593663
4282.0 0.08218029393489806
4284.0 0.08940169987709941
4286.0 0.09046183587213927
4288.0 0.08884594006129141
4290.0 0.09366463331226087
4292.0 0.09937355768273602
4294.0 0.10114707032454154
4296.0 0.10283998177542027
4298.0 0.10014333993478632
4300.0 0.10214581308849631
4302.0 0.10766578266229077
4304.0 0.11221587494990369
4306.0 0.1108342251998823
4308.0 0.11247617795070608
4310.0 0.11252488416892109
4312.0 0.10930409336508182
4314.0 0.10856914936626205
4316.0 0.10487348909169761
4318.0 0.10427210488305215
4320.0 0.10629738281914905
4322.0 0.10364756032399222
4324.0 0.09586033726022974
4326.0 0.0904798320696005
4328.0 0.08937477631935951
4330.0 0.08751203189957754
4332.0 0.08272746685636037
4334.0 0.0795065583232625
4336.0 0.08744904207747899
4338.0 0.0995876089160225
4340.0 0.10107794624962924
4342.0 0.08773951280899496
4344.0 0.07997263798394473
4346.0 0.0807906081213953
4348.0 0.08277622772262676
4350.0 0.08682407053703067
4352.0 0.08699225785237959
4354.0 0.08851486717055282
4356.0 0.08979845068175063
4358.0 0.08901986496912294
4360.0 0.09295051394781774
4362.0 0.09774923935498589
4364.0 0.09676232299381417
4366.0 0.09501222147597345
4368.0 0.09830356826812707
4370.0 0.10271565651019979
4372.0 0.10277725823540512
4374.0 0.1002777102836208
4376.0 0.10810924430263358
4378.0 0.10921363731287367
4380.0 0.10579468257792943
4382.0 0.10443986693078255
4384.0 0.10667939566026219
4386.0 0.11108637821125243
4388.0 0.11105035291085918
4390.0 0.11401641928440417
4392.0 0.11648186162553884
4394.0 0.11126233878287779
4396.0 0.10854900935259128
4398.0 0.10568499331114493
4400.0 0.10473730320907343
4402.0 0.10973919292871145
4404.0 0.11112544449360436
4406.0 0.1083051390839537
4408.0 0.10814712932429534
4410.0 0.10663342717289852
4412.0 0.10363668223507377
4414.0 0.10799188914428809
4416.0 0.1088539972517341
4418.0 0.10680213056628123
4420.0 0.10511957630112642
4422.0 0.10713563425294464
4424.0 0.11355241158768596
4426.0 0.11805379636368071
4428.0 0.12226587024674063
4430.0 0.12707901147408115
4432.0 0.13313280386065557
4434.0 0.13618756585440694
4436.0 0.140503189387899
4438.0 0.1437895770934034
4440.0 0.14464364655767123
4442.0 0.14767967370390492
4444.0 0.14232989105021993
4446.0 0.13606969083835208
4448.0 0.1411478067193679
4450.0 0.1398964981532808
4452.0 0.13220385914943897
4454.0 0.1297632414937421
4456.0 0.12826741588466722
4458.0 0.1294840196828437
4460.0 0.12984711832335097
4462.0 0.12837365558628466
4464.0 0.13087797923100103
4466.0 0.13034350022936728
4468.0 0.12582959088299425
4470.0 0.12055576249090587
4472.0 0.11421487624141631
4474.0 0.11226462605480504
4476.0 0.11024287837917876
4478.0 0.1087692319429363
4480.0 0.10458212649785273
4482.0 0.09412324029339317
4484.0 0.08917812957812661
4486.0 0.09169500211296101
4488.0 0.09095882336701218
4490.0 0.08697980483714358
4492.0 0.08367036291107122
4494.0 0.08031028557257423
4496.0 0.07837647965401823
4498.0 0.07816539098765234
4500.0 0.07655102785712857
4502.0 0.07785172166002965
4504.0 0.0797209684164208
4506.0 0.07981781287838612
4508.0 0.07903428031990112
4510.0 0.07811770286119472
4512.0 0.08112826365432758
4514.0 0.08538980595916888
4516.0 0.08762116916531269
4518.0 0.08977224276655803
4520.0 0.09185677304430813
4522.0 0.09242909733214592
4524.0 0.09361472812678662
4526.0 0.09751103453216672
4528.0 0.1046241870146244
4530.0 0.11080612121881733
4532.0 0.11684307229525343
4534.0 0.12326392625007052
4536.0 0.1273503552217367
4538.0 0.13123557759239488
4540.0 0.13492004419001868
4542.0 0.13752389973886583
4544.0 0.14535857887494502
4546.0 0.15501432268261622
4548.0 0.16438394581846544
4550.0 0.1739670478685336
4552.0 0.1824610643009894
4554.0 0.19628310671029384
4556.0 0.213670249375275
4558.0 0.22910157216871543
4560.0 0.2471528740694387
4562.0 0.2689002116513922
4564.0 0.29247852046038275
4566.0 0.31909622455963144
4568.0 0.3406027112114103
4570.0 0.3529339690957033
4572.0 0.3652998504386838
4574.0 0.3761905072838729
4576.0 0.37518505209079744
4578.0 0.365153139702272
4580.0 0.34911007162016905
4582.0 0.33145996082781987
4584.0 0.31882020732435
4586.0 0.30040154957804394
4588.0 0.274478115304296
4590.0 0.2591293895652812
4592.0 0.2547176055579683
4594.0 0.2520627403437564
4596.0 0.24915592528743413
4598.0 0.2484963536313531
4600.0 0.25584373004191546
4602.0 0.2632936279153018
4604.0 0.2749051491061168
4606.0 0.29104992990072753
4608.0 0.3060599794107916
4610.0 0.3219894250853022
4612.0 0.33285603740258835
4614.0 0.3420772170880469
4616.0 0.3473384960869773
4618.0 0.33911657301180853
4620.0 0.33022302145047855
4622.0 0.32395601543324165
4624.0 0.3156292091862561
4626.0 0.3056644582826688
4628.0 0.29372290672225454
4630.0 0.2872791333821899
4632.0 0.2812634401631523
4634.0 0.27153714717000726
4636.0 0.2704230899710748
4638.0 0.28087314544375225
4640.0 0.2933559682659915
4642.0 0.3086341406749705
4644.0 0.3309903121168539
4646.0 0.3549444611510292
4648.0 0.38164077542151226
4650.0 0.4044771822815179
4652.0 0.41629549246386227
4654.0 0.43331328117293777
4656.0 0.44161836139147903
4658.0 0.44021364186194895
4660.0 0.44552268422622804
4662.0 0.4464201690042355
4664.0 0.44052955556646806
4666.0 0.4317353160439405
4668.0 0.4243738131169199
4670.0 0.4149615611365005
4672.0 0.40097053060877674
4674.0 0.3920690381083292
4676.0 0.3845318868272984
4678.0 0.37481489998769446
4680.0 0.3662798556277932
4682.0 0.3618067088087365
4684.0 0.36795381711174785
4686.0 0.3725588823299694
4688.0 0.3636379190686881
4690.0 0.35890586210276276
4692.0 0.35411959267045856
4694.0 0.347592874936111
4696.0 0.3387495393937779
4698.0 0.3349389705873768
4700.0 0.329431302589925
4702.0 0.3235530539215633
4704.0 0.32782302641803546
4706.0 0.3397263017134796
4708.0 0.3491207863629449
4710.0 0.36089968304946535
4712.0 0.376813990498171
4714.0 0.3812453577592031
4716.0 0.37572860073938513
4718.0 0.3769534722839507
4720.0 0.37490293250145545
4722.0 0.36556335939733736
4724.0 0.35148140701876907
4726.0 0.3373108581758191
4728.0 0.3272147847438961
4730.0 0.318691433878579
4732.0 0.31242694883193767
4734.0 0.3014979062385452
4736.0 0.2928256066074763
4738.0 0.2908294139836318
4740.0 0.2857464110749796
4742.0 0.2804481418084931
4744.0 0.27871909505376036
4746.0 0.2754468358599234
4748.0 0.2725203977320512
4750.0 0.27066515125277596
4752.0 0.2730294560361487
4754.0 0.2713446953597962
4756.0 0.2720804207052423
4758.0 0.27128783341051843
4760.0 0.2701650126371612
4762.0 0.2682846388804172
4764.0 0.2633895893496106
4766.0 0.25937717442211444
4768.0 0.2576427761561868
4770.0 0.2556807735737751
4772.0 0.2568305346839142
4774.0 0.26652244250337953
4776.0 0.2761954805041893
4778.0 0.2846971142403094
4780.0 0.2956314774632506
4782.0 0.30746379617680825
4784.0 0.31916597068713526
4786.0 0.32167189004127655
4788.0 0.33193552654708014
4790.0 0.3306892826004977
4792.0 0.32935801656095487
4794.0 0.3407903328512315
4796.0 0.3493500006740727
4798.0 0.3502560781068138
4800.0 0.35034608081196794
4802.0 0.3532385752729135
4804.0 0.3530268835878358
4806.0 0.3487015054527552
4808.0 0.3398805926508431
4810.0 0.3249599851263279
4812.0 0.3086399846168826
4814.0 0.29122333674815387
4816.0 0.2716564873191477
4818.0 0.2515759102308945
4820.0 0.22981138090990721
4822.0 0.21735984981211234
4824.0 0.20824399915526337
4826.0 0.19858136344386726
4828.0 0.19465426200187888
4830.0 0.19676225538743425
4832.0 0.19612872692665678
4834.0 0.19429147106144593
4836.0 0.19245421519623498
4838.0 0.19061695933102413
4840.0 0.18877970346581324
4842.0 0.1869424476006023
4844.0 0.18510519173539142
4846.0 0.18326793587018056
4848.0 0.1814306800049697
4850.0 0.17959342413975873
4852.0 0.1777561682745479
4854.0 0.17591891240933694
4856.0 0.17408165654412544
4858.0 0.1722444006789152
4860.0 0.1704071448137043
4862.0 0.1685698889484934
4864.0 0.1667326330832825
4866.0 0.16489537721807163
4868.0 0.16305812135286074
4870.0 0.1612208654876498
4872.0 0.15225459518645446
4874.0 0.1455939869067234
4876.0 0.14170277285269545
4878.0 0.13721562693303624
4880.0 0.13805842863176238
4882.0 0.14498608411725783
4884.0 0.15096295354684158
4886.0 0.15687607445469418
4888.0 0.1634020441065392
4890.0 0.17575031516004275
4892.0 0.1968408266429713
4894.0 0.22203667668051857
4896.0 0.2506166753098664
4898.0 0.2770649362356578
4900.0 0.3038368104729716
4902.0 0.34065288779338576
4904.0 0.3821870475745501
4906.0 0.42046213373947416
4908.0 0.46368109496378784
4910.0 0.501885320173191
4912.0 0.525913918954426
4914.0 0.5584118816115368
4916.0 0.5874430557233314
4918.0 0.6037403076843665
4920.0 0.6144790758821259
4922.0 0.615782648814107
4924.0 0.6204400628284648
4926.0 0.6240665950952652
4928.0 0.6241832838097012
4930.0 0.6196905339821043
4932.0 0.5985388262818828
4934.0 0.5749483847668656
4936.0 0.5513579432518478
4938.0 0.5277675017368301
4940.0 0.5041770602218136
4942.0 0.4805866187067946
4944.0 0.45699617719177704
4946.0 0.4334057356767594
4948.0 0.4098152941617418
4950.0 0.38622485264672385
4952.0 0.3626344111317063
4954.0 0.3390439696166884
4956.0 0.31545352810167093
4958.0 0.2918630865866531
4960.0 0.2682726450716355
4962.0 0.24468220355661774
4964.0 0.22109176204160003
4966.0 0.19750132052658234
4968.0 0.17391087901155497
4970.0 0.15032043749654692
4972.0 0.14810683038772054
4974.0 0.14817346190772135
4976.0 0.1552936986900929
4978.0 0.15907828653330253
4980.0 0.17294817686262684
4982.0 0.1912141107890102
4984.0 0.20198180542984898
4986.0 0.22466657886928096
4988.0 0.24596301788857164
4990.0 0.26406868932060007
4992.0 0.27887807574660906
4994.0 0.29344669069336604
4996.0 0.3080153056401225
4998.0 0.32258392058687996
5000.0 0.33715253553363683
5002.0 0.3517211504803939
5004.0 0.36628976542715075
5006.0 0.3808583803739077
5008.0 0.39542699532066466
5010.0 0.40999561026742176
5012.0 0.4245642252141785
5014.0 0.4391328401609357
5016.0 0.4537014551076931
5018.0 0.46827007005444965
5020.0 0.4828386850012064
5022.0 0.4974072999479633
5024.0 0.5119759148947266
5026.0 0.5265445298414775
5028.0 0.5411131447882344
5030.0 0.5556817597349913
5032.0 0.530207034112883
5034.0 0.5125859829741445
5036.0 0.49104387872663724
5038.0 0.4673319057741137
5040.0 0.44488054002598054
5042.0 0.42489073995067633
5044.0 0.4102957745967749
5046.0 0.39425635675885234
5048.0 0.38273252931641055
5050.0 0.37227335891681074
5052.0 0.3718282865066089
5054.0 0.36429546559635606
5056.0 0.36492844614391323
5058.0 0.37577804235424495
5060.0 0.37978820554375886
5062.0 0.3759403544156765
5064.0 0.37722467227373224
5066.0 0.38112205728187465
5068.0 0.3782518368008681
5070.0 0.3700332982289238
5072.0 0.3619479785977742
5074.0 0.3560605571213967
5076.0 0.3444293841929985
5078.0 0.3328300011571929
5080.0 0.32150411964981673
5082.0 0.307216372558389
5084.0 0.29574425229137785
5086.0 0.2849015464914992
5088.0 0.27125370544310395
5090.0 0.25592130396379953
5092.0 0.25034458973277174
5094.0 0.2392164241021484
5096.0 0.22306191017586102
5098.0 0.21840498414394788
5100.0 0.20951735312772848
5102.0 0.195443892713766
5104.0 0.1835619751249275
5106.0 0.17604209137442048
5108.0 0.16147648030420012
5110.0 0.150567934019214
5112.0 0.14815563307570037
5114.0 0.1382231548073551
5116.0 0.1339793682036961
5118.0 0.1363865717741792
5120.0 0.13067546259035304
5122.0 0.12875850529619384
5124.0 0.137879526809331
5126.0 0.1442742198476148
5128.0 0.14409029837459986
5130.0 0.1530844532629276
5132.0 0.15876201928735473
5134.0 0.1626535418101094
5136.0 0.16602222884175136
5138.0 0.1743998944704563
5140.0 0.1825231794216975
5142.0 0.18887926330957694
5144.0 0.18943805785457318
5146.0 0.19050914038457828
5148.0 0.19737579069414565
5150.0 0.20525523329156717
5152.0 0.2129969082277142
5154.0 0.2176454374416563
5156.0 0.23132797592929236
5158.0 0.24122172322325464
5160.0 0.24708727827474328
5162.0 0.2575394172999664
5164.0 0.2703494389260441
5166.0 0.27427199887004416
5168.0 0.2775934774072301
5170.0 0.2809791670381041
5172.0 0.28394417218557577
5174.0 0.2839924349728543
5176.0 0.2855947309377716
5178.0 0.2844383206597134
5180.0 0.2791263682557151
5182.0 0.2753128008136336
5184.0 0.27321352654811776
5186.0 0.268513100846532
5188.0 0.2666873242678857
5190.0 0.2594374823601399
5192.0 0.25773469584558106
5194.0 0.26233383820549705
5196.0 0.26509708921461095
5198.0 0.26800583154928825
5200.0 0.2747276044373562
5202.0 0.2850644759706228
5204.0 0.295977785301051
5206.0 0.3089539566033649
5208.0 0.3165375750997053
5210.0 0.32324968304638957
5212.0 0.32990208200343707
5214.0 0.33111638190214304
5216.0 0.3297180250628293
5218.0 0.3276875115518927
5220.0 0.3226375058309744
5222.0 0.3156142813383543
5224.0 0.30781009916685603
5226.0 0.30006946089092185
5228.0 0.29369209440036903
5230.0 0.28758902168631967
5232.0 0.2798326022442038
5234.0 0.2766079057377459
5236.0 0.2781810326175778
5238.0 0.27969109559160293
5240.0 0.28042637660964304
5242.0 0.2818205522231216
5244.0 0.28562840243235316
5246.0 0.2971418906826381
5248.0 0.30925739063993996
5250.0 0.317345067606385
5252.0 0.32578228273559934
5254.0 0.33215041205176843
5256.0 0.33705650775716234
5258.0 0.3368478479395954
5260.0 0.33098060036924704
5262.0 0.3213663952427923
5264.0 0.3079323074564779
5266.0 0.2976128711759854
5268.0 0.284283165145175
5270.0 0.27105494378600875
5272.0 0.2646659733525495
5274.0 0.2582424906196367
5276.0 0.25614416772406834
5278.0 0.2605411857289944
5280.0 0.26480957493317947
5282.0 0.26828113099208484
5284.0 0.27216570028728837
5286.0 0.2782979843532917
5288.0 0.2872915320784076
5290.0 0.29755226552876823
5292.0 0.3066627175765211
5294.0 0.31308288304274196
5296.0 0.32405637521822495
5298.0 0.33467445723869066
5300.0 0.3521977028786807
5302.0 0.3641235372048529
5304.0 0.37656915138280833
5306.0 0.3876439009549678
5308.0 0.39440350051849205
5310.0 0.4031875811099195
5312.0 0.41307461477668656
5314.0 0.42089234100173006
5316.0 0.4197466334625034
5318.0 0.41545942765517196
5320.0 0.41240492367254583
5322.0 0.40990104946551403
5324.0 0.4055997191217614
5326.0 0.4001106739937317
5328.0 0.3961289249458298
5330.0 0.3986917241564513
5332.0 0.40387191617210344
5334.0 0.4071943764333885
5336.0 0.41074101758904236
5338.0 0.4148365833169689
5340.0 0.41736090022981376
5342.0 0.4230887157908652
5344.0 0.4313276824812735
5346.0 0.4392214291088956
5348.0 0.4494572003140183
5350.0 0.4560556155564066
5352.0 0.45989589594489144
5354.0 0.4678650280483401
5356.0 0.47314374501962525
5358.0 0.47974767822235814
5360.0 0.4866761557203435
5362.0 0.48377471299982194
5364.0 0.47524524912639515
5366.0 0.465495679084275
5368.0 0.45456473656362983
5370.0 0.4499286389163894
5372.0 0.4448907240818784
5374.0 0.43343838728052575
5376.0 0.42355728101206974
5378.0 0.4189303494838033
5380.0 0.4133221447742901
5382.0 0.4063304314474693
5384.0 0.3992496207033334
5386.0 0.40179628734347816
5388.0 0.40613714247308463
5390.0 0.41247178666074186
5392.0 0.4208959470373416
5394.0 0.43077148502581913
5396.0 0.44135355829423456
5398.0 0.4531067058141906
5400.0 0.4689807820002911
5402.0 0.4899959723958491
5404.0 0.5106696210103215
5406.0 0.5282268163155955
5408.0 0.5415448129887589
5410.0 0.5506904810808851
5412.0 0.5564791443195044
5414.0 0.5612456121252781
5416.0 0.5662407019245523
5418.0 0.5701809892529697
5420.0 0.5726164073781418
5422.0 0.5723694594771426
5424.0 0.5686743494504551
5426.0 0.5616039276372937
5428.0 0.5517924955727386
5430.0 0.5402726263571245
5432.0 0.5296283515780936
5434.0 0.5209392948187787
5436.0 0.510341175966455
5438.0 0.49565266321421075
5440.0 0.47908402211931184
5442.0 0.46457495803831006
5444.0 0.45370966228485377
5446.0 0.44514343800710215
5448.0 0.4384238550969287
5450.0 0.4325894817465311
5452.0 0.42683401719744873
5454.0 0.4199359222777527
5456.0 0.41108297817224265
5458.0 0.40068222144322274
5460.0 0.3908935664131721
5462.0 0.3823844406986755
5464.0 0.3731745555800875
5466.0 0.36266720181392104
5468.0 0.3517656233288143
5470.0 0.34134346217732714
5472.0 0.33159206413458825
5474.0 0.322168480723154
5476.0 0.31329270884259364
5478.0 0.3057895486711254
5480.0 0.2998912184910249
5482.0 0.29467423420926975
5484.0 0.28985299959629846
5486.0 0.2866041043879163
5488.0 0.2866282911908599
5490.0 0.29068988284041797
5492.0 0.298225754204259
5494.0 0.3093672356696905
5496.0 0.32463749144591786
5498.0 0.3443822819220892
5500.0 0.3692789787838075
5502.0 0.39958465012755284
5504.0 0.43325224196375317
5506.0 0.4658283248038453
5508.0 0.49535799988736773
5510.0 0.5236220792399989
5512.0 0.5508698534572531
5514.0 0.5772102611827407
5516.0 0.6023090277121312
5518.0 0.6247002304025514
5520.0 0.6421472783518101
5522.0 0.6541097372499959
5524.0 0.6621467237820856
5526.0 0.6670034812109534
5528.0 0.6693219911431599
5530.0 0.6693854663199292
5532.0 0.666744254951842
5534.0 0.6607289548078774
5536.0 0.652452231573582
5538.0 0.6452723611365279
5540.0 0.6398288362937282
5542.0 0.6334978900479731
5544.0 0.6253404103063732
5546.0 0.6160357836081296
5548.0 0.606531819920095
5550.0 0.5968080951562115
5552.0 0.5857929387107275
5554.0 0.5740274691516927
5556.0 0.5639956358108479
5558.0 0.5563375017866136
5560.0 0.5496777712671358
5562.0 0.5425344429852013
5564.0 0.5344275769021635
5566.0 0.5253264147324679
5568.0 0.5154916467880348
5570.0 0.5060965676992366
5572.0 0.497322651941783
5574.0 0.4881579840717624
5576.0 0.47776316273500763
5578.0 0.4658944557815518
5580.0 0.45263209005572624
5582.0 0.4385814692162466
5584.0 0.42552991357647585
5586.0 0.41330751769869156
5588.0 0.39968698174170825
5590.0 0.3836755975653221
5592.0 0.36571701631369435
5594.0 0.34677811712052853
5596.0 0.32750845941050305
5598.0 0.3084318681903395
5600.0 0.29026192604120893
5602.0 0.2738013360013148
5604.0 0.25949740954128764
5606.0 0.24719800981283474
5608.0 0.23670833544126552
5610.0 0.22813167429149267
5612.0 0.22169993636421997
5614.0 0.217512314007157
5616.0 0.2154335388607788
5618.0 0.21567264668020186
5620.0 0.21866213643817475
5622.0 0.22476938795684392
5624.0 0.23418443447524523
5626.0 0.2470442387858761
5628.0 0.2632790354198298
5630.0 0.28328116712032364
5632.0 0.3058511364143495
5634.0 0.3286092318989539
5636.0 0.3502053853614582
5638.0 0.3706899524587458
5640.0 0.3905452529945841
5642.0 0.41003013922389925
5644.0 0.4297816726677053
5646.0 0.4495089711255679
5648.0 0.468326467131548
5650.0 0.4860073917633585
5652.0 0.5030257441275798
5654.0 0.5195224270473846
5656.0 0.5346135744669533
5658.0 0.5465898143986649
5660.0 0.5555786682625747
5662.0 0.5628166779731083
5664.0 0.5685666761077119
5666.0 0.5724271100339781
5668.0 0.5741865997539759
5670.0 0.5739984118248789
5672.0 0.5721081182516204
5674.0 0.5685079129739093
5676.0 0.5631762094203175
5678.0 0.5563188688081913
5680.0 0.547670965660222
5682.0 0.5375207654036462
5684.0 0.5269044317499381
5686.0 0.5170682773002669
5688.0 0.5080136951924565
5690.0 0.49881950897942157
5692.0 0.49014739845449057
5694.0 0.4832885136180005
5696.0 0.4784165671229729
5698.0 0.4751482473715322
5700.0 0.4728541446886091
5702.0 0.4709192820850737
5704.0 0.4682168421518874
5706.0 0.46515156626794235
5708.0 0.4629899641933972
5710.0 0.4617558327343292
5712.0 0.46064630391249617
5714.0 0.4590477399549613
5716.0 0.45718268995705524
5718.0 0.45559031831877356
5720.0 0.45417567154790456
5722.0 0.4524711476211056
5724.0 0.45025743677666713
5726.0 0.44753716891672746
5728.0 0.4442830949449994
5730.0 0.44065377756904883
5732.0 0.4367462616250675
5734.0 0.4320801075111272
5736.0 0.42503349564941567
5738.0 0.41662956496035436
5740.0 0.40895528105664797
5742.0 0.4025614855699837
5744.0 0.3968804658198098
5746.0 0.39111926000186265
5748.0 0.3848383642537368
5750.0 0.3770953164020118
5752.0 0.3686233096154434
5754.0 0.3609215295577271
5756.0 0.35374883659601253
5758.0 0.34596394333008335
5760.0 0.33715296486182517
5762.0 0.3281576338499871
5764.0 0.32017437361832785
5766.0 0.3129094668042769
5768.0 0.3058014308881524
5770.0 0.2990344714398518
5772.0 0.2930112028924118
5774.0 0.2876694737882403
5776.0 0.2825013306861602
5778.0 0.2769425337202568
5780.0 0.27129415726949346
5782.0 0.2661307956104081
5784.0 0.26158004877890817
5786.0 0.25780363185676775
5788.0 0.2546120423975672
5790.0 0.251411932336559
5792.0 0.24788376363902023
5794.0 0.244770045949305
5796.0 0.2440869422783959
5798.0 0.24385675361530848
5800.0 0.24114482096965817
5802.0 0.23592964613722134
5804.0 0.22913704989115688
5806.0 0.22209166650221615
5808.0 0.21582310993795403
5810.0 0.21215646508726976
5812.0 0.2090641798554902
5814.0 0.202892812642275
5816.0 0.19486658571239565
5818.0 0.1875582161351729
5820.0 0.18200757297492168
5822.0 0.177031239049828
5824.0 0.1714906161594591
5826.0 0.16643488071810894
5828.0 0.16347094108177967
5830.0 0.16240522091886558
5832.0 0.16281213466003874
5834.0 0.1644481290544617
5836.0 0.16719086710076111
5838.0 0.17115392935368337
5840.0 0.17687765251959547
5842.0 0.18521586404989165
5844.0 0.19576742978225614
5846.0 0.20855449991616176
5848.0 0.222852918741227
5850.0 0.237177643501124
5852.0 0.2515544143336141
5854.0 0.2682716267705
5856.0 0.2908303933278192
5858.0 0.31828127306938
5860.0 0.3501349875113093
5862.0 0.3850308698582188
5864.0 0.4227261414427294
5866.0 0.46086844964468404
5868.0 0.4968993232654054
5870.0 0.5120016909922627
5872.0 0.5218302791552021
5874.0 0.5316588673181422
5876.0 0.5414874554810818
5878.0 0.5513160436440215
5880.0 0.5611446318069614
5882.0 0.5709732199699011
5884.0 0.5808018081328404
5886.0 0.5906303962957797
5888.0 0.6004589844587201
5890.0 0.61028757262166
5892.0 0.6201161607845996
5894.0 0.6299447489475402
5896.0 0.6397733371104789
5898.0 0.6496019252734192
5900.0 0.6594305134363588
5902.0 0.6692591015992984
5904.0 0.6790876897622382
5906.0 0.6889162779251781
5908.0 0.6987448660881176
5910.0 0.6981397839610255
5912.0 0.696768494923563
5914.0 0.6953262104035125
5916.0 0.6915965078216131
5918.0 0.6850222964921988
5920.0 0.6727872277494362
5922.0 0.6586716646630468
5924.0 0.6470809570520378
5926.0 0.6385982430752634
5928.0 0.6304395815881925
5930.0 0.6203318771277966
5932.0 0.6097212995650811
5934.0 0.6005393476639608
5936.0 0.5919977611912559
5938.0 0.5835213184007104
5940.0 0.574756361479678
5942.0 0.5652922242066508
5944.0 0.555377517484302
5946.0 0.5460140284575614
5948.0 0.538781012042217
5950.0 0.5334412797708653
5952.0 0.5299943837045363
5954.0 0.5283181397924013
5956.0 0.52861257358201
5958.0 0.530423587406343
5960.0 0.5332149176607544
5962.0 0.5360285773505473
5964.0 0.5385210079656891
5966.0 0.539731847272813
5968.0 0.5404456157783675
5970.0 0.5413059269707879
5972.0 0.5426027067799206
5974.0 0.5444962620955593
5976.0 0.5467025204742699
5978.0 0.5475509511292713
5980.0 0.5431501086360231
5982.0 0.5373697368311616
5984.0 0.5333337509458296
5986.0 0.5311634393621866
5988.0 0.5297482177383045
5990.0 0.5278230465610728
5992.0 0.5247057925000793
5994.0 0.5183667779522166
5996.0 0.511799348918135
5998.0 0.5078641893051742
6000.0 0.5053923469055436
6002.0 0.5024460003902853
6004.0 0.4984373818709463
6006.0 0.4946774081115325
6008.0 0.49249507388402186
6010.0 0.4907767738587504
6012.0 0.4876987515620683
6014.0 0.4843776353690148
6016.0 0.48257390514237725
6018.0 0.48203497456424027
6020.0 0.48104711321338944
6022.0 0.4777473092572768
6024.0 0.4736214102754809
6026.0 0.47104014710041836
6028.0 0.4689478809753037
6030.0 0.4666812042436958
6032.0 0.4639547709854328
6034.0 0.4608516233991941
6036.0 0.45751416118857163
6038.0 0.4540947792360396
6040.0 0.4505158192393376
6042.0 0.4473682731728812
6044.0 0.44576787417078384
6046.0 0.44484744694217865
6048.0 0.4441177292403144
6050.0 0.44218313508804263
6052.0 0.43816782386035263
6054.0 0.4303534616821177
6056.0 0.42125768537194447
6058.0 0.41359648659065135
6060.0 0.40596577993846245
6062.0 0.3967424795400544
6064.0 0.38612469708300956
6066.0 0.3755846466347382
6068.0 0.36644557331206334
6070.0 0.35733062385318387
6072.0 0.3464494254054419
6074.0 0.33583437543193806
6076.0 0.32648346613856494
6078.0 0.3193145896959026
6080.0 0.3147195714437799
6082.0 0.3126814397598391
6084.0 0.31184471887134635
6086.0 0.3103810655675552
6088.0 0.30910531964945553
6090.0 0.3081073236517517
6092.0 0.30753117555464904
6094.0 0.3071897420888523
6096.0 0.3074316752577343
6098.0 0.30870974416076186
6100.0 0.3120115256293836
6102.0 0.31700859935528086
6104.0 0.32344523436478123
6106.0 0.33188872511896683
6108.0 0.34254201891874275
6110.0 0.3560480375483788
6112.0 0.37291592361595
6114.0 0.39358701531016294
6116.0 0.4163245331702258
6118.0 0.4399995366361515
6120.0 0.4635575031164439
6122.0 0.48633589171276165
6124.0 0.5070560911762556
6126.0 0.5250938353277534
6128.0 0.5400325938423308
6130.0 0.5531412555117272
6132.0 0.5662938198132187
6134.0 0.5763162035394612
6136.0 0.5801770012319266
6138.0 0.5808707637536422
6140.0 0.581405340610255
6142.0 0.5840720524050378
6144.0 0.5878337194145282
6146.0 0.5929399343180535
6148.0 0.5961259485385396
6150.0 0.5940289138321693
6152.0 0.5888128073719952
6154.0 0.5821893889637281
6156.0 0.575150224988268
6158.0 0.5672133822948239
6160.0 0.558665080276873
6162.0 0.5496624529969931
6164.0 0.540662669652248
6166.0 0.5308508044260268
6168.0 0.5196825109608506
6170.0 0.507148424435171
6172.0 0.49358858978940096
6174.0 0.4791660059220542
6176.0 0.4638944864913749
6178.0 0.4480393303210049
6180.0 0.43093961939913367
6182.0 0.4117130522783312
6184.0 0.39205062529093043
6186.0 0.3735219672105709
6188.0 0.3571420003667234
6190.0 0.34185494528816474
6192.0 0.3272779100927729
6194.0 0.31444512513954154
6196.0 0.3039245663877451
6198.0 0.29614582377075366
6200.0 0.29118553459512314
6202.0 0.2897624507641072
6204.0 0.2923363965073886
6206.0 0.2995617037938167
6208.0 0.31132375826435693
6210.0 0.32819039109915077
6212.0 0.3482158125616712
6214.0 0.37040518770707487
6216.0 0.39335161612726705
6218.0 0.41686952621179274
6220.0 0.43961148087191404
6222.0 0.4606769709876169
6224.0 0.4785833085419532
6226.0 0.4938669967009994
6228.0 0.5064961035736499
6230.0 0.5160568725375967
6232.0 0.5219913723263893
6234.0 0.5247443287696608
6236.0 0.5254937058368767
6238.0 0.5256448016850644
6240.0 0.5260963054471816
6242.0 0.5281955236072703
6244.0 0.5302062050730656
6246.0 0.5305128747538211
6248.0 0.5292536034638124
6250.0 0.5282642830600073
6252.0 0.5285529131464733
6254.0 0.5277782277494425
6256.0 0.5242739777323471
6258.0 0.5196938873634759
6260.0 0.5149952685971465
6262.0 0.5107926317565311
6264.0 0.5070615937865651
6266.0 0.5039954427670503
6268.0 0.5014161734611127
6270.0 0.49934823524098726
6272.0 0.49622393689318256
6274.0 0.49084255705609087
6276.0 0.4845988241682096
6278.0 0.4789250750235317
6280.0 0.4757251131148567
6282.0 0.4763743443256598
6284.0 0.4824649417819488
6286.0 0.48861946532434886
6288.0 0.49164841906656526
6290.0 0.49244267533340186
6292.0 0.4922792598270256
6294.0 0.49134097330654514
6296.0 0.48924366390417273
6298.0 0.4855577394237029
6300.0 0.47859761343957935
6302.0 0.4667598799312222
6304.0 0.45415925093131865
6306.0 0.44350467928907705
6308.0 0.4356247152560823
6310.0 0.4293148366099104
6312.0 0.4242502888619422
6314.0 0.4204275620279929
6316.0 0.41775985754713546
6318.0 0.4167348281491148
6320.0 0.417778424841325
6322.0 0.41898916044012086
6324.0 0.41859946619792776
6326.0 0.41528119889524867
6328.0 0.40942979863894907
6330.0 0.40107175586648997
6332.0 0.39280446273407643
6334.0 0.3862254904697992
6336.0 0.38241817333956246
6338.0 0.38192950988820507
6340.0 0.38412574282670303
6342.0 0.38730121914091253
6344.0 0.39030202484141213
6346.0 0.3937661920598174
6348.0 0.3976948649947495
6350.0 0.40144773584743365
6352.0 0.40459524284225706
6354.0 0.40717110638800175
6356.0 0.4096734513154821
6358.0 0.4117084882551478
6360.0 0.41116944036166303
6362.0 0.40676630460503316
6364.0 0.4024707899218196
6366.0 0.4003649421578595
6368.0 0.3985145137390419
6370.0 0.39411474454004625
6372.0 0.3870673958647487
6374.0 0.38046946414028426
6376.0 0.3760245684700055
6378.0 0.3722772726753661
6380.0 0.36891118611793683
6382.0 0.3664168784474011
6384.0 0.3652536689300617
6386.0 0.3650037027450272
6388.0 0.36475453321155515
6390.0 0.3636167460423392
6392.0 0.36090165430605936
6394.0 0.35601026235578015
6396.0 0.3514078468410328
6398.0 0.34988468839108633
6400.0 0.3483615299411398
6402.0 0.34683837149119345
6404.0 0.34531521304124696
6406.0 0.34379205459130063
6408.0 0.34226889614135414
6410.0 0.3407457376914077
6412.0 0.33922257924146126
6414.0 0.33769942079151455
6416.0 0.33617626234156833
6418.0 0.334653103891622
6420.0 0.3331299454416755
6422.0 0.331606786991729
6424.0 0.33008362854178264
6426.0 0.32856047009183614
6428.0 0.3270373116418898
6430.0 0.3255141531919434
6432.0 0.3239909947419969
6434.0 0.3224678362920504
6436.0 0.32426569043500786
6438.0 0.3315342935623543
6440.0 0.33722223958415953
6442.0 0.3411087867429705
6444.0 0.3432478726302919
6446.0 0.3448951704857134
6448.0 0.3476058633443944
6450.0 0.3518972046829775
6452.0 0.356432839099299
6454.0 0.36075046112129033
6456.0 0.3649736618470951
6458.0 0.369234824848081
6460.0 0.374416604865362
6462.0 0.3814163219424696
6464.0 0.38997122282765456
6466.0 0.3982253969163116
6468.0 0.40536137815066114
6470.0 0.4121773189578844
6472.0 0.4189917006083505
6474.0 0.4266025927417705
6476.0 0.4355882680690785
6478.0 0.4459175768585797
6480.0 0.4571148408608909
6482.0 0.4682098860639532
6484.0 0.47732097348105296
6486.0 0.48296686318406834
6488.0 0.48406908175708635
6490.0 0.479875592504175
6492.0 0.46940862074885814
6494.0 0.4519224621823017
6496.0 0.4288845333165613
6498.0 0.40451662399503285
6500.0 0.38190331489478235
6502.0 0.3628721774299708
6504.0 0.3492083949981225
6506.0 0.3428726482300174
6508.0 0.3450295455698468
6510.0 0.3555704111718971
6512.0 0.3717852564993174
6514.0 0.3933743512928412
6516.0 0.4237712266842533
6518.0 0.4637825260164081
6520.0 0.5115042223070548
6522.0 0.5644524267516337
6524.0 0.6198885213326427
6526.0 0.6751195740412852
6528.0 0.7282682173018148
6530.0 0.7800369660514005
6532.0 0.8295020780924679
6534.0 0.8744641620037736
6536.0 0.9133305319519045
6538.0 0.9457661913041244
6540.0 0.9723204769467865
6542.0 0.9932547712929649
6544.0 1.0
6546.0 0.9935689902438211
6548.0 0.9871379804876417
6550.0 0.9807069707314624
6552.0 0.9742759609752835
6554.0 0.9678449512191061
6556.0 0.9614139414629252
6558.0 0.9549829317067462
6560.0 0.948551921950567
6562.0 0.9421209121943882
6564.0 0.935689902438209
6566.0 0.9292588926820301
6568.0 0.9228278829258508
6570.0 0.9163968731696726
6572.0 0.9099658634134928
6574.0 0.9035348536573139
6576.0 0.897103843901135
6578.0 0.8906728341449558
6580.0 0.8842418243887767
6582.0 0.8778108146325966
6584.0 0.8713798048764186
6586.0 0.860935941600736
6588.0 0.8462350357178933
6590.0 0.831853722043356
6592.0 0.8186932652256199
6594.0 0.8071276290855973
6596.0 0.7970186209318942
6598.0 0.787251055082723
6600.0 0.7764386000870915
6602.0 0.7643520398989173
6604.0 0.7514073134954112
6606.0 0.7380401532897192
6608.0 0.7250507342441058
6610.0 0.7128209974887988
6612.0 0.7014082480566208
6614.0 0.6905485733317531
6616.0 0.6794247184170235
6618.0 0.6662198695922845
6620.0 0.6518099428342493
6622.0 0.6397995522451408
6624.0 0.6306863408703929
6626.0 0.622192513581322
6628.0 0.6126851158619024
6630.0 0.60267989207291
6632.0 0.5936411874751254
6634.0 0.5855866995322556
6636.0 0.5779538658174149
6638.0 0.5703058507196817
6640.0 0.5616545214673718
6642.0 0.5521069333828106
6644.0 0.5434866411510959
6646.0 0.5379348729031036
6648.0 0.5346390697405887
6650.0 0.5303134054550698
6652.0 0.5250246363186598
6654.0 0.5212291420755564
6656.0 0.5191750886659536
6658.0 0.516927063843658
6660.0 0.5128346452610046
6662.0 0.5080347887480067
6664.0 0.5059306474434758
6666.0 0.5055271208918829
6668.0 0.5030150016032306
6670.0 0.49785366189090713
6672.0 0.49159543457081106
6674.0 0.4857894828142995
6676.0 0.48096504024906483
6678.0 0.4775221936345932
6680.0 0.4752706891792093
6682.0 0.47359979205110153
6684.0 0.47223364409101903
6686.0 0.47116391094065907
6688.0 0.47019400759497715
6690.0 0.4689541394888069
6692.0 0.46703191100981944
6694.0 0.4646326670481531
6696.0 0.4623207811060114
6698.0 0.46021587312589096
6700.0 0.4580224575121844
6702.0 0.4560332784048173
6704.0 0.4552604744668484
6706.0 0.4563011947663773
6708.0 0.45793557912584165
6710.0 0.45745126977325834
6712.0 0.4551390541978092
6714.0 0.4523636621617197
6716.0 0.4496102885033348
6718.0 0.44701004117010035
6720.0 0.44460304794468897
6722.0 0.44219589880879356
6724.0 0.4394412725354394
6726.0 0.43646442313753636
6728.0 0.4335275596201327
6730.0 0.4307830999009672
6732.0 0.4283577067349494
6734.0 0.426311860595301
6736.0 0.4245384346538737
6738.0 0.4229105445753263
6740.0 0.42159691843976504
6742.0 0.42125790552483233
6744.0 0.4213032541707729
6746.0 0.42061145826471863
6748.0 0.41880711804645226
6750.0 0.4160615362502195
6752.0 0.41293217965462925
6754.0 0.41025168471761825
6756.0 0.40991811217241436
6758.0 0.4109935166978523
6760.0 0.41153436441709745
6762.0 0.41172785345723845
6764.0 0.41192134249737994
6766.0 0.41211483153752126
6768.0 0.41230832057766265
6770.0 0.412501809617804
6772.0 0.41269529865794524
6774.0 0.4128887876980865
6776.0 0.41308227673822784
6778.0 0.41327576577836916
6780.0 0.41346925481851043
6782.0 0.41366274385865176
6784.0 0.41385623289879303
6786.0 0.4140497219389342
6788.0 0.4142432109790756
6790.0 0.41443670001921695
6792.0 0.41463018905935844
6794.0 0.4148236780994997
6796.0 0.4150171671396406
6798.0 0.41521065617978214
6800.0 0.4147234307093942
6802.0 0.4135820673911059
6804.0 0.41279862265105344
6806.0 0.4141136885428054
6808.0 0.4169514719489594
6810.0 0.4194314073578271
6812.0 0.42012088344297155
6814.0 0.41972252975021085
6816.0 0.41932524327772763
6818.0 0.4189841451117816
6820.0 0.41871209032468626
6822.0 0.4185045899095703
6824.0 0.41838452850099345
6826.0 0.41831450634421624
6828.0 0.41812099924869184
6830.0 0.4175530923416973
6832.0 0.41680165315646034
6834.0 0.41622587828065816
6836.0 0.415726135976649
6838.0 0.41507485280470907
6840.0 0.41422069725515326
6842.0 0.41354640861436154
6844.0 0.41306436221051734
6846.0 0.4115776857339155
6848.0 0.40580178436885916
6850.0 0.3985882738134161
6852.0 0.3929387382519123
6854.0 0.3905573969125952
6856.0 0.3923447548361203
6858.0 0.39804374529281594
6860.0 0.4052621213493364
6862.0 0.4104628050154681
6864.0 0.4129661898180391
6866.0 0.410758410339289
6868.0 0.4057811572020143
6870.0 0.40069876824881
6872.0 0.39785289468350593
6874.0 0.3972582908219612
6876.0 0.3992344951708504
6878.0 0.4022103393036
6880.0 0.40417388133353493
6882.0 0.40476108679049566
6884.0 0.4034799920024499
6886.0 0.40101543586769023
6888.0 0.39867111497328167
6890.0 0.39788353320323194
6892.0 0.39799375711160706
6894.0 0.39839151627239555
6896.0 0.3987604513216636
6898.0 0.3986442351972842
6900.0 0.3981580604153667
6902.0 0.3976753819294041
6904.0 0.3975828677885214
6906.0 0.3978437914209518
6908.0 0.39869584208244907
6910.0 0.39933419449863067
6912.0 0.3987696323510388
6914.0 0.3971666076317446
6916.0 0.39469987890826225
6918.0 0.39205542233925755
6920.0 0.3900445465733718
6922.0 0.38989374161931734
6924.0 0.3899940449445034
6926.0 0.3877656838719704
6928.0 0.3847339166265854
6930.0 0.3831977168267094
6932.0 0.38327288416247274
6934.0 0.3832705960745142
6936.0 0.38152098463603573
6938.0 0.37876613707967827
6940.0 0.37544080939417673
6942.0 0.3719358729431207
6944.0 0.368694843365093
6946.0 0.3657345795149547
6948.0 0.3627314223272258
6950.0 0.35970927515378176
6952.0 0.35709771922840033
6954.0 0.3554978188522814
6956.0 0.35489295804587306
6958.0 0.3553159270337703
6960.0 0.3570487271199798
6962.0 0.36031310492027124
6964.0 0.36510877582168144
6966.0 0.3712556382911338
6968.0 0.37853047690946556
6970.0 0.3862431770639449
6972.0 0.393565729796557
6974.0 0.4003677702087368
6976.0 0.40685535044946153
6978.0 0.4127060950130833
6980.0 0.4173100336507552
6982.0 0.42004881213096784
6984.0 0.4217105231316241
6986.0 0.42288021678427784
6988.0 0.4242403384327007
6990.0 0.4268702096149957
6992.0 0.43009178720363617
6994.0 0.4325610387164282
6996.0 0.43324142523680054
6998.0 0.4331001291108139
7000.0 0.43313048668299997
7002.0 0.4329046304194671
7004.0 0.43244433467027343
7006.0 0.43138353552491254
7008.0 0.42909159237936195
7010.0 0.4254567501522597
7012.0 0.42132112526966803
7014.0 0.4177259397531408
7016.0 0.41414789275433644
7018.0 0.40979645223855027
7020.0 0.405708435635226
7022.0 0.40299404028137276
7024.0 0.40187335858440576
7026.0 0.40156212368418864
7028.0 0.4013407267292677
7030.0 0.4013268929701108
7032.0 0.4015626206272413
7034.0 0.4016028234441029
7036.0 0.4009163282752752
7038.0 0.3998130918083269
7040.0 0.39893156889321457
7042.0 0.3985680287302809
7044.0 0.3979368731668506
7046.0 0.395946773692907
7048.0 0.3933873728868354
7050.0 0.3901919004862792
7052.0 0.38722368409604024
7054.0 0.385290854807026
7056.0 0.38483463894918163
7058.0 0.38509434074298
7060.0 0.3854240850110499
7062.0 0.3856179495186089
7064.0 0.3852445817809524
7066.0 0.3843897730959523
7068.0 0.38286166404377897
7070.0 0.3809541250293125
7072.0 0.3792297708595751
7074.0 0.37836175498950964
7076.0 0.37773572942730865
7078.0 0.37688086950688243
7080.0 0.3759479017099839
7082.0 0.3749285189327657
7084.0 0.3738756285272742
7086.0 0.37259190984427504
7088.0 0.3714467587707657
7090.0 0.37148122828803887
7092.0 0.37533555816364766
7094.0 0.3798171233404825
7096.0 0.38314633625040023
7098.0 0.38510884759834024
7100.0 0.3862823018427698
7102.0 0.38696728878634823
7104.0 0.38739542958313217
7106.0 0.38810516508254783
7108.0 0.38827031399880874
7110.0 0.38692003261619035
7112.0 0.38477089356542715
7114.0 0.38239371201675876
7116.0 0.3806683547201031
7118.0 0.3798402926714433
7120.0 0.3805030602764701
7122.0 0.38188472635772375
7124.0 0.38403787934728634
7126.0 0.38554471653018796
7128.0 0.3852595044689071
7130.0 0.38314217426408154
7132.0 0.37957694975763095
7134.0 0.37541498529421163
7136.0 0.37199417198916335
7138.0 0.3723177808074479
7140.0 0.37304359911533624
7142.0 0.37247734498288776
7144.0 0.3705995166382043
7146.0 0.36778604337040505
7148.0 0.36478893740849183
7150.0 0.3626230820277096
7152.0 0.3630132696994274
7154.0 0.36360800022903583
7156.0 0.3627259957548023
7158.0 0.36128000965620916
7160.0 0.36055659738584983
7162.0 0.36015983347864766
7164.0 0.35837564607965366
7166.0 0.3537507377191969
7168.0 0.3485421502918549
7170.0 0.3438662961571144
7172.0 0.3411851657501875
7174.0 0.3419607941278719
7176.0 0.34559293191034657
7178.0 0.350283027949168
7180.0 0.35478569495912626
7182.0 0.3602907072204633
7184.0 0.3672735102730051
7186.0 0.37631414278840497
7188.0 0.3885608385279585
7190.0 0.40253063301573655
7192.0 0.4168061266423606
7194.0 0.42928720898187284
7196.0 0.4392987132873347
7198.0 0.4450976693503293
7200.0 0.44828671364213696
7202.0 0.4489512597938346
7204.0 0.4490663253569749
7206.0 0.4503313384147487
7208.0 0.45266263463985174
7210.0 0.4538325501059308
7212.0 0.4521627884734749
7214.0 0.44923362256283766
7216.0 0.44550376002763253
7218.0 0.44164243218168453
7220.0 0.4380320038834417
7222.0 0.4349543194185295
7224.0 0.432467322355165
7226.0 0.43049501703297227
7228.0 0.4281971453064192
7230.0 0.42451506436935316
7232.0 0.420310204170776
7234.0 0.41573058408119823
7236.0 0.41166127131555486
7238.0 0.4089976042795971
7240.0 0.4078114168415723
7242.0 0.4064255809559753
7244.0 0.40323697596830954
7246.0 0.3990836276845758
7248.0 0.39405260260780334
7250.0 0.3892454352869192
7252.0 0.38538395295745015
7254.0 0.38291109124937117
7256.0 0.38142300830992754
7258.0 0.38087879879666864
7260.0 0.38135785376045
7262.0 0.38278899989438864
7264.0 0.3849521226448919
7266.0 0.38777603193562227
7268.0 0.39128776141570953
7270.0 0.3954662466353695
7272.0 0.4006987361587297
7274.0 0.4084001422785728
7276.0 0.4202058274960523
7278.0 0.43255083833104624
7280.0 0.4435480132835753
7282.0 0.4522306124779574
7284.0 0.45854016460119484
7286.0 0.4629242686988616
7288.0 0.4674019404181635
7290.0 0.4739108644681825
7292.0 0.4797416387473875
7294.0 0.48362155804548385
7296.0 0.48567635346772553
7298.0 0.48626294998636654
7300.0 0.485967588246177
7302.0 0.4854628302754211
7304.0 0.48543340521669154
7306.0 0.48525897201359947
7308.0 0.48459229394231945
7310.0 0.4834977754749492
7312.0 0.4821640295673517
7314.0 0.48081040041576645
7316.0 0.47942311323116527
7318.0 0.478290667064428
7320.0 0.47858844315489896
7322.0 0.48149408954135464
7324.0 0.483468993846871
7326.0 0.4824157002151141
7328.0 0.4786297304739084
7330.0 0.47340417957061853
7332.0 0.46796387894475866
7334.0 0.46358704983160215
7336.0 0.4616142591058357
7338.0 0.4585263461260334
7340.0 0.45248748200013117
7342.0 0.44560729071016225
7344.0 0.4402091835108164
7346.0 0.4366521589575316
7348.0 0.43301195704095974
7350.0 0.4283329716325377
7352.0 0.4233935491393192
7354.0 0.4183428690925874
7356.0 0.4142539869698086
7358.0 0.4119157042108268
7360.0 0.4107651410149717
7362.0 0.4094514393277188
7364.0 0.40704240271439246
7366.0 0.40352004021952803
7368.0 0.3986917936616712
7370.0 0.3949350165188356
7372.0 0.3936399961421857
7374.0 0.3931643106991775
7376.0 0.391109635610493
7378.0 0.38680328474050646
7380.0 0.3823881292630103
7382.0 0.37884293960302934
7384.0 0.37509302210302425
7386.0 0.3708126301968928
7388.0 0.3665350685769195
7390.0 0.36282222341248394
7392.0 0.35954924972594926
7394.0 0.3557937897896922
7396.0 0.35127930593064705
7398.0 0.3475973279794276
7400.0 0.3454977493822165
7402.0 0.34365106451343863
7404.0 0.3410810223091507
7406.0 0.33844516253439644
7408.0 0.3373025779609447
7410.0 0.33851186894579266
7412.0 0.34168510868246843
7414.0 0.3468187110960398
7416.0 0.3532836093680944
7418.0 0.3606791859487905
7420.0 0.3686758265912559
7422.0 0.37715771920245716
7424.0 0.3857652791283837
7426.0 0.3942188411302724
7428.0 0.4022069550982469
7430.0 0.4095816944791562
7432.0 0.4162362512897079
7434.0 0.42224943305753065
7436.0 0.4277285302496208
7438.0 0.43259399005345534
7440.0 0.4365896533253043
7442.0 0.4396081322836947
7444.0 0.4420570763421324
7446.0 0.4442268271141467
7448.0 0.44616613906150504
7450.0 0.4477944316498022
7452.0 0.4488455026711329
7454.0 0.4490739399496986
7456.0 0.4482078108333482
7458.0 0.4456712526276423
7460.0 0.44114428214888424
7462.0 0.43522243237316555
7464.0 0.42851963134468724
7466.0 0.4229928193287505
7468.0 0.4204848240457318
7470.0 0.4209683035453999
7472.0 0.42130749317194033
7474.0 0.4201967645578908
7476.0 0.41927188152978445
7478.0 0.4189567210912708
7480.0 0.4185738266652722
7482.0 0.41737095919494843
7484.0 0.4153027606043016
7486.0 0.41304910137538337
7488.0 0.41073267018360654
7490.0 0.4087531038194434
7492.0 0.4077173307578299
7494.0 0.40668155769621667
7496.0 0.40564578463460327
7498.0 0.40461001157298987
7500.0 0.40357423851137686
7502.0 0.40253846544976324
7504.0 0.40150269238815006
7506.0 0.4004669193265365
7508.0 0.3994311462649231
7510.0 0.39839537320330976
7512.0 0.3973596001416965
7514.0 0.3963238270800833
7516.0 0.39528805401846967
7518.0 0.3942522809568565
7520.0 0.393216507895243
7522.0 0.39218073483362964
7524.0 0.3911449617720163
7526.0 0.3901091887104029
7528.0 0.3890734156487894
7530.0 0.38803764258717605
7532.0 0.3870018695255629
7534.0 0.3859660964639494
7536.0 0.3849303234023361
7538.0 0.38389455034072273
7540.0 0.3828587772791094
7542.0 0.38182300421749615
7544.0 0.38078723115588253
7546.0 0.3797514580942692
7548.0 0.3787156850326559
7550.0 0.3776799119710426
7552.0 0.3766441389094292
7554.0 0.3756083658478159
7556.0 0.3745725927862028
7558.0 0.373536819724589
7560.0 0.3725010466629758
7562.0 0.37146527360136233
7564.0 0.3704295005397491
7566.0 0.3683412329049469
7568.0 0.3666970786373626
7570.0 0.36682732772353294
7572.0 0.36466200074390154
7574.0 0.35637608906306967
7576.0 0.3426695212629711
7578.0 0.32736583992631235
7580.0 0.3137222865152575
7582.0 0.3061078495912738
7584.0 0.30630872878743365
7586.0 0.3126445521742666
7588.0 0.3226803215801106
7590.0 0.33392315226741304
7592.0 0.34363370184920383
7594.0 0.35077731831326675
7596.0 0.3574672628251371
7598.0 0.36255758089208245
7600.0 0.36096710197086296
7602.0 0.3509455699949242
7604.0 0.3361769649793175
7606.0 0.3226738791015493
7608.0 0.31398648887489883
7610.0 0.31402702972002483
7612.0 0.3220430161696598
7614.0 0.33192518348942524
7616.0 0.3401695192142775
7618.0 0.34555569567409394
7620.0 0.34787665813844104
7622.0 0.34770262666016855
7624.0 0.3467038503245423
7626.0 0.34556060167508706
7628.0 0.3443669865299442
7630.0 0.3434092844455316
7632.0 0.34291297961003103
7634.0 0.3429110730121635
7636.0 0.3431917932501147
7638.0 0.34335386037280446
7640.0 0.342596544286859
7642.0 0.3393418821926117
7644.0 0.33376887905101976
7646.0 0.32763345426138213
7648.0 0.3221473104940095
7650.0 0.31731781091982303
7652.0 0.3126891870831057
7654.0 0.30860233695742095
7656.0 0.3057240293121444
7658.0 0.3047800212657663
7660.0 0.30673259756341137
7662.0 0.31184906922601063
7664.0 0.3195842444680168
7666.0 0.32910086447852865
7668.0 0.339995090786984
7670.0 0.35241401937010125
7672.0 0.3653513871479922
7674.0 0.3770569823187972
7676.0 0.3868475846262983
7678.0 0.3950659607323699
7680.0 0.4021041817146387
7682.0 0.4079715001889951
7684.0 0.41256207084985197
7686.0 0.4161015031940615
7688.0 0.4188823089230897
7690.0 0.42127532710955395
7692.0 0.42378439045934696
7694.0 0.4265418042371156
7696.0 0.42915392915089084
7698.0 0.43101563827532946
7700.0 0.43176605478043567
7702.0 0.4310369820281725
7704.0 0.4285906683416451
7706.0 0.42469866293788017
7708.0 0.4187903722981158
7710.0 0.4094961794174364
7712.0 0.3955979526739013
7714.0 0.37780587480879385
7716.0 0.35740711296453737
7718.0 0.3358413692258756
7720.0 0.31419311579607967
7722.0 0.29416329348967596
7724.0 0.27722929625236464
7726.0 0.26489973277730444
7728.0 0.25767545401239633
7730.0 0.2561113433075752
7732.0 0.2592184087197233
7734.0 0.26515807680169806
7736.0 0.27352358245922315
7738.0 0.2853337765501828
7740.0 0.3002156655939025
7742.0 0.3164300416627792
7744.0 0.3314759985578262
7746.0 0.3450918582143929
7748.0 0.35743806257441885
7750.0 0.36901839261758457
7752.0 0.38108930459120016
7754.0 0.3933928633758338
7756.0 0.40460669806541505
7758.0 0.41290670456842343
7760.0 0.41398947714671464
7762.0 0.41200508622522664
7764.0 0.41002069530373864
7766.0 0.4080363043822507
7768.0 0.4060519134607629
7770.0 0.4040675225392748
7772.0 0.40208313161778686
7774.0 0.4000987406962988
7776.0 0.39811434977481097
7778.0 0.3961299588533233
7780.0 0.39414556793183475
7782.0 0.392161177010347
7784.0 0.39017678608885914
7786.0 0.38819239516737103
7788.0 0.3862080042458831
7790.0 0.38422361332439503
7792.0 0.38223922240290753
7794.0 0.3802548314814193
7796.0 0.37827044055993103
7798.0 0.37628604963844337
7800.0 0.3710471026780596
7802.0 0.3652385644528512
7804.0 0.3615434372950889
7806.0 0.35945236230848576
7808.0 0.358108532596588
7810.0 0.3574657567664407
7812.0 0.35785022137352773
7814.0 0.3587552352551509
7816.0 0.3592735577842188
7818.0 0.35891141866685167
7820.0 0.3584025725888786
7822.0 0.35920928261075785
7824.0 0.3604506156124646
7826.0 0.36068207388388746
7828.0 0.359845361359117
7830.0 0.3583277756565019
7832.0 0.3567292407404299
7834.0 0.35540726664265504
7836.0 0.35484500419171305
7838.0 0.3547292356886806
7840.0 0.3549261420203617
7842.0 0.3547317724009954
7844.0 0.35284397940983725
7846.0 0.349612344691829
7848.0 0.3468335170346312
7850.0 0.3464411457267329
7852.0 0.34728477885145476
7854.0 0.3474024440600753
7856.0 0.34706413030568783
7858.0 0.34672734072339856
7860.0 0.3466219622193618
7862.0 0.3469668929212851
7864.0 0.34766940387168777
7866.0 0.3480503866374605
7868.0 0.34666575301271957
7870.0 0.34468857046767243
7872.0 0.34315109239503366
7874.0 0.3429928873400305
7876.0 0.34558204316724567
7878.0 0.35048382387308635
7880.0 0.3550661552421774
7882.0 0.35551626351317905
7884.0 0.3535519602225787
7886.0 0.35042217224467154
7888.0 0.34784664336747634
7890.0 0.3479555930980218
7892.0 0.35079047563831356
7894.0 0.3542476724082111
7896.0 0.35589273095511975
7898.0 0.35628774524533496
7900.0 0.355821455502352
7902.0 0.3547215821905764
7904.0 0.3531079784656048
7906.0 0.3512674277153623
7908.0 0.3492450416093935
7910.0 0.34736192762137147
7912.0 0.34605258585211907
7914.0 0.34652154457164563
7916.0 0.3472816333989841
7918.0 0.3466661215907351
7920.0 0.34468872848210846
7922.0 0.34171065449268495
7924.0 0.33851397907350383
7926.0 0.33580379121309295
7928.0 0.33473356257751447
7930.0 0.3351862454509271
7932.0 0.3376168092895172
7934.0 0.3412004079773197
7936.0 0.34546793742603893
7938.0 0.3492176145691764
7940.0 0.3515327384943547
7942.0 0.35120837112716125
7944.0 0.3497491453378703
7946.0 0.34935808326465395
7948.0 0.3490359350533419
7950.0 0.34721946512617413
7952.0 0.3445494276617854
7954.0 0.34265995706744534
7956.0 0.34279650473625467
7958.0 0.34375304918685223
7960.0 0.3439935581580521
7962.0 0.3439342828731182
7964.0 0.3441257334866805
7966.0 0.343899384339748
7968.0 0.3420993098677686
7970.0 0.33846120025114024
7972.0 0.334255608888826
7974.0 0.3309999017694106
7976.0 0.32917826668229794
7978.0 0.33028155414130084
7980.0 0.3330559064398992
7982.0 0.33622139186470107
7984.0 0.3387091761279014
7986.0 0.34063724652593236
7988.0 0.341811084263246
7990.0 0.3426993642670722
7992.0 0.3439983247267275
7994.0 0.34530627636506894
7996.0 0.34622416672927253
7998.0 0.34671734032057094
8000.0 0.3471713375482312
8002.0 0.34770311457632475
8004.0 0.3476759225011895
8006.0 0.34609406979788926
8008.0 0.3432397995306105
8010.0 0.3383080756051925
8012.0 0.33300198242216716
8014.0 0.32908188728882115
8016.0 0.3280014397410537
8018.0 0.328817411618631
8020.0 0.3312276020582117
8022.0 0.33336576405786605
8024.0 0.33183817622403555
8026.0 0.3295138253155124
8028.0 0.32984102807671867
8030.0 0.3337519810523943
8032.0 0.3389624545567341
8034.0 0.34324679096707866
8036.0 0.34634940751744053
8038.0 0.3468428663526427
8040.0 0.3454879991562806
8042.0 0.3423882238626448
8044.0 0.338635547273488
8046.0 0.3349745066524785
8048.0 0.3325629090902625
8050.0 0.3309949315160761
8052.0 0.33072232768461657
8054.0 0.3307155296459963
8056.0 0.33009716279617335
8058.0 0.3289729321191308
8060.0 0.3279443969807275
8062.0 0.3271814688715743
8064.0 0.3261177076859975
8066.0 0.32385217232616736
8068.0 0.32186555419150226
8070.0 0.32142842035526203
8072.0 0.32225374459632194
8074.0 0.3242837313395932
8076.0 0.3266640730788553
8078.0 0.32841489338988494
8080.0 0.32810520320695663
8082.0 0.32745993000885404
8084.0 0.32816062542088464
8086.0 0.32917024793604566
8088.0 0.32956881105150904
8090.0 0.3294281529323628
8092.0 0.3295652486447409
8094.0 0.3304120361165768
8096.0 0.33102386077536283
8098.0 0.3307400330891116
8100.0 0.3290018605681062
8102.0 0.3240488259824958
8104.0 0.3181268484823081
8106.0 0.3139133722246787
8108.0 0.31304104840823427
8110.0 0.31298604172151756
8112.0 0.3115789362228986
8114.0 0.3100000834608589
8116.0 0.3086038983449174
8118.0 0.3071601277573317
8120.0 0.3053534146727814
8122.0 0.30319521144693257
8124.0 0.3010341986980674
8126.0 0.2992204713646679
8128.0 0.29735791124171373
8130.0 0.29528218191528016
8132.0 0.2927967684778453
8134.0 0.2893541011647718
8136.0 0.28573435071374803
8138.0 0.28313114920298965
8140.0 0.28255135006556936
8142.0 0.28246254786123404
8144.0 0.2811714577346164
8146.0 0.2804160612414238
8148.0 0.28159815868647053
8150.0 0.28374605642178574
8152.0 0.2854671909787775
8154.0 0.28565989391602875
8156.0 0.2849292173423201
8158.0 0.2829555735070404
8160.0 0.28173193404224256
8162.0 0.2836080876771695
8164.0 0.2862047455655968
8166.0 0.28682983888436475
8168.0 0.28491850619285597
8170.0 0.2827807807003043
8172.0 0.2823528801207598
8174.0 0.28360514980777096
8176.0 0.28755864604446296
8178.0 0.29334178460355476
8180.0 0.3007150715757637
8182.0 0.30853290027874486
8184.0 0.31628996270670773
8186.0 0.32266830337768876
8188.0 0.32672235433924407
8190.0 0.32600278382684017
8192.0 0.3241216221979958
8194.0 0.323412434569153
8196.0 0.32376651510665166
8198.0 0.3239609698047727
8200.0 0.3229319065692306
8202.0 0.3201608864726712
8204.0 0.31412663041574385
8206.0 0.30776027790161176
8208.0 0.30209249943001065
8210.0 0.2997064535456888
8212.0 0.3030873986860493
8214.0 0.31115545645721127
8216.0 0.3188753492518829
8218.0 0.3213489689836276
8220.0 0.32176598430485776
8222.0 0.3201925813361974
8224.0 0.32001194852791803
8226.0 0.32432917964023744
8228.0 0.3319903688979582
8230.0 0.33895937310618823
8232.0 0.3420239657613587
8234.0 0.3431633590272528
8236.0 0.3426872857199836
8238.0 0.34088075714012644
8240.0 0.33777473642725714
8242.0 0.33418645603759
8244.0 0.3308026474633658
8246.0 0.3280314348752961
8248.0 0.32483731604873695
8250.0 0.3202288587598173
8252.0 0.31650234591131493
8254.0 0.31529112251903885
8256.0 0.31500101575093276
8258.0 0.31371480775977056
8260.0 0.31095936307743527
8262.0 0.30846662659912233
8264.0 0.3073183846999573
8266.0 0.30593769336963184
8268.0 0.30348561004708063
8270.0 0.3000901448439654
8272.0 0.29576353668188854
8274.0 0.29125719392929944
8276.0 0.28748283060984015
8278.0 0.28517477623896514
8280.0 0.283070852122388
8282.0 0.28016889811702217
8284.0 0.27907840941414774
8286.0 0.28159109797424875
8288.0 0.28729379442282604
8290.0 0.29516576368053754
8292.0 0.30319735024524735
8294.0 0.30843930802051384
8296.0 0.30720744276911516
8298.0 0.3038361487778327
8300.0 0.2999870604549559
8302.0 0.2965632120473166
8304.0 0.2935939191787495
8306.0 0.29146710478221083
8308.0 0.2901129953607183
8310.0 0.28948186198893855
8312.0 0.2879881203236049
8314.0 0.2844982179744004
8316.0 0.27947995431516787
8318.0 0.2733866301302245
8320.0 0.26659633746706424
8322.0 0.25932132378159745
8324.0 0.25160101278330893
8326.0 0.2423040725796467
8328.0 0.23057985580015516
8330.0 0.2175839379290987
8332.0 0.2039883717023128
8334.0 0.19038037872926344
8336.0 0.17687565199917638
8338.0 0.1639997266700973
8340.0 0.15216867243849339
8342.0 0.14191451276724223
8344.0 0.13204235193753328
8346.0 0.12199850238675382
8348.0 0.1115907258798095
8350.0 0.10079952609073785
8352.0 0.0901170220376928
8354.0 0.08056576740373354
8356.0 0.07294135854572988
8358.0 0.06629489752149309
8360.0 0.06026906063085936
8362.0 0.05500588552237327
8364.0 0.05065562329738822
8366.0 0.0471827332889337
8368.0 0.044508865973376666
8370.0 0.04252342275091889
8372.0 0.041056398788079554
8374.0 0.039955466941188865
8376.0 0.03938005490103876
8378.0 0.03942056486803041
8380.0 0.03974521669827914
8382.0 0.03995007173370289
8384.0 0.03999071422120142
8386.0 0.040594767996335525
8388.0 0.04218348347401406
8390.0 0.04407733150618372
8392.0 0.04597429070471557
8394.0 0.04733227466544192
8396.0 0.047781709849382646
8398.0 0.04758763386394656
8400.0 0.047872402691366334
8402.0 0.049272063861661296
8404.0 0.05081539404655466
8406.0 0.05212238385134605
8408.0 0.05298229864667623
8410.0 0.053307338703174126
8412.0 0.053515050999734186
8414.0 0.05429001167064914
8416.0 0.05610376326748483
8418.0 0.05883671198151624
8420.0 0.06251106664619699
8422.0 0.06644258190085975
8424.0 0.07018220108642738
8426.0 0.07375785551260373
8428.0 0.07746747425898351
8430.0 0.08171945666512952
8432.0 0.08741338691400105
8434.0 0.09491844587598834
8436.0 0.1020578066942877
8438.0 0.1077155079941522
8440.0 0.11186999523509046
8442.0 0.11498863626047008
8444.0 0.11748702882388577
8446.0 0.11982776821670232
8448.0 0.12245074466083695
8450.0 0.12543501419649683
8452.0 0.12897047104631498
8454.0 0.13305652777244356
8456.0 0.13765501744913008
8458.0 0.14281865369075714
8460.0 0.14858730086166688
8462.0 0.1550701008467679
8464.0 0.16257364769366184
8466.0 0.17122491060756867
8468.0 0.18061048350449083
8470.0 0.1903818409569988
8472.0 0.20016029729344334
8474.0 0.2096895704697321
8476.0 0.2184589554247779
8478.0 0.22588615810082965
8480.0 0.23154028007060226
8482.0 0.23543857353538836
8484.0 0.23761695791644083
8486.0 0.23883648714509506
8488.0 0.2398518259810902
8490.0 0.24083201565969464
8492.0 0.24118480770392803
8494.0 0.24076604266346296
8496.0 0.23987084374785436
8498.0 0.2385497201281565
8500.0 0.23655648308394092
8502.0 0.23385833048844556
8504.0 0.23156748859137813
8506.0 0.2316241717741363
8508.0 0.2339414259984055
8510.0 0.23467641859112534
8512.0 0.2325243352622057
8514.0 0.22986719005542003
8516.0 0.22814712811482746
8518.0 0.2266794419111909
8520.0 0.22382008493784855
8522.0 0.21957609677625156
8524.0 0.21588341188882396
8526.0 0.21319483748411078
8528.0 0.20983685246776596
8530.0 0.20531224345017143
8532.0 0.2009006494906278
8534.0 0.19826429208774304
8536.0 0.19726211817195485
8538.0 0.1956424217317356
8540.0 0.192650454764797
8542.0 0.18952340550382063
8544.0 0.1871145702278026
8546.0 0.1859755967950533
8548.0 0.1862761808362089
8550.0 0.18797691883444864
8552.0 0.19075228031986338
8554.0 0.19428556345271442
8556.0 0.19832836739515644
8558.0 0.20250500615271988
8560.0 0.20575300599033222
8562.0 0.20770048376770167
8564.0 0.2097974413982141
8566.0 0.2142449719560288
8568.0 0.2212534193232659
8570.0 0.22901560967585707
8572.0 0.23686406139057198
8574.0 0.24479253620976932
8576.0 0.2526666824516366
8578.0 0.26038989784818867
8580.0 0.26797223204294607
8582.0 0.2755905288486977
8584.0 0.2835876703602292
8586.0 0.29219743250686525
8588.0 0.3011804414882454
8590.0 0.3109683630139135
8592.0 0.3234405848847696
8594.0 0.33973397067322153
8596.0 0.3581672409881642
8598.0 0.3748390829293765
8600.0 0.38930624690819826
8602.0 0.40433183368580455
8604.0 0.42085772566759794
8606.0 0.43941035897280056
8608.0 0.4595405988902656
8610.0 0.47879920559231914
8612.0 0.49387526626785827
8614.0 0.5049575676201107
8616.0 0.5152303843685452
8618.0 0.5258431238444286
8620.0 0.537016843533201
8622.0 0.5490602795216296
8624.0 0.5617924396165425
8626.0 0.5748496816162049
8628.0 0.5881853358461919
8630.0 0.6018778206460498
8632.0 0.6159538808487184
8634.0 0.6307257969652901
8636.0 0.6461863283051239
8638.0 0.6614323682654567
8640.0 0.6758247398620509
8642.0 0.6903620438485648
8644.0 0.7076316667388888
8646.0 0.7266318142637154
8648.0 0.7435746342752597
8650.0 0.7568274006830428
8652.0 0.7661263878311224
8654.0 0.7715115549143029
8656.0 0.7733901202254511
8658.0 0.7724992203002039
8660.0 0.7698061217575117
8662.0 0.7670044363472792
8664.0 0.7642507496477561
8666.0 0.7603558962697845
8668.0 0.7545057612179015
8670.0 0.7462517031937171
8672.0 0.7355035687369624
8674.0 0.7230788734765315
8676.0 0.7106519230788014
8678.0 0.698529294372387
8680.0 0.6859327589512237
8682.0 0.6734826595175829
8684.0 0.6631258397857066
8686.0 0.6561709815205502
8688.0 0.6513770502849567
8690.0 0.6458269465741397
8692.0 0.6392205936933553
8694.0 0.6319316059274127
8696.0 0.6246189169774937
8698.0 0.6189506299367403
8700.0 0.6157019599206823
8702.0 0.613680328537931
8704.0 0.6108532493501476
8706.0 0.6079161879836364
8708.0 0.6072247916441454
8710.0 0.6087443197677297
8712.0 0.6118580327609808
8714.0 0.6150324208665917
8716.0 0.616237618308974
8718.0 0.6131961267310888
8720.0 0.6056393547538442
8722.0 0.5934507588998259
8724.0 0.5775832598057845
8726.0 0.5589943857643304
8728.0 0.539782388106107
8730.0 0.5224136868689657
8732.0 0.5092331902231672
8734.0 0.50041098606619
8736.0 0.4961860156239684
8738.0 0.494034081343078
8740.0 0.4892140982831364
8742.0 0.48132543313886805
8744.0 0.47270751909485986
8746.0 0.4653052450111247
8748.0 0.4593805536342572
8750.0 0.4550264486465256
8752.0 0.4510248207621231
8754.0 0.4445490486727481
8756.0 0.43643328930842223
8758.0 0.42949120643449495
8760.0 0.4248373161421139
8762.0 0.4212964883258103
8764.0 0.4172180377206795
8766.0 0.41262207074762947
8768.0 0.4076154541714742
8770.0 0.4030403197112575
8772.0 0.4004176379663761
8774.0 0.39970229996016454
8776.0 0.3996596543693274
8778.0 0.39899406357649275
8780.0 0.3977408470209782
8782.0 0.39605765361762624
8784.0 0.3942937863847847
8786.0 0.3932986526629413
8788.0 0.3925235732744611
8790.0 0.39074099629217096
8792.0 0.38705242284971997
8794.0 0.38177098588823033
8796.0 0.3754601527892475
8798.0 0.36807656699744024
8800.0 0.35895541898209454
8802.0 0.34894124024305206
8804.0 0.33916564429567514
8806.0 0.3308096083226445
8808.0 0.32456339166740017
8810.0 0.32098096833567336
8812.0 0.31877626282217925
8814.0 0.31527533218384063
8816.0 0.31108114718922286
8818.0 0.30746296872145246
8820.0 0.3053601699513471
8822.0 0.30544309545430015
8824.0 0.3079008698861036
8826.0 0.311512166865996
8828.0 0.31403519490527443
8830.0 0.3156926128095567
8832.0 0.31712985828558776
8834.0 0.31844756606360514
8836.0 0.3198620394396798
8838.0 0.3209382248507112
8840.0 0.3206085476682341
8842.0 0.31715130545328374
8844.0 0.3112832928775013
8846.0 0.3044089000905625
8848.0 0.2964631086043139
8850.0 0.2866353284632717
8852.0 0.27509197113974454
8854.0 0.2625692525585773
8856.0 0.25021352976897254
8858.0 0.23899430445590403
8860.0 0.23120217064276966
8862.0 0.22558339702533087
8864.0 0.22018724288977373
8866.0 0.21438234241442913
8868.0 0.20855762670687958
8870.0 0.20334908996116136
8872.0 0.19938737626176067
8874.0 0.19815174143042846
8876.0 0.199036528479655
8878.0 0.20111974253865425
8880.0 0.20458135563600338
8882.0 0.21016714243307905
8884.0 0.21808813170330602
8886.0 0.22765514109779467
8888.0 0.23800688182813035
8890.0 0.24876808781273252
8892.0 0.25987692725348643
8894.0 0.270266756186769
8896.0 0.27880276583346136
8898.0 0.28484179541126947
8900.0 0.2889578354231443
8902.0 0.29174652277389973
8904.0 0.2926406402427064
8906.0 0.2896638754018242
8908.0 0.28530863661260847
8910.0 0.2826890629245842
8912.0 0.28249614527687444
8914.0 0.28308201668066485
8916.0 0.2830546412977525
8918.0 0.2830588737857932
8920.0 0.28399563459745103
8922.0 0.2857844342687731
8924.0 0.2888854171889136
8926.0 0.29231066368945813
8928.0 0.29454448073524164
8930.0 0.2949778514344575
8932.0 0.2953209940802579
8934.0 0.29806244643791596
8936.0 0.3012750250355912
8938.0 0.3028492259995728
8940.0 0.30241411178047206
8942.0 0.2994576949933499
8944.0 0.2953783632888763
8946.0 0.2926401674062159
8948.0 0.2943190160590124
8950.0 0.2980123767690054
8952.0 0.301120457916179
8954.0 0.303289413774572
8956.0 0.304627811585058
8958.0 0.3048997429839083
8960.0 0.30381420950984633
8962.0 0.3010975562760109
8964.0 0.29725336397553803
8966.0 0.2918190852622955
8968.0 0.2882868775741539
8970.0 0.29157270025693727
8972.0 0.29919381417999424
8974.0 0.3066819752546621
8976.0 0.3097499571023069
8978.0 0.30915231545857913
8980.0 0.3043447288419774
8982.0 0.298111301701252
8984.0 0.29314373135908955
8986.0 0.2893509429697713
8988.0 0.28621034911717746
8990.0 0.2828162053485726
8992.0 0.2783382845210918
8994.0 0.271542564013589
8996.0 0.2630350745620983
8998.0 0.2527735351235743
9000.0 0.24173522074101755
9002.0 0.23064556037507755
9004.0 0.22033827634588085
9006.0 0.21084777006709274
9008.0 0.20253764786443945
9010.0 0.19574756560909723
9012.0 0.19203505033415635
9014.0 0.1891912765966136
9016.0 0.18525273760858374
9018.0 0.18018537625012346
9020.0 0.17488929256650673
9022.0 0.17022232473916243
9024.0 0.16638996254161098
9026.0 0.1638810719567538
9028.0 0.16208868957502845
9030.0 0.16045306512894034
9032.0 0.15900507339349887
9034.0 0.15781926596506712
9036.0 0.15719040561890432
9038.0 0.15729275580089389
9040.0 0.1584387898358747
9042.0 0.1607958068395622
9044.0 0.1649884798122657
9046.0 0.16994218541158385
9048.0 0.1744611135240743
9050.0 0.17869537373272543
9052.0 0.18384394871830623
9054.0 0.1908328335242347
9056.0 0.19855472079988284
9058.0 0.20567545964137582
9060.0 0.2132562700252623
9062.0 0.2223432611928425
9064.0 0.23236416791734985
9066.0 0.24275760266762045
9068.0 0.2521530111820746
9070.0 0.2594723010246786
9072.0 0.2614221819538383
9074.0 0.26349989905300625
9076.0 0.2702353350492572
9078.0 0.280889881984964
9080.0 0.2949380786577839
9082.0 0.3094827473483929
9084.0 0.32170290580923844
9086.0 0.3265107622860229
9088.0 0.3277664442141176
9090.0 0.327268904869438
9092.0 0.3257766732770578
9094.0 0.32333235666789445
9096.0 0.32107405347242907
9098.0 0.3196666436697376
9100.0 0.32009873546579476
9102.0 0.3214706662246299
9104.0 0.324191593797396
9106.0 0.32507279905776365
9108.0 0.32069116359187505
9110.0 0.31263682840393514
9112.0 0.3036133375392093
9114.0 0.29653687150113006
9116.0 0.29108314330116086
9118.0 0.28896551115737334
9120.0 0.28798152881524897
9122.0 0.286925986430383
9124.0 0.28539238795072724
9126.0 0.2834627092440697
9128.0 0.28113094429863855
9130.0 0.27847180251724685
9132.0 0.2754507554266827
9134.0 0.27248592637002567
9136.0 0.2710027063979499
9138.0 0.26843115726092076
9140.0 0.2620725021235423
9142.0 0.25225834307067574
9144.0 0.2416562604009374
9146.0 0.23292335936332315
9148.0 0.2244019759856458
9150.0 0.21532797202375897
9152.0 0.20669502464121617
9154.0 0.19929062029895614
9156.0 0.19288726635126766
9158.0 0.1867724818264301
9160.0 0.18063230381789103
9162.0 0.1751820918727765
9164.0 0.1710830338334284
9166.0 0.16860550696269255
9168.0 0.16847774797376663
9170.0 0.16970600581799108
9172.0 0.17107299349067542
9174.0 0.17252665071023932
9176.0 0.17567547462685468
9178.0 0.1819272980670917
9180.0 0.18862707407058776
9182.0 0.19404145002625464
9184.0 0.19827951655639314
9186.0 0.20120522460769097
9188.0 0.20370454429852852
9190.0 0.20685366960181284
9192.0 0.212111982045131
9194.0 0.21917872016675513
9196.0 0.22899407130610114
9198.0 0.23907321514010535
9200.0 0.24759833596137276
9202.0 0.254522849922106
9204.0 0.26095910284199497
9206.0 0.2675923678864247
9208.0 0.27424383593477736
9210.0 0.2811223215950893
9212.0 0.28780975639283335
9214.0 0.29432766335370353
9216.0 0.29980926234601185
9218.0 0.30333741508109174
9220.0 0.3049960276111935
9222.0 0.30630459808485294
9224.0 0.3086670277432687
9226.0 0.3115792831330635
9228.0 0.31558592038194794
9230.0 0.31922373700721385
9232.0 0.3213075374254009
9234.0 0.3214719908286863
9236.0 0.32066573233230344
9238.0 0.3195838774701543
9240.0 0.3185212569697484
9242.0 0.31826857122901236
9244.0 0.31759908355726685
9246.0 0.31553039897896795
9248.0 0.31245578383453493
9250.0 0.3095325496555221
9252.0 0.3072446833966563
9254.0 0.3040018194365172
9256.0 0.2982508034701619
9258.0 0.2915235980530334
9260.0 0.28382909062312706
9262.0 0.27799539482420343
9264.0 0.2765959145331644
9266.0 0.2800652040442402
9268.0 0.28476588173082107
9270.0 0.2877107428129019
9272.0 0.2884569156840658
9274.0 0.2852257220680251
9276.0 0.28095680140537094
9278.0 0.2781854434183117
9280.0 0.2774952232534711
9282.0 0.2771635328788569
9284.0 0.27646390780337193
9286.0 0.2755533811453502
9288.0 0.27428396574568037
9290.0 0.27157728662269814
9292.0 0.26631280452803524
9294.0 0.2603467464034171
9296.0 0.25631295381388536
9298.0 0.2556492646641803
9300.0 0.2556330356805686
9302.0 0.25458896704694023
9304.0 0.2539416755966156
9306.0 0.2544587580788216
9308.0 0.2544435721626289
9310.0 0.2520505485019287
9312.0 0.2470987578428147
9314.0 0.24202640312040136
9316.0 0.23850691544518424
9318.0 0.23382895685509858
9320.0 0.2262357953502563
9322.0 0.22107147909198394
9324.0 0.2234010030022187
9326.0 0.23054626197388187
9328.0 0.23402349860918661
9330.0 0.22830860466193023
9332.0 0.21960546643991846
9334.0 0.21032980807331994
9336.0 0.20379388686369496
9338.0 0.20277883773320143
9340.0 0.20399368571666376
9342.0 0.20190060445512373
9344.0 0.19407384209734135
9346.0 0.1857322647701777
9348.0 0.17991461318683322
9350.0 0.1767601876425875
9352.0 0.17710313344378092
9354.0 0.17899318851454055
9356.0 0.18018162412074468
9358.0 0.18107691275341384
9360.0 0.18598751218621315
9362.0 0.1976874845213483
9364.0 0.21077134393238237
9366.0 0.22274460277199537
9368.0 0.23210783100150495
9370.0 0.23818948471429402
9372.0 0.2413230428045108
9374.0 0.24306558332908468
9376.0 0.24499489978580133
9378.0 0.2492701995317486
9380.0 0.25770866200603554
9382.0 0.26558038650384785
9384.0 0.2695710038291509
9386.0 0.27083127451286393
9388.0 0.2729569283320568
9390.0 0.2780266812438291
9392.0 0.28561504506008156
9394.0 0.295962948453202
9396.0 0.30563722908047236
9398.0 0.31262405122910003
9400.0 0.3131460759350467
9402.0 0.3043072670767999
9404.0 0.2893392820056031
9406.0 0.2803681062443551
9408.0 0.2852209844183242
9410.0 0.2933813291621305
9412.0 0.3007882522547823
9414.0 0.3008934612289237
9416.0 0.2894277686001556
9418.0 0.27256329625296777
9420.0 0.26542379084060924
9422.0 0.2754280857065417
9424.0 0.28887716954267406
9426.0 0.29952084572307164
9428.0 0.30228889757948396
9430.0 0.29414016209501
9432.0 0.27927771560088
9434.0 0.2653446371652515
9436.0 0.2579161396836043
9438.0 0.2586247204579961
9440.0 0.2691076183670121
9442.0 0.28030717605109745
9444.0 0.2871167343664633
9446.0 0.28842106307298154
9448.0 0.28552431042466286
9450.0 0.2798283557845607
9452.0 0.27438230298065647
9454.0 0.27123227873088274
9456.0 0.2684653987258713
9458.0 0.2658659662834192
9460.0 0.2662542696292825
9462.0 0.27175296647365493
9464.0 0.2797543078884517
9466.0 0.28390149636994627
9468.0 0.2809620470119306
9470.0 0.2737806153014717
9472.0 0.2637707938133031
9474.0 0.2559144496366968
9476.0 0.25354659776258814
9478.0 0.25771665272577976
9480.0 0.26729695400980535
9482.0 0.2797318714426971
9484.0 0.2891229560348237
9486.0 0.29153301657298986
9488.0 0.2863637653415563
9490.0 0.2736094521032941
9492.0 0.25829126823278803
9494.0 0.2459051246876636
9496.0 0.2396536917706814
9498.0 0.2393934551217509
9500.0 0.24502106611512878
9502.0 0.25228724478267905
9504.0 0.25881947831809454
9506.0 0.2626396116213115
9508.0 0.26290252551346516
9510.0 0.2611038770083154
9512.0 0.2612612754050499
9514.0 0.26457200997779373
9516.0 0.26743727537723133
9518.0 0.26881842395807426
9520.0 0.2704042941760509
9522.0 0.273311037283165
9524.0 0.2772630965218439
9526.0 0.28135167825669877
9528.0 0.28419726346113755
9530.0 0.2825667362469691
9532.0 0.2759844042223476
9534.0 0.2703200916494979
9536.0 0.2682878226835703
9538.0 0.26705103158863214
9540.0 0.2622627426136137
9542.0 0.25390497262877865
9544.0 0.24625072779126964
9546.0 0.24109163122572758
9548.0 0.23858766959987346
9550.0 0.23833831620998447
9552.0 0.23659161965914718
9554.0 0.2303053936781505
9556.0 0.22032641599907252
9558.0 0.2108868044126903
9560.0 0.20365434602352714
9562.0 0.19790190635556826
9564.0 0.19372657186655087
9566.0 0.1908575630230127
9568.0 0.18930103123038106
9570.0 0.1901021177759007
9572.0 0.19482750711719915
9574.0 0.20210837921907235
9576.0 0.20668270462975316
9578.0 0.20682015682513427
9580.0 0.20460304766442025
9582.0 0.20160947245486774
9584.0 0.1995820551796562
9586.0 0.19989695471789487
9588.0 0.20235577810869848
9590.0 0.2050897755103471
9592.0 0.20701174536989578
9594.0 0.2070100503765949
9596.0 0.20483288910674274
9598.0 0.2016169286296892
9600.0 0.19888390402014247
9602.0 0.19822353720746216
9604.0 0.20191636876345206
9606.0 0.2092252934049857
9608.0 0.21540501410665916
9610.0 0.21891270301432983
9612.0 0.22093958695619823
9614.0 0.2228099228705662
9616.0 0.22548083213379827
9618.0 0.2298655759777797
9620.0 0.23559387732904283
9622.0 0.24044284334899718
9624.0 0.24422917887807485
9626.0 0.24907362079094492
9628.0 0.2556238244442551
9630.0 0.2623567823440544
9632.0 0.26705429880622783
9634.0 0.2689654230716582
9636.0 0.2672628412712743
9638.0 0.26330192432332705
9640.0 0.2618517609218028
9642.0 0.26395233098474435
9644.0 0.2661385300179843
9646.0 0.2648616813265861
9648.0 0.26059100615910197
9650.0 0.2563122196109173
9652.0 0.2526249978972412
9654.0 0.24825894709010035
9656.0 0.24394923564842796
9658.0 0.2426005549269666
9660.0 0.24556153150687485
9662.0 0.250414442841578
9664.0 0.252611188482221
9666.0 0.2519825295941153
9668.0 0.25137234445334267
9670.0 0.2512131006566786
9672.0 0.25058460641280705
9674.0 0.2490980007922283
9676.0 0.2469716287097551
9678.0 0.2447274936094176
9680.0 0.24310517301890386
9682.0 0.24428321119450735
9684.0 0.24692996714716356
9686.0 0.24636084124024055
9688.0 0.24167482194504672
9690.0 0.23579861299622934
9692.0 0.23210024485223915
9694.0 0.23090755918416292
9696.0 0.23151475754708187
9698.0 0.23328976137686946
9700.0 0.235115934281956
9702.0 0.2366533847807026
9704.0 0.23845938177128578
9706.0 0.24073091499711188
9708.0 0.24279216870949913
9710.0 0.24355204593338672
9712.0 0.24306115952967264
9714.0 0.2415410472983553
9716.0 0.23980812428727347
9718.0 0.2396458229289411
9720.0 0.24147365476127258
9722.0 0.24364787699421014
9724.0 0.24384468415497806
9726.0 0.2422338426514502
9728.0 0.23992751455309322
9730.0 0.23746950854390012
9732.0 0.23550192115354615
9734.0 0.23399679203809495
9736.0 0.23197790325885742
9738.0 0.22881470023753092
9740.0 0.22565970851790926
9742.0 0.22534082771665467
9744.0 0.22713960990085283
9746.0 0.22882554074290734
9748.0 0.22973772891799946
9750.0 0.23008892188181324
9752.0 0.23030779676790322
9754.0 0.23088896267118125
9756.0 0.23267309865021552
9758.0 0.23508061063391458
9760.0 0.23719138293245676
9762.0 0.23808110938629143
9764.0 0.23643011206952239
9766.0 0.23231306033264362
9768.0 0.22732480422033574
9770.0 0.22368608397243234
9772.0 0.2217818395567483
9774.0 0.22244504868440013
9776.0 0.22425955314139254
9778.0 0.22412289811918598
9780.0 0.22185615464352576
9782.0 0.22016161887385538
9784.0 0.22147127848488202
9786.0 0.22420760543416884
9788.0 0.22459682502541553
9790.0 0.2231852544033637
9792.0 0.22150692601622365
9794.0 0.2201720733463243
9796.0 0.2190431463653343
9798.0 0.21836209976054285
9800.0 0.21901634787642835
9802.0 0.22274478104131284
9804.0 0.22732185927556411
9806.0 0.22841785248823276
9808.0 0.22636127965251576
9810.0 0.22329525068091843
9812.0 0.22103997934357625
9814.0 0.22024071123941372
9816.0 0.22154235073888567
9818.0 0.22353129197909058
9820.0 0.22330414843195234
9822.0 0.2214564861450655
9824.0 0.21955536165908288
9826.0 0.21838024143303475
9828.0 0.21771278295178795
9830.0 0.2173722121536544
9832.0 0.21776121372083868
9834.0 0.2205364653127759
9836.0 0.223698091578302
9838.0 0.22368946589222732
9840.0 0.2208831879624114
9842.0 0.2180858768791881
9844.0 0.21736860118660592
9846.0 0.21740432395789194
9848.0 0.2159003300388841
9850.0 0.21373915230409427
9852.0 0.21225976713595232
9854.0 0.21192408309391475
9856.0 0.21284770656577673
9858.0 0.21488800854121756
9860.0 0.21789783424491865
9862.0 0.22157710619959853
9864.0 0.22466599267486723
9866.0 0.22430333159421337
9868.0 0.22217910654295323
9870.0 0.22153980783460703
9872.0 0.22284769046601322
9874.0 0.22385644712230957
9876.0 0.22245935650323084
9878.0 0.21994603953220707
9880.0 0.2185083297374457
9882.0 0.21784902713696894
9884.0 0.21783183531122866
9886.0 0.2178162148546891
9888.0 0.21676991682189248
9890.0 0.2145216779149573
9892.0 0.2124656941098874
9894.0 0.2129715662952392
9896.0 0.21507989171653
9898.0 0.21829406677922072
9900.0 0.22125698324254395
9902.0 0.22256804774917566
9904.0 0.2215111114709643
9906.0 0.21891358384572843
9908.0 0.21579567197316482
9910.0 0.21186132120928797
9912.0 0.20597410464833596
9914.0 0.1997131987136235
9916.0 0.1958804274215472
9918.0 0.19418366744647564
9920.0 0.19138698851065203
9922.0 0.18467148571842681
9924.0 0.17712657620052896
9926.0 0.17434300589849036
9928.0 0.1734556279912573
9930.0 0.17069606004124976
9932.0 0.16679833674959427
9934.0 0.1646596847895138
9936.0 0.1663036828134594
9938.0 0.16984254545424737
9940.0 0.1730424415806285
9942.0 0.17541315894875595
9944.0 0.17574576616085988
9946.0 0.17523765488181675
9948.0 0.17554935937131944
9950.0 0.17777575100273907
9952.0 0.18118646704595617
9954.0 0.18505705153450636
9956.0 0.18858661908050206
9958.0 0.1901332354333738
9960.0 0.1910409625709018
9962.0 0.1931149935888996
9964.0 0.19630126491539338
9966.0 0.1989349456687939
9968.0 0.19963739040843426
9970.0 0.2003447926524724
9972.0 0.2049132799089844
9974.0 0.20998309545844446
9976.0 0.21157726515644973
9978.0 0.21006518128120485
9980.0 0.20817188604528014
9982.0 0.2083544917722654
9984.0 0.21010641324164703
9986.0 0.21454493004164044
9988.0 0.2179411720336904
9990.0 0.21413501003962934
9992.0 0.20728571432738807
9994.0 0.2040557696895732
9996.0 0.20782841372056907
9998.0 0.21476920901357335
