# z obs_date
# 0 52280
3580.0 0.0797799797644466
3582.0 0.08085427975315183
3584.0 0.07804512708717984
3586.0 0.08281103162427528
3588.0 0.08705591228519381
3590.0 0.07919325089185784
3592.0 0.07662928898601708
3594.0 0.08044042646009587
3596.0 0.07972474732298658
3598.0 0.07744599880828987
3600.0 0.07453206111360951
3602.0 0.07690047814834762
3604.0 0.08175403117847489
3606.0 0.07829305053910868
3608.0 0.07605092036052033
3610.0 0.0804770819773458
3612.0 0.08319399674563051
3614.0 0.08530702675973453
3616.0 0.08924993658186933
3618.0 0.09062752821138106
3620.0 0.09632178276397799
3622.0 0.10040488946115324
3624.0 0.10108597205204672
3626.0 0.09354153856284575
3628.0 0.07933147808277421
3630.0 0.07771272820209262
3632.0 0.08172980095798059
3634.0 0.08363854039305232
3636.0 0.08694354389306151
3638.0 0.09092776929434168
3640.0 0.08608895627048041
3642.0 0.08620266671811376
3644.0 0.09501878570508948
3646.0 0.09293634017207429
3648.0 0.08920439392973828
3650.0 0.09496885557536648
3652.0 0.09680173883360284
3654.0 0.09237366229524958
3656.0 0.08953770658833149
3658.0 0.08754436340884135
3660.0 0.0865496822304131
3662.0 0.09136222110296947
3664.0 0.09770051181123016
3666.0 0.0980167074279869
3668.0 0.0923857515926069
3670.0 0.09400735311542167
3672.0 0.0958825264697424
3674.0 0.0933221181601648
3676.0 0.09047982079572123
3678.0 0.08487517727627245
3680.0 0.08425429200175583
3682.0 0.08862538591959442
3684.0 0.09020634941432372
3686.0 0.09516045821482831
3688.0 0.09030027717557938
3690.0 0.09232153923831932
3692.0 0.08969307766320961
3694.0 0.08290738863914411
3696.0 0.07661493314096085
3698.0 0.07496834649842303
3700.0 0.0789908231897789
3702.0 0.08119205363180047
3704.0 0.0835286288113363
3706.0 0.08990495043814663
3708.0 0.08374214969382116
3710.0 0.08455643054132728
3712.0 0.09487080891301697
3714.0 0.10061354583701032
3716.0 0.09953501487483259
3718.0 0.09841661932138104
3720.0 0.08859629249645948
3722.0 0.09175674781261961
3724.0 0.09807649304773085
3726.0 0.08989280738980523
3728.0 0.08366532700768083
3730.0 0.0902617164526403
3732.0 0.0934756452345392
3734.0 0.09513115191369925
3736.0 0.0952170116016693
3738.0 0.08460218511169135
3740.0 0.08427849471759906
3742.0 0.08854778087422605
3744.0 0.09033418329409888
3746.0 0.09299858730279298
3748.0 0.08212852088933797
3750.0 0.07925219034021688
3752.0 0.08445710998283647
3754.0 0.09542820351471537
3756.0 0.09712837355124931
3758.0 0.09192283133801618
3760.0 0.09252479322922842
3762.0 0.09593858666432327
3764.0 0.09210482487749343
3766.0 0.08504169569987428
3768.0 0.08249756951747678
3770.0 0.0843505127057602
3772.0 0.08385265555363407
3774.0 0.08821861298766658
3776.0 0.0908495582605882
3778.0 0.07796007296726429
3780.0 0.08289879142305635
3782.0 0.0855186013364852
3784.0 0.08393120963547657
3786.0 0.08166849197143203
3788.0 0.08243364746949866
3790.0 0.08807254233273139
3792.0 0.09335457195929187
3794.0 0.08985003766141568
3796.0 0.08187748532286068
3798.0 0.08320423726879018
3800.0 0.08595470689250913
3802.0 0.0891968622399549
3804.0 0.09008827755088288
3806.0 0.09486648182686357
3808.0 0.09548597861192432
3810.0 0.10020757753802977
3812.0 0.10014766815609677
3814.0 0.10012011770794596
3816.0 0.10459706097808857
3818.0 0.11535328565845912
3820.0 0.11200578558581772
3822.0 0.1105199226226459
3824.0 0.10816300420722297
3826.0 0.10382005497965409
3828.0 0.10703425895006123
3830.0 0.10915547047237072
3832.0 0.10559176544784528
3834.0 0.10641559810747223
3836.0 0.11060877704699834
3838.0 0.11884246648527755
3840.0 0.12135984084176157
3842.0 0.12549483560435806
3844.0 0.12907939699819376
3846.0 0.13447635699015714
3848.0 0.1389087351436523
3850.0 0.14110647345525865
3852.0 0.15286604291556424
3854.0 0.15363724041017954
3856.0 0.15139119962164002
3858.0 0.1533601482452919
3860.0 0.1540564708585118
3862.0 0.15817062765576903
3864.0 0.1644290620701883
3866.0 0.16728023521752713
3868.0 0.16662334007705717
3870.0 0.1714729014859742
3872.0 0.17956058737599898
3874.0 0.18638097840712184
3876.0 0.1911247828712746
3878.0 0.18287830261287452
3880.0 0.187517269389802
3882.0 0.18420231775801824
3884.0 0.18385386195345166
3886.0 0.18936645992851114
3888.0 0.19279251526465374
3890.0 0.1911737233775496
3892.0 0.19703441509264993
3894.0 0.19518659619015621
3896.0 0.20169775054155925
3898.0 0.20922560761957165
3900.0 0.2165388829432847
3902.0 0.21763817608596897
3904.0 0.21426308992894155
3906.0 0.21552601247518416
3908.0 0.2095072745292723
3910.0 0.20872360613034138
3912.0 0.213262893655999
3914.0 0.21859070124738833
3916.0 0.21922661072102065
3918.0 0.22142181577117864
3920.0 0.22778334393201297
3922.0 0.23495601855359796
3924.0 0.23394451083891604
3926.0 0.22867510743890962
3928.0 0.2273926625143271
3930.0 0.21894644285029977
3932.0 0.20788805607150054
3934.0 0.21011279829568213
3936.0 0.21547956770894228
3938.0 0.2279386009444286
3940.0 0.23166333423499585
3942.0 0.2286471878750349
3944.0 0.22821235646910515
3946.0 0.22067813331911765
3948.0 0.22209806439165375
3950.0 0.22404042296582494
3952.0 0.21738825191719377
3954.0 0.21379206544925217
3956.0 0.21260665730018283
3958.0 0.20898428506197822
3960.0 0.20719990791432807
3962.0 0.20565198874746993
3964.0 0.19753440260506747
3966.0 0.18893535853780405
3968.0 0.18755056269989354
3970.0 0.19306920293976187
3972.0 0.19884251609640827
3974.0 0.2034386531554645
3976.0 0.20102107792090906
3978.0 0.20285914814730935
3980.0 0.20052137112456792
3982.0 0.19464114058249332
3984.0 0.19088750869718557
3986.0 0.1853073985515375
3988.0 0.1837667292379262
3990.0 0.18489580307924044
3992.0 0.1852440844919597
3994.0 0.18958610391336433
3996.0 0.19131890085835299
3998.0 0.1933150248426246
4000.0 0.1920567454542394
4002.0 0.1900901503893132
4004.0 0.1881626230190061
4006.0 0.1913300077245999
4008.0 0.18590506968314963
4010.0 0.18529700618259937
4012.0 0.19133661684338735
4014.0 0.19637245107653348
4016.0 0.20498541820404093
4018.0 0.20748560975699484
4020.0 0.21107317534287953
4022.0 0.21408754648942438
4024.0 0.2092112384462843
4026.0 0.21900958620426011
4028.0 0.22609110787410938
4030.0 0.23118626903229725
4032.0 0.23565029410696364
4034.0 0.23599107349083015
4036.0 0.22950827237381138
4038.0 0.22721089424219687
4040.0 0.22954377433660347
4042.0 0.2280915077110092
4044.0 0.22511126259152284
4046.0 0.22920797539929513
4048.0 0.2296429765155139
4050.0 0.2276671039693928
4052.0 0.22976250432648088
4054.0 0.23290116765629526
4056.0 0.2365690628012419
4058.0 0.2375429276665855
4060.0 0.23489412803155058
4062.0 0.23654356590011646
4064.0 0.23369012754239576
4066.0 0.2299181414978017
4068.0 0.2289485018594027
4070.0 0.22581881768379883
4072.0 0.22682065538973312
4074.0 0.22402095957021864
4076.0 0.22409660819227267
4078.0 0.23041294140011717
4080.0 0.2332883250373177
4082.0 0.22865373575013118
4084.0 0.2276115953453301
4086.0 0.22423149084880345
4088.0 0.22694106536334202
4090.0 0.2312901521212906
4092.0 0.2319931365457746
4094.0 0.2330547094533376
4096.0 0.2367826273587399
4098.0 0.2357436977765737
4100.0 0.23138951414967704
4102.0 0.23359696773472713
4104.0 0.23748070624000284
4106.0 0.23290228439248498
4108.0 0.22727237705050962
4110.0 0.22639264711560458
4112.0 0.2279124027778285
4114.0 0.2271073298265228
4116.0 0.22595545558122332
4118.0 0.2277095531074082
4120.0 0.22804492165163745
4122.0 0.23325948879909142
4124.0 0.23309646080344323
4126.0 0.2296462801413689
4128.0 0.22635353763517865
4130.0 0.22876342194595195
4132.0 0.23043422029244193
4134.0 0.23014231683282682
4136.0 0.23318987533276006
4138.0 0.23998250902120002
4140.0 0.2444954562603585
4142.0 0.2506663435050766
4144.0 0.2566260188290435
4146.0 0.2539785491554202
4148.0 0.2521640362083944
4150.0 0.25041871949458927
4152.0 0.2474528430698374
4154.0 0.25153414562106247
4156.0 0.2502566757594947
4158.0 0.2451559769175475
4160.0 0.24446784133692148
4162.0 0.2465094531116762
4164.0 0.24996296490432848
4166.0 0.2534210147802583
4168.0 0.2521642176903991
4170.0 0.24982222153258382
4172.0 0.24957148055393896
4174.0 0.2463983253992316
4176.0 0.23823910165831777
4178.0 0.2371250024531284
4180.0 0.23733932551995643
4182.0 0.23470417211635325
4184.0 0.2350653392337847
4186.0 0.23741176795525465
4188.0 0.237379512137751
4190.0 0.23826301925699217
4192.0 0.24237409332452695
4194.0 0.24351470548316068
4196.0 0.2439693242439739
4198.0 0.2435397999524169
4200.0 0.24222095810753233
4202.0 0.23993695828136372
4204.0 0.23810651796397433
4206.0 0.23590262115098082
4208.0 0.2336332218420954
4210.0 0.23121026427763763
4212.0 0.23263145129434043
4214.0 0.22947335770560215
4216.0 0.2257730208055862
4218.0 0.2265139430984264
4220.0 0.22916578883181996
4222.0 0.23041509098601518
4224.0 0.22544018333678176
4226.0 0.22557431127332728
4228.0 0.22316848233025727
4230.0 0.2264315066726346
4232.0 0.2302512449512791
4234.0 0.2241911339746427
4236.0 0.22415398933495018
4238.0 0.22235699871419978
4240.0 0.2227220404702818
4242.0 0.21402453319069445
4244.0 0.21227992603658846
4246.0 0.2084887901731086
4248.0 0.2179062387457791
4250.0 0.21733071776036586
4252.0 0.21746161339328818
4254.0 0.2176238824467072
4256.0 0.21294317267661778
4258.0 0.20810323429571553
4260.0 0.20997557640138476
4262.0 0.20482649365751487
4264.0 0.20378717673977867
4266.0 0.202904059749073
4268.0 0.2004244315846783
4270.0 0.20584792985741707
4272.0 0.2023857039590553
4274.0 0.2026431230830862
4276.0 0.20800395953760425
4278.0 0.2027638044908493
4280.0 0.20903712324900736
4282.0 0.20996467836284946
4284.0 0.2098956508015029
4286.0 0.21122027810750174
4288.0 0.20731440202260265
4290.0 0.19942132432195406
4292.0 0.19536029916802683
4294.0 0.19374908241816624
4296.0 0.19385487969038967
4298.0 0.2028021815312018
4300.0 0.20356588687045812
4302.0 0.20262194151598195
4304.0 0.2061193544068513
4306.0 0.21164888561242648
4308.0 0.21558794992774166
4310.0 0.21040165861965604
4312.0 0.21181853529099945
4314.0 0.21642039680920588
4316.0 0.2182715283520693
4318.0 0.22088155841805113
4320.0 0.2203957480210547
4322.0 0.22668584899140645
4324.0 0.22253436709584762
4326.0 0.2250991340138202
4328.0 0.22599343931678098
4330.0 0.22698190588248432
4332.0 0.220898842171372
4334.0 0.22478220636928686
4336.0 0.23369347704420523
4338.0 0.2303863266120033
4340.0 0.23440583085492753
4342.0 0.238220839318999
4344.0 0.2372378711531745
4346.0 0.23392580308636426
4348.0 0.2289074870438106
4350.0 0.22840576545729313
4352.0 0.23373136055391455
4354.0 0.23413221183529231
4356.0 0.22854649554130296
4358.0 0.21879434625879202
4360.0 0.22057419823803323
4362.0 0.2288416129029545
4364.0 0.2288824108000863
4366.0 0.23406008759572403
4368.0 0.23030631646064098
4370.0 0.22972246272001343
4372.0 0.23100339313762985
4374.0 0.23501376802717028
4376.0 0.22256692510217405
4378.0 0.21706701858056865
4380.0 0.21929142922297737
4382.0 0.21244025846847137
4384.0 0.2120860372631509
4386.0 0.21182463488855477
4388.0 0.21309617331373354
4390.0 0.20966815238632672
4392.0 0.21011270041867627
4394.0 0.21316227379823233
4396.0 0.21288549061669176
4398.0 0.20884330889959318
4400.0 0.2046676280275293
4402.0 0.20431228621692785
4404.0 0.208040503152546
4406.0 0.2082529252108565
4408.0 0.2084943086620042
4410.0 0.20307919809092845
4412.0 0.19893347006290124
4414.0 0.20403132622794762
4416.0 0.20139349245015972
4418.0 0.20552389608943086
4420.0 0.20489386863387254
4422.0 0.20471962461392473
4424.0 0.21092780772372496
4426.0 0.2116265449806735
4428.0 0.21054377862221685
4430.0 0.21236061703383263
4432.0 0.21470524801785448
4434.0 0.21670421678362994
4436.0 0.2257998658048165
4438.0 0.23347178482150854
4440.0 0.2352899322286438
4442.0 0.24228191975464833
4444.0 0.24089305646937234
4446.0 0.255248170222513
4448.0 0.25470757843034125
4450.0 0.25818191250779515
4452.0 0.26279397814088795
4454.0 0.26814913702794624
4456.0 0.26777851357408605
4458.0 0.26530563730327206
4460.0 0.2644789228454209
4462.0 0.2659662443730701
4464.0 0.27323953789958516
4466.0 0.2766356674908826
4468.0 0.28385756414109614
4470.0 0.2868479113741714
4472.0 0.28947241382399624
4474.0 0.2904653503255646
4476.0 0.2958434298895688
4478.0 0.30097125398728164
4480.0 0.30367696083469636
4482.0 0.3078848204013703
4484.0 0.32025073928710757
4486.0 0.3256299833103937
4488.0 0.322450916409356
4490.0 0.32245027085676264
4492.0 0.32769869186516165
4494.0 0.33250829223764167
4496.0 0.337406999844076
4498.0 0.33699454665269607
4500.0 0.339781449711759
4502.0 0.33953724071365704
4504.0 0.34756695169379304
4506.0 0.3525081124886697
4508.0 0.3525486596631752
4510.0 0.35316822014622196
4512.0 0.35563509335915616
4514.0 0.36010422479129855
4516.0 0.3692863976731374
4518.0 0.3716637512727772
4520.0 0.3704155081383921
4522.0 0.3712439340763764
4524.0 0.3778912166250634
4526.0 0.38209974614097736
4528.0 0.38724244975346905
4530.0 0.3928978161076568
4532.0 0.3938498760139315
4534.0 0.3958641745950878
4536.0 0.39985476237214457
4538.0 0.40078542276359713
4540.0 0.3972572012241265
4542.0 0.39455864478298713
4544.0 0.4011325377159527
4546.0 0.4046917638778093
4548.0 0.4127497442792165
4550.0 0.41713792717342923
4552.0 0.42385781433157826
4554.0 0.4256240547822939
4556.0 0.4251029279917722
4558.0 0.42856090912592604
4560.0 0.4302469304515153
4562.0 0.42884698583230113
4564.0 0.43367309280698996
4566.0 0.43627861031462095
4568.0 0.43594929218373785
4570.0 0.43745079670493625
4572.0 0.4452922702464624
4574.0 0.4519882940851338
4576.0 0.4568870061355413
4578.0 0.45137390460308613
4580.0 0.45226325683892865
4582.0 0.4557169676829315
4584.0 0.4530868168913773
4586.0 0.4573459427374448
4588.0 0.46039378491873606
4590.0 0.46345793692404463
4592.0 0.47305098869572954
4594.0 0.47536993829693874
4596.0 0.48260782841479277
4598.0 0.48154646319666555
4600.0 0.4830489770477084
4602.0 0.4861107789116043
4604.0 0.486881049682246
4606.0 0.4827309139567595
4608.0 0.4779176109834389
4610.0 0.476843525794105
4612.0 0.4750936613474667
4614.0 0.4733744002887949
4616.0 0.473892965165284
4618.0 0.4784651767555828
4620.0 0.47387921659302135
4622.0 0.471842125824325
4624.0 0.46525439166305843
4626.0 0.4622023014016273
4628.0 0.4565423986263737
4630.0 0.4587560232063256
4632.0 0.45868805057620077
4634.0 0.4476130228676613
4636.0 0.4442977559445754
4638.0 0.4423142526476627
4640.0 0.43648707478259685
4642.0 0.4356021120657289
4644.0 0.43187100975127674
4646.0 0.43329491483406046
4648.0 0.4353143288058651
4650.0 0.43076839295375763
4652.0 0.4214083211463735
4654.0 0.41239796210093876
4656.0 0.4049794385292735
4658.0 0.3971609871201699
4660.0 0.3916836857340949
4662.0 0.3932065142138449
4664.0 0.3884039581825674
4666.0 0.3934031153461545
4668.0 0.395485310034581
4670.0 0.3897476941279616
4672.0 0.39264118544260995
4674.0 0.3863992863501141
4676.0 0.3828650495114535
4678.0 0.3798326229648908
4680.0 0.3762266798988502
4682.0 0.377094011602339
4684.0 0.3768416486297592
4686.0 0.37057468988153197
4688.0 0.3651018657150717
4690.0 0.3644251004798299
4692.0 0.3639890345000647
4694.0 0.3611301094348872
4696.0 0.36512798950986913
4698.0 0.36353218442476437
4700.0 0.3640328026201799
4702.0 0.3636082187739484
4704.0 0.35870136584146384
4706.0 0.3545539751315071
4708.0 0.3512455581529174
4710.0 0.34334676335181685
4712.0 0.33154673551213426
4714.0 0.3296062214913807
4716.0 0.3276613257971734
4718.0 0.3173250559193315
4720.0 0.3101524371745173
4722.0 0.3023065493654933
4724.0 0.29591215017425265
4726.0 0.29656962958651084
4728.0 0.29093469483468165
4730.0 0.29069208024014387
4732.0 0.2849570737168446
4734.0 0.285676980737006
4736.0 0.28737402330560624
4738.0 0.2885881598682483
4740.0 0.2904857448328575
4742.0 0.2885808314652051
4744.0 0.2900311098654
4746.0 0.29042957199766256
4748.0 0.28949230962225914
4750.0 0.29100883282198653
4752.0 0.2862910493742512
4754.0 0.2811689066789518
4756.0 0.2805340378275416
4758.0 0.28389800832786327
4760.0 0.2888412869305091
4762.0 0.2935304399350381
4764.0 0.2944738952575384
4766.0 0.2972220485584663
4768.0 0.2984750754771016
4770.0 0.30258579828201027
4772.0 0.30655563974024974
4774.0 0.31060148276332394
4776.0 0.31348180317501434
4778.0 0.31768584702674785
4780.0 0.3248023101280718
4782.0 0.32267385382416125
4784.0 0.32216493597593576
4786.0 0.32373298358868463
4788.0 0.32465092168149395
4790.0 0.32355920508057784
4792.0 0.32924007656991794
4794.0 0.32918886356443966
4796.0 0.32696772122798146
4798.0 0.3285152490482757
4800.0 0.32376119918268825
4802.0 0.3169081182963333
4804.0 0.31434659475296534
4806.0 0.3149000398808207
4808.0 0.3136563771605217
4810.0 0.31621729156620065
4812.0 0.314284901465797
4814.0 0.3108050094661515
4816.0 0.30738413070171877
4818.0 0.30381619322871334
4820.0 0.3061952547285797
4822.0 0.2992676200541379
4824.0 0.286845383899913
4826.0 0.28244077468933027
4828.0 0.281283156601263
4830.0 0.278082575565255
4832.0 0.2768146087721524
4834.0 0.27441505682722966
4836.0 0.27443788030536964
4838.0 0.2733268705277876
4840.0 0.2730116064414255
4842.0 0.27148839688878945
4844.0 0.27127539369397996
4846.0 0.2741918195066226
4848.0 0.2795555025328188
4850.0 0.2808994845436406
4852.0 0.2794493024461341
4854.0 0.28346914983914095
4856.0 0.28658037062163166
4858.0 0.28575029375277095
4860.0 0.2899824108700702
4862.0 0.28985398929189743
4864.0 0.2851690320217871
4866.0 0.2924623521741618
4868.0 0.29376954340744355
4870.0 0.29257836778195856
4872.0 0.29549038461746774
4874.0 0.29839286799582193
4876.0 0.29989332201959507
4878.0 0.29789782827497974
4880.0 0.30084702733938623
4882.0 0.30250758515978216
4884.0 0.3071720104079062
4886.0 0.3133090992491775
4888.0 0.3206199253062844
4890.0 0.32847023508791595
4892.0 0.3389808664020366
4894.0 0.34401681312205923
4896.0 0.3509140918021218
4898.0 0.35460770274018066
4900.0 0.35670279096950347
4902.0 0.3610239802786575
4904.0 0.36665699536195984
4906.0 0.3767000108249005
4908.0 0.38461512187697733
4910.0 0.3927997343653949
4912.0 0.3952600150325205
4914.0 0.40131061234333504
4916.0 0.4061513743736627
4918.0 0.40418518070418574
4920.0 0.40728710259602163
4922.0 0.4049058358701641
4924.0 0.40706967952878254
4926.0 0.41343516974298805
4928.0 0.4161123850218496
4930.0 0.4151185534030181
4932.0 0.41850909211424464
4934.0 0.41450010816785815
4936.0 0.4110848085612651
4938.0 0.4099464902352627
4940.0 0.4130214749757691
4942.0 0.4135166387045089
4944.0 0.4105591202258518
4946.0 0.41010887748939395
4948.0 0.4061086315149245
4950.0 0.404196094894366
4952.0 0.3972280671381367
4954.0 0.39287436076497184
4956.0 0.3900737576828972
4958.0 0.38739338432945547
4960.0 0.3834156239702539
4962.0 0.38488061105712285
4964.0 0.38405402609550654
4966.0 0.38186744393489636
4968.0 0.3738364806794304
4970.0 0.3721117677127055
4972.0 0.3723000718462053
4974.0 0.36691095387914424
4976.0 0.363868680173038
4978.0 0.360742937856387
4980.0 0.35982791199194314
4982.0 0.35397806567786405
4984.0 0.35085113240475874
4986.0 0.3511894777435995
4988.0 0.3480958894011366
4990.0 0.3491786973652005
4992.0 0.3534534042879764
4994.0 0.3551467621360739
4996.0 0.35342068844085806
4998.0 0.35251019218676605
5000.0 0.35064709714509135
5002.0 0.35539430267467154
5004.0 0.3563974484256789
5006.0 0.35579497893997397
5008.0 0.3515500354743735
5010.0 0.3543765386477361
5012.0 0.35893432997186314
5014.0 0.35784544135074214
5016.0 0.35465783308053916
5018.0 0.3554671400707228
5020.0 0.35514282589173624
5022.0 0.3551972088907543
5024.0 0.35799215534893514
5026.0 0.36024383549959926
5028.0 0.36304165611011535
5030.0 0.36103603675913065
5032.0 0.36257432549011437
5034.0 0.3642986664584664
5036.0 0.36657626018754214
5038.0 0.3720526897822702
5040.0 0.3764411164934849
5042.0 0.3771023150531149
5044.0 0.37736492778497743
5046.0 0.38404444531436666
5048.0 0.3847521378190191
5050.0 0.38555245383973874
5052.0 0.38693331196183395
5054.0 0.38620390829955004
5056.0 0.38669715575609925
5058.0 0.38838287406560684
5060.0 0.3884651635788456
5062.0 0.3905786514207638
5064.0 0.3912080374568496
5066.0 0.3963233856396694
5068.0 0.4052320368259388
5070.0 0.4115995911138261
5072.0 0.41389950224224653
5074.0 0.4140440894666417
5076.0 0.42002419640762595
5078.0 0.42149415826327885
5080.0 0.4211331966225914
5082.0 0.42737377535767324
5084.0 0.42925132219093903
5086.0 0.43222996769218225
5088.0 0.4322241894165864
5090.0 0.43461842583713206
5092.0 0.4368199293806714
5094.0 0.44245959709164534
5096.0 0.4413830827968212
5098.0 0.4378647870211596
5100.0 0.4330342840377485
5102.0 0.4312399419983926
5104.0 0.42934168743465495
5106.0 0.4359470471547978
5108.0 0.4372670476408835
5110.0 0.4353633958070069
5112.0 0.435589559964702
5114.0 0.43893509573876177
5116.0 0.4423294690601983
5118.0 0.44400607783935153
5120.0 0.44349624470720994
5122.0 0.44443849966856763
5124.0 0.4477588341575747
5126.0 0.45178434832900904
5128.0 0.4589127223789015
5130.0 0.460487844385002
5132.0 0.4590419534124811
5134.0 0.4593581495372338
5136.0 0.46342136931176753
5138.0 0.46316670126373644
5140.0 0.46318895112930936
5142.0 0.4662788257577321
5144.0 0.46496232142998195
5146.0 0.46529181820408194
5148.0 0.4673603863820033
5150.0 0.47654361526216243
5152.0 0.4800298647549207
5154.0 0.48408125930814816
5156.0 0.4904698428567821
5158.0 0.4917282226208345
5160.0 0.49652364225999107
5162.0 0.5044959159749678
5164.0 0.5044922825060284
5166.0 0.5063533847719014
5168.0 0.5110577600398557
5170.0 0.5175278283906936
5172.0 0.5168282914410586
5174.0 0.5228520020132605
5176.0 0.5299929211153488
5178.0 0.5381340065145381
5180.0 0.5448347536587757
5182.0 0.5428424691990114
5184.0 0.5472034039514782
5186.0 0.5512737240149843
5188.0 0.5522442915548341
5190.0 0.5582656246041185
5192.0 0.5637943707610253
5194.0 0.5683315828804403
5196.0 0.5689916586360863
5198.0 0.5689252005624114
5200.0 0.5692654154789882
5202.0 0.5708477089369097
5204.0 0.5741915709883784
5206.0 0.5753540993878857
5208.0 0.5779034742266029
5210.0 0.5786995352495877
5212.0 0.5795079981286962
5214.0 0.579949281422991
5216.0 0.5811773017068989
5218.0 0.5840351415246803
5220.0 0.585871346134616
5222.0 0.586893180040389
5224.0 0.5833894454338465
5226.0 0.5807747204662016
5228.0 0.5819904901122772
5230.0 0.5723108877932238
5232.0 0.5699589994691759
5234.0 0.577005787711456
5236.0 0.5778758753442229
5238.0 0.5749395921599678
5240.0 0.5724272016131159
5242.0 0.5701408320971603
5244.0 0.5711593583066531
5246.0 0.5759021913181362
5248.0 0.5748900052979781
5250.0 0.5719383950294736
5252.0 0.5739341894857392
5254.0 0.5730360527787496
5256.0 0.5702423911524875
5258.0 0.5737840005621712
5260.0 0.5722268133177826
5262.0 0.5743718905146451
5264.0 0.5764031706482219
5266.0 0.5788767951743662
5268.0 0.5828474595634233
5270.0 0.5904320661793928
5272.0 0.5960253454909443
5274.0 0.5938795189809555
5276.0 0.5929277945933533
5278.0 0.5923512435018983
5280.0 0.5910086338860528
5282.0 0.5933916400343521
5284.0 0.6008303578960756
5286.0 0.5994531655026281
5288.0 0.603546612366313
5290.0 0.6028176470585517
5292.0 0.604877320947626
5294.0 0.6018884390511654
5296.0 0.6076164537398355
5298.0 0.6136923564277978
5300.0 0.6119660277090543
5302.0 0.6116732601582209
5304.0 0.6125936334985748
5306.0 0.6135564580873136
5308.0 0.6174722615036919
5310.0 0.6203489957537504
5312.0 0.6241038012777163
5314.0 0.628985655643431
5316.0 0.6293578616643357
5318.0 0.6285247247912584
5320.0 0.6310888385654573
5322.0 0.6322361593890292
5324.0 0.6302803294440422
5326.0 0.6328552081286652
5328.0 0.6357885015442265
5330.0 0.6354018015155961
5332.0 0.6362666813057544
5334.0 0.634580215598832
5336.0 0.6345421859579653
5338.0 0.6335032985908978
5340.0 0.635418814856312
5342.0 0.639556918082254
5344.0 0.6412990887499234
5346.0 0.6438252456641421
5348.0 0.6502418314553916
5350.0 0.6571775177579207
5352.0 0.6590342777240412
5354.0 0.6569602608033588
5356.0 0.6590466840425444
5358.0 0.6587774989564975
5360.0 0.6575856474435765
5362.0 0.6543930003530218
5364.0 0.6555551025494069
5366.0 0.6586484366864419
5368.0 0.6629883480307297
5370.0 0.6704400380593384
5372.0 0.6694641376374939
5374.0 0.6731603002053236
5376.0 0.6778381815027196
5378.0 0.6807849589627855
5380.0 0.6807782165720171
5382.0 0.6840555654306011
5384.0 0.6876614949262486
5386.0 0.6891622605931318
5388.0 0.6890810406388476
5390.0 0.6878877378827412
5392.0 0.6872924508536339
5394.0 0.6881925092255029
5396.0 0.6876018739198683
5398.0 0.6840099141710846
5400.0 0.6799404415768319
5402.0 0.6777086341473469
5404.0 0.676790181483084
5406.0 0.6772263070951408
5408.0 0.6759513850341619
5410.0 0.6752717580499219
5412.0 0.67038316734534
5414.0 0.6692050080368412
5416.0 0.66999228370452
5418.0 0.6717161299950507
5420.0 0.6694830728969517
5422.0 0.6713823104886317
5424.0 0.6712618020599872
5426.0 0.6680625973755988
5428.0 0.6680704764395946
5430.0 0.6706885382158798
5432.0 0.6745863451609276
5434.0 0.6788082414760027
5436.0 0.6767942698660475
5438.0 0.6736606852319298
5440.0 0.679318254685595
5442.0 0.6825226102151476
5444.0 0.6854195532328918
5446.0 0.6808561741355972
5448.0 0.6837240612724454
5450.0 0.6853571711928977
5452.0 0.6947604639143634
5454.0 0.7024940584330533
5456.0 0.7074136067789726
5458.0 0.7113044497320945
5460.0 0.7158101779325533
5462.0 0.7262808534680038
5464.0 0.7276597066580026
5466.0 0.7341677972693686
5468.0 0.7404161702456074
5470.0 0.7448433372736615
5472.0 0.7534761600451443
5474.0 0.7518456846259702
5476.0 0.7601166449912056
5478.0 0.7664020592657458
5480.0 0.7703169109659044
5482.0 0.7624261905518653
5484.0 0.7702246469069433
5486.0 0.7796126519624526
5488.0 0.7856405239915674
5490.0 0.8013237394239828
5492.0 0.8147348676539098
5494.0 0.8143556164549154
5496.0 0.833624273382112
5498.0 0.832520407251206
5500.0 0.8254046900883779
5502.0 0.8376190485036961
5504.0 0.8476073267335729
5506.0 0.8447390724747417
5508.0 0.8540486647230856
5510.0 0.8486690545709238
5512.0 0.8596045473675537
5514.0 0.8593194542550354
5516.0 0.8670180578687571
5518.0 0.8691185782907441
5520.0 0.8663224933854752
5522.0 0.8644647459038299
5524.0 0.8668264293830228
5526.0 0.8638530074758868
5528.0 0.8733791923069164
5530.0 0.8731045305058953
5532.0 0.8650398769160472
5534.0 0.8599374549862205
5536.0 0.864610649159329
5538.0 0.8673034166526822
5540.0 0.8658444333568975
5542.0 0.8700747445131584
5544.0 0.8666695464981397
5546.0 0.874265893744174
5548.0 0.8763931910884826
5550.0 0.8805673604419222
5552.0 0.8822470988783231
5554.0 0.8850411330096251
5556.0 0.8863056758957764
5558.0 0.8852410128208066
5560.0 0.8885295296494987
5562.0 0.8899807147505864
5564.0 0.8869872934119313
5566.0 0.8910531954291077
5568.0 0.8887010057864817
5570.0 0.8873132801260026
5572.0 0.8876579338529523
5574.0 0.8858604122713074
5576.0 0.8783532681064891
5578.0 0.8794914733714024
5580.0 0.8819521876336589
5582.0 0.8798995365965258
5584.0 0.8713295826087938
5586.0 0.8740353001720285
5588.0 0.8765656698702186
5590.0 0.872405091459687
5592.0 0.8665710487995442
5594.0 0.8625042857977416
5596.0 0.8589190900938781
5598.0 0.8561166417437022
5600.0 0.8511350926975602
5602.0 0.8509257271371833
5604.0 0.8462313076436967
5606.0 0.8397834304748693
5608.0 0.8303534917108175
5610.0 0.8284952448467783
5612.0 0.827817206590766
5614.0 0.8251083769203305
5616.0 0.8217010829185863
5618.0 0.8209226246035247
5620.0 0.8108765564782876
5622.0 0.803819950062152
5624.0 0.8029341874897555
5626.0 0.7958579829082132
5628.0 0.7942090022575865
5630.0 0.7869920334567237
5632.0 0.7821985797210885
5634.0 0.7764143456356858
5636.0 0.7759810156202971
5638.0 0.769531144643021
5640.0 0.7632388674691191
5642.0 0.7620616352542702
5644.0 0.7596478325032254
5646.0 0.7531703890041972
5648.0 0.7492292321547115
5650.0 0.7478808186307361
5652.0 0.7407776063400027
5654.0 0.7372063014606169
5656.0 0.7330197403684673
5658.0 0.7281312272016414
5660.0 0.7264713748959117
5662.0 0.7183819169072385
5664.0 0.7163959788958623
5666.0 0.7125186720906242
5668.0 0.711393129388688
5670.0 0.7095695899433798
5672.0 0.70395998835659
5674.0 0.7041235783722221
5676.0 0.7004404718689281
5678.0 0.6985734144391185
5680.0 0.6985208459211623
5682.0 0.6982565946379822
5684.0 0.7003566557265773
5686.0 0.7024444757469231
5688.0 0.7008359317133236
5690.0 0.6990984174133057
5692.0 0.6966471435946182
5694.0 0.6928296908500972
5696.0 0.6840536059462915
5698.0 0.6746947671387308
5700.0 0.6651112462788579
5702.0 0.6600540374326402
5704.0 0.662559550252379
5706.0 0.6602439192920447
5708.0 0.6629927581166065
5710.0 0.6710505894924756
5712.0 0.6683818875325922
5714.0 0.6669508377648263
5716.0 0.6643689706127103
5718.0 0.663999863721615
5720.0 0.6674868391784238
5722.0 0.6699048523006639
5724.0 0.6695223608569415
5726.0 0.6712837972538743
5728.0 0.6738614901973339
5730.0 0.672329022822346
5732.0 0.6765358198287257
5734.0 0.679713396415669
5736.0 0.6801946959324058
5738.0 0.6813868328320385
5740.0 0.6834683056067768
5742.0 0.6832990454125315
5744.0 0.681494408722216
5746.0 0.690783944302072
5748.0 0.6935299886978946
5750.0 0.6982544948666477
5752.0 0.7058101827747298
5754.0 0.7188357864408366
5756.0 0.7270160684282201
5758.0 0.7343712354564564
5760.0 0.7403751866871159
5762.0 0.7458008285926225
5764.0 0.7455412317824632
5766.0 0.7481435716470215
5768.0 0.7430706530072605
5770.0 0.7345497907385361
5772.0 0.7347550919873433
5774.0 0.7289227145886983
5776.0 0.7205941018392137
5778.0 0.7121699167534714
5780.0 0.7316907929978261
5782.0 0.7575449946348384
5784.0 0.7777860700408828
5786.0 0.7915335932101787
5788.0 0.8038605358636549
5790.0 0.8122824465617164
5792.0 0.8156279423621976
5794.0 0.815147337901332
5796.0 0.8288987546727371
5798.0 0.8505723367776316
5800.0 0.8626306580572983
5802.0 0.8724460255302205
5804.0 0.8807005828120886
5806.0 0.8836713322154257
5808.0 0.8856832533248132
5810.0 0.8860176841297943
5812.0 0.8969070775435822
5814.0 0.9053756024497742
5816.0 0.9244519912890068
5818.0 0.9317218468051035
5820.0 0.9402457920848469
5822.0 0.9448760390386688
5824.0 0.9560843791637952
5826.0 0.9550884172616304
5828.0 0.9495994717351258
5830.0 0.9609645830208334
5832.0 0.9696080232329854
5834.0 0.9645200899029183
5836.0 0.9642391644588835
5838.0 0.965927971116882
5840.0 0.9673706824106586
5842.0 0.9638312464544432
5844.0 0.9657211793494366
5846.0 0.9669036889621536
5848.0 0.9676508758420038
5850.0 0.9702581195293201
5852.0 0.9666367078084757
5854.0 0.9663666156510319
5856.0 0.9635276540487898
5858.0 0.9687987108560616
5860.0 0.9555314636257825
5862.0 0.956866050515862
5864.0 0.9386883350568446
5866.0 0.9244578202599443
5868.0 0.921336631347256
5870.0 0.9200039506295982
5872.0 0.924898013000622
5874.0 0.9230909365391794
5876.0 0.9272943118619315
5878.0 0.9332805923059223
5880.0 0.928922246864935
5882.0 0.9120918501015802
5884.0 0.8784630405488094
5886.0 0.804381854646439
5888.0 0.7403137388486073
5890.0 0.7175971124859856
5892.0 0.7251626715838676
5894.0 0.7257288901438705
5896.0 0.757329571088151
5898.0 0.8301517865121014
5900.0 0.8744831490962691
5902.0 0.8991015876236118
5904.0 0.9092393422882975
5906.0 0.9090082169878795
5908.0 0.9055459737426191
5910.0 0.9107891345446504
5912.0 0.912425734288454
5914.0 0.9026773326706188
5916.0 0.8998431491033964
5918.0 0.9012774203976129
5920.0 0.8940930594165989
5922.0 0.8941618255132178
5924.0 0.9006908920149335
5926.0 0.9026802288275521
5928.0 0.902151094950986
5930.0 0.898856175592517
5932.0 0.8821504698415905
5934.0 0.8778281319372158
5936.0 0.8707215684175929
5938.0 0.8685683861012276
5940.0 0.8639992341233216
5942.0 0.8589957810253094
5944.0 0.8523849000393455
5946.0 0.8509411981737158
5948.0 0.8480158344793985
5950.0 0.8436230464397605
5952.0 0.8386619059296259
5954.0 0.8406442404566591
5956.0 0.8402298618693287
5958.0 0.8344896619262568
5960.0 0.8363915120640918
5962.0 0.8353883100247628
5964.0 0.832074111854822
5966.0 0.8260328199631847
5968.0 0.8189991925598337
5970.0 0.8171841238940382
5972.0 0.8183033540424374
5974.0 0.8083501318327161
5976.0 0.8067496039604147
5978.0 0.8017080545499181
5980.0 0.7971777766025875
5982.0 0.7926443543536579
5984.0 0.7863657440125847
5986.0 0.7815037872207883
5988.0 0.7777281026718161
5990.0 0.78015981001615
5992.0 0.7760706395238233
5994.0 0.7741110726598611
5996.0 0.7723398028830856
5998.0 0.7677021277130319
6000.0 0.758854400635105
6002.0 0.7502198626707757
6004.0 0.744476072489605
6006.0 0.7328681981316126
6008.0 0.7289679794699342
6010.0 0.7271868260961648
6012.0 0.7312186948361928
6014.0 0.7417792911850197
6016.0 0.7380392515427464
6018.0 0.7373820177311781
6020.0 0.7358417084737047
6022.0 0.7230400330918774
6024.0 0.7127557554787375
6026.0 0.7142700666487627
6028.0 0.7072153692431946
6030.0 0.703243025080517
6032.0 0.6956422321770191
6034.0 0.6910705946159343
6036.0 0.6876166459685995
6038.0 0.6801388678600666
6040.0 0.6704877045963394
6042.0 0.6682326862919452
6044.0 0.6636967527375339
6046.0 0.6566809145075786
6048.0 0.6516514208596667
6050.0 0.6412068644280714
6052.0 0.6278409724910735
6054.0 0.6209523713982326
6056.0 0.6110181721790404
6058.0 0.5980488224678692
6060.0 0.5919010571382395
6062.0 0.5867293649065528
6064.0 0.5802897125458835
6066.0 0.567388972178437
6068.0 0.5644180597095182
6070.0 0.558091580773715
6072.0 0.5524517789445725
6074.0 0.541921626115066
6076.0 0.5302411498365878
6078.0 0.5179039201007481
6080.0 0.5136443513048748
6082.0 0.5039558640475882
6084.0 0.49794089635118394
6086.0 0.49523061650525724
6088.0 0.4884521485819385
6090.0 0.4881802909558046
6092.0 0.4810170264540005
6094.0 0.47594661319260484
6096.0 0.47283147994129004
6098.0 0.46363868975577466
6100.0 0.46001708798967983
6102.0 0.4553305960540272
6104.0 0.45316947114889006
6106.0 0.4505312983551291
6108.0 0.4511679330693102
6110.0 0.44889982432553754
6112.0 0.45047533260170364
6114.0 0.4501636590502889
6116.0 0.4471386273888548
6118.0 0.44573446835726044
6120.0 0.4448695117814894
6122.0 0.4460122697570113
6124.0 0.44696573157370273
6126.0 0.4472615748071493
6128.0 0.4469536068885405
6130.0 0.44629398864276437
6132.0 0.4483783102641117
6134.0 0.44860512520376955
6136.0 0.45010677245214775
6138.0 0.4532172144721493
6140.0 0.45693596260775904
6142.0 0.46019950127872233
6144.0 0.46076503572607025
6146.0 0.4648096732315364
6148.0 0.46838399854361373
6150.0 0.46932908111851807
6152.0 0.4721025154696267
6154.0 0.4731150994366239
6156.0 0.4797092535856774
6158.0 0.4853072457956789
6160.0 0.4891748927003804
6162.0 0.4893755320511336
6164.0 0.4945262482353486
6166.0 0.5026577078058561
6168.0 0.5136806773519904
6170.0 0.5238970825227739
6172.0 0.5315950581943145
6174.0 0.5435610716489656
6176.0 0.5525504479714776
6178.0 0.559452961100128
6180.0 0.5718366143349943
6182.0 0.5820198807980578
6184.0 0.5894612279049065
6186.0 0.5994216277835355
6188.0 0.6043955086852613
6190.0 0.6093563733414208
6192.0 0.6155553492865751
6194.0 0.6234830395616983
6196.0 0.631588482759837
6198.0 0.6349384778363453
6200.0 0.6335191696268017
6202.0 0.639569553773976
6204.0 0.6490299243032555
6206.0 0.6619654722853052
6208.0 0.667156355577632
6210.0 0.6757184285982487
6212.0 0.6852833273821061
6214.0 0.6890598442399056
6216.0 0.6980481223238099
6218.0 0.7014469680608147
6220.0 0.7056105343206117
6222.0 0.7122572064238187
6224.0 0.7212666436904456
6226.0 0.7255535384562991
6228.0 0.7272636622382361
6230.0 0.7329304475050673
6232.0 0.7295508313727558
6234.0 0.7327192784887254
6236.0 0.7352991934732246
6238.0 0.7342655478564721
6240.0 0.7323424413020646
6242.0 0.7310732754234063
6244.0 0.7307465250715911
6246.0 0.7310482343390785
6248.0 0.7306976863996525
6250.0 0.7259374761817811
6252.0 0.7263800606864095
6254.0 0.728890842514392
6256.0 0.7326467561300514
6258.0 0.7371311051424471
6260.0 0.7454270609062668
6262.0 0.7474375836174053
6264.0 0.7466563196900684
6266.0 0.7437137574374936
6268.0 0.7398082247490272
6270.0 0.7382695402286693
6272.0 0.7373780427049865
6274.0 0.7292868727170587
6276.0 0.7221022279056342
6278.0 0.7049013374101282
6280.0 0.6830171456688153
6282.0 0.6637989110502438
6284.0 0.6788552134283715
6286.0 0.7120048829314537
6288.0 0.742218137243869
6290.0 0.7599417012934386
6292.0 0.7675405069410529
6294.0 0.7745014534679753
6296.0 0.7784357281381764
6298.0 0.7765707324305777
6300.0 0.7802916613533177
6302.0 0.7809581608607683
6304.0 0.7792457297967456
6306.0 0.7803910413812223
6308.0 0.7802421763337329
6310.0 0.7824695146517439
6312.0 0.7846720370415523
6314.0 0.7825448417669366
6316.0 0.7868271236737466
6318.0 0.7932670453681253
6320.0 0.8003923655617422
6322.0 0.8040494429973585
6324.0 0.805066502765274
6326.0 0.8131850803512365
6328.0 0.8165018991353008
6330.0 0.8207612930328
6332.0 0.8248152109868189
6334.0 0.8316454818727506
6336.0 0.8321052850164288
6338.0 0.8324381378897999
6340.0 0.8375510272731107
6342.0 0.8375399180763629
6344.0 0.8345341704636456
6346.0 0.8336944844919728
6348.0 0.8367549628924441
6350.0 0.8361918717306507
6352.0 0.8373994563886652
6354.0 0.8370546171330729
6356.0 0.8428392943727661
6358.0 0.8413852453122717
6360.0 0.8444933160207169
6362.0 0.8480237572932817
6364.0 0.8544668597878201
6366.0 0.8572864181728517
6368.0 0.8619134395964471
6370.0 0.8641483686557856
6372.0 0.8606462419227623
6374.0 0.8631562092586968
6376.0 0.8687197467478258
6378.0 0.878125594253527
6380.0 0.8866111064890588
6382.0 0.8913403526616906
6384.0 0.8986493986736025
6386.0 0.8976782163398618
6388.0 0.8985419839155143
6390.0 0.8999587356506086
6392.0 0.8992053847132503
6394.0 0.8953775196977495
6396.0 0.8939562810595822
6398.0 0.9019873699192826
6400.0 0.9061128217248308
6402.0 0.9096389051588494
6404.0 0.9154779418118644
6406.0 0.9174066211956392
6408.0 0.9158852297765946
6410.0 0.917432439338245
6412.0 0.9225158083370275
6414.0 0.924329458674154
6416.0 0.9247292145675319
6418.0 0.9306592625045383
6420.0 0.936653504043829
6422.0 0.9348640437085588
6424.0 0.9352759853372472
6426.0 0.9360188352126187
6428.0 0.941062679639177
6430.0 0.944488214259599
6432.0 0.9408908354412775
6434.0 0.9391189604788861
6436.0 0.9435031769026327
6438.0 0.9422788377177677
6440.0 0.9393590586548426
6442.0 0.9346799736729949
6444.0 0.9351493438941579
6446.0 0.9352759737162347
6448.0 0.9331710531544097
6450.0 0.9342809721385225
6452.0 0.9379654523822566
6454.0 0.9362071489761348
6456.0 0.9398080538214743
6458.0 0.9429515296718829
6460.0 0.9488747444748462
6462.0 0.9529891231725967
6464.0 0.9574753301527722
6466.0 0.958388207103031
6468.0 0.9698168166629216
6470.0 0.9750470261613349
6472.0 0.9770240298041056
6474.0 0.9848483607445143
6476.0 0.9843606951652846
6478.0 0.9864316776806253
6480.0 0.9860300472738381
6482.0 0.9828810848426607
6484.0 0.9875345389446161
6486.0 0.983886150204769
6488.0 0.9754956510940918
6490.0 0.9680731384635273
6492.0 0.9671315877651983
6494.0 0.9757473295034891
6496.0 0.9868442690992708
6498.0 0.9916205103550259
6500.0 0.9896488441322973
6502.0 0.9922416768249561
6504.0 0.9951693112663343
6506.0 0.9896567365466736
6508.0 0.9974774507396493
6510.0 1.0
6512.0 0.9969522497671749
6514.0 0.9930490798515664
6516.0 0.9863455474086255
6518.0 0.982526030420044
6520.0 0.9787704120504676
6522.0 0.9687495346764408
6524.0 0.9657398536037087
6526.0 0.9586543838530887
6528.0 0.9587293743511616
6530.0 0.9557239866642492
6532.0 0.9541696492594177
6534.0 0.9552891365361852
6536.0 0.9541754744334492
6538.0 0.9579176170629071
6540.0 0.9643564355045234
6542.0 0.9730550675314843
6544.0 0.9745282903912442
6546.0 0.9699347739252858
6548.0 0.9684575522005524
6550.0 0.967683187951844
6552.0 0.9636466111108518
6554.0 0.9620961579568644
6556.0 0.9645769807658173
6558.0 0.9712878827767358
6560.0 0.9704594610275844
6562.0 0.9566671904370889
6564.0 0.9497816641212783
6566.0 0.9437901092791092
6568.0 0.9385804112754027
6570.0 0.9344662822985013
6572.0 0.933007600950425
6574.0 0.9291685626456482
6576.0 0.9330108645414685
6578.0 0.9352503876537884
6580.0 0.9309242578146674
6582.0 0.9247611227666686
6584.0 0.9137854878128266
6586.0 0.9044819592184227
6588.0 0.9016216031213602
6590.0 0.8968086862610412
6592.0 0.8935682479372138
6594.0 0.8907578848793108
6596.0 0.8831357759910796
6598.0 0.8783796420486397
6600.0 0.8710004802949914
6602.0 0.8711007629187787
6604.0 0.8585771331405043
6606.0 0.8524516045699995
6608.0 0.84165096904976
6610.0 0.8290639611205407
6612.0 0.8203051271967116
6614.0 0.8228374100387293
6616.0 0.8278907991615968
6618.0 0.8297201114831748
6620.0 0.8255403668536797
6622.0 0.8177198304773977
6624.0 0.8170937259652148
6626.0 0.8088041318118253
6628.0 0.7991624264373723
6630.0 0.797339947228782
6632.0 0.790565608963592
6634.0 0.7859144075191059
6636.0 0.7788656182300701
6638.0 0.7723847374970843
6640.0 0.767936029998857
6642.0 0.7621451045499364
6644.0 0.7636602008934718
6646.0 0.7614833051697478
6648.0 0.7553836362874545
6650.0 0.7504085101812856
6652.0 0.7443769069178978
6654.0 0.7378698470400518
6656.0 0.734407337207338
6658.0 0.729083527252905
6660.0 0.7262259360046734
6662.0 0.7227421541973328
6664.0 0.7226068438774478
6666.0 0.7216818726098453
6668.0 0.7163708513569329
6670.0 0.7111848688109599
6672.0 0.7082240967538134
6674.0 0.7054635255480801
6676.0 0.6997348016263106
6678.0 0.6967151223476794
6680.0 0.692711334796805
6682.0 0.6888918687555557
6684.0 0.687423604982273
6686.0 0.6830151827359521
6688.0 0.6791614355192075
6690.0 0.6728138977145943
6692.0 0.6685048601688081
6694.0 0.6657548632945895
6696.0 0.6566715503614906
6698.0 0.6506933908283932
6700.0 0.6529080153195451
6702.0 0.6536393324343928
6704.0 0.6516727108758804
6706.0 0.6498240088631149
6708.0 0.6471597507026471
6710.0 0.648304432974979
6712.0 0.6519044807982256
6714.0 0.6458486514326872
6716.0 0.63823360426981
6718.0 0.6329178628992026
6720.0 0.6290902199242165
6722.0 0.62672412502042
6724.0 0.6251956828733702
6726.0 0.6243070288334256
6728.0 0.6218714189781864
6730.0 0.6184329826834519
6732.0 0.6136726691502974
6734.0 0.6086141542508021
6736.0 0.6061177285081496
6738.0 0.601060108284502
6740.0 0.5975488144292392
6742.0 0.5933966606051682
6744.0 0.5942387723943813
6746.0 0.594026602169618
6748.0 0.5935168042258656
6750.0 0.5880364359093173
6752.0 0.5862040766419129
6754.0 0.5877114448740883
6756.0 0.5863306960486788
6758.0 0.5894508914199287
6760.0 0.5868777639776803
6762.0 0.587167300397046
6764.0 0.5856048249821775
6766.0 0.5817946128076048
6768.0 0.5809840601576339
6770.0 0.5829207348768749
6772.0 0.5846111076990419
6774.0 0.5823910570272054
6776.0 0.5786803833267606
6778.0 0.5806995743188464
6780.0 0.5802118753047544
6782.0 0.5842345424419054
6784.0 0.577968585665903
6786.0 0.5805280008636232
6788.0 0.5830888138049801
6790.0 0.579823984856989
6792.0 0.5777375742759652
6794.0 0.5771989545764042
6796.0 0.5795118803975012
6798.0 0.5778475794712583
6800.0 0.5760353150876212
6802.0 0.5734625483328154
6804.0 0.5719233214088677
6806.0 0.5732478933525984
6808.0 0.5705960068412673
6810.0 0.5692926671291083
6812.0 0.5663296941785075
6814.0 0.566382119912525
6816.0 0.5647468712671052
6818.0 0.5657384481246182
6820.0 0.569625061989516
6822.0 0.5691864979116049
6824.0 0.5675160254251653
6826.0 0.5696427926051992
6828.0 0.5659326510592031
6830.0 0.5642622880315037
6832.0 0.5578002943503082
6834.0 0.5512558704662831
6836.0 0.54171607178014
6838.0 0.5361034225909102
6840.0 0.524622297198634
6842.0 0.5258064982308912
6844.0 0.5357302257894311
6846.0 0.5456432516885108
6848.0 0.5538722920623728
6850.0 0.5508260348931027
6852.0 0.5526420425848658
6854.0 0.5490456624071867
6856.0 0.5444403123676668
6858.0 0.5441074448633652
6860.0 0.5431403547070267
6862.0 0.540995895128258
6864.0 0.5472708623813681
6866.0 0.5475059661702775
6868.0 0.5468103664420491
6870.0 0.550391431722787
6872.0 0.5489909831383044
6874.0 0.548019035097345
6876.0 0.5438599394619432
6878.0 0.5454201948400045
6880.0 0.5456138025405483
6882.0 0.5476560767444202
6884.0 0.5540793603334142
6886.0 0.5601104801792303
6888.0 0.5619626238250355
6890.0 0.5589801037016707
6892.0 0.5594761655910551
6894.0 0.5587671966365841
6896.0 0.55686678924457
6898.0 0.5544209658473338
6900.0 0.5496162418012122
6902.0 0.5536959471684488
6904.0 0.5573104897579938
6906.0 0.559059125698027
6908.0 0.5608743958627241
6910.0 0.5514865873471205
6912.0 0.5548461509730832
6914.0 0.5506292975098919
6916.0 0.5560236436245674
6918.0 0.5539740963472272
6920.0 0.5550742368371802
6922.0 0.5568693110804172
6924.0 0.5567446285124762
6926.0 0.5532565246386656
6928.0 0.5472379080962969
6930.0 0.5464195224223523
6932.0 0.5498998007251262
6934.0 0.5532223205780208
6936.0 0.5513877883426265
6938.0 0.5577858066310198
6940.0 0.5589465654283278
6942.0 0.5539070521402663
6944.0 0.5551955086142302
6946.0 0.5550716524452906
6948.0 0.558419052618727
6950.0 0.5575296148042183
6952.0 0.5563164450430198
6954.0 0.5512891386503521
6956.0 0.5502964436249762
6958.0 0.5459267523097479
6960.0 0.5420172639110717
6962.0 0.5441284621348181
6964.0 0.5413974438908831
6966.0 0.5416725285581926
6968.0 0.5365058530426696
6970.0 0.5363184930966508
6972.0 0.5408287088091802
6974.0 0.5413927180002075
6976.0 0.5392649668934147
6978.0 0.5429043646989713
6980.0 0.5439103243220118
6982.0 0.5420945386893512
6984.0 0.5390845979691563
6986.0 0.5382395105190163
6988.0 0.5379071487694982
6990.0 0.5377842060317226
6992.0 0.5358989351076298
6994.0 0.5333705674003923
6996.0 0.5327545421122731
6998.0 0.5334857827083791
7000.0 0.5390430369039226
7002.0 0.5420734111222388
7004.0 0.5424368151620605
7006.0 0.5445029291804241
7008.0 0.5434434678533004
7010.0 0.5430012646857815
7012.0 0.5411117483565141
7014.0 0.541876997581879
7016.0 0.5382119912788377
7018.0 0.5335900407038392
7020.0 0.5357008496006957
7022.0 0.5358007900488763
7024.0 0.5325756667707661
7026.0 0.5349425586534075
7028.0 0.5314416690092623
7030.0 0.532916966100833
7032.0 0.533606609373397
7034.0 0.53503401175795
7036.0 0.5358048865064717
7038.0 0.5351977026708683
7040.0 0.5335971207586016
7042.0 0.531319536239037
7044.0 0.5356025053208372
7046.0 0.538077443291766
7048.0 0.5337937495823484
7050.0 0.5365187730399332
7052.0 0.5349435233628013
7054.0 0.5332906376470624
7056.0 0.532535610975927
7058.0 0.5298606253275525
7060.0 0.5288310333813391
7062.0 0.5332440649174109
7064.0 0.5380872797545774
7066.0 0.5382683916199839
7068.0 0.5417000769886587
7070.0 0.540626136810924
7072.0 0.5419812324749474
7074.0 0.5400650021693456
7076.0 0.5389945760265332
7078.0 0.5435460351355874
7080.0 0.5437177068033792
7082.0 0.5446995318102117
7084.0 0.5468051105534074
7086.0 0.5478768561129379
7088.0 0.5497563816067611
7090.0 0.5521420230379869
7092.0 0.5530611485756239
7094.0 0.5539230071304397
7096.0 0.5526405127387048
7098.0 0.5563430740295704
7100.0 0.5595120596751768
7102.0 0.5619287627750968
7104.0 0.5605286619580835
7106.0 0.5582146175616451
7108.0 0.5603040103704721
7110.0 0.5651752117403626
7112.0 0.562136272519608
7114.0 0.5642452963987222
7116.0 0.5662931611116597
7118.0 0.5623928794021237
7120.0 0.5689225093498758
7122.0 0.5655997255226315
7124.0 0.5643114917944785
7126.0 0.5649628477374922
7128.0 0.5635740983434648
7130.0 0.5647344364073741
7132.0 0.5676370337847583
7134.0 0.5657630406328681
7136.0 0.562592321928671
7138.0 0.5659084887100259
7140.0 0.5701288036096493
7142.0 0.5667879390543875
7144.0 0.5649095348995699
7146.0 0.5696243173637333
7148.0 0.5710979247582728
7150.0 0.5766449122392926
7152.0 0.5753648781177814
7154.0 0.5718633798737817
7156.0 0.5705333685174041
7158.0 0.5737317426009179
7160.0 0.5769122094308463
7162.0 0.5756227122487897
7164.0 0.5784520676614205
7166.0 0.5791077580971085
7168.0 0.578277246667868
7170.0 0.57627715538945
7172.0 0.5812519443132536
7174.0 0.5867490656379475
7176.0 0.5870488926398106
7178.0 0.5892212593786713
7180.0 0.5914122453609756
7182.0 0.5959255879273381
7184.0 0.5964171741823491
7186.0 0.5996107761080706
7188.0 0.6038891691117054
7190.0 0.6070805614399667
7192.0 0.6066638646551785
7194.0 0.596850308387978
7196.0 0.5987175439921277
7198.0 0.5981719933947155
7200.0 0.598092117870437
7202.0 0.5880000316000892
7204.0 0.5804579358336046
7206.0 0.5841285705232386
7208.0 0.5894545112594893
7210.0 0.5968817768296214
7212.0 0.5937807091914983
7214.0 0.5971544514683741
7216.0 0.602166988905657
7218.0 0.5965350985492242
7220.0 0.5879198407841436
7222.0 0.582514585325669
7224.0 0.5846966805914118
7226.0 0.5909175785268718
7228.0 0.5937936535208916
7230.0 0.5940305159984866
7232.0 0.5998970144149991
7234.0 0.6039827156243923
7236.0 0.6059197279940088
7238.0 0.614740145557892
7240.0 0.6115434430888463
7242.0 0.6134921218489306
7244.0 0.6132511898211113
7246.0 0.6114217740976516
7248.0 0.616801429540715
7250.0 0.6206181432190518
7252.0 0.6225360846688501
7254.0 0.6212379075528259
7256.0 0.6124549959762967
7258.0 0.6024517923424902
7260.0 0.5972760848539173
7262.0 0.5994456351959221
7264.0 0.6025678031783424
7266.0 0.6115376260814321
7268.0 0.6140311442957052
7270.0 0.6112505779568864
7272.0 0.609240476529544
7274.0 0.6075187208429674
7276.0 0.6151624554752877
7278.0 0.6169481081696829
7280.0 0.615623519883624
7282.0 0.6145012470905412
7284.0 0.6147922361385199
7286.0 0.6123989172443314
7288.0 0.6161760790080655
7290.0 0.6166721288784885
7292.0 0.6231486082800669
7294.0 0.6204891538107379
7296.0 0.6163782955607404
7298.0 0.6140620440884939
7300.0 0.6148561287857198
7302.0 0.6120909893884022
7304.0 0.6097537247156872
7306.0 0.6101934045235907
7308.0 0.6105553265003709
7310.0 0.6095943758685322
7312.0 0.6077794977102386
7314.0 0.6044702966555594
7316.0 0.5998912046890742
7318.0 0.5952154444303068
7320.0 0.5911624612770628
7322.0 0.5920481404027333
7324.0 0.594676185216577
7326.0 0.5975441672766743
7328.0 0.5987118666265575
7330.0 0.5970124197254317
7332.0 0.5946361086203921
7334.0 0.602465596265375
7336.0 0.6069413047174379
7338.0 0.6122092840379001
7340.0 0.6090031548846832
7342.0 0.6070990916658815
7344.0 0.6082697089215999
7346.0 0.6074837401355161
7348.0 0.6022117204495413
7350.0 0.5968088485704488
7352.0 0.598805729167736
7354.0 0.6033003367315264
7356.0 0.6049138153455106
7358.0 0.6093331438093298
7360.0 0.6119532579267055
7362.0 0.6170261864512412
7364.0 0.6172588585204637
7366.0 0.6231614217524423
7368.0 0.622520799824864
7370.0 0.6233049178478629
7372.0 0.6288030279667042
7374.0 0.6294509472422839
7376.0 0.6311064965137456
7378.0 0.6310091649872632
7380.0 0.635513721321593
7382.0 0.6339423936374861
7384.0 0.6304540319036238
7386.0 0.6371404618817511
7388.0 0.6352803440389723
7390.0 0.6386761128527471
7392.0 0.637683200972319
7394.0 0.635620791594564
7396.0 0.63554278867831
7398.0 0.630956502780079
7400.0 0.6270481100912642
7402.0 0.6218124932798019
7404.0 0.6262313913278769
7406.0 0.6367036987596817
7408.0 0.6321361826589796
7410.0 0.627935358652184
7412.0 0.6250593351779146
7414.0 0.6189415679984073
7416.0 0.6196564578700301
7418.0 0.615142600096237
7420.0 0.6147704783256802
7422.0 0.604678162887996
7424.0 0.6033504708285731
7426.0 0.6004021479620721
7428.0 0.5898374467505582
7430.0 0.5880144183744219
7432.0 0.584505642446447
7434.0 0.5908431644371449
7436.0 0.5955335164982648
7438.0 0.5992464680407652
7440.0 0.5998208357231762
7442.0 0.5953192024691809
7444.0 0.5875646418203313
7446.0 0.5819936044967994
7448.0 0.5857735249525035
7450.0 0.5817188322384632
7452.0 0.5772352870151184
7454.0 0.5762084155309346
7456.0 0.5709504917840359
7458.0 0.565976448367205
7460.0 0.5628225894161698
7462.0 0.5598922532071947
7464.0 0.5599341660573711
7466.0 0.558614486945539
7468.0 0.5601711449963943
7470.0 0.5623971648381607
7472.0 0.5631319733378825
7474.0 0.567200573813947
7476.0 0.5666770519444166
7478.0 0.5699300191771919
7480.0 0.5683498111268551
7482.0 0.5642549546816366
7484.0 0.5543096340227618
7486.0 0.5517029256350351
7488.0 0.5505313602723343
7490.0 0.5507619504219369
7492.0 0.5476562997100447
7494.0 0.5478925320875478
7496.0 0.548510770906369
7498.0 0.5506945869082566
7500.0 0.5492153776072443
7502.0 0.5492299234229917
7504.0 0.5470027219698391
7506.0 0.5456456459785991
7508.0 0.5417925221138541
7510.0 0.5391297163654435
7512.0 0.5388350693136037
7514.0 0.5354083797898288
7516.0 0.5354842178912449
7518.0 0.534313908687698
7520.0 0.533380171514185
7522.0 0.5362331750595036
7524.0 0.5304661302196669
7526.0 0.5282382680958816
7528.0 0.5276895600627571
7530.0 0.5300731961231776
7532.0 0.5321817263015747
7534.0 0.5305299648617884
7536.0 0.5275575565867179
7538.0 0.5242919669417835
7540.0 0.5180320945718442
7542.0 0.5129241498793305
7544.0 0.5112432112171288
7546.0 0.5068720329118209
7548.0 0.5102897166671421
7550.0 0.5095742722261716
7552.0 0.5054155606053421
7554.0 0.500897244908726
7556.0 0.490128251380758
7558.0 0.4913950481399871
7560.0 0.4869397765823458
7562.0 0.46577851458127756
7564.0 0.4306808509088193
7566.0 0.4126375182173663
7568.0 0.38963727884813815
7570.0 0.37418981520174327
7572.0 0.37604927151766004
7574.0 0.3855635431164899
7576.0 0.393269281337214
7578.0 0.4298637001764833
7580.0 0.45976948432392634
7582.0 0.4954576087544353
7584.0 0.5306732362025564
7586.0 0.5438441989246875
7588.0 0.5449373661731907
7590.0 0.5181709284566892
7592.0 0.4918081984316372
7594.0 0.47702426921600777
7596.0 0.4687659226121891
7598.0 0.47529448025317367
7600.0 0.48998401619618454
7602.0 0.5006929836042231
7604.0 0.49309882308068953
7606.0 0.5045087963482633
7608.0 0.5184076354589907
7610.0 0.5258470775746141
7612.0 0.531734510433462
7614.0 0.5463869345274306
7616.0 0.5519212661856355
7618.0 0.5584171705620325
7620.0 0.5623081875791941
7622.0 0.5665848279187033
7624.0 0.569234840120697
7626.0 0.5822767730344598
7628.0 0.580575040101081
7630.0 0.5850562208955677
7632.0 0.5931280706665965
7634.0 0.6012524365406939
7636.0 0.6031605393666347
7638.0 0.6020662238665592
7640.0 0.6043072124694231
7642.0 0.6063601065630227
7644.0 0.6018659295572839
7646.0 0.6005862649453557
7648.0 0.6017207330760346
7650.0 0.5965331552190232
7652.0 0.5890739946870553
7654.0 0.596117143923462
7656.0 0.598500130416578
7658.0 0.591015389772787
7660.0 0.5833157887216692
7662.0 0.5795509312006737
7664.0 0.587740813194265
7666.0 0.604231531504163
7668.0 0.6122972325377879
7670.0 0.6251082306677413
7672.0 0.6260920736381768
7674.0 0.6226605657777424
7676.0 0.6225400110919417
7678.0 0.6301132828915911
7680.0 0.6333303868547178
7682.0 0.633434456355557
7684.0 0.6184498406133188
7686.0 0.6117350873437906
7688.0 0.6108596166319323
7690.0 0.606770453469579
7692.0 0.6185243589172744
7694.0 0.6198960168931721
7696.0 0.6241869565546221
7698.0 0.6357338543584169
7700.0 0.6481385310244443
7702.0 0.6517623296268739
7704.0 0.6478048266111975
7706.0 0.6560221623166188
7708.0 0.6594493576650521
7710.0 0.655897346877806
7712.0 0.6600973717793197
7714.0 0.6626431728274642
7716.0 0.6532932207360751
7718.0 0.6591614413983642
7720.0 0.6635017158992761
7722.0 0.6673446706818766
7724.0 0.671632493190783
7726.0 0.6765677861538879
7728.0 0.6784188279553605
7730.0 0.6800449174207177
7732.0 0.6788600048751164
7734.0 0.676572490648896
7736.0 0.675893321432432
7738.0 0.6774513485629997
7740.0 0.6784023683034718
7742.0 0.676349248074731
7744.0 0.6713026628427783
7746.0 0.6673647474475952
7748.0 0.6655185626065206
7750.0 0.6678262440545207
7752.0 0.6723681866427463
7754.0 0.6759509956986837
7756.0 0.6782655709977259
7758.0 0.6797572545975492
7760.0 0.6770136952825385
7762.0 0.6760287870681525
7764.0 0.6755813939957239
7766.0 0.6753239383214931
7768.0 0.6774926548838384
7770.0 0.6789775926576422
7772.0 0.6800218814471138
7774.0 0.6813460375748703
7776.0 0.682679385847487
7778.0 0.6839888935252952
7780.0 0.6853126858375302
7782.0 0.6866231056229752
7784.0 0.6879305789223695
7786.0 0.6892887412950803
7788.0 0.6867640788288856
7790.0 0.6837725685565366
7792.0 0.6857128058657741
7794.0 0.6916870189967325
7796.0 0.695007191092002
7798.0 0.6926899291207883
7800.0 0.6893678401508051
7802.0 0.6874072014378866
7804.0 0.6829301590129454
7806.0 0.6798755458968894
7808.0 0.6763478621817138
7810.0 0.6706616528330227
7812.0 0.6682077408129128
7814.0 0.6678076463366354
7816.0 0.6698771458230811
7818.0 0.6738381112701108
7820.0 0.6791982718570551
7822.0 0.6827336931383445
7824.0 0.6798551273972905
7826.0 0.6739909601543678
7828.0 0.66655448032109
7830.0 0.6656320727250257
7832.0 0.6636905607175516
7834.0 0.6603217233773233
7836.0 0.6533316145978231
7838.0 0.6471035569226383
7840.0 0.6424219037784464
7842.0 0.6377565891082798
7844.0 0.6395655193651208
7846.0 0.6435697464537607
7848.0 0.6483754260063678
7850.0 0.6553377556620658
7852.0 0.6611918646235503
7854.0 0.6661375668172549
7856.0 0.6690223757442122
7858.0 0.6650682651206065
7860.0 0.652972314408812
7862.0 0.6350926506093992
7864.0 0.623478003207834
7866.0 0.6183341622081147
7868.0 0.6187132393872318
7870.0 0.6214630233387454
7872.0 0.628281152181075
7874.0 0.6368070534554732
7876.0 0.6407464250054951
7878.0 0.6433800698523521
7880.0 0.6371594568308571
7882.0 0.6264332244268334
7884.0 0.6154782621113947
7886.0 0.6059846901207863
7888.0 0.5989604798919251
7890.0 0.6021931882395342
7892.0 0.6183342329258612
7894.0 0.6324903653804077
7896.0 0.6440092544824714
7898.0 0.6464485519056075
7900.0 0.6386510755089188
7902.0 0.6240313580679179
7904.0 0.608552760896219
7906.0 0.5961475740650362
7908.0 0.5919646832195593
7910.0 0.6017297611112107
7912.0 0.6135941789866094
7914.0 0.6167655882604971
7916.0 0.6083706108097949
7918.0 0.5892460534897253
7920.0 0.5761946049664535
7922.0 0.5750158993682757
7924.0 0.5823128140046049
7926.0 0.5861405613227139
7928.0 0.5908306964574334
7930.0 0.5829415738387543
7932.0 0.5751263130354027
7934.0 0.5692763501714811
7936.0 0.5759033143598622
7938.0 0.5840813153059076
7940.0 0.5905576603716557
7942.0 0.5828166296093013
7944.0 0.5739539667245603
7946.0 0.5661345460711591
7948.0 0.570084640589569
7950.0 0.5755627042866379
7952.0 0.5777888402242991
7954.0 0.5718348772099815
7956.0 0.5705139493234884
7958.0 0.569009740028056
7960.0 0.5739676575051128
7962.0 0.5773275125730876
7964.0 0.5761356549497768
7966.0 0.5672629751092809
7968.0 0.5599072532172337
7970.0 0.5551956383601716
7972.0 0.5537748150433661
7974.0 0.5560699089063397
7976.0 0.5571659794201289
7978.0 0.5566692491471861
7980.0 0.5539831179014991
7982.0 0.5482224734575947
7984.0 0.541077873526957
7986.0 0.5422656843916934
7988.0 0.5491528958831634
7990.0 0.5608536830300193
7992.0 0.5744120977041277
7994.0 0.5818480105579482
7996.0 0.5828009522841976
7998.0 0.5786248931962067
8000.0 0.5703907318358068
8002.0 0.5564791827715677
8004.0 0.5508130064436024
8006.0 0.5504755854807419
8008.0 0.5528665754069949
8010.0 0.553381188597451
8012.0 0.5541021550208144
8014.0 0.5531834468273721
8016.0 0.5557771987782706
8018.0 0.5559734221488003
8020.0 0.5550116440002744
8022.0 0.5566189106042816
8024.0 0.5578196894558032
8026.0 0.5600496798310757
8028.0 0.5612643482844039
8030.0 0.5584811099820959
8032.0 0.555551222690366
8034.0 0.5539505865175617
8036.0 0.553396698463991
8038.0 0.5540599898769887
8040.0 0.5544735958506476
8042.0 0.553970719886236
8044.0 0.5525473647181374
8046.0 0.5526822781270395
8048.0 0.5541220510016731
8050.0 0.5535779562717105
8052.0 0.5525773772419217
8054.0 0.5513908626279556
8056.0 0.5510013265885282
8058.0 0.5507623599261452
8060.0 0.5536059014244216
8062.0 0.5568182530593988
8064.0 0.5558294047409862
8066.0 0.5553484100434875
8068.0 0.5563685425912567
8070.0 0.5556479358380337
8072.0 0.5521721393221696
8074.0 0.5498165534172262
8076.0 0.5485425546903505
8078.0 0.5487095961808538
8080.0 0.5498384192769982
8082.0 0.5487789826797012
8084.0 0.5481539059562052
8086.0 0.5481800490837699
8088.0 0.5483298210160924
8090.0 0.5474126428224888
8092.0 0.5468321643554741
8094.0 0.5456761041976282
8096.0 0.5425218692584337
8098.0 0.53768833140871
8100.0 0.5339230423795891
8102.0 0.5340370486019662
8104.0 0.5346151597240986
8106.0 0.531449521551999
8108.0 0.5288587373935336
8110.0 0.5280328843355672
8112.0 0.5264725334359103
8114.0 0.5237795836846578
8116.0 0.5240601474549512
8118.0 0.5235180979930376
8120.0 0.5182988125250371
8122.0 0.5150709417099152
8124.0 0.5126076227747576
8126.0 0.5085013116974941
8128.0 0.502626205734272
8130.0 0.5011598296969084
8132.0 0.504656317324523
8134.0 0.5024117048623269
8136.0 0.49793207739749584
8138.0 0.4998952874770879
8140.0 0.49811491113421363
8142.0 0.491637161090039
8144.0 0.4836387819462314
8146.0 0.48360322279981477
8148.0 0.48630498185984844
8150.0 0.48597736296944133
8152.0 0.4820205170957003
8154.0 0.47800419222213725
8156.0 0.4746674284021386
8158.0 0.47195056928669626
8160.0 0.47023681715692534
8162.0 0.46771318894989344
8164.0 0.46670059623886745
8166.0 0.4684862039822041
8168.0 0.47387608435683864
8170.0 0.47798610225040244
8172.0 0.48085260180130934
8174.0 0.48094050306256847
8176.0 0.47694555044815945
8178.0 0.4738284559137336
8180.0 0.46971768312356404
8182.0 0.4661960379477132
8184.0 0.4633768096964526
8186.0 0.4606187354753663
8188.0 0.45727329477300677
8190.0 0.4505318190025771
8192.0 0.4422648715229464
8194.0 0.43745171655038473
8196.0 0.43832106453673003
8198.0 0.445018446925744
8200.0 0.4502370964621056
8202.0 0.45266151613034444
8204.0 0.4559652886153792
8206.0 0.45925455231267115
8208.0 0.45738195324228087
8210.0 0.4557668176076386
8212.0 0.45607975290200026
8214.0 0.45585605475076174
8216.0 0.45658491894634845
8218.0 0.4565959803468006
8220.0 0.4567725448157304
8222.0 0.4579144171809554
8224.0 0.4605697483847334
8226.0 0.46392220234805825
8228.0 0.46655056228782865
8230.0 0.4669976506637795
8232.0 0.4673339178641996
8234.0 0.46851726992357584
8236.0 0.47013710332549286
8238.0 0.4679456231889032
8240.0 0.4674006348395611
8242.0 0.46880736831097275
8244.0 0.4691779508265895
8246.0 0.4685411221995727
8248.0 0.47038493616926325
8250.0 0.472909846179694
8252.0 0.47252043858886444
8254.0 0.47014492278865627
8256.0 0.4697439124935538
8258.0 0.47174783642586104
8260.0 0.4732821085562212
8262.0 0.4754853544936647
8264.0 0.476923592258172
8266.0 0.4755099937192945
8268.0 0.4744609579608596
8270.0 0.4734478171838418
8272.0 0.47475490541535204
8274.0 0.4774495388290871
8276.0 0.4802479609770259
8278.0 0.48040525477509316
8280.0 0.47955085296670097
8282.0 0.4795441945665407
8284.0 0.4793844711654096
8286.0 0.4780056534328614
8288.0 0.47749505462957353
8290.0 0.4772892579281182
8292.0 0.475726843386928
8294.0 0.47379388253452503
8296.0 0.47223211041861285
8298.0 0.4731144565562482
8300.0 0.4727973009188806
8302.0 0.4723887350259464
8304.0 0.4731286364603877
8306.0 0.47575549350248936
8308.0 0.4787633388150564
8310.0 0.481034841937613
8312.0 0.47904605480039464
8314.0 0.4742642012779732
8316.0 0.47142858894252626
8318.0 0.47252260426120507
8320.0 0.4744875783061823
8322.0 0.4733285262270747
8324.0 0.47460128735016566
8326.0 0.4762773297908828
8328.0 0.4782286593095575
8330.0 0.4799465975627113
8332.0 0.48207047998620706
8334.0 0.4825034454134889
8336.0 0.4817833334474543
8338.0 0.4812509222073546
8340.0 0.47877815489190795
8342.0 0.4737811601192201
8344.0 0.4719654761954603
8346.0 0.47442275828635966
8348.0 0.47546827680655984
8350.0 0.48249230655695813
8352.0 0.4915500568204352
8354.0 0.4960025427874514
8356.0 0.4990108955553338
8358.0 0.4975370335472566
8360.0 0.4963822483225721
8362.0 0.4968736506284814
8364.0 0.5005294537875566
8366.0 0.5015374522185777
8368.0 0.49902634785991484
8370.0 0.49772258557955024
8372.0 0.5014949518111633
8374.0 0.5077254919984201
8376.0 0.5109918716893379
8378.0 0.5143442022501702
8380.0 0.5153868790914587
8382.0 0.5135147456607889
8384.0 0.5139140648042614
8386.0 0.5146103129159578
8388.0 0.5158663702296514
8390.0 0.5172699062878245
8392.0 0.5191679109046716
8394.0 0.5231086806503159
8396.0 0.5213029523907492
8398.0 0.5197665354596503
8400.0 0.5189653500611423
8402.0 0.5224400800932992
8404.0 0.528036382742214
8406.0 0.5324637955258976
8408.0 0.5371658654342168
8410.0 0.5408244347200409
8412.0 0.5432967563409956
8414.0 0.5472812141491991
8416.0 0.5515048341442191
8418.0 0.5506312454245931
8420.0 0.5507420251982874
8422.0 0.5529541563256768
8424.0 0.5531682841693731
8426.0 0.5550271293884306
8428.0 0.5605811368270044
8430.0 0.5657242891385493
8432.0 0.5708489783241523
8434.0 0.5744868971499564
8436.0 0.5782998017770952
8438.0 0.5831111095836882
8440.0 0.5880675094987526
8442.0 0.5889753648930718
8444.0 0.5914046009992187
8446.0 0.5957693815634162
8448.0 0.5980836352787967
8450.0 0.6000887593344646
8452.0 0.6022978475034177
8454.0 0.6027415226766064
8456.0 0.6018625178786737
8458.0 0.6020909128785024
8460.0 0.6047205623038298
8462.0 0.61189778243586
8464.0 0.6165696258242943
8466.0 0.62003254265118
8468.0 0.6262051985078827
8470.0 0.6285912537336973
8472.0 0.6296874203220459
8474.0 0.6328711073893593
8476.0 0.6311530246941793
8478.0 0.631405921695699
8480.0 0.6357287767035149
8482.0 0.6389999332184871
8484.0 0.6381894123102153
8486.0 0.6395787361752546
8488.0 0.6391045901085606
8490.0 0.6400884930211029
8492.0 0.6428683080672816
8494.0 0.646244160063007
8496.0 0.6524936257009957
8498.0 0.6548380241363326
8500.0 0.6558491273179656
8502.0 0.6584080648911506
8504.0 0.6608733203446251
8506.0 0.6637880959805896
8508.0 0.6656776192412774
8510.0 0.6689362345824412
8512.0 0.6720447223946455
8514.0 0.6714289188328804
8516.0 0.6710561817248902
8518.0 0.670158455943785
8520.0 0.6694644503704127
8522.0 0.6687423013075149
8524.0 0.6657158511973755
8526.0 0.664712764538706
8528.0 0.666244526201601
8530.0 0.6651104028240048
8532.0 0.6616218022361666
8534.0 0.6597259132681982
8536.0 0.6620272918867851
8538.0 0.6636283090023789
8540.0 0.6671681669132664
8542.0 0.6697670458205351
8544.0 0.6690792754027682
8546.0 0.6674907490961465
8548.0 0.6699103823396889
8550.0 0.6736179289148729
8552.0 0.6746948402295997
8554.0 0.6764213883910339
8556.0 0.6783764106382295
8558.0 0.6764539691631054
8560.0 0.6759940707103663
8562.0 0.6801429767394639
8564.0 0.6856696853545272
8566.0 0.6836268500481273
8568.0 0.6853918852561698
8570.0 0.689350502191572
8572.0 0.6892285207953375
8574.0 0.6887194237847536
8576.0 0.68976875699351
8578.0 0.6885027982740253
8580.0 0.6872305272328793
8582.0 0.6839644356760732
8584.0 0.6784387168770551
8586.0 0.6803760033270592
8588.0 0.6823907628831454
8590.0 0.6821494701457934
8592.0 0.6850569725555146
8594.0 0.6836261985834287
8596.0 0.6783922695550167
8598.0 0.6752918260039869
8600.0 0.6785986767619571
8602.0 0.6821595931866361
8604.0 0.6834270637501707
8606.0 0.6865649385844652
8608.0 0.6887414561992966
8610.0 0.6917891576228461
8612.0 0.6924656540470405
8614.0 0.6870882589761812
8616.0 0.6800842472973153
8618.0 0.6763301543283461
8620.0 0.6794051895329942
8622.0 0.6843769925499015
8624.0 0.6889026732834108
8626.0 0.6903811318033366
8628.0 0.6916565509803136
8630.0 0.6939093541577869
8632.0 0.6944027116501774
8634.0 0.6939555809500002
8636.0 0.6922015453488103
8638.0 0.6899380103431562
8640.0 0.6889193295139292
8642.0 0.685594101300736
8644.0 0.6821542911762785
8646.0 0.6833445065607716
8648.0 0.6844381457800071
8650.0 0.6876567698114379
8652.0 0.6905122025970937
8654.0 0.6905080949011755
8656.0 0.6934688951022394
8658.0 0.6971119973157267
8660.0 0.6964556451535389
8662.0 0.698095473704614
8664.0 0.7021234776385382
8666.0 0.7073549653499037
8668.0 0.7076806164521007
8670.0 0.708112951989664
8672.0 0.7110148810339386
8674.0 0.7143289897982195
8676.0 0.718417004294629
8678.0 0.7177951819501512
8680.0 0.7136356554917228
8682.0 0.713597961399237
8684.0 0.7152530814203167
8686.0 0.7141721965712252
8688.0 0.7127350652352296
8690.0 0.7130183643167164
8692.0 0.7110699049817127
8694.0 0.7110300202147722
8696.0 0.7124480766553439
8698.0 0.7111991201180822
8700.0 0.7066446027724588
8702.0 0.7038561446780661
8704.0 0.704424994059263
8706.0 0.7044611324740225
8708.0 0.7069197940895959
8710.0 0.7108763687302293
8712.0 0.7095985554688562
8714.0 0.7101335568601315
8716.0 0.7119259353925137
8718.0 0.7127469178595797
8720.0 0.7143610837874869
8722.0 0.7106908320827127
8724.0 0.7106400712215012
8726.0 0.7131058070723574
8728.0 0.7119241958590464
8730.0 0.7100721172753596
8732.0 0.7125212280995488
8734.0 0.7206260422500252
8736.0 0.7236071561651887
8738.0 0.7239618854902111
8740.0 0.7259305174612843
8742.0 0.7246193692481714
8744.0 0.7205641501989676
8746.0 0.721914355767794
8748.0 0.7256166309489931
8750.0 0.7289418275193332
8752.0 0.7299141088592339
8754.0 0.7288042505741149
8756.0 0.7266976456952887
8758.0 0.7248914807640442
8760.0 0.7243250553554075
8762.0 0.7212967259649976
8764.0 0.7183380087675109
8766.0 0.714063246202372
8768.0 0.7095175523649381
8770.0 0.7062672275476174
8772.0 0.7045104395086179
8774.0 0.7014381842081183
8776.0 0.6962347257151438
8778.0 0.6941101542800858
8780.0 0.6947572291115812
8782.0 0.6980244941612788
8784.0 0.699900358834701
8786.0 0.7025993755738846
8788.0 0.702519456148244
8790.0 0.7021875272761995
8792.0 0.7097309732219195
8794.0 0.7132694721129097
8796.0 0.7146804670852777
8798.0 0.7136838336781101
8800.0 0.7110075706892076
8802.0 0.7083136811593245
8804.0 0.7046854589036765
8806.0 0.702133292973599
8808.0 0.7017356823492841
8810.0 0.6971201373227606
8812.0 0.6946868046530337
8814.0 0.6919965550808462
8816.0 0.6880236758312736
8818.0 0.6826488973919288
8820.0 0.6774022060015549
8822.0 0.6800165844203725
8824.0 0.6854238297976469
8826.0 0.6906584277423912
8828.0 0.689635261899378
8830.0 0.6851865742949922
8832.0 0.6839330676239402
8834.0 0.6846752052352975
8836.0 0.6815009686886009
8838.0 0.677921593186304
8840.0 0.673694612150247
8842.0 0.6673464927707339
8844.0 0.6650977217423183
8846.0 0.6662150037437191
8848.0 0.675422788768506
8850.0 0.6804539576836782
8852.0 0.6811938394670117
8854.0 0.6816438688666958
8856.0 0.6803885924974006
8858.0 0.6774205543135399
8860.0 0.6756904370486306
8862.0 0.6797767022539762
8864.0 0.6768950223280708
8866.0 0.6720488003717816
8868.0 0.6698562457998619
8870.0 0.6661065518936908
8872.0 0.6656163973913746
8874.0 0.6693364673226513
8876.0 0.6696573951804299
8878.0 0.6645445503104992
8880.0 0.6596150686313506
8882.0 0.6570964368865002
8884.0 0.6550110283988559
8886.0 0.6555822756683856
8888.0 0.6540725965741387
8890.0 0.6511495500272139
8892.0 0.6467561091114042
8894.0 0.644933261029238
8896.0 0.6449074211552579
8898.0 0.6434717794267505
8900.0 0.6436915094949477
8902.0 0.6401192494497532
8904.0 0.6310232826273846
8906.0 0.6282216787679668
8908.0 0.6292266353715541
8910.0 0.6220275202562638
8912.0 0.6159677746587976
8914.0 0.6165257847263949
8916.0 0.6178398609894071
8918.0 0.6134773547180963
8920.0 0.6165053607671024
8922.0 0.6292724513757622
8924.0 0.6230592039060007
8926.0 0.6100496104820244
8928.0 0.6088161009720614
8930.0 0.6138913004326652
8932.0 0.6168846070049863
8934.0 0.6124963841622678
8936.0 0.6116883060001025
8938.0 0.6228711672386233
8940.0 0.6349420147267687
8942.0 0.6301829636291152
8944.0 0.6264323335060401
8946.0 0.6269442901096509
8948.0 0.6152792956482507
8950.0 0.5953049181544252
8952.0 0.5859258652738304
8954.0 0.5865371790419811
8956.0 0.5980888243616552
8958.0 0.6128379131641586
8960.0 0.6148581115683173
8962.0 0.6011887796426824
8964.0 0.5866375438722559
8966.0 0.5873535174577471
8968.0 0.5877247507784054
8970.0 0.5867159110532577
8972.0 0.5917859777370231
8974.0 0.5914359469418407
8976.0 0.593716861132417
8978.0 0.6000937207632314
8980.0 0.5948289730620941
8982.0 0.5984361930580843
8984.0 0.5997860188016039
8986.0 0.5974495198271934
8988.0 0.599647264880984
8990.0 0.6110168212140039
8992.0 0.6241921263035158
8994.0 0.6301914635061455
8996.0 0.6361349405725972
8998.0 0.6407557368764712
9000.0 0.6445361780544929
9002.0 0.63941941945986
9004.0 0.6284338279747316
9006.0 0.6211103000339464
9008.0 0.6196102572735301
9010.0 0.6191073087202962
9012.0 0.6190047965960002
9014.0 0.612211297670202
9016.0 0.6049549518950899
9018.0 0.6075581745610319
9020.0 0.6094123452402623
9022.0 0.6044751677120435
9024.0 0.5958145008195318
9026.0 0.5884043204164241
9028.0 0.5884849850905693
9030.0 0.5907297243721871
9032.0 0.58754158284179
9034.0 0.5833859814563371
9036.0 0.5824998002563613
9038.0 0.5904626395039307
9040.0 0.5973938249807088
9042.0 0.5876400724231062
9044.0 0.582278505364564
9046.0 0.5921868359539765
9048.0 0.5964362396893897
9050.0 0.591337726124585
9052.0 0.5926143544330229
9054.0 0.5984939443212761
9056.0 0.5993079534403453
9058.0 0.5993379703097651
9060.0 0.6044049638941916
9062.0 0.5990904177312857
9064.0 0.5903389057283972
9066.0 0.5946750972938146
9068.0 0.5962195949206462
9070.0 0.5932563284949441
9072.0 0.5954528730306569
9074.0 0.6083636360106235
9076.0 0.6163702841533175
9078.0 0.612217990059468
9080.0 0.6017863559545027
9082.0 0.5925917256005359
9084.0 0.5934961655772887
9086.0 0.5970703979372047
9088.0 0.5953161842881353
9090.0 0.5914891364547392
9092.0 0.5852056609325837
9094.0 0.5810253159797477
9096.0 0.5880421021469557
9098.0 0.5885058124958933
9100.0 0.5849516373761757
9102.0 0.5909969514027914
9104.0 0.6033221880504401
9106.0 0.6032396186005298
9108.0 0.599466218976639
9110.0 0.5975712503339146
9112.0 0.5911923018264377
9114.0 0.5812784859021987
9116.0 0.5729486414501087
9118.0 0.5688866493663153
9120.0 0.5731776458999277
9122.0 0.5861197027122808
9124.0 0.5936597485490249
9126.0 0.5923792127555462
9128.0 0.5911076625394708
9130.0 0.5910083475764659
9132.0 0.5860960360076612
9134.0 0.5802098008862429
9136.0 0.5786088804423254
9138.0 0.5698501370787127
9140.0 0.5681024833908972
9142.0 0.5793302340916835
9144.0 0.5906337645085485
9146.0 0.5964751607242854
9148.0 0.593980805973165
9150.0 0.592660349424401
9152.0 0.5980480133572705
9154.0 0.6010173316232668
9156.0 0.600697554455135
9158.0 0.5992974051990908
9160.0 0.5949793263365319
9162.0 0.5957196191469402
9164.0 0.6000776333478123
9166.0 0.5991017505167715
9168.0 0.5970086325263136
9170.0 0.5952595597171247
9172.0 0.5927879234033371
9174.0 0.5939288969176338
9176.0 0.5968547906656743
9178.0 0.5948324536100297
9180.0 0.5914132455049772
9182.0 0.5910308338426641
9184.0 0.5956798499494658
9186.0 0.5979981776009573
9188.0 0.592364784786109
9190.0 0.5881168891421068
9192.0 0.5912828421309672
9194.0 0.5925749150033981
9196.0 0.5943792884124767
9198.0 0.5944554150872161
9200.0 0.5901012947841191
9202.0 0.5900953195670844
9204.0 0.5893475725439018
9206.0 0.5904054781430897
9208.0 0.5887315371019425
9210.0 0.5900959276563836
9212.0 0.5894749058084068
9214.0 0.5898742187319516
9216.0 0.590284650875014
9218.0 0.5902540671526412
9220.0 0.5902656265096003
9222.0 0.5897745840192448
9224.0 0.5890594493624796
9226.0 0.588983526048947
9228.0 0.589415876438859
9230.0 0.5900278423442135
9232.0 0.5913217117259898
9234.0 0.5923548155934236
9236.0 0.5926046533061078
9238.0 0.5927877783035215
9240.0 0.5926479323370554
9242.0 0.5924909963826153
9244.0 0.5925246510136306
9246.0 0.5924305011512413
9248.0 0.5917866004652794
9250.0 0.590866363958039
9252.0 0.5901228273199377
9254.0 0.5896504124508442
9256.0 0.5895242595895155
9258.0 0.5902843830932739
9260.0 0.5905334164959691
9262.0 0.5886951032009441
9264.0 0.5867085729402705
9266.0 0.5835812112220666
9268.0 0.5807010515930433
9270.0 0.576976571020313
9272.0 0.5731580016940377
9274.0 0.5729649663435884
9276.0 0.5744125875147853
9278.0 0.5776455027916109
9280.0 0.5827094357744587
9282.0 0.585030280147871
9284.0 0.5820864112576006
9286.0 0.578975020285026
9288.0 0.574984710401237
9290.0 0.5707396460431852
9292.0 0.5719708083685789
9294.0 0.5730614817700931
9296.0 0.5735370699078404
9298.0 0.5740078195162142
9300.0 0.5741749924083182
9302.0 0.5742672963317921
9304.0 0.575987503093891
9306.0 0.5790281371560034
9308.0 0.5809108738622195
9310.0 0.5753415409714198
9312.0 0.5753426239319147
9314.0 0.5753211208529375
9316.0 0.5752981481366763
9318.0 0.5752981481366763
9320.0 0.5755634241358536
9322.0 0.5755650896458523
9324.0 0.5755669639648221
9326.0 0.5755688082132163
9328.0 0.5755655971721054
9330.0 0.5753446648200493
9332.0 0.5753446648200493
9334.0 0.5752553140755189
9336.0 0.5751743458734302
9338.0 0.5751763013865249
9340.0 0.5752303923801737
9342.0 0.5752303923801737
9344.0 0.5754638059155749
9346.0 0.5756585378490552
9348.0 0.5756701747081295
9350.0 0.5758683774701828
9352.0 0.5758683774701828
9354.0 0.5757125689554636
9356.0 0.5755929701667721
9358.0 0.5755818729537697
9360.0 0.5754469946052051
9362.0 0.5754469946052051
9364.0 0.5754894783158663
9366.0 0.5755194548682928
9368.0 0.5755253501436469
9370.0 0.5755804913465253
9372.0 0.5755804913465253
9374.0 0.5756063013846814
9376.0 0.5756230212068145
9378.0 0.5756373992019594
9380.0 0.57574575148492
9382.0 0.57574575148492
9384.0 0.5754721862469246
9386.0 0.575309744878153
9388.0 0.5753068318344078
9390.0 0.5752885923698124
9392.0 0.5752885923698124
9394.0 0.5753353727574747
9396.0 0.5753607844636586
9398.0 0.5753401923879501
9400.0 0.5752306864929088
9402.0 0.5752306864929088
9404.0 0.575307454995082
9406.0 0.5753455124804516
9408.0 0.5753570673612444
9410.0 0.5754101203399633
9412.0 0.5754101203399633
9414.0 0.5756194765315474
9416.0 0.5757139186457623
9418.0 0.5756640795542315
9420.0 0.5754639876797533
9422.0 0.5754639876797533
9424.0 0.5753258920496642
9426.0 0.575269402919127
9428.0 0.5753008615401064
9430.0 0.5754124119287208
9432.0 0.5754124119287208
9434.0 0.5754791695768908
9436.0 0.5755038283240116
9438.0 0.5755786600384339
9440.0 0.5758149251398063
9442.0 0.5758149251398063
9444.0 0.5755496407704525
9446.0 0.5754616008783754
9448.0 0.5754081967778425
9450.0 0.5752570710255303
9452.0 0.5752570710255303
9454.0 0.5754154501842044
9456.0 0.5754623878310037
9458.0 0.5754623878310037
9460.0 0.5754623878310037
9462.0 0.5754619943546895
9464.0 0.5754619943546895
9466.0 0.5754619943546895
9468.0 0.5754619943546895
9470.0 0.5754619943546895
9472.0 0.5754619943546895
9474.0 0.5754619943546895
9476.0 0.5754619943546895
9478.0 0.5754619943546895
9480.0 0.5754619943546895
9482.0 0.5754619943546895
9484.0 0.5754619943546895
9486.0 0.5754619943546895
9488.0 0.5754619943546895
9490.0 0.5754619943546895
9492.0 0.5754619943546895
9494.0 0.5754619943546895
9496.0 0.5754619943546895
9498.0 0.5754619943546895
9500.0 0.5754619943546895
9502.0 0.5754619943546895
9504.0 0.5754619943546895
9506.0 0.5754619943546895
9508.0 0.5754619943546895
9510.0 0.5754619943546895
9512.0 0.5754619943546895
9514.0 0.5754619943546895
9516.0 0.5754619943546895
9518.0 0.5754619943546895
9520.0 0.5754619943546895
9522.0 0.5754619943546895
9524.0 0.5754619943546895
9526.0 0.5754619943546895
9528.0 0.5754619943546895
9530.0 0.5754619943546895
9532.0 0.5754619943546895
9534.0 0.5754619943546895
9536.0 0.5754619943546895
9538.0 0.5754619943546895
9540.0 0.5754619943546895
9542.0 0.5754619943546895
9544.0 0.5754619943546895
9546.0 0.5754619943546895
9548.0 0.5754619943546895
9550.0 0.5754619943546895
9552.0 0.5754619943546895
9554.0 0.5754619943546895
9556.0 0.5754619943546895
9558.0 0.5754619943546895
9560.0 0.5754619943546895
9562.0 0.5754619943546895
9564.0 0.5754619943546895
9566.0 0.5754619943546895
9568.0 0.5754619943546895
9570.0 0.5754619943546895
9572.0 0.5754619943546895
9574.0 0.5754619943546895
9576.0 0.5754619943546895
9578.0 0.5754619943546895
9580.0 0.5754619943546895
9582.0 0.5754619943546895
9584.0 0.5754619943546895
9586.0 0.5754619943546895
9588.0 0.5754619943546895
9590.0 0.5754619943546895
9592.0 0.5754619943546895
9594.0 0.5754619943546895
9596.0 0.5754619943546895
9598.0 0.5754619943546895
9600.0 0.5754619943546895
9602.0 0.5754619943546895
9604.0 0.5754619943546895
9606.0 0.5754619943546895
9608.0 0.5754619943546895
9610.0 0.5754619943546895
9612.0 0.5754619943546895
9614.0 0.5754619943546895
9616.0 0.5754619943546895
9618.0 0.5754619943546895
9620.0 0.5754619943546895
9622.0 0.5754619943546895
9624.0 0.5754619943546895
9626.0 0.5754619943546895
9628.0 0.5754619943546895
9630.0 0.5754619943546895
9632.0 0.5754619943546895
9634.0 0.5754619943546895
9636.0 0.5754619943546895
9638.0 0.5754619943546895
9640.0 0.5754619943546895
9642.0 0.5754619943546895
9644.0 0.5754619943546895
9646.0 0.5754619943546895
9648.0 0.5754619943546895
9650.0 0.5754619943546895
9652.0 0.5754619943546895
9654.0 0.5754619943546895
9656.0 0.5754619943546895
9658.0 0.5754619943546895
9660.0 0.5754619943546895
9662.0 0.5754619943546895
9664.0 0.5754619943546895
9666.0 0.5754619943546895
9668.0 0.5754619943546895
9670.0 0.5754619943546895
9672.0 0.5754619943546895
9674.0 0.5754619943546895
9676.0 0.5754619943546895
9678.0 0.5754619943546895
9680.0 0.5754619943546895
9682.0 0.5754619943546895
9684.0 0.5754619943546895
9686.0 0.5754619943546895
9688.0 0.5754619943546895
9690.0 0.5754619943546895
9692.0 0.5754619943546895
9694.0 0.5754619943546895
9696.0 0.5754619943546895
9698.0 0.5754619943546895
9700.0 0.5754619943546895
9702.0 0.5754619943546895
9704.0 0.5754619943546895
9706.0 0.5754619943546895
9708.0 0.5754619943546895
9710.0 0.5754619943546895
9712.0 0.5754619943546895
9714.0 0.5754619943546895
9716.0 0.5754619943546895
9718.0 0.5754619943546895
9720.0 0.5754619943546895
9722.0 0.5754619943546895
9724.0 0.5754619943546895
9726.0 0.5754619943546895
9728.0 0.5754619943546895
9730.0 0.5754619943546895
9732.0 0.5754619943546895
9734.0 0.5754619943546895
9736.0 0.5754619943546895
9738.0 0.5754619943546895
9740.0 0.5754619943546895
9742.0 0.5754619943546895
9744.0 0.5754619943546895
9746.0 0.5754619943546895
9748.0 0.5754619943546895
9750.0 0.5754619943546895
9752.0 0.5754619943546895
9754.0 0.5754619943546895
9756.0 0.5754619943546895
9758.0 0.5754619943546895
9760.0 0.5754619943546895
9762.0 0.5754619943546895
9764.0 0.5754619943546895
9766.0 0.5754619943546895
9768.0 0.5754619943546895
9770.0 0.5754619943546895
9772.0 0.5754619943546895
9774.0 0.5754619943546895
9776.0 0.5754619943546895
9778.0 0.5754619943546895
9780.0 0.5754619943546895
9782.0 0.5754619943546895
9784.0 0.5754619943546895
9786.0 0.5754619943546895
9788.0 0.5754619943546895
9790.0 0.5754619943546895
9792.0 0.5754619943546895
9794.0 0.5754619943546895
9796.0 0.5754619943546895
9798.0 0.5754619943546895
9800.0 0.5754619943546895
9802.0 0.5754619943546895
9804.0 0.5754619943546895
9806.0 0.5754619943546895
9808.0 0.5754619943546895
9810.0 0.5754619943546895
9812.0 0.5754619943546895
9814.0 0.5754619943546895
9816.0 0.5754619943546895
9818.0 0.5754619943546895
9820.0 0.5754619943546895
9822.0 0.5754619943546895
9824.0 0.5754619943546895
9826.0 0.5754619943546895
9828.0 0.5754619943546895
9830.0 0.5754619943546895
9832.0 0.5754619943546895
9834.0 0.5754619943546895
9836.0 0.5754619943546895
9838.0 0.5754619943546895
9840.0 0.5754619943546895
9842.0 0.5754619943546895
9844.0 0.5754619943546895
9846.0 0.5754619943546895
9848.0 0.5754619943546895
9850.0 0.5754619943546895
9852.0 0.5754619943546895
9854.0 0.5754619943546895
9856.0 0.5754619943546895
9858.0 0.5754619943546895
9860.0 0.5754619943546895
9862.0 0.5754619943546895
9864.0 0.5754619943546895
9866.0 0.5754619943546895
9868.0 0.5754619943546895
9870.0 0.5754619943546895
9872.0 0.5754619943546895
9874.0 0.5754619943546895
9876.0 0.5754619943546895
9878.0 0.5754619943546895
9880.0 0.5754619943546895
9882.0 0.5754619943546895
9884.0 0.5754619943546895
9886.0 0.5754619943546895
9888.0 0.5754619943546895
9890.0 0.5754619943546895
9892.0 0.5754619943546895
9894.0 0.5754619943546895
9896.0 0.5754619943546895
9898.0 0.5754619943546895
9900.0 0.5754619943546895
9902.0 0.5754619943546895
9904.0 0.5754619943546895
9906.0 0.5754619943546895
9908.0 0.5754619943546895
9910.0 0.5754619943546895
9912.0 0.5754619943546895
9914.0 0.5754619943546895
9916.0 0.5754619943546895
9918.0 0.5754619943546895
9920.0 0.5754619943546895
9922.0 0.5754619943546895
9924.0 0.5754619943546895
9926.0 0.5754619943546895
9928.0 0.5754619943546895
9930.0 0.5754619943546895
9932.0 0.5754619943546895
9934.0 0.5754619943546895
9936.0 0.5754619943546895
9938.0 0.5754619943546895
9940.0 0.5754619943546895
9942.0 0.5754619943546895
9944.0 0.5754619943546895
9946.0 0.5754619943546895
9948.0 0.5754619943546895
9950.0 0.5754619943546895
9952.0 0.5754619943546895
9954.0 0.5754619943546895
9956.0 0.5754619943546895
9958.0 0.5754619943546895
9960.0 0.5754619943546895
9962.0 0.5754619943546895
9964.0 0.5754619943546895
9966.0 0.5754619943546895
9968.0 0.5754619943546895
9970.0 0.5754619943546895
9972.0 0.5754619943546895
9974.0 0.5754619943546895
9976.0 0.5754619943546895
9978.0 0.5754619943546895
9980.0 0.5754619943546895
9982.0 0.5754619943546895
9984.0 0.5754619943546895
9986.0 0.5754619943546895
9988.0 0.5754619943546895
9990.0 0.5754619943546895
9992.0 0.5754619943546895
9994.0 0.5754619943546895
9996.0 0.5754619943546895
9998.0 0.5754619943546895
