# z obs_date
# 0 52280
3580.0 0.28706759334341325
3582.0 0.29119642631583464
3584.0 0.28996952730811804
3586.0 0.2890340454630199
3588.0 0.29166633619846566
3590.0 0.2909571549242896
3592.0 0.2820719244304014
3594.0 0.2864502726014913
3596.0 0.28767357664702176
3598.0 0.2726008267917007
3600.0 0.2749558163287834
3602.0 0.2861702031847958
3604.0 0.29527425344225194
3606.0 0.2892967218222192
3608.0 0.29147312795376723
3610.0 0.2945154903296922
3612.0 0.2929376416726128
3614.0 0.29969725684374665
3616.0 0.29948642582582974
3618.0 0.30384793369192803
3620.0 0.31040384816419453
3622.0 0.31579665675365226
3624.0 0.312704842088263
3626.0 0.318395009798374
3628.0 0.3350643731519609
3630.0 0.3383956491394812
3632.0 0.3413072650535867
3634.0 0.35384210224295976
3636.0 0.3530737835382031
3638.0 0.3673154974837514
3640.0 0.37935827170965586
3642.0 0.38316319606457
3644.0 0.3979363778346939
3646.0 0.39897859745328346
3648.0 0.4079865245022153
3650.0 0.41101933728709744
3652.0 0.409950512632627
3654.0 0.41177674730378044
3656.0 0.42043394768976755
3658.0 0.4280080254478078
3660.0 0.42557570434349845
3662.0 0.4343103242080017
3664.0 0.4402776726398077
3666.0 0.4339308074431871
3668.0 0.42661803513223084
3670.0 0.4333727615600391
3672.0 0.43424988414037274
3674.0 0.4253749540616119
3676.0 0.4248131204156276
3678.0 0.4305915869225722
3680.0 0.421980288176608
3682.0 0.4208808634976591
3684.0 0.42094219052260373
3686.0 0.4250563340331419
3688.0 0.4113298113697656
3690.0 0.4038379096538762
3692.0 0.39299695588644534
3694.0 0.39795153087972135
3696.0 0.39216177632105553
3698.0 0.3849768038849245
3700.0 0.38597515964129897
3702.0 0.38298693719515736
3704.0 0.3749648335242654
3706.0 0.37393127095021006
3708.0 0.3752700992186782
3710.0 0.376838892128148
3712.0 0.37798184339818663
3714.0 0.3726885301858209
3716.0 0.36808078536579164
3718.0 0.35737043344235536
3720.0 0.38068829192932635
3722.0 0.3791917251801913
3724.0 0.36859235067590995
3726.0 0.3798096551133164
3728.0 0.3751171159825304
3730.0 0.37325639460376225
3732.0 0.35582231181747465
3734.0 0.35116076496766285
3736.0 0.35871671169078795
3738.0 0.34662894974092573
3740.0 0.3380597461948746
3742.0 0.3326987599831565
3744.0 0.33792207189951784
3746.0 0.33631309078015303
3748.0 0.3262317633394983
3750.0 0.3248581085481714
3752.0 0.32079646054432376
3754.0 0.3042636070176184
3756.0 0.29322772397470015
3758.0 0.29508173831128504
3760.0 0.29161345396048177
3762.0 0.28025904338127683
3764.0 0.27405578062172575
3766.0 0.2590531760016671
3768.0 0.25711933100138445
3770.0 0.25184046700551377
3772.0 0.24734491352051044
3774.0 0.24337874396744952
3776.0 0.23896581056656158
3778.0 0.23445048200271476
3780.0 0.2429573591303659
3782.0 0.23945627900161912
3784.0 0.2407282278050317
3786.0 0.24215785902544015
3788.0 0.23442577701283998
3790.0 0.22873446274687487
3792.0 0.22816957502088278
3794.0 0.22981071570743977
3796.0 0.2358476175372682
3798.0 0.23125294195112164
3800.0 0.21104383103093596
3802.0 0.2126099857318419
3804.0 0.21527879751007203
3806.0 0.22075885377077356
3808.0 0.23024832555890168
3810.0 0.23492009343715292
3812.0 0.23828994132889858
3814.0 0.2473131004647952
3816.0 0.2478668646773561
3818.0 0.25947267820094283
3820.0 0.26423410066031894
3822.0 0.27624084925585296
3824.0 0.28347183701357953
3826.0 0.2926305638058554
3828.0 0.30359165995910503
3830.0 0.3188019092589033
3832.0 0.3203261175959282
3834.0 0.33428664394542884
3836.0 0.3438574956398468
3838.0 0.34922368399313214
3840.0 0.3533054644782605
3842.0 0.3590394783577201
3844.0 0.37313746747436294
3846.0 0.38119384911766996
3848.0 0.3867499320244272
3850.0 0.40276612872498746
3852.0 0.4142844249087326
3854.0 0.42205276637888606
3856.0 0.42800328959216716
3858.0 0.4328988788515728
3860.0 0.44176265046277713
3862.0 0.4560059978598435
3864.0 0.45845277657547095
3866.0 0.4595870664625023
3868.0 0.46329846265334934
3870.0 0.47165711327367427
3872.0 0.4850216931220335
3874.0 0.5024098454443179
3876.0 0.5121993804542514
3878.0 0.5104262673466422
3880.0 0.5133342692969185
3882.0 0.5401296770252236
3884.0 0.5506639033622525
3886.0 0.5537598262681181
3888.0 0.5649391735806089
3890.0 0.5712748759670936
3892.0 0.5905110794224177
3894.0 0.5971791403138634
3896.0 0.6071749316275101
3898.0 0.6168150556026077
3900.0 0.6174356404576952
3902.0 0.6302541275042652
3904.0 0.6396884039767443
3906.0 0.6410016334842298
3908.0 0.6539570844674147
3910.0 0.6663936190748543
3912.0 0.67064897056451
3914.0 0.678977164299287
3916.0 0.6826891177031763
3918.0 0.6916724774731495
3920.0 0.7035666560056602
3922.0 0.7002378997377228
3924.0 0.7018561583371538
3926.0 0.7106369109749874
3928.0 0.7388240189686308
3930.0 0.749554295626444
3932.0 0.768085389205033
3934.0 0.7723718149219779
3936.0 0.7893731575648522
3938.0 0.7987804928194553
3940.0 0.8029374583178295
3942.0 0.8107979898553564
3944.0 0.830396786034431
3946.0 0.8415951005602902
3948.0 0.8507883860503869
3950.0 0.8479722026924387
3952.0 0.8705709493128461
3954.0 0.8633592735984215
3956.0 0.8549384330814518
3958.0 0.8516645949996219
3960.0 0.8486925756956913
3962.0 0.8584448404846886
3964.0 0.8608024611960535
3966.0 0.8647384711438011
3968.0 0.8708572038340178
3970.0 0.8622900187490015
3972.0 0.8672922560246398
3974.0 0.8640969938337263
3976.0 0.859184357199365
3978.0 0.8450159526399972
3980.0 0.84749987309754
3982.0 0.8379929226906845
3984.0 0.8280957076472955
3986.0 0.8162044083828967
3988.0 0.8166892442722872
3990.0 0.8179428986685112
3992.0 0.8060245394702757
3994.0 0.7886282086331337
3996.0 0.7865151878236506
3998.0 0.7828556770032998
4000.0 0.7785573386255906
4002.0 0.7644774055599288
4004.0 0.7544300817823635
4006.0 0.752026034564635
4008.0 0.7409146759656872
4010.0 0.7441024645971854
4012.0 0.725725356417669
4014.0 0.7236831153119879
4016.0 0.7184161464881677
4018.0 0.7165352363069318
4020.0 0.7158231013548567
4022.0 0.704772067287651
4024.0 0.6943118391169751
4026.0 0.6831162317084003
4028.0 0.6841633889357036
4030.0 0.6784355932994012
4032.0 0.676336487107993
4034.0 0.6750594208702342
4036.0 0.6636678274736333
4038.0 0.6592010012184196
4040.0 0.6476229993924908
4042.0 0.6403278312966796
4044.0 0.6425108625516638
4046.0 0.6386835689119603
4048.0 0.6444950357842101
4050.0 0.649672654484677
4052.0 0.6415244065461777
4054.0 0.6402552148047622
4056.0 0.6392521435314759
4058.0 0.623397853369293
4060.0 0.6172416569805792
4062.0 0.6174963384581061
4064.0 0.6113147363709803
4066.0 0.5965729303015155
4068.0 0.5837529160798692
4070.0 0.5829447108680467
4072.0 0.5761432201340988
4074.0 0.5750642778911276
4076.0 0.5770194844575559
4078.0 0.5839362317336927
4080.0 0.5783812867529903
4082.0 0.5837768762095441
4084.0 0.5855602340383326
4086.0 0.5846783986662358
4088.0 0.582792082844905
4090.0 0.5863790179596821
4092.0 0.5938444106877969
4094.0 0.5824489809484158
4096.0 0.5934630942785498
4098.0 0.5929749872051052
4100.0 0.5817720594864164
4102.0 0.5801419464624942
4104.0 0.5762499000199112
4106.0 0.565968561775101
4108.0 0.5527083758826337
4110.0 0.5335229851271331
4112.0 0.5212980141737862
4114.0 0.5128806702323894
4116.0 0.4997882173816504
4118.0 0.48862747976915105
4120.0 0.48593728213684706
4122.0 0.4743470348056968
4124.0 0.46152690173759936
4126.0 0.45317784775496545
4128.0 0.44862451636990464
4130.0 0.4404616953589534
4132.0 0.4298331766584241
4134.0 0.4275048787620782
4136.0 0.424730520814956
4138.0 0.4235628318344603
4140.0 0.4202803936996843
4142.0 0.4158201849666523
4144.0 0.4198211913169973
4146.0 0.4229144092836602
4148.0 0.41705443739929937
4150.0 0.4162305340027349
4152.0 0.4189575659604221
4154.0 0.4143639479387902
4156.0 0.40760801062086116
4158.0 0.4134112326287518
4160.0 0.4163228961566464
4162.0 0.4177650229810731
4164.0 0.41756800126371674
4166.0 0.4215597221120097
4168.0 0.4235263655043821
4170.0 0.4306287017240292
4172.0 0.4306093217189383
4174.0 0.44470948612673544
4176.0 0.45216643633030845
4178.0 0.45697037632225007
4180.0 0.4721192322991637
4182.0 0.47920668314798237
4184.0 0.4780408602220687
4186.0 0.48357756986973477
4188.0 0.4842337397239169
4190.0 0.4886382524109764
4192.0 0.49269799678096327
4194.0 0.4972571927169018
4196.0 0.5005818357904301
4198.0 0.4971434626236882
4200.0 0.487038540980224
4202.0 0.48610886330410125
4204.0 0.4824608072585885
4206.0 0.4746975334990278
4208.0 0.4668022018323282
4210.0 0.45952922627769704
4212.0 0.45718299490586045
4214.0 0.45163494736860105
4216.0 0.44697557066364146
4218.0 0.4401552478473946
4220.0 0.4372936137302236
4222.0 0.43562743696455697
4224.0 0.44173770022921083
4226.0 0.4388639470314954
4228.0 0.43571277182117496
4230.0 0.43196619777193845
4232.0 0.43498726179384883
4234.0 0.44005284916156934
4236.0 0.44739257069029204
4238.0 0.45155143412853604
4240.0 0.4528296861816436
4242.0 0.4581078036175089
4244.0 0.4642612655038955
4246.0 0.4652777450414568
4248.0 0.4662448721958173
4250.0 0.46683365579953706
4252.0 0.4659732905138619
4254.0 0.46441020245110354
4256.0 0.461089278554955
4258.0 0.46462267143409014
4260.0 0.46458699208121385
4262.0 0.4605881562780399
4264.0 0.453168284537282
4266.0 0.4509409519697402
4268.0 0.45845756439742225
4270.0 0.4587476246500001
4272.0 0.4605494515452611
4274.0 0.4519886028949202
4276.0 0.44497707163475725
4278.0 0.4415400823586736
4280.0 0.44765261331341216
4282.0 0.445515736896688
4284.0 0.43621054070189086
4286.0 0.42858387848516966
4288.0 0.4247425243591241
4290.0 0.418006857349252
4292.0 0.4134297071605754
4294.0 0.41298429706109974
4296.0 0.4117535836535452
4298.0 0.4105026818648522
4300.0 0.4117755547450137
4302.0 0.40841289838223477
4304.0 0.4026084845617168
4306.0 0.40027475136503593
4308.0 0.40114500519232765
4310.0 0.3986745137912177
4312.0 0.3998263616804829
4314.0 0.4019326551363235
4316.0 0.40031157275166473
4318.0 0.3995229304474509
4320.0 0.40484634328445523
4322.0 0.41006959293218137
4324.0 0.4164874124081159
4326.0 0.41534991210183253
4328.0 0.41824007436245375
4330.0 0.42455516878294336
4332.0 0.4276437833329361
4334.0 0.4209846807608218
4336.0 0.4223352782082365
4338.0 0.41933641593017357
4340.0 0.4187167694072305
4342.0 0.4144398474897872
4344.0 0.4135086566008664
4346.0 0.41950397760433167
4348.0 0.41964989856524215
4350.0 0.40840712711867205
4352.0 0.40977684702562156
4354.0 0.4084295748170358
4356.0 0.40294020611649467
4358.0 0.40155211024396364
4360.0 0.4030408165505139
4362.0 0.39875867995454256
4364.0 0.3960708130632797
4366.0 0.40021052301821874
4368.0 0.39496501630111747
4370.0 0.3926577109992079
4372.0 0.3845858180368345
4374.0 0.38141601734695246
4376.0 0.38550204468183014
4378.0 0.3819236460698104
4380.0 0.3817701372645657
4382.0 0.3886484593106561
4384.0 0.3803075623482059
4386.0 0.37884880079677546
4388.0 0.3848287136000043
4390.0 0.38374337689335275
4392.0 0.3908945488137064
4394.0 0.4019936989325967
4396.0 0.3960958107172951
4398.0 0.4023718800163473
4400.0 0.41164087569760655
4402.0 0.41722308009383
4404.0 0.42226214283943686
4406.0 0.42063367153918707
4408.0 0.42708415540567285
4410.0 0.43563501602848664
4412.0 0.4437412356830375
4414.0 0.4433455166812914
4416.0 0.4510219588346201
4418.0 0.462335672004061
4420.0 0.4679229397301329
4422.0 0.4730020700645906
4424.0 0.47986159164194375
4426.0 0.4880413838906582
4428.0 0.4987848385494332
4430.0 0.5036408074536324
4432.0 0.5019885164702691
4434.0 0.5073226475658008
4436.0 0.5140279763366685
4438.0 0.5203109359019084
4440.0 0.5332066714856178
4442.0 0.5392471351228078
4444.0 0.5459950220229988
4446.0 0.5607905651189864
4448.0 0.5703773321619771
4450.0 0.5766355238348013
4452.0 0.5904769288769128
4454.0 0.5920173962626876
4456.0 0.5963952878973912
4458.0 0.597417921030446
4460.0 0.6075898422723454
4462.0 0.6188900094141441
4464.0 0.6078414321604715
4466.0 0.6122806355201164
4468.0 0.6189956216268488
4470.0 0.6314637508072768
4472.0 0.6419139723505585
4474.0 0.6409529473018863
4476.0 0.6407331595580957
4478.0 0.6443567353982592
4480.0 0.6527282244653759
4482.0 0.661278369717946
4484.0 0.673006482959425
4486.0 0.6810959734277816
4488.0 0.6890375172465888
4490.0 0.696020175355005
4492.0 0.6992290347103559
4494.0 0.7007557418858905
4496.0 0.7103574508526054
4498.0 0.717299303132521
4500.0 0.7224863198655763
4502.0 0.7201822151885343
4504.0 0.7209821313444319
4506.0 0.7272156539239402
4508.0 0.7289812415873892
4510.0 0.7339219932907414
4512.0 0.7450428135440924
4514.0 0.7559289195257854
4516.0 0.7577091221096031
4518.0 0.7625269778255745
4520.0 0.7713093081400832
4522.0 0.7841628170059014
4524.0 0.7934938807919895
4526.0 0.7948268787561104
4528.0 0.8133805399827544
4530.0 0.819057716456109
4532.0 0.8358446597418782
4534.0 0.8476666073494142
4536.0 0.8557872415043645
4538.0 0.8655506670515936
4540.0 0.8726209624659015
4542.0 0.8816784872545481
4544.0 0.8940793874025479
4546.0 0.9095976969254167
4548.0 0.9242563246943613
4550.0 0.9325637020121992
4552.0 0.9413389742121531
4554.0 0.9519044764219055
4556.0 0.9602559549893522
4558.0 0.9652219089517312
4560.0 0.9662256040263019
4562.0 0.96713500098605
4564.0 0.9780538689233235
4566.0 0.9796637256832526
4568.0 0.9845384661874012
4570.0 0.9957895248843415
4572.0 0.9962770338949338
4574.0 0.998079627242121
4576.0 0.9942319038254133
4578.0 0.9870736172524697
4580.0 0.9829257944172397
4582.0 0.9890826881988218
4584.0 0.9942256763455162
4586.0 0.9944106726741628
4588.0 1.0
4590.0 0.9953920854740955
4592.0 0.9861032180665106
4594.0 0.9906947415447706
4596.0 0.9901082454016484
4598.0 0.9752440142895004
4600.0 0.967271195915256
4602.0 0.9705544594889812
4604.0 0.9751134065655543
4606.0 0.969177255582602
4608.0 0.9622758248132248
4610.0 0.9601804672647046
4612.0 0.9499189496652911
4614.0 0.950621784872033
4616.0 0.9582793339380938
4618.0 0.9535622343978067
4620.0 0.9498265715386998
4622.0 0.9483504625505702
4624.0 0.9549432488862241
4626.0 0.9508288777385093
4628.0 0.9528523727642786
4630.0 0.9530712095663257
4632.0 0.9566491522571589
4634.0 0.9573385349276341
4636.0 0.9543127099781341
4638.0 0.956294544402849
4640.0 0.9524482874614256
4642.0 0.9486988147446799
4644.0 0.9432201447061321
4646.0 0.9321888443782662
4648.0 0.9231911566804466
4650.0 0.9184563919606504
4652.0 0.9066313784404826
4654.0 0.8890415939986654
4656.0 0.8748420645757832
4658.0 0.8604560978434328
4660.0 0.8475791856965154
4662.0 0.8330282110609959
4664.0 0.8221725233000743
4666.0 0.8100815551016284
4668.0 0.7971284400961693
4670.0 0.7823226671900592
4672.0 0.7754378532849169
4674.0 0.7662456749041265
4676.0 0.7524923585284625
4678.0 0.7428118298714721
4680.0 0.7270873704838028
4682.0 0.7186052915307822
4684.0 0.7106653205198235
4686.0 0.7042284699806719
4688.0 0.6918649543089409
4690.0 0.6857949803882617
4692.0 0.6764526477209003
4694.0 0.6674960905240396
4696.0 0.6654525397933702
4698.0 0.6595661926207343
4700.0 0.6511370443440836
4702.0 0.6467782845858644
4704.0 0.6423646716673961
4706.0 0.6363419149376404
4708.0 0.6316464169956447
4710.0 0.6265792074255206
4712.0 0.6248695149088872
4714.0 0.6204997606326704
4716.0 0.6201903767756091
4718.0 0.6217446321449837
4720.0 0.6139430750912227
4722.0 0.609419854652994
4724.0 0.6099752968899625
4726.0 0.6149053254713972
4728.0 0.6129134398952072
4730.0 0.6112916095087821
4732.0 0.6146847057319746
4734.0 0.6200299393819385
4736.0 0.6208233385864418
4738.0 0.6194767438576277
4740.0 0.6234156862983924
4742.0 0.6277534788539803
4744.0 0.6291005010151465
4746.0 0.6246893023502423
4748.0 0.6241763414553486
4750.0 0.6258571403162839
4752.0 0.6267874594297862
4754.0 0.6277030568576406
4756.0 0.6225489603543934
4758.0 0.6177199860202481
4760.0 0.6141268310026612
4762.0 0.6168642107131528
4764.0 0.6172485720092779
4766.0 0.6165781882564441
4768.0 0.6155738246906945
4770.0 0.6197047204153937
4772.0 0.621480009867595
4774.0 0.6249555428934755
4776.0 0.6291239366357176
4778.0 0.6329804234800225
4780.0 0.6352389409933675
4782.0 0.6389270372793779
4784.0 0.6378318750491484
4786.0 0.6414914363227816
4788.0 0.6530416309466237
4790.0 0.6600721818676712
4792.0 0.662791428826243
4794.0 0.6654307443016645
4796.0 0.6696418226630942
4798.0 0.6732571219383849
4800.0 0.6792017907702557
4802.0 0.6901785282206746
4804.0 0.6973486524539082
4806.0 0.6999442973513478
4808.0 0.7073415342614683
4810.0 0.7165122900216119
4812.0 0.719156819087171
4814.0 0.72361930801802
4816.0 0.7281941595069518
4818.0 0.7329532341415369
4820.0 0.7429401416341577
4822.0 0.7383979643139044
4824.0 0.7382166562533219
4826.0 0.734135573407357
4828.0 0.7378766485553024
4830.0 0.7356513462460629
4832.0 0.7332921884309459
4834.0 0.7300071505567685
4836.0 0.7223597058669265
4838.0 0.7066258727718437
4840.0 0.7026741520738596
4842.0 0.6921273037904893
4844.0 0.684387412303665
4846.0 0.6721680186615899
4848.0 0.6574272264277046
4850.0 0.6438906668559781
4852.0 0.6341431411336359
4854.0 0.6317815401589686
4856.0 0.6252378460557364
4858.0 0.6162670058688384
4860.0 0.6109887901495398
4862.0 0.606942825237226
4864.0 0.602765954047109
4866.0 0.5982750196288619
4868.0 0.594483666077874
4870.0 0.5943921218364605
4872.0 0.5947928675551127
4874.0 0.5902272235004141
4876.0 0.5901604484212987
4878.0 0.5912575089904022
4880.0 0.5888846181499479
4882.0 0.594947322292369
4884.0 0.5995714442709933
4886.0 0.6083373561587454
4888.0 0.6095579026002285
4890.0 0.6129254084120982
4892.0 0.6161939019606533
4894.0 0.6278857963112731
4896.0 0.6334089877673631
4898.0 0.6420249487120515
4900.0 0.6499664082541132
4902.0 0.6526347523410474
4904.0 0.6568193156318557
4906.0 0.6593739608688836
4908.0 0.6646347453393358
4910.0 0.6728444751132093
4912.0 0.6824705650236967
4914.0 0.6924834392012534
4916.0 0.7047839644816859
4918.0 0.7111850761258649
4920.0 0.7066545161617845
4922.0 0.7082243366663562
4924.0 0.7155146458226636
4926.0 0.7226654361895507
4928.0 0.7286022262095332
4930.0 0.7308842627340694
4932.0 0.7325919668523098
4934.0 0.7370025300233661
4936.0 0.738658594710106
4938.0 0.7358791667582087
4940.0 0.7383363319251449
4942.0 0.7399245328749626
4944.0 0.740739637766364
4946.0 0.7393401237483439
4948.0 0.739426041792569
4950.0 0.7326143696458729
4952.0 0.7271832210706614
4954.0 0.7240621746392615
4956.0 0.7191144561713987
4958.0 0.7108178291248487
4960.0 0.7024761102326013
4962.0 0.6944628445988177
4964.0 0.6897021582157262
4966.0 0.6803966657883108
4968.0 0.6701003452712441
4970.0 0.6700634906883912
4972.0 0.6625664020936086
4974.0 0.6535643636451858
4976.0 0.6460238384226565
4978.0 0.642201566587722
4980.0 0.6338601611840885
4982.0 0.6225010108724858
4984.0 0.6158155422639766
4986.0 0.607085783028443
4988.0 0.5963976233330477
4990.0 0.5929271448510698
4992.0 0.5794978019664327
4994.0 0.5697853236253142
4996.0 0.5651366988767185
4998.0 0.5584092224888214
5000.0 0.5540436470204209
5002.0 0.546710791369089
5004.0 0.5417710270731412
5006.0 0.5404190343794272
5008.0 0.5348716089094478
5010.0 0.5293928608967782
5012.0 0.526907575226125
5014.0 0.5230756667611169
5016.0 0.5233742114838583
5018.0 0.5234130432439652
5020.0 0.5216798116800473
5022.0 0.5156469466033119
5024.0 0.516277438742506
5026.0 0.5172245731344024
5028.0 0.5109735943171811
5030.0 0.5181537126973869
5032.0 0.5244078867805968
5034.0 0.5218574716121503
5036.0 0.5206160502035083
5038.0 0.521402044834505
5040.0 0.5308216934544442
5042.0 0.528154393614615
5044.0 0.5244559416438838
5046.0 0.5290584549396592
5048.0 0.5321227508603174
5050.0 0.5336521051528856
5052.0 0.5351877098480821
5054.0 0.5347878760770521
5056.0 0.5363770525436738
5058.0 0.5363207607499862
5060.0 0.5378577318196985
5062.0 0.543688258661015
5064.0 0.5419767469156567
5066.0 0.5400460865179065
5068.0 0.5464002068128914
5070.0 0.5524991765015973
5072.0 0.5567602713099135
5074.0 0.555398340483381
5076.0 0.5599389189393028
5078.0 0.5649033398588161
5080.0 0.5700341240256349
5082.0 0.5731646243976903
5084.0 0.5770280917060254
5086.0 0.5801469777704464
5088.0 0.5833732283091082
5090.0 0.5850760548507334
5092.0 0.5885049274985766
5094.0 0.5878778009195847
5096.0 0.5907779761359194
5098.0 0.5941003047281428
5100.0 0.589813235931822
5102.0 0.5888160783693116
5104.0 0.5932888601337789
5106.0 0.597878492053655
5108.0 0.6039603811608707
5110.0 0.6057452375300045
5112.0 0.6031035816017569
5114.0 0.6060231725750339
5116.0 0.60736433126192
5118.0 0.6117218443403704
5120.0 0.6143149381390072
5122.0 0.6163548732523999
5124.0 0.6186153326952859
5126.0 0.6216974194449107
5128.0 0.6184534929269426
5130.0 0.6169851196084131
5132.0 0.6154012199622211
5134.0 0.6133012028979309
5136.0 0.6152923352485068
5138.0 0.6110703795570845
5140.0 0.6097348142479627
5142.0 0.612119662248787
5144.0 0.6105698109003201
5146.0 0.6106233456557193
5148.0 0.6127567543640575
5150.0 0.6105731273539043
5152.0 0.612839729855188
5154.0 0.6112352148080623
5156.0 0.6095360019588197
5158.0 0.6115789651695928
5160.0 0.6117522591422292
5162.0 0.6127046473981616
5164.0 0.6143952595431091
5166.0 0.6154035121228414
5168.0 0.6198843268333805
5170.0 0.6181820879615573
5172.0 0.6199898155773169
5174.0 0.6219802298663375
5176.0 0.6234844623945818
5178.0 0.6262423037761241
5180.0 0.6290392132847149
5182.0 0.6320576109588656
5184.0 0.6367424334954073
5186.0 0.637164858908576
5188.0 0.635782903867339
5190.0 0.6404481731151311
5192.0 0.6437135964561007
5194.0 0.6454135299141274
5196.0 0.6507509244510634
5198.0 0.6545880045851353
5200.0 0.6600470121374041
5202.0 0.6612563449129848
5204.0 0.6644644267873993
5206.0 0.668607203844415
5208.0 0.6774898862520974
5210.0 0.6857338657718309
5212.0 0.6913301839894748
5214.0 0.693524560789098
5216.0 0.7012007088861717
5218.0 0.7051260613954985
5220.0 0.7110517006061337
5222.0 0.7115891889590371
5224.0 0.7185428735883324
5226.0 0.7216720389064518
5228.0 0.7270118034054198
5230.0 0.7268341219044429
5232.0 0.7273887302301636
5234.0 0.7281686442072772
5236.0 0.7288840384551273
5238.0 0.7317245504366333
5240.0 0.7317339212177214
5242.0 0.7342762387830877
5244.0 0.7379571293593711
5246.0 0.7356797609698631
5248.0 0.7315811398857132
5250.0 0.7378001022818801
5252.0 0.7340912348676492
5254.0 0.7387020939453786
5256.0 0.7432433371584134
5258.0 0.7439816581017374
5260.0 0.7458633643979521
5262.0 0.7443969254447581
5264.0 0.7501529454004119
5266.0 0.7601321179449632
5268.0 0.7577092718499793
5270.0 0.7581077060823993
5272.0 0.7631637163409252
5274.0 0.7681819385587432
5276.0 0.7727177540201338
5278.0 0.7773887232046025
5280.0 0.7774207859064773
5282.0 0.7789324539717101
5284.0 0.7828842351024294
5286.0 0.7806050071926083
5288.0 0.7784966435081702
5290.0 0.7794870689832096
5292.0 0.7797854232278257
5294.0 0.7789920439467509
5296.0 0.7791463253010908
5298.0 0.7770371090339531
5300.0 0.7776628347752266
5302.0 0.7750710660875365
5304.0 0.7723395189095755
5306.0 0.7745045437060205
5308.0 0.7749448112126105
5310.0 0.7747370159484797
5312.0 0.770696501152754
5314.0 0.7674118079235177
5316.0 0.7623994246279397
5318.0 0.7626931514623752
5320.0 0.7567732768959917
5322.0 0.7505255483618125
5324.0 0.7482184661300558
5326.0 0.7448338232580803
5328.0 0.7416621528368411
5330.0 0.7388707053850286
5332.0 0.733961937229323
5334.0 0.737623137935415
5336.0 0.7375900892484243
5338.0 0.737855400647745
5340.0 0.7384397160720232
5342.0 0.7338307244352994
5344.0 0.7316755762461719
5346.0 0.7306490434946604
5348.0 0.7281474098755822
5350.0 0.728657809591262
5352.0 0.7287751122531864
5354.0 0.7266838321682006
5356.0 0.7230447734862864
5358.0 0.7237590657782561
5360.0 0.7265327143995811
5362.0 0.7285439531382311
5364.0 0.7271399998795419
5366.0 0.7320523041956905
5368.0 0.7334031632911866
5370.0 0.7357420662694639
5372.0 0.736589898133623
5374.0 0.7391314383918206
5376.0 0.7374632252507485
5378.0 0.7396828804418468
5380.0 0.7449587424431258
5382.0 0.7477893301520561
5384.0 0.7508382240738193
5386.0 0.7543178263804163
5388.0 0.7595672281156604
5390.0 0.7611459421291689
5392.0 0.7666357885815913
5394.0 0.7703044386555753
5396.0 0.7721330233113597
5398.0 0.7755519250854944
5400.0 0.7807433980562821
5402.0 0.7922775944712613
5404.0 0.7947515384934419
5406.0 0.7974876863655848
5408.0 0.8000129113990935
5410.0 0.8029943082327116
5412.0 0.8048546686741794
5414.0 0.8174980142778744
5416.0 0.8275370836943414
5418.0 0.8287550329814355
5420.0 0.8317549535859448
5422.0 0.8338842776715435
5424.0 0.8375613690434124
5426.0 0.841802805230266
5428.0 0.8456071937184051
5430.0 0.8491666573727759
5432.0 0.8506319496356515
5434.0 0.8536302379760295
5436.0 0.8528955700125239
5438.0 0.8587123621489204
5440.0 0.8603230896281227
5442.0 0.8640466487817208
5444.0 0.8689136776399999
5446.0 0.8711776689570527
5448.0 0.8726859755640534
5450.0 0.8793702708742563
5452.0 0.8844503971753221
5454.0 0.8809969855966902
5456.0 0.8782280130679507
5458.0 0.8845939273691633
5460.0 0.88922142266478
5462.0 0.8902836313348141
5464.0 0.8953292373355425
5466.0 0.8942901650952255
5468.0 0.8982447591244453
5470.0 0.8963572594804341
5472.0 0.897310210296278
5474.0 0.8951765403963172
5476.0 0.8982901718506552
5478.0 0.8981607653459237
5480.0 0.9039266511082573
5482.0 0.9097839458688602
5484.0 0.9065706213300162
5486.0 0.9127255133264437
5488.0 0.9175040795542677
5490.0 0.9184870588722139
5492.0 0.9157376768235952
5494.0 0.9193806439358942
5496.0 0.921951567061421
5498.0 0.9259242592850854
5500.0 0.9257361395826434
5502.0 0.9336482216214355
5504.0 0.9319930947470803
5506.0 0.9313727649966997
5508.0 0.9327731019279573
5510.0 0.9371013032249402
5512.0 0.9438892619426469
5514.0 0.9395064325120343
5516.0 0.9387178659106895
5518.0 0.9451810385475108
5520.0 0.9492155929112394
5522.0 0.952939787065716
5524.0 0.9547185033482286
5526.0 0.9561213766504756
5528.0 0.952730227459476
5530.0 0.9530521833096595
5532.0 0.9548016120470733
5534.0 0.9566833360189908
5536.0 0.9588000405317256
5538.0 0.9629506405140319
5540.0 0.9553684659713783
5542.0 0.9589433952188199
5544.0 0.9569932300026441
5546.0 0.9609077857229716
5548.0 0.9636456191407485
5550.0 0.9641822221813486
5552.0 0.964901066968517
5554.0 0.9598206633461055
5556.0 0.9579152704655097
5558.0 0.9642820376075536
5560.0 0.9677212257352206
5562.0 0.9673871239059576
5564.0 0.9626647207179498
5566.0 0.9557257494509022
5568.0 0.9525504352064368
5570.0 0.9470076772048117
5572.0 0.9461937798907082
5574.0 0.9433317295070415
5576.0 0.9405705485636955
5578.0 0.9437196412588976
5580.0 0.9436428582918804
5582.0 0.9426097867234722
5584.0 0.9406797691003557
5586.0 0.9406820091204353
5588.0 0.9416377053717588
5590.0 0.939680159239286
5592.0 0.9333694776041561
5594.0 0.9336961775055316
5596.0 0.9357522196424227
5598.0 0.9333353244200426
5600.0 0.9302571453945052
5602.0 0.9271302781861488
5604.0 0.9275021020566848
5606.0 0.9278073696197052
5608.0 0.9268609765879208
5610.0 0.9234384368172265
5612.0 0.9187347871206532
5614.0 0.9195900879270394
5616.0 0.9095387437568724
5618.0 0.9048545927323133
5620.0 0.9015448972562352
5622.0 0.8971152975147276
5624.0 0.8922974398783968
5626.0 0.8818072058312273
5628.0 0.8742913516126155
5630.0 0.8662009092564634
5632.0 0.8593434211055873
5634.0 0.8495030591528037
5636.0 0.8336579945503361
5638.0 0.8170798827553614
5640.0 0.8044273341303568
5642.0 0.794813273136389
5644.0 0.7864659165170965
5646.0 0.7775962194181772
5648.0 0.7582059688777251
5650.0 0.7476020710656973
5652.0 0.7365732305440821
5654.0 0.7242721145742276
5656.0 0.7130906546777095
5658.0 0.7010254657344669
5660.0 0.6896223451499297
5662.0 0.6811855451610167
5664.0 0.6735921639371798
5666.0 0.6691964948112067
5668.0 0.6627231048826974
5670.0 0.6580084500025185
5672.0 0.6550874617614288
5674.0 0.653434749706854
5676.0 0.6521343699125303
5678.0 0.6505076022787178
5680.0 0.6516699106274785
5682.0 0.6580967938731892
5684.0 0.6596247780252483
5686.0 0.6587874810749337
5688.0 0.6614295305157647
5690.0 0.6634019955832016
5692.0 0.667786140127869
5694.0 0.6698872264726562
5696.0 0.6723098401135185
5698.0 0.6744581935730959
5700.0 0.6759864821861132
5702.0 0.6807402115226625
5704.0 0.6814036021598742
5706.0 0.6778591659536273
5708.0 0.6791646030708883
5710.0 0.6789661070794492
5712.0 0.6757110797573461
5714.0 0.6707745655405424
5716.0 0.6686372769998259
5718.0 0.6631703511692577
5720.0 0.6598952346296665
5722.0 0.6611924112768042
5724.0 0.6604379750162342
5726.0 0.655745095431851
5728.0 0.6492598279749044
5730.0 0.6465951892942653
5732.0 0.6435258286112215
5734.0 0.6426221960313999
5736.0 0.6380350049526684
5738.0 0.6327577636919284
5740.0 0.6287811380627396
5742.0 0.6300003663745448
5744.0 0.6246336357117346
5746.0 0.6235067043948728
5748.0 0.6230474107952719
5750.0 0.6220531162737197
5752.0 0.6138993445467104
5754.0 0.6059410280648967
5756.0 0.6035148386919192
5758.0 0.6028613030968559
5760.0 0.6033672728609587
5762.0 0.5993278448512326
5764.0 0.5932345063074408
5766.0 0.5984107578246771
5768.0 0.5980314664064666
5770.0 0.5952710213205521
5772.0 0.5924180153609052
5774.0 0.5885674006979373
5776.0 0.585286024976502
5778.0 0.5834563154089351
5780.0 0.5855443832539021
5782.0 0.5845451355374711
5784.0 0.5797578716883864
5786.0 0.583483463087187
5788.0 0.5834446748499941
5790.0 0.5812587624448107
5792.0 0.5819826887846317
5794.0 0.5869125302844922
5796.0 0.5864551605691787
5798.0 0.5868351665901891
5800.0 0.5828337428089031
5802.0 0.5834249033633526
5804.0 0.5874039585934254
5806.0 0.5863539437515806
5808.0 0.5863139450427527
5810.0 0.5877363461784155
5812.0 0.5921232058937056
5814.0 0.5899276894459774
5816.0 0.59388768262388
5818.0 0.5978765858253189
5820.0 0.6027387068371406
5822.0 0.6046997459865122
5824.0 0.6065885314551367
5826.0 0.6069614760856024
5828.0 0.609464395188652
5830.0 0.6120055920847214
5832.0 0.6136466764489635
5834.0 0.6202500167503217
5836.0 0.6251262628470673
5838.0 0.6325161330950346
5840.0 0.6383455545009903
5842.0 0.6429878067002502
5844.0 0.6522452627762293
5846.0 0.6547112040403936
5848.0 0.6579334224759107
5850.0 0.6651411076711956
5852.0 0.6696073502388906
5854.0 0.6776514705307424
5856.0 0.6849905863167666
5858.0 0.6892054156443695
5860.0 0.6930620123549834
5862.0 0.6973655899429585
5864.0 0.6997403357922505
5866.0 0.7038809711928343
5868.0 0.7114599942202944
5870.0 0.720133357956279
5872.0 0.7228395194217527
5874.0 0.7232548603582591
5876.0 0.7194847601128136
5878.0 0.7194115350486928
5880.0 0.7289189459042387
5882.0 0.7332194171322628
5884.0 0.7371799196904436
5886.0 0.7421535214946902
5888.0 0.7490911027613745
5890.0 0.7517726058971814
5892.0 0.7598782345202894
5894.0 0.7593913870984613
5896.0 0.7596923179626291
5898.0 0.7654071729576809
5900.0 0.7672167810446923
5902.0 0.7580524276888686
5904.0 0.760019506659043
5906.0 0.7587416332376609
5908.0 0.7540680354389077
5910.0 0.7545259510401711
5912.0 0.7562176443808512
5914.0 0.7538019669456498
5916.0 0.7538476184872815
5918.0 0.7493769849045594
5920.0 0.749502060707828
5922.0 0.7499047524676772
5924.0 0.7471954708713651
5926.0 0.7412745651353203
5928.0 0.7349936304037837
5930.0 0.727271682721747
5932.0 0.7222373753511264
5934.0 0.7160049702184265
5936.0 0.7186157288791554
5938.0 0.7202060475494105
5940.0 0.7155118631820537
5942.0 0.7093643336674125
5944.0 0.7001360682871535
5946.0 0.6946764927751715
5948.0 0.6921566056769698
5950.0 0.6879102641258087
5952.0 0.6830234638177872
5954.0 0.6797968564260549
5956.0 0.6767685419963251
5958.0 0.6730357579362186
5960.0 0.6666477971158891
5962.0 0.6660153742132859
5964.0 0.6644207028953986
5966.0 0.663338828981361
5968.0 0.662088501502317
5970.0 0.6589082299282535
5972.0 0.6563511726977255
5974.0 0.6548884350313583
5976.0 0.6540177093988987
5978.0 0.6568886960843259
5980.0 0.6518887323931745
5982.0 0.6490257373847187
5984.0 0.6481656178479835
5986.0 0.6514411223915455
5988.0 0.6486883176871597
5990.0 0.6467673057096307
5992.0 0.6494047805932192
5994.0 0.652111353559623
5996.0 0.6521982545518469
5998.0 0.6496974057475121
6000.0 0.6526993680658368
6002.0 0.6528648466992947
6004.0 0.6529170987828378
6006.0 0.6523011113750564
6008.0 0.649913257335159
6010.0 0.6503821022118627
6012.0 0.650877671523823
6014.0 0.6512256520972032
6016.0 0.6467459799914999
6018.0 0.6431542513153493
6020.0 0.6445010212779305
6022.0 0.6423512547187061
6024.0 0.6409182359885366
6026.0 0.6375366779821176
6028.0 0.6356438772861919
6030.0 0.6337312352109165
6032.0 0.6296747945669907
6034.0 0.6267022603704328
6036.0 0.6228316667451348
6038.0 0.6195264854570579
6040.0 0.6195470726861045
6042.0 0.6190845757186798
6044.0 0.6151116747536727
6046.0 0.6117267307781487
6048.0 0.6084959437161914
6050.0 0.6064000410850428
6052.0 0.6002917823215324
6054.0 0.5989867267659572
6056.0 0.596570063029806
6058.0 0.5974377320834918
6060.0 0.5968954511963598
6062.0 0.5906219180462547
6064.0 0.5850320761514254
6066.0 0.5824587783442129
6068.0 0.5766827943327801
6070.0 0.5710778448266428
6072.0 0.5643590739967651
6074.0 0.5593181524994013
6076.0 0.5553107974958521
6078.0 0.5487978967311142
6080.0 0.542016489488171
6082.0 0.5354425315317259
6084.0 0.5300029036731116
6086.0 0.5216510399354736
6088.0 0.5161084422549336
6090.0 0.5089741312561428
6092.0 0.4973220981867465
6094.0 0.4873291152984043
6096.0 0.4843385111241747
6098.0 0.4779524382814687
6100.0 0.4669087628527194
6102.0 0.45936392756225464
6104.0 0.45200647566145585
6106.0 0.44606412734713075
6108.0 0.4403273137674659
6110.0 0.43087071621602924
6112.0 0.42095932414724974
6114.0 0.41534677127795666
6116.0 0.4101671388254321
6118.0 0.4029516464806543
6120.0 0.39737111292511335
6122.0 0.3922064839283932
6124.0 0.3910500769354819
6126.0 0.38844331431962165
6128.0 0.3797323168009043
6130.0 0.3727663026496927
6132.0 0.36897511017173823
6134.0 0.3657334795140343
6136.0 0.3635284581094858
6138.0 0.36202552054543524
6140.0 0.36188783580542694
6142.0 0.3599017130761164
6144.0 0.35710750353853477
6146.0 0.35465155418471384
6148.0 0.35252429429110943
6150.0 0.3535668385537753
6152.0 0.3520070781621697
6154.0 0.35285226186664553
6156.0 0.3553039507695187
6158.0 0.35713045509544344
6160.0 0.3546327380655849
6162.0 0.3548638208540833
6164.0 0.35571802553443616
6166.0 0.35714262449123085
6168.0 0.3574032539975568
6170.0 0.36508355988142
6172.0 0.36847551193341954
6174.0 0.3711099452427485
6176.0 0.37270442947946
6178.0 0.375235895019154
6180.0 0.37596455835539644
6182.0 0.38240304187548313
6184.0 0.3865760809427045
6186.0 0.3900352966269416
6188.0 0.3934563978142825
6190.0 0.395522276236804
6192.0 0.3950387981598319
6194.0 0.40068303021090107
6196.0 0.40222367675470894
6198.0 0.41012493073096223
6200.0 0.413534162227318
6202.0 0.4119216798492709
6204.0 0.4179334654749369
6206.0 0.42527165657965255
6208.0 0.42679205331823605
6210.0 0.4325381120513321
6212.0 0.43555232834830754
6214.0 0.4385485341126565
6216.0 0.44123105176380756
6218.0 0.4447788295212458
6220.0 0.44767711705515595
6222.0 0.45158163871713325
6224.0 0.45665117849743947
6226.0 0.4577186442056469
6228.0 0.46005588605177
6230.0 0.46487911911644486
6232.0 0.46893215888332734
6234.0 0.46947658528652986
6236.0 0.47370205744638094
6238.0 0.4789860828651648
6240.0 0.47960124233073653
6242.0 0.48481906625135235
6244.0 0.48630079083015454
6246.0 0.4862003264637676
6248.0 0.4920415464927182
6250.0 0.49537153078472257
6252.0 0.49503365313678493
6254.0 0.494764339786366
6256.0 0.4989217575337784
6258.0 0.5029542309204191
6260.0 0.5080899291843076
6262.0 0.5072477477704783
6264.0 0.5027878233860704
6266.0 0.5043315859639806
6268.0 0.5093573608427188
6270.0 0.5179547258308463
6272.0 0.525700717495191
6274.0 0.5262059332349323
6276.0 0.5292731182751639
6278.0 0.5306421542658761
6280.0 0.5334904201503782
6282.0 0.5397899417199072
6284.0 0.5474116690352698
6286.0 0.5505895702390408
6288.0 0.5470340646227109
6290.0 0.549364802206239
6292.0 0.547862738874367
6294.0 0.5490450293124308
6296.0 0.5544259540194822
6298.0 0.5582320564613866
6300.0 0.5619824456869063
6302.0 0.564691140969599
6304.0 0.567399715514475
6306.0 0.5701062777556088
6308.0 0.5708488207028641
6310.0 0.5786116351185377
6312.0 0.5827620199836366
6314.0 0.5847110401293392
6316.0 0.5883744240150374
6318.0 0.5900905872161079
6320.0 0.5908745600826921
6322.0 0.5961037025797558
6324.0 0.6052176251471183
6326.0 0.6032918764703836
6328.0 0.6044955118340614
6330.0 0.614051497315187
6332.0 0.6184152564252439
6334.0 0.6136259892499228
6336.0 0.6196465458339112
6338.0 0.625710608803721
6340.0 0.629571924985488
6342.0 0.6353940584210381
6344.0 0.6414170022067869
6346.0 0.6407417556472172
6348.0 0.6491122202214319
6350.0 0.6507420661769406
6352.0 0.651840844601841
6354.0 0.6561197762675414
6356.0 0.6534507596821961
6358.0 0.6559526936668011
6360.0 0.6655578515577976
6362.0 0.6706693382494351
6364.0 0.6695161866167699
6366.0 0.6747190164041579
6368.0 0.6807744337195918
6370.0 0.686355653561885
6372.0 0.6935720237405217
6374.0 0.6987279341517754
6376.0 0.6990929248754979
6378.0 0.7028530941800369
6380.0 0.7057521932436187
6382.0 0.7086145839654834
6384.0 0.7142387211918454
6386.0 0.7173260813703598
6388.0 0.717169290932458
6390.0 0.7184431731961274
6392.0 0.719821412408905
6394.0 0.7254153654188376
6396.0 0.7265051818472948
6398.0 0.7318956127982126
6400.0 0.7322267940255504
6402.0 0.7330052934193341
6404.0 0.7344551820140521
6406.0 0.7362536112502419
6408.0 0.7341879362503526
6410.0 0.7361354158076013
6412.0 0.7384691280309148
6414.0 0.7378565273757829
6416.0 0.7426119812432255
6418.0 0.7407925456432405
6420.0 0.7413438663401989
6422.0 0.7452448751142816
6424.0 0.7438829239655309
6426.0 0.7409694815004219
6428.0 0.7459928945852257
6430.0 0.7503919977521251
6432.0 0.7479020118974469
6434.0 0.749727162664508
6436.0 0.7510887770706849
6438.0 0.7481165978763088
6440.0 0.7495342131710082
6442.0 0.7487734922634675
6444.0 0.7518583341134204
6446.0 0.7480306418454549
6448.0 0.7471009334382355
6450.0 0.7447589750092497
6452.0 0.7467771270436016
6454.0 0.7502199794953719
6456.0 0.7480999806508822
6458.0 0.7437040589463235
6460.0 0.7407526232824541
6462.0 0.7354768165115004
6464.0 0.7393335994274463
6466.0 0.7452734384555639
6468.0 0.7438035999986077
6470.0 0.7405140737867051
6472.0 0.7447747612981837
6474.0 0.7524007158679757
6476.0 0.7503894359982188
6478.0 0.746395284262018
6480.0 0.7482265326388614
6482.0 0.7563944383182547
6484.0 0.7595458015438582
6486.0 0.7563399373955879
6488.0 0.7556260249892599
6490.0 0.7630144659623339
6492.0 0.7558353778822043
6494.0 0.7527608993916607
6496.0 0.7571146079075867
6498.0 0.7514031959775603
6500.0 0.7417745657181912
6502.0 0.7359639001213265
6504.0 0.7371150745017865
6506.0 0.7454804555131975
6508.0 0.7480258251534064
6510.0 0.7451296484509937
6512.0 0.7459201193235839
6514.0 0.746102444825103
6516.0 0.7420573199862929
6518.0 0.7411692255336523
6520.0 0.7394709207857804
6522.0 0.7391963774199244
6524.0 0.7371672097491572
6526.0 0.7343008184070899
6528.0 0.7314643105286215
6530.0 0.7318674019185539
6532.0 0.7300021917335026
6534.0 0.7269780483668533
6536.0 0.7260290884718806
6538.0 0.723758079900683
6540.0 0.7237170220170668
6542.0 0.7187139300886577
6544.0 0.7149052745744159
6546.0 0.7150727655241645
6548.0 0.7170946070225299
6550.0 0.7131910502370855
6552.0 0.7060715570185832
6554.0 0.7041232925282292
6556.0 0.7012278550530416
6558.0 0.6965037985930934
6560.0 0.6921803811167276
6562.0 0.6927974224019521
6564.0 0.6923877670389801
6566.0 0.6862192410638724
6568.0 0.6854600746105666
6570.0 0.683095471622048
6572.0 0.6783598667713419
6574.0 0.6728121496507846
6576.0 0.6673296224787373
6578.0 0.6651300674952375
6580.0 0.661099064331118
6582.0 0.6580508901713547
6584.0 0.6546277711533046
6586.0 0.6496012169682874
6588.0 0.6441680625785361
6590.0 0.6383660712253213
6592.0 0.6364527193148395
6594.0 0.6300365119270425
6596.0 0.6250035449173208
6598.0 0.6215993824511958
6600.0 0.6180444410560371
6602.0 0.6145832103565178
6604.0 0.6088567523576356
6606.0 0.6014032824797381
6608.0 0.5964350427187548
6610.0 0.5913473191419094
6612.0 0.5869761628804588
6614.0 0.5819455059272833
6616.0 0.5798586286437728
6618.0 0.5790871437329275
6620.0 0.5750349066572096
6622.0 0.5681888087217333
6624.0 0.5650410525235985
6626.0 0.5602417835101288
6628.0 0.555318541717307
6630.0 0.5525162861570213
6632.0 0.5450769537386113
6634.0 0.5442731431265014
6636.0 0.5453126178158758
6638.0 0.5383804113750884
6640.0 0.5344566749836084
6642.0 0.5323077938636537
6644.0 0.5315572584221275
6646.0 0.5312540404138925
6648.0 0.5254139675451215
6650.0 0.5233228473330706
6652.0 0.5197537426746592
6654.0 0.5146719240799748
6656.0 0.5136249035887157
6658.0 0.5120007801595512
6660.0 0.5095057064285277
6662.0 0.5091728829168418
6664.0 0.5106076184297547
6666.0 0.5077898409018621
6668.0 0.5039975651762258
6670.0 0.5019626525463808
6672.0 0.49800774996196245
6674.0 0.49703392253749706
6676.0 0.49480795255499527
6678.0 0.4923756446237359
6680.0 0.49470114877534205
6682.0 0.49128752482946403
6684.0 0.4888852671338385
6686.0 0.4878115539411249
6688.0 0.4869387997839906
6690.0 0.4853740246511534
6692.0 0.48339291811365154
6694.0 0.4837495717133415
6696.0 0.4839213945290104
6698.0 0.48058978319007756
6700.0 0.4769511400771362
6702.0 0.4754785959817512
6704.0 0.4749380874766289
6706.0 0.47266356597385134
6708.0 0.4707150172725937
6710.0 0.47124863161254044
6712.0 0.46912257564140747
6714.0 0.46631329711976444
6716.0 0.46376005812599863
6718.0 0.46263241892864765
6720.0 0.4606926228510187
6722.0 0.4604598966341059
6724.0 0.4581211851362235
6726.0 0.4565552585530653
6728.0 0.45559215232406414
6730.0 0.4543649615832113
6732.0 0.4522299479109406
6734.0 0.45261729669532086
6736.0 0.45099542544752336
6738.0 0.4495759533311582
6740.0 0.4472614478341026
6742.0 0.4433002473090721
6744.0 0.44115700869565794
6746.0 0.4376272409026441
6748.0 0.43571685384126085
6750.0 0.43485838201859806
6752.0 0.43490245846587217
6754.0 0.43955278759222527
6756.0 0.4355212731128687
6758.0 0.4329397944412798
6760.0 0.4285106106818975
6762.0 0.4247929251967429
6764.0 0.42597387324880454
6766.0 0.4275057229811882
6768.0 0.42364447768170477
6770.0 0.42114482176860885
6772.0 0.42392327158478843
6774.0 0.4209292557676192
6776.0 0.4173992459184418
6778.0 0.4176267686637726
6780.0 0.41453029175981
6782.0 0.41675622559768133
6784.0 0.41621912645433035
6786.0 0.4135937521795079
6788.0 0.4102952864661319
6790.0 0.4070771022051083
6792.0 0.40893500066333677
6794.0 0.40794074219761867
6796.0 0.40618375118963923
6798.0 0.4063208504782718
6800.0 0.40498825095934193
6802.0 0.4062238684933991
6804.0 0.40601464441122775
6806.0 0.4032330263093761
6808.0 0.40235391882323157
6810.0 0.40508033377941693
6812.0 0.4053035646101551
6814.0 0.4014484400851407
6816.0 0.4033242861225039
6818.0 0.40499886787674033
6820.0 0.40230027904991117
6822.0 0.40001630780669734
6824.0 0.401528999173545
6826.0 0.401405685795761
6828.0 0.40117719633270765
6830.0 0.40203327294893293
6832.0 0.401786166131763
6834.0 0.4010640164165486
6836.0 0.3998488359812382
6838.0 0.39852522821311215
6840.0 0.3980667844417866
6842.0 0.39687400934794764
6844.0 0.3988167585200737
6846.0 0.40177285881991465
6848.0 0.4038368169993319
6850.0 0.39991774095245824
6852.0 0.38697892705874054
6854.0 0.37659032677571813
6856.0 0.37081057550664676
6858.0 0.3709912546242638
6860.0 0.3762740042335307
6862.0 0.38090015867708665
6864.0 0.3896615530599463
6866.0 0.39926994294455553
6868.0 0.4002674306270793
6870.0 0.39890027536590317
6872.0 0.39830005984259204
6874.0 0.39440316772434103
6876.0 0.3909799277673487
6878.0 0.3902575389363198
6880.0 0.39091983496659055
6882.0 0.39283738134110596
6884.0 0.3981902300151178
6886.0 0.39917332480554973
6888.0 0.39942580315634263
6890.0 0.39829633423804356
6892.0 0.39609240888010183
6894.0 0.3976651779365935
6896.0 0.40070170210479905
6898.0 0.4018971901702199
6900.0 0.4018835690471437
6902.0 0.40231122209452896
6904.0 0.4039163934645226
6906.0 0.40545276307159883
6908.0 0.4041311386921206
6910.0 0.4077390293105304
6912.0 0.4079726872291726
6914.0 0.40405865137983343
6916.0 0.40417181991625795
6918.0 0.4011894832096399
6920.0 0.40028670370503205
6922.0 0.40402333373968996
6924.0 0.4055163590811418
6926.0 0.40748388309680933
6928.0 0.4093556894081532
6930.0 0.41130717130777467
6932.0 0.4143507780693289
6934.0 0.4115069875329733
6936.0 0.40812176319172294
6938.0 0.4080581754876172
6940.0 0.4095614739351115
6942.0 0.4107284736066087
6944.0 0.40794335208911414
6946.0 0.4056822259148902
6948.0 0.40866822024040295
6950.0 0.4133091411347734
6952.0 0.41541204842227136
6954.0 0.41436851605450653
6956.0 0.4132824243823673
6958.0 0.4103973060024503
6960.0 0.4075780242824777
6962.0 0.4105436917812304
6964.0 0.4061757924001393
6966.0 0.4033350064133638
6968.0 0.39801538290003435
6970.0 0.3955185750692793
6972.0 0.3974300781966739
6974.0 0.3917502872048322
6976.0 0.39411193270302314
6978.0 0.3992557799967603
6980.0 0.3968579471802706
6982.0 0.39487248780768563
6984.0 0.3932749373897137
6986.0 0.38719576206711165
6988.0 0.3869559808582828
6990.0 0.38638269588540947
6992.0 0.3839980068716334
6994.0 0.38599018733022794
6996.0 0.3894978557578169
6998.0 0.38889031773921684
7000.0 0.3872207609990538
7002.0 0.38104394613936565
7004.0 0.38240633064195295
7006.0 0.38453277645048617
7008.0 0.38778844776483035
7010.0 0.3869027749490314
7012.0 0.38191914412794636
7014.0 0.3807300002082503
7016.0 0.39042870131258134
7018.0 0.39487711176475215
7020.0 0.39322911403011196
7022.0 0.3932887473970664
7024.0 0.39427838037059476
7026.0 0.39250979819690135
7028.0 0.3931141187703481
7030.0 0.3974474308903389
7032.0 0.39913866290857525
7034.0 0.3957083536319273
7036.0 0.3920340293817702
7038.0 0.39512859836739933
7040.0 0.39998354769785316
7042.0 0.40166484102737193
7044.0 0.4036964402027835
7046.0 0.41374585173078654
7048.0 0.41563767452876726
7050.0 0.41401934242490285
7052.0 0.40820467180246894
7054.0 0.4059976617801746
7056.0 0.4060088301502812
7058.0 0.40366184451084813
7060.0 0.40599207757177014
7062.0 0.4097567454289551
7064.0 0.412823195466688
7066.0 0.4139300059266457
7068.0 0.41272896869916154
7070.0 0.4113818030462669
7072.0 0.40898448340589294
7074.0 0.40661026657310734
7076.0 0.4032223987826834
7078.0 0.4023365161261238
7080.0 0.4018314500605072
7082.0 0.39927566609337023
7084.0 0.4003995037637975
7086.0 0.40160597176474133
7088.0 0.4041402233079271
7090.0 0.4026151714921857
7092.0 0.40184620219185857
7094.0 0.40350352525565175
7096.0 0.40073936761498263
7098.0 0.3940836562129949
7100.0 0.39902602295924977
7102.0 0.4028672480097803
7104.0 0.3978646254143951
7106.0 0.39548554394426144
7108.0 0.3971360581769738
7110.0 0.39821283207548397
7112.0 0.39707520652576167
7114.0 0.4000889818368464
7116.0 0.39890161838649274
7118.0 0.3959790228951832
7120.0 0.398987681558927
7122.0 0.4027489010290307
7124.0 0.40769398462402695
7126.0 0.4084804811507091
7128.0 0.40781380178532173
7130.0 0.4080517618102524
7132.0 0.4087799480984426
7134.0 0.4090491193691771
7136.0 0.40899523164332263
7138.0 0.41019474296051434
7140.0 0.41025272803115986
7142.0 0.4122708054579152
7144.0 0.4116122451211022
7146.0 0.4126484479335115
7148.0 0.41259829646268753
7150.0 0.4146914789308879
7152.0 0.41497571009170686
7154.0 0.41703049714516643
7156.0 0.4135266775450954
7158.0 0.41373757204618705
7160.0 0.411819404030856
7162.0 0.41409479654755194
7164.0 0.41166489588027333
7166.0 0.411178173997456
7168.0 0.40802880490147947
7170.0 0.4022449593048324
7172.0 0.40946051365374014
7174.0 0.4145032190254387
7176.0 0.41205400876112175
7178.0 0.41258383524060616
7180.0 0.41028682253170146
7182.0 0.4159497827523609
7184.0 0.4142653826152802
7186.0 0.4105113955546861
7188.0 0.4155697197937478
7190.0 0.4166131629144557
7192.0 0.4181093243687285
7194.0 0.4292632986039942
7196.0 0.43139007471943663
7198.0 0.4231562581589408
7200.0 0.4200404019361835
7202.0 0.41689487196841424
7204.0 0.4223025592496368
7206.0 0.4231342042938718
7208.0 0.41786696609851826
7210.0 0.4171052045877289
7212.0 0.41980462859168627
7214.0 0.41246932155213273
7216.0 0.40848460070973003
7218.0 0.4055522209320859
7220.0 0.40292975875596426
7222.0 0.4050544952746612
7224.0 0.411830116968131
7226.0 0.41180307587877857
7228.0 0.40512196825337093
7230.0 0.40714192072055955
7232.0 0.40538998913508695
7234.0 0.4060501910989283
7236.0 0.4014636942500267
7238.0 0.39864547588652705
7240.0 0.40125801284737617
7242.0 0.4027328020848119
7244.0 0.4031912840561256
7246.0 0.40026479863064607
7248.0 0.3968131417170266
7250.0 0.3965529642213744
7252.0 0.39870624729012283
7254.0 0.40352430375626586
7256.0 0.4030442510576106
7258.0 0.39790213357490534
7260.0 0.38829548852371165
7262.0 0.3880667786918587
7264.0 0.3945964785001537
7266.0 0.39938449114297886
7268.0 0.393568227333075
7270.0 0.3913465970846932
7272.0 0.39534831854971975
7274.0 0.39165958967697573
7276.0 0.3973932739456603
7278.0 0.39617277623810004
7280.0 0.40676797102579
7282.0 0.4050790434995246
7284.0 0.40368725541335504
7286.0 0.40163484695626855
7288.0 0.40071761403677386
7290.0 0.4000484888991328
7292.0 0.39786249803272344
7294.0 0.3918626366133377
7296.0 0.38628492770352824
7298.0 0.3883059348328813
7300.0 0.3891426862349903
7302.0 0.3843270321786699
7304.0 0.3820373405460878
7306.0 0.3889523541479623
7308.0 0.3970599697365141
7310.0 0.4003654313349207
7312.0 0.4016063646530791
7314.0 0.3979998929934296
7316.0 0.39682340384937553
7318.0 0.3961437024854813
7320.0 0.40101763852463496
7322.0 0.4037951410989115
7324.0 0.4011388991130464
7326.0 0.39879838889412406
7328.0 0.3976909879771375
7330.0 0.39813412807034826
7332.0 0.393859675498833
7334.0 0.39599890247503405
7336.0 0.40027334929265684
7338.0 0.4014793149984291
7340.0 0.3988991865461567
7342.0 0.39459900991814906
7344.0 0.3838741226033037
7346.0 0.38270127363661294
7348.0 0.3872443046367429
7350.0 0.3864503350112356
7352.0 0.3884718775452659
7354.0 0.3881305404358797
7356.0 0.3873690407433322
7358.0 0.3934956169281754
7360.0 0.3864593672389826
7362.0 0.3807249300515344
7364.0 0.38109782140422915
7366.0 0.38106820672290337
7368.0 0.38766398770674426
7370.0 0.3919170015094504
7372.0 0.3939148962236963
7374.0 0.3937331540136893
7376.0 0.38863402064404345
7378.0 0.3869101252847474
7380.0 0.3841157091532354
7382.0 0.38134608536936626
7384.0 0.3806541647009287
7386.0 0.3797910856417638
7388.0 0.37288774393359125
7390.0 0.3616026100447154
7392.0 0.36085005840327905
7394.0 0.3538433177238037
7396.0 0.34549964828981605
7398.0 0.34418872485074087
7400.0 0.3542822246716349
7402.0 0.3560534021061928
7404.0 0.3561068437839852
7406.0 0.36134851814915203
7408.0 0.35892394032621
7410.0 0.3467935284661317
7412.0 0.3421324977931093
7414.0 0.34643192470606865
7416.0 0.3443316417645145
7418.0 0.3335932389655875
7420.0 0.3273435746931299
7422.0 0.3273843716660202
7424.0 0.3250513549893995
7426.0 0.31965233385082903
7428.0 0.3138589945876284
7430.0 0.30814972980815675
7432.0 0.3002194218347479
7434.0 0.29702941448155173
7436.0 0.2987929862484944
7438.0 0.2939570598854874
7440.0 0.28528741066811597
7442.0 0.28235619389563804
7444.0 0.27632803473150386
7446.0 0.26983188606428593
7448.0 0.25977406056187996
7450.0 0.2556034143362781
7452.0 0.2514294163346058
7454.0 0.2490869842785435
7456.0 0.24830227346448785
7458.0 0.24346265488535038
7460.0 0.24539193974633045
7462.0 0.24570627038720239
7464.0 0.24296251693917637
7466.0 0.23600364098455295
7468.0 0.23048121668355206
7470.0 0.23211367721933462
7472.0 0.2309179222059226
7474.0 0.22709241006216785
7476.0 0.22466439066770139
7478.0 0.22360695433228023
7480.0 0.21767906200492
7482.0 0.21280317163080223
7484.0 0.2160025556419808
7486.0 0.21320314135896562
7488.0 0.20779688610529398
7490.0 0.20582795524881659
7492.0 0.2030657430297916
7494.0 0.2012822236745702
7496.0 0.19843550461222612
7498.0 0.19939078447480857
7500.0 0.19500188851585332
7502.0 0.19132604085426283
7504.0 0.18883346230526207
7506.0 0.1844477287934651
7508.0 0.18725872585717362
7510.0 0.18900252578996313
7512.0 0.1884315679757141
7514.0 0.18727493043719728
7516.0 0.18583926564506262
7518.0 0.18911759849639997
7520.0 0.19221222025451298
7522.0 0.18951954857990636
7524.0 0.18613701942521732
7526.0 0.1906964551524392
7528.0 0.19109422161824052
7530.0 0.19149929613852298
7532.0 0.19213012922144598
7534.0 0.19209376154118551
7536.0 0.19230916351927083
7538.0 0.1930970401233526
7540.0 0.1934723038364158
7542.0 0.19409519520179602
7544.0 0.19557104864700403
7546.0 0.1965368017762111
7548.0 0.19613093571330076
7550.0 0.19607929988435122
7552.0 0.19654535570941042
7554.0 0.1974728859483267
7556.0 0.1978425334461099
7558.0 0.19695393407326717
7560.0 0.19714844561186678
7562.0 0.1979766512391169
7564.0 0.19861639544951643
7566.0 0.1985721009870585
7568.0 0.19796244130922439
7570.0 0.19865792729272094
7572.0 0.199657587952792
7574.0 0.19888861829971466
7576.0 0.19805345774916713
7578.0 0.19467242133816132
7580.0 0.19141936272191018
7582.0 0.19137879774700522
7584.0 0.2015883805993373
7586.0 0.19778143681969027
7588.0 0.18588538656615836
7590.0 0.18416456007404444
7592.0 0.1841666039340231
7594.0 0.1855853340269848
7596.0 0.18729417842897575
7598.0 0.18971714956950672
7600.0 0.19398863053643026
7602.0 0.1971969989498438
7604.0 0.19679195785799913
7606.0 0.19441754524796553
7608.0 0.19331149091696012
7610.0 0.19284576240924875
7612.0 0.19268858682680043
7614.0 0.19190284859086776
7616.0 0.192184736589494
7618.0 0.19196952532959327
7620.0 0.19339248813917015
7622.0 0.19347872666701768
7624.0 0.19450785411727206
7626.0 0.1962704601780506
7628.0 0.19874040215969924
7630.0 0.20055345526506205
7632.0 0.20045864108748884
7634.0 0.20131248368739452
7636.0 0.20247588146553516
7638.0 0.2037225276885844
7640.0 0.20433510836702123
7642.0 0.20504939178219841
7644.0 0.205714547893246
7646.0 0.20711121035740637
7648.0 0.20737760694534063
7650.0 0.2072044968343842
7652.0 0.2087394475976183
7654.0 0.21009087563749249
7656.0 0.21152986803590818
7658.0 0.21272271688210403
7660.0 0.2139370876846408
7662.0 0.2154414224967064
7664.0 0.21666885764103383
7666.0 0.21795962488584505
7668.0 0.2187823324608831
7670.0 0.21846657630038174
7672.0 0.2181846707230994
7674.0 0.21838690600135696
7676.0 0.2189440484687994
7678.0 0.2186286396512994
7680.0 0.2186884827514558
7682.0 0.2194554400458798
7684.0 0.22042353318478092
7686.0 0.2213959703760598
7688.0 0.22320002606237294
7690.0 0.22460627170469127
7692.0 0.2256577632727552
7694.0 0.22601499465162983
7696.0 0.2256269131563168
7698.0 0.22749979514746793
7700.0 0.22642575445123922
7702.0 0.2258137243445914
7704.0 0.22580203126905746
7706.0 0.22558084936440073
7708.0 0.2255104953874266
7710.0 0.224770397809306
7712.0 0.22496503184027103
7714.0 0.22568700093497593
7716.0 0.225209737179909
7718.0 0.22638941257494088
7720.0 0.22657206903289806
7722.0 0.2279876540694594
7724.0 0.23022229033379332
7726.0 0.23080064417588392
7728.0 0.22980505109982466
7730.0 0.2319464516911859
7732.0 0.23253333033445414
7734.0 0.23209903659593825
7736.0 0.23197519974536898
7738.0 0.22964882251747276
7740.0 0.22928293676413175
7742.0 0.22862151532541797
7744.0 0.22770278641120176
7746.0 0.2275006326373148
7748.0 0.22863384694908234
7750.0 0.22908571891995091
7752.0 0.22854526828160115
7754.0 0.22795990627092255
7756.0 0.22892965367992107
7758.0 0.2306111803419648
7760.0 0.23234354800368034
7762.0 0.23334735816051852
7764.0 0.23346483297872703
7766.0 0.2330435267226406
7768.0 0.23272407463414632
7770.0 0.2325894226955414
7772.0 0.2316211426418822
7774.0 0.23046848007212425
7776.0 0.23037635933943665
7778.0 0.22972511754516386
7780.0 0.22884399468101999
7782.0 0.2285403770888974
7784.0 0.22906768576627684
7786.0 0.2299011289918712
7788.0 0.23034545108917062
7790.0 0.22946073420275467
7792.0 0.23000757024298563
7794.0 0.2315403380718281
7796.0 0.23204723449681014
7798.0 0.23234645955852007
7800.0 0.23328548501179527
7802.0 0.23323245487371044
7804.0 0.23250886839255122
7806.0 0.23328116743243937
7808.0 0.2320890977633523
7810.0 0.2305693253054305
7812.0 0.229868304719292
7814.0 0.22948226269122632
7816.0 0.22934086307226237
7818.0 0.2290853506335005
7820.0 0.228024632408745
7822.0 0.2279439959539139
7824.0 0.22879589106902193
7826.0 0.2300732297237439
7828.0 0.2301847226620618
7830.0 0.23076146347745805
7832.0 0.2321061566793932
7834.0 0.23334128411938926
7836.0 0.23309040989317834
7838.0 0.23348024844840432
7840.0 0.23271255818593573
7842.0 0.23303882896845055
7844.0 0.23251027929230567
7846.0 0.23063129145996764
7848.0 0.22911970283515432
7850.0 0.22855185905855918
7852.0 0.22790797610073646
7854.0 0.2273414891057737
7856.0 0.22631832498793575
7858.0 0.22646751225136408
7860.0 0.22702512452973836
7862.0 0.2272174870239856
7864.0 0.22746531620035224
7866.0 0.22768184770567076
7868.0 0.22835831700748094
7870.0 0.2300960658238245
7872.0 0.23014831202348282
7874.0 0.2295027940395379
7876.0 0.22971949643533962
7878.0 0.23023938874912095
7880.0 0.22941278712600546
7882.0 0.22773623232852802
7884.0 0.22641141683813193
7886.0 0.22471720816967325
7888.0 0.22427844620280232
7890.0 0.2246218003062665
7892.0 0.22332697077292513
7894.0 0.22255239594143678
7896.0 0.22234293789727053
7898.0 0.22224739457394185
7900.0 0.22325969994609005
7902.0 0.22323508814944606
7904.0 0.2234840672179014
7906.0 0.22259766804572906
7908.0 0.22225818973404746
7910.0 0.2222145900884382
7912.0 0.22169068563168207
7914.0 0.22116096934722002
7916.0 0.22142266285892606
7918.0 0.2204501298587889
7920.0 0.21937729174069545
7922.0 0.21861734829755314
7924.0 0.21797616787295745
7926.0 0.21854590280649444
7928.0 0.21893074374463656
7930.0 0.2186320218682931
7932.0 0.21807541720193413
7934.0 0.21778922612029605
7936.0 0.2162951676902655
7938.0 0.2158473845360895
7940.0 0.21542298560174616
7942.0 0.21543473740497696
7944.0 0.2139817110924881
7946.0 0.21376496452134283
7948.0 0.21372111367357063
7950.0 0.21260584459366536
7952.0 0.21247251717634877
7954.0 0.21350456897985864
7956.0 0.21363524306008047
7958.0 0.21425903070767607
7960.0 0.21498767397058088
7962.0 0.21384950611251582
7964.0 0.21459578242672503
7966.0 0.21434371495132934
7968.0 0.2142923514196958
7970.0 0.21537915393296475
7972.0 0.21498455403735958
7974.0 0.21458450213490587
7976.0 0.21408708381235472
7978.0 0.2130479699238889
7980.0 0.21136366994307496
7982.0 0.20995622377389503
7984.0 0.21061170057679973
7986.0 0.2112087160590998
7988.0 0.2108406935355127
7990.0 0.21040547501863252
7992.0 0.21064572471055007
7994.0 0.2114153357744418
7996.0 0.21170577333355023
7998.0 0.21236195402678149
8000.0 0.2131848167623457
8002.0 0.21454100391065417
8004.0 0.2141248692385594
8006.0 0.2145504747661493
8008.0 0.214401555164922
8010.0 0.2122926233618824
8012.0 0.2115819238345729
8014.0 0.21107595393115533
8016.0 0.20929836875152505
8018.0 0.20955859921709735
8020.0 0.20963950725662583
8022.0 0.20828342451834347
8024.0 0.20785019276368277
8026.0 0.207742832819119
8028.0 0.20845526296125855
8030.0 0.20880126215596403
8032.0 0.2087885710219237
8034.0 0.21073638104992945
8036.0 0.21220271196426402
8038.0 0.21239625372059062
8040.0 0.21202273514619965
8042.0 0.21242899943192747
8044.0 0.21212557398039159
8046.0 0.21133251539322662
8048.0 0.21091356431127806
8050.0 0.2099171359763569
8052.0 0.21014550111224792
8054.0 0.20972987780392954
8056.0 0.2083604808090854
8058.0 0.20692026264474933
8060.0 0.20593514988635855
8062.0 0.20573566252412054
8064.0 0.20542575421613163
8066.0 0.20548619205701327
8068.0 0.20487561731115342
8070.0 0.20554220744088547
8072.0 0.20538509935779473
8074.0 0.2057525386166094
8076.0 0.20529176484121028
8078.0 0.20407015608718554
8080.0 0.20365535511943564
8082.0 0.203005799894104
8084.0 0.20280015652123667
8086.0 0.2013773584661647
8088.0 0.2003662616566073
8090.0 0.19976007310525948
8092.0 0.19857903197068202
8094.0 0.19587302598581569
8096.0 0.19452626779980878
8098.0 0.19368863244492743
8100.0 0.1928166379446845
8102.0 0.19219182136390375
8104.0 0.19194051318738237
8106.0 0.1918942096027436
8108.0 0.19116678000482915
8110.0 0.1908575402641369
8112.0 0.19135131298623703
8114.0 0.1907125102851775
8116.0 0.18962671364282246
8118.0 0.18912435496880217
8120.0 0.18823427906774928
8122.0 0.187231112631884
8124.0 0.18570906223424338
8126.0 0.18509472525023177
8128.0 0.18415894687427942
8130.0 0.18278979878057144
8132.0 0.18164405590267793
8134.0 0.18067053313181825
8136.0 0.1802977253198799
8138.0 0.17974799377531306
8140.0 0.17971676907208578
8142.0 0.1790545315939166
8144.0 0.17830822626815848
8146.0 0.17817275314296904
8148.0 0.17792363858449306
8150.0 0.17809547644325482
8152.0 0.17791572010239534
8154.0 0.17756433682184047
8156.0 0.1775177417905662
8158.0 0.17698504640512683
8160.0 0.17606299025795863
8162.0 0.17559036159835198
8164.0 0.1750812916427879
8166.0 0.17455510779351485
8168.0 0.17431369195239493
8170.0 0.17366354555516256
8172.0 0.17294497040115597
8174.0 0.17293118270065258
8176.0 0.1727306391013937
8178.0 0.17220231226917201
8180.0 0.17158138582058516
8182.0 0.17132706778341686
8184.0 0.1720797043356566
8186.0 0.17239987287455044
8188.0 0.17230869898714918
8190.0 0.17301595790136734
8192.0 0.17348406354756327
8194.0 0.17298638417808748
8196.0 0.1726067900469559
8198.0 0.17290241080152396
8200.0 0.17290273447940896
8202.0 0.1730568778425119
8204.0 0.17312279712494258
8206.0 0.17275354714250454
8208.0 0.172039089673688
8210.0 0.171772798994587
8212.0 0.172093699587106
8214.0 0.17275393222289037
8216.0 0.173411266930067
8218.0 0.17364992602686755
8220.0 0.17434982629841514
8222.0 0.1747425986896556
8224.0 0.17483819314765037
8226.0 0.17510912088520134
8228.0 0.1753788018556155
8230.0 0.17607519713696582
8232.0 0.1762218290751973
8234.0 0.17591977529677238
8236.0 0.17562131526893252
8238.0 0.17589120505672856
8240.0 0.17626905748418317
8242.0 0.17664210425918506
8244.0 0.17700020815579828
8246.0 0.17757155334452657
8248.0 0.1786981202232563
8250.0 0.17896079796387082
8252.0 0.17888007230712696
8254.0 0.17913588748105566
8256.0 0.1795974386695436
8258.0 0.18055523755246325
8260.0 0.18141292386780325
8262.0 0.18140953502998303
8264.0 0.1813123976942168
8266.0 0.18116621004072153
8268.0 0.18122028483483194
8270.0 0.18005625517082507
8272.0 0.17945285417802295
8274.0 0.17833013148391247
8276.0 0.17735572836198257
8278.0 0.17679734785294546
8280.0 0.1770001678260136
8282.0 0.17677641372435915
8284.0 0.17655456516692292
8286.0 0.17601766056465265
8288.0 0.17632802707135553
8290.0 0.17709405256314822
8292.0 0.17644895795790275
8294.0 0.17625005126345572
8296.0 0.17642494204710177
8298.0 0.17680043381212204
8300.0 0.176646255207017
8302.0 0.17661212184169978
8304.0 0.17592775317893974
8306.0 0.17576984833746306
8308.0 0.1759712589116734
8310.0 0.17628540247796515
8312.0 0.17634098988415675
8314.0 0.17606939589469087
8316.0 0.17586156738901482
8318.0 0.17549371775207653
8320.0 0.17549497708820797
8322.0 0.17583288552444334
8324.0 0.17552981571619833
8326.0 0.176225250864935
8328.0 0.17621808030809086
8330.0 0.17569270466918982
8332.0 0.17597820827642308
8334.0 0.17670525435818513
8336.0 0.17695369573462816
8338.0 0.17755193464282
8340.0 0.17895803183913545
8342.0 0.17958119557557398
8344.0 0.17960038638611545
8346.0 0.18035862238427738
8348.0 0.180732291661066
8350.0 0.18042288498988565
8352.0 0.17990058971178785
8354.0 0.1801515211396856
8356.0 0.18025575415344497
8358.0 0.18000992730736534
8360.0 0.18046842373678026
8362.0 0.18074723020286246
8364.0 0.18112409520417072
8366.0 0.18157449374831702
8368.0 0.18184930765655216
8370.0 0.18171285277024968
8372.0 0.18231255878232594
8374.0 0.1831192292071962
8376.0 0.18375643897759505
8378.0 0.18386976299842842
8380.0 0.1848229120856913
8382.0 0.18497617919958226
8384.0 0.18658865362382435
8386.0 0.18743356587568155
8388.0 0.1877357411968907
8390.0 0.18790317554772448
8392.0 0.1884783259569143
8394.0 0.18858279452984805
8396.0 0.18922260831198878
8398.0 0.18979875794118023
8400.0 0.18921962584253038
8402.0 0.18894006377374903
8404.0 0.18960639793183334
8406.0 0.18994161486648312
8408.0 0.1906077602576147
8410.0 0.19113374120890847
8412.0 0.19038935510201732
8414.0 0.1900584488326282
8416.0 0.1906530435885848
8418.0 0.1915941243280176
8420.0 0.19216176225190557
8422.0 0.1931345447723804
8424.0 0.19374915761418157
8426.0 0.194935793754151
8428.0 0.19664053273575513
8430.0 0.19708145547901224
8432.0 0.19789315403799942
8434.0 0.19857709216382446
8436.0 0.1988034872901749
8438.0 0.19779101495133097
8440.0 0.19654436864608546
8442.0 0.19642964292228918
8444.0 0.19733976682353255
8446.0 0.19725997336499604
8448.0 0.19703087095479846
8450.0 0.19763608208390387
8452.0 0.19748826436110464
8454.0 0.1980446891897873
8456.0 0.19900458529837312
8458.0 0.19900354813052984
8460.0 0.20025151649972248
8462.0 0.20038862118475775
8464.0 0.201444029853517
8466.0 0.2034502950545634
8468.0 0.20308072924185316
8470.0 0.20380661559682564
8472.0 0.20468428699111896
8474.0 0.20464191282544297
8476.0 0.20565933975236597
8478.0 0.20528232455311782
8480.0 0.2053916536593625
8482.0 0.20529984586842764
8484.0 0.20443362111322488
8486.0 0.20432115652882124
8488.0 0.20416500872423202
8490.0 0.2036181229548101
8492.0 0.2028780902069164
8494.0 0.20261886589103942
8496.0 0.2040732225233301
8498.0 0.2043739643225801
8500.0 0.20606850841262445
8502.0 0.20731865110663192
8504.0 0.20856206959535478
8506.0 0.20940847218061262
8508.0 0.2100011171493597
8510.0 0.21012086536427782
8512.0 0.21009095616558343
8514.0 0.21086293443282567
8516.0 0.2110574794702573
8518.0 0.2113181544005363
8520.0 0.21041999984700127
8522.0 0.20947725652052215
8524.0 0.2088598772722582
8526.0 0.2081232090081771
8528.0 0.2070361360797133
8530.0 0.20669701567570967
8532.0 0.2067056988928202
8534.0 0.2071313294213326
8536.0 0.2076197468791993
8538.0 0.20807306171366413
8540.0 0.20828314875612047
8542.0 0.20925848715420511
8544.0 0.21017217648498265
8546.0 0.2102726277187351
8548.0 0.21104461828884513
8550.0 0.21178026833280364
8552.0 0.21269303648325807
8554.0 0.21240675850268628
8556.0 0.21332801847274555
8558.0 0.21356315362665043
8560.0 0.21311822115049414
8562.0 0.21409152831956724
8564.0 0.21337888125197593
8566.0 0.21291593928045738
8568.0 0.21297864723487694
8570.0 0.21261616029126548
8572.0 0.21187874049422084
8574.0 0.21043870974757303
8576.0 0.2113563866579124
8578.0 0.21104553817022528
8580.0 0.21070192037328248
8582.0 0.21158257678742043
8584.0 0.213141060519455
8586.0 0.21354311170167148
8588.0 0.21309993880722794
8590.0 0.2128976515242729
8592.0 0.21332581527872857
8594.0 0.21365931897562668
8596.0 0.21272679536430578
8598.0 0.21222845938996823
8600.0 0.2113964914606146
8602.0 0.21280386142884292
8604.0 0.2133218888621704
8606.0 0.21360103934094918
8608.0 0.2131009388638105
8610.0 0.21197391332297394
8612.0 0.2119690891776247
8614.0 0.2116646527358138
8616.0 0.2116005249659456
8618.0 0.2111792669546399
8620.0 0.21084090222940274
8622.0 0.21089832180226048
8624.0 0.2101958430360834
8626.0 0.20936814067876514
8628.0 0.2088402938960579
8630.0 0.2084904119691464
8632.0 0.2080587173094525
8634.0 0.20778918079231662
8636.0 0.209133063792253
8638.0 0.20787635822844414
8640.0 0.2090994200768097
8642.0 0.20933626117344806
8644.0 0.2102512991093612
8646.0 0.2108348210606912
8648.0 0.2094501846880309
8650.0 0.21059832000753634
8652.0 0.21074475626954317
8654.0 0.21155744277624863
8656.0 0.2098531267475013
8658.0 0.20937715313705968
8660.0 0.20797968895038305
8662.0 0.20739057324604585
8664.0 0.20769864043511027
8666.0 0.20644991526817563
8668.0 0.20586785382345246
8670.0 0.20657137597776085
8672.0 0.20655404391256155
8674.0 0.2062140202768033
8676.0 0.20549645719991838
8678.0 0.20488614543890837
8680.0 0.20550263504198538
8682.0 0.20611344612011812
8684.0 0.20596509719298087
8686.0 0.20609408482142047
8688.0 0.20678862037621448
8690.0 0.20728977733034573
8692.0 0.2057192643316774
8694.0 0.20400034742226186
8696.0 0.2040614818277405
8698.0 0.20389444773292512
8700.0 0.20251171899846623
8702.0 0.2017890879281641
8704.0 0.2006632789080753
8706.0 0.20045548649035944
8708.0 0.20120482343535812
8710.0 0.20050336333853366
8712.0 0.19958177076777592
8714.0 0.19878510300563934
8716.0 0.19837902114615666
8718.0 0.19758994660215598
8720.0 0.19822463549414432
8722.0 0.19805879855964956
8724.0 0.1984545444326149
8726.0 0.19882798129446483
8728.0 0.1993808319584589
8730.0 0.198846650736803
8732.0 0.19864804024395027
8734.0 0.1988008060803719
8736.0 0.19899167284769134
8738.0 0.19907670588158843
8740.0 0.2000720130040198
8742.0 0.1989294478458032
8744.0 0.1985605540193125
8746.0 0.19883143900362693
8748.0 0.19897672873544364
8750.0 0.19892480107536598
8752.0 0.19865820208622167
8754.0 0.19828097182525772
8756.0 0.19908293936185742
8758.0 0.1989970520806199
8760.0 0.1982657185740102
8762.0 0.19893155756200254
8764.0 0.19905424990880363
8766.0 0.19733437555961467
8768.0 0.19776557701346748
8770.0 0.19848001782193206
8772.0 0.19965889553226027
8774.0 0.19984802309949945
8776.0 0.20051452711715617
8778.0 0.20082827663907518
8780.0 0.20096592355727405
8782.0 0.2004897408858029
8784.0 0.20071503058298182
8786.0 0.2010558532313598
8788.0 0.20138897917346849
8790.0 0.2020900953499734
8792.0 0.2029252283404951
8794.0 0.20323458928294696
8796.0 0.20249376210075415
8798.0 0.20264475867826023
8800.0 0.20199103307509997
8802.0 0.2027012742938423
8804.0 0.20296413019263324
8806.0 0.20156781849576844
8808.0 0.1998156917455638
8810.0 0.1990585427748239
8812.0 0.19810220408590715
8814.0 0.19845556254993144
8816.0 0.19873561635559317
8818.0 0.19840591531539548
8820.0 0.19800561735918995
8822.0 0.19775749577264828
8824.0 0.1971583672942026
8826.0 0.19742266354693216
8828.0 0.19621968645181573
8830.0 0.1968170051953745
8832.0 0.19660110100333805
8834.0 0.19399985272323889
8836.0 0.19447749440305265
8838.0 0.19451442399556976
8840.0 0.19360208410856142
8842.0 0.19234471753106835
8844.0 0.19210812364587246
8846.0 0.1912797342171824
8848.0 0.19001509966862037
8850.0 0.18818221826527895
8852.0 0.1879121330048619
8854.0 0.18717280292861987
8856.0 0.18554126527322132
8858.0 0.18536798548242828
8860.0 0.18509578362192677
8862.0 0.18460945331067025
8864.0 0.18409163064804462
8866.0 0.18507543857718178
8868.0 0.18515690655541142
8870.0 0.18336903116897157
8872.0 0.18209369742077366
8874.0 0.18197339472131285
8876.0 0.18175176006325042
8878.0 0.1815937121583016
8880.0 0.17973481318852763
8882.0 0.1785759113801232
8884.0 0.1778790947319232
8886.0 0.17865261014374972
8888.0 0.17962340883474698
8890.0 0.17979811860913208
8892.0 0.1790632413216011
8894.0 0.17783277927918373
8896.0 0.17905325722057083
8898.0 0.17952465745533583
8900.0 0.17955400402869504
8902.0 0.18059744328425612
8904.0 0.18002513783411678
8906.0 0.17943224419827408
8908.0 0.17926371867614743
8910.0 0.1787183203787795
8912.0 0.17831007075216476
8914.0 0.17830369530445542
8916.0 0.17762166565620466
8918.0 0.17812973510648641
8920.0 0.17874159018455138
8922.0 0.17899242032269697
8924.0 0.17777887706655024
8926.0 0.17788408674251432
8928.0 0.17907819537133088
8930.0 0.17734831688453948
8932.0 0.17640113391795711
8934.0 0.17785790467093474
8936.0 0.17908923729814202
8938.0 0.17852263914446637
8940.0 0.18029846154326562
8942.0 0.1807265565266297
8944.0 0.17838945596457306
8946.0 0.17989165080247868
8948.0 0.18033388840184952
8950.0 0.1799853764697768
8952.0 0.1803521151551213
8954.0 0.18180200605219832
8956.0 0.1820054136318435
8958.0 0.1813553394207795
8960.0 0.18064158320122092
8962.0 0.18041357361897226
8964.0 0.18049861615621618
8966.0 0.1796267097233554
8968.0 0.1805980887882666
8970.0 0.1805434930154849
8972.0 0.18140278826590778
8974.0 0.1818052691445701
8976.0 0.18196760819033103
8978.0 0.18228338503225539
8980.0 0.18331990853120458
8982.0 0.18521121984250477
8984.0 0.1854321361792599
8986.0 0.1830516689909752
8988.0 0.18296861201787942
8990.0 0.18402121164705304
8992.0 0.18432366329344074
8994.0 0.1846810785420534
8996.0 0.1845325226735218
8998.0 0.1856492600309395
9000.0 0.18544596850753697
9002.0 0.18576415386021922
9004.0 0.185113290735034
9006.0 0.18458454013483835
9008.0 0.1846946554641171
9010.0 0.18509687763962257
9012.0 0.18593160087202265
9014.0 0.18661611281889856
9016.0 0.18680936994669195
9018.0 0.18701596772169768
9020.0 0.18676362771933616
9022.0 0.18672948307762424
9024.0 0.1870451283419545
9026.0 0.1870024791127085
9028.0 0.186531971560685
9030.0 0.18617441628244086
9032.0 0.18618336529804816
9034.0 0.18624660102507962
9036.0 0.18651324053317062
9038.0 0.1865331933374932
9040.0 0.18612324687961784
9042.0 0.18560040477898707
9044.0 0.185319906224961
9046.0 0.18589866291206528
9048.0 0.18589609917021707
9050.0 0.18553555408633698
9052.0 0.18607752401128694
9054.0 0.18625412651378437
9056.0 0.18649307446923957
9058.0 0.18681655765056435
9060.0 0.1868495021301404
9062.0 0.1867836231930549
9064.0 0.18681160828789098
9066.0 0.1877142625141451
9068.0 0.18778960163668634
9070.0 0.1873140126991433
9072.0 0.1872933930955848
9074.0 0.18766469454400161
9076.0 0.18764897976004963
9078.0 0.18714301244592568
9080.0 0.18715668639497687
9082.0 0.1873467930546195
9084.0 0.18674813744327792
9086.0 0.18677657952265983
9088.0 0.186944718193381
9090.0 0.1872933968689751
9092.0 0.18749318320383054
9094.0 0.1870796250200955
9096.0 0.18698855863038807
9098.0 0.1874840820823599
9100.0 0.18719473390119515
9102.0 0.1872913537502681
9104.0 0.1879166706575086
9106.0 0.18782419464385652
9108.0 0.18751352625818657
9110.0 0.18723671602519149
9112.0 0.18695185716546558
9114.0 0.18688334311700627
9116.0 0.18683904315075697
9118.0 0.18642272554293854
9120.0 0.18681988729839366
9122.0 0.18761498353553502
9124.0 0.18774297507527063
9126.0 0.18767426225916298
9128.0 0.18702028292884032
9130.0 0.18597560385342396
9132.0 0.18550911498443312
9134.0 0.18565783568716776
9136.0 0.18525245920489083
9138.0 0.18608953351575575
9140.0 0.187400657063215
9142.0 0.18775668277564816
9144.0 0.18726132082671604
9146.0 0.18678822022828268
9148.0 0.18690015407631327
9150.0 0.18732365330759926
9152.0 0.18753814080002124
9154.0 0.1869813608081851
9156.0 0.18616942884649357
9158.0 0.1864000574841607
9160.0 0.1866084144452215
9162.0 0.18673689855561093
9164.0 0.1866241352016577
9166.0 0.18675284296531752
9168.0 0.1862905509583469
9170.0 0.18647440181874544
9172.0 0.18677898082875324
9174.0 0.18669910347493332
9176.0 0.1866672731385337
9178.0 0.18704440875074907
9180.0 0.1872474754522994
9182.0 0.18728940191094026
9184.0 0.1878048727863956
9186.0 0.18796781067025478
9188.0 0.1879684057131921
9190.0 0.18775250802473878
9192.0 0.18763801790308798
9194.0 0.187211112885232
9196.0 0.18691654268019142
9198.0 0.1868836172205381
9200.0 0.18691078330172087
9202.0 0.18708612961402232
9204.0 0.18773369040513588
9206.0 0.18780507803036603
9208.0 0.18721850196016615
9210.0 0.18730345277058574
9212.0 0.18722885619028287
9214.0 0.18670875121228978
9216.0 0.1869732983513005
9218.0 0.18701888838011327
9220.0 0.18697775161937244
9222.0 0.18726993185820523
9224.0 0.1871644331978156
9226.0 0.18675139127647772
9228.0 0.18645719406496175
9230.0 0.18632042716889222
9232.0 0.1866722799762695
9234.0 0.18710932049879456
9236.0 0.18710128351900773
9238.0 0.1867077447287044
9240.0 0.18636811225049474
9242.0 0.18635609733437575
9244.0 0.18705516923742058
9246.0 0.18740540224492452
9248.0 0.18690949944994945
9250.0 0.18688140163518954
9252.0 0.1866826621751566
9254.0 0.18602423960793713
9256.0 0.18563940021746692
9258.0 0.1857051129166887
9260.0 0.18612934501153197
9262.0 0.18605308885241154
9264.0 0.18576678287659248
9266.0 0.18555423861205714
9268.0 0.18567806679691765
9270.0 0.18583678233665818
9272.0 0.1857178323879768
9274.0 0.18597795058322641
9276.0 0.18562548725901595
9278.0 0.1853478619266933
9280.0 0.18529090270577597
9282.0 0.18539334984493092
9284.0 0.18553267425592557
9286.0 0.1855581093785975
9288.0 0.18535987852564148
9290.0 0.18519264700485788
9292.0 0.18512298868855698
9294.0 0.18489597062610133
9296.0 0.1843140400116413
9298.0 0.1839525204251276
9300.0 0.1838946211340833
9302.0 0.18407978312152878
9304.0 0.18406488979239266
9306.0 0.18377202414115118
9308.0 0.18408709451409402
9310.0 0.18435590903021334
9312.0 0.1845739797465887
9314.0 0.18444281288435577
9316.0 0.18409016866427694
9318.0 0.18387545449240175
9320.0 0.18378949405847045
9322.0 0.183381525850069
9324.0 0.1828731599735889
9326.0 0.1832107371255043
9328.0 0.1845160820807995
9330.0 0.18496385136062435
9332.0 0.18464403486678402
9334.0 0.18385588481605009
9336.0 0.18340374039966398
9338.0 0.18347020042197484
9340.0 0.18399113560914448
9342.0 0.18458577274107227
9344.0 0.18491149301370338
9346.0 0.18462922225575823
9348.0 0.18418910217461945
9350.0 0.183841712062362
9352.0 0.18396520556190635
9354.0 0.18446488176371245
9356.0 0.18472128112310066
9358.0 0.184482505978463
9360.0 0.18407249754753316
9362.0 0.18421874063025073
9364.0 0.1843390020425874
9366.0 0.18459409323571038
9368.0 0.18506821409798663
9370.0 0.1853600163607529
9372.0 0.18544135798299274
9374.0 0.1857421503792742
9376.0 0.18583178280906643
9378.0 0.18592522839677825
9380.0 0.1851470006227579
9382.0 0.18517435716569347
9384.0 0.18526440254496723
9386.0 0.18526440254496723
9388.0 0.185278976752104
9390.0 0.1852841421043777
9392.0 0.18529585944932003
9394.0 0.1853322362402126
9396.0 0.1853322362402126
9398.0 0.18531777142857211
9400.0 0.1853129225860246
9402.0 0.1853207503606322
9404.0 0.18534371017791132
9406.0 0.18534371017791132
9408.0 0.18546340727217053
9410.0 0.18550129766053794
9412.0 0.18550843636465092
9414.0 0.18552824955509176
9416.0 0.18552824955509176
9418.0 0.18553533051840024
9420.0 0.18553744349716902
9422.0 0.18556977270665648
9424.0 0.18565479696309556
9426.0 0.18565479696309556
9428.0 0.18552925247540855
9430.0 0.18549400626514334
9432.0 0.18548012598678493
9434.0 0.18544549132474736
9436.0 0.18544549132474736
9438.0 0.18553387943263172
9440.0 0.18555717540558742
9442.0 0.1855659119180085
9444.0 0.18558661897320938
9446.0 0.18558661897320938
9448.0 0.18565249440991635
9450.0 0.18566875492287
9452.0 0.1856217950890816
9454.0 0.1855159595115781
9456.0 0.1855159595115781
9458.0 0.18553559247245574
9460.0 0.1855401187940452
9462.0 0.1855695046869892
9464.0 0.18563254022731063
9466.0 0.18563254022731063
9468.0 0.18554628043876012
9470.0 0.18552776244193356
9472.0 0.1855677210071832
9474.0 0.1856493749600844
9476.0 0.1856493749600844
9478.0 0.1858042201892205
9480.0 0.18583506708672956
9482.0 0.18583612676952432
9484.0 0.1858381912418042
9486.0 0.1858381912418042
9488.0 0.1858295482371781
9490.0 0.1858279567648127
9492.0 0.18583664784730297
9494.0 0.18585280208623078
9496.0 0.18585280208623078
9498.0 0.1858785882125939
9500.0 0.18588295719611062
9502.0 0.1858732467359083
9504.0 0.18585601550287914
9506.0 0.18585601550287914
9508.0 0.1857911935537069
9510.0 0.18578114034464513
9512.0 0.18574758427874308
9514.0 0.18569070306864333
9516.0 0.18569070306864333
9518.0 0.18576406422134056
9520.0 0.18577441512265994
9522.0 0.18573973434983512
9524.0 0.18568354684077437
9526.0 0.18568354684077437
9528.0 0.18550579166418962
9530.0 0.18548313930614488
9532.0 0.18547790902327396
9534.0 0.18546980617738523
9536.0 0.18546980617738523
9538.0 0.18550770290576757
9540.0 0.18551202690167998
9542.0 0.1854783069563981
9544.0 0.18542833269997816
9546.0 0.18542833269997816
9548.0 0.18541406015946227
9550.0 0.18541261756237004
9552.0 0.1853995595985851
9554.0 0.18538103936797468
9556.0 0.18538103936797468
9558.0 0.18536966031900307
9560.0 0.18536865496222565
9562.0 0.18539185030125765
9564.0 0.1854233442531814
9566.0 0.1854233442531814
9568.0 0.18545462845764144
9570.0 0.18545700351740613
9572.0 0.18542644198067695
9574.0 0.18538670620273046
9576.0 0.18538670620273046
9578.0 0.18540908402467968
9580.0 0.18541051098923395
9582.0 0.1853815542374839
9584.0 0.18534549285905183
9586.0 0.18534549285905183
9588.0 0.18539597643167072
9590.0 0.18539859584432888
9592.0 0.1854337434560934
9594.0 0.18547567703859524
9596.0 0.18547567703859524
9598.0 0.1854949638413026
9600.0 0.1854957404900011
9602.0 0.18552161069734555
9604.0 0.1855511846788361
9606.0 0.1855511846788361
9608.0 0.18554448974734652
9610.0 0.18554429623568788
9612.0 0.1855359581587571
9614.0 0.18552682392024586
9616.0 0.18552682392024586
9618.0 0.18552424799473044
9620.0 0.18552420218031382
9622.0 0.1855407790714519
9624.0 0.18555818278620337
9626.0 0.18555818278620337
9628.0 0.1855639576660013
9630.0 0.18556399754013822
9632.0 0.18556376872132518
9634.0 0.18556353848061702
9636.0 0.18556329896057852
9638.0 0.18549983632106223
9640.0 0.18549983632106223
9642.0 0.18543780515473302
9644.0 0.18537798407182812
9646.0 0.1853763742011926
9648.0 0.18526601180362204
9650.0 0.18526601180362204
9652.0 0.18522500083572463
9654.0 0.1851870969216017
9656.0 0.1851858127779065
9658.0 0.18513572051019042
9660.0 0.18513572051019042
9662.0 0.18510106805376045
9664.0 0.18507037593768205
9666.0 0.18507121141781396
9668.0 0.18509383642954472
9670.0 0.18509383642954472
9672.0 0.18505257615007847
9674.0 0.18501755858944044
9676.0 0.18501755858944044
9678.0 0.18501755858944044
9680.0 0.18506147604388032
9682.0 0.18506147604388032
9684.0 0.18506147604388032
9686.0 0.18506147604388032
9688.0 0.18506147604388032
9690.0 0.18506147604388032
9692.0 0.18506147604388032
9694.0 0.18506147604388032
9696.0 0.18506147604388032
9698.0 0.18506147604388032
9700.0 0.18506147604388032
9702.0 0.18506147604388032
9704.0 0.18506147604388032
9706.0 0.18506147604388032
9708.0 0.18506147604388032
9710.0 0.18506147604388032
9712.0 0.18506147604388032
9714.0 0.18506147604388032
9716.0 0.18506147604388032
9718.0 0.18506147604388032
9720.0 0.18506147604388032
9722.0 0.18506147604388032
9724.0 0.18506147604388032
9726.0 0.18506147604388032
9728.0 0.18506147604388032
9730.0 0.18506147604388032
9732.0 0.18506147604388032
9734.0 0.18506147604388032
9736.0 0.18506147604388032
9738.0 0.18506147604388032
9740.0 0.18506147604388032
9742.0 0.18506147604388032
9744.0 0.18506147604388032
9746.0 0.18506147604388032
9748.0 0.18506147604388032
9750.0 0.18506147604388032
9752.0 0.18506147604388032
9754.0 0.18506147604388032
9756.0 0.18506147604388032
9758.0 0.18506147604388032
9760.0 0.18506147604388032
9762.0 0.18506147604388032
9764.0 0.18506147604388032
9766.0 0.18506147604388032
9768.0 0.18506147604388032
9770.0 0.18506147604388032
9772.0 0.18506147604388032
9774.0 0.18506147604388032
9776.0 0.18506147604388032
9778.0 0.18506147604388032
9780.0 0.18506147604388032
9782.0 0.18506147604388032
9784.0 0.18506147604388032
9786.0 0.18506147604388032
9788.0 0.18506147604388032
9790.0 0.18506147604388032
9792.0 0.18506147604388032
9794.0 0.18506147604388032
9796.0 0.18506147604388032
9798.0 0.18506147604388032
9800.0 0.18506147604388032
9802.0 0.18506147604388032
9804.0 0.18506147604388032
9806.0 0.18506147604388032
9808.0 0.18506147604388032
9810.0 0.18506147604388032
9812.0 0.18506147604388032
9814.0 0.18506147604388032
9816.0 0.18506147604388032
9818.0 0.18506147604388032
9820.0 0.18506147604388032
9822.0 0.18506147604388032
9824.0 0.18506147604388032
9826.0 0.18506147604388032
9828.0 0.18506147604388032
9830.0 0.18506147604388032
9832.0 0.18506147604388032
9834.0 0.18506147604388032
9836.0 0.18506147604388032
9838.0 0.18506147604388032
9840.0 0.18506147604388032
9842.0 0.18506147604388032
9844.0 0.18506147604388032
9846.0 0.18506147604388032
9848.0 0.18506147604388032
9850.0 0.18506147604388032
9852.0 0.18506147604388032
9854.0 0.18506147604388032
9856.0 0.18506147604388032
9858.0 0.18506147604388032
9860.0 0.18506147604388032
9862.0 0.18506147604388032
9864.0 0.18506147604388032
9866.0 0.18506147604388032
9868.0 0.18506147604388032
9870.0 0.18506147604388032
9872.0 0.18506147604388032
9874.0 0.18506147604388032
9876.0 0.18506147604388032
9878.0 0.18506147604388032
9880.0 0.18506147604388032
9882.0 0.18506147604388032
9884.0 0.18506147604388032
9886.0 0.18506147604388032
9888.0 0.18506147604388032
9890.0 0.18506147604388032
9892.0 0.18506147604388032
9894.0 0.18506147604388032
9896.0 0.18506147604388032
9898.0 0.18506147604388032
9900.0 0.18506147604388032
9902.0 0.18506147604388032
9904.0 0.18506147604388032
9906.0 0.18506147604388032
9908.0 0.18506147604388032
9910.0 0.18506147604388032
9912.0 0.18506147604388032
9914.0 0.18506147604388032
9916.0 0.18506147604388032
9918.0 0.18506147604388032
9920.0 0.18506147604388032
9922.0 0.18506147604388032
9924.0 0.18506147604388032
9926.0 0.18506147604388032
9928.0 0.18506147604388032
9930.0 0.18506147604388032
9932.0 0.18506147604388032
9934.0 0.18506147604388032
9936.0 0.18506147604388032
9938.0 0.18506147604388032
9940.0 0.18506147604388032
9942.0 0.18506147604388032
9944.0 0.18506147604388032
9946.0 0.18506147604388032
9948.0 0.18506147604388032
9950.0 0.18506147604388032
9952.0 0.18506147604388032
9954.0 0.18506147604388032
9956.0 0.18506147604388032
9958.0 0.18506147604388032
9960.0 0.18506147604388032
9962.0 0.18506147604388032
9964.0 0.18506147604388032
9966.0 0.18506147604388032
9968.0 0.18506147604388032
9970.0 0.18506147604388032
9972.0 0.18506147604388032
9974.0 0.18506147604388032
9976.0 0.18506147604388032
9978.0 0.18506147604388032
9980.0 0.18506147604388032
9982.0 0.18506147604388032
9984.0 0.18506147604388032
9986.0 0.18506147604388032
9988.0 0.18506147604388032
9990.0 0.18506147604388032
9992.0 0.18506147604388032
9994.0 0.18506147604388032
9996.0 0.18506147604388032
9998.0 0.18506147604388032
