# z obs_date
# 0 52280
3580.0 0.37964139640311517
3582.0 0.3719946695915876
3584.0 0.369212564426252
3586.0 0.36442204527437067
3588.0 0.35935660252713486
3590.0 0.3524960524620267
3592.0 0.3569002506045542
3594.0 0.3513416697560337
3596.0 0.3534069564641792
3598.0 0.34881770548086566
3600.0 0.3509233246555841
3602.0 0.3509952671256182
3604.0 0.34365607487609456
3606.0 0.34731447995481585
3608.0 0.3488527263904176
3610.0 0.347879979312532
3612.0 0.35851478554819693
3614.0 0.364239978078897
3616.0 0.356902470183528
3618.0 0.36680002804143996
3620.0 0.3668580998122594
3622.0 0.370041106427292
3624.0 0.3758407267579534
3626.0 0.38169306997202845
3628.0 0.3787593385649846
3630.0 0.3815651180849214
3632.0 0.39377844447628535
3634.0 0.38950870218755873
3636.0 0.3928787008909477
3638.0 0.390690945855556
3640.0 0.3903905561933503
3642.0 0.3950707587649636
3644.0 0.3960930869468732
3646.0 0.4069039935547194
3648.0 0.4123476644373708
3650.0 0.40928074084515637
3652.0 0.4130308337220776
3654.0 0.41891452573547383
3656.0 0.41841913997808244
3658.0 0.416980986258347
3660.0 0.40751096302706663
3662.0 0.40579405556116616
3664.0 0.41079098229856753
3666.0 0.4164262369997237
3668.0 0.415515215007568
3670.0 0.4158975403039602
3672.0 0.4121117880675942
3674.0 0.414763378022924
3676.0 0.41535503195489165
3678.0 0.42079762544071664
3680.0 0.420777164779855
3682.0 0.4256139308310599
3684.0 0.427588389235226
3686.0 0.4281092747990784
3688.0 0.43724677433610337
3690.0 0.4354982655536707
3692.0 0.44438810994865025
3694.0 0.451506900278763
3696.0 0.45803082110470944
3698.0 0.4649293958738358
3700.0 0.47610099032989384
3702.0 0.48026254869469226
3704.0 0.4847749051997159
3706.0 0.49185340101596187
3708.0 0.49110301471314666
3710.0 0.49284379327450245
3712.0 0.4893729076950921
3714.0 0.48800587416233293
3716.0 0.4876651840905461
3718.0 0.47810470517295334
3720.0 0.4749920327073381
3722.0 0.4737614933976328
3724.0 0.46835002643573226
3726.0 0.460957593515732
3728.0 0.45478646312007864
3730.0 0.4522065555779573
3732.0 0.45060762130241266
3734.0 0.4487429662434029
3736.0 0.4454318006947218
3738.0 0.4381675097557764
3740.0 0.42796538955403063
3742.0 0.4228115870339311
3744.0 0.4206255385836858
3746.0 0.4167932617121396
3748.0 0.4168384415522707
3750.0 0.41451651012898977
3752.0 0.4149039293657954
3754.0 0.4155561573275013
3756.0 0.41017118139401504
3758.0 0.40655190001612046
3760.0 0.40537511814008365
3762.0 0.40405533518525494
3764.0 0.4056703308935705
3766.0 0.4077395076222717
3768.0 0.4032930003673646
3770.0 0.4086371316986545
3772.0 0.41406247701373244
3774.0 0.41267512980041837
3776.0 0.41330124953661723
3778.0 0.41744375647860277
3780.0 0.4255112213321187
3782.0 0.4348588791863186
3784.0 0.4420394868951333
3786.0 0.4457824477014097
3788.0 0.45171100894691435
3790.0 0.4621769052253193
3792.0 0.46861403472170854
3794.0 0.4787161397127375
3796.0 0.48784532917043105
3798.0 0.5000674101453007
3800.0 0.5024968927895589
3802.0 0.5149733784822336
3804.0 0.5275088841050017
3806.0 0.5305811855105418
3808.0 0.5392522748070253
3810.0 0.5484219960330743
3812.0 0.5593630798334799
3814.0 0.5709531467847133
3816.0 0.5810247936636106
3818.0 0.6010035675706864
3820.0 0.6216588054851001
3822.0 0.6390849568529141
3824.0 0.6540124096622237
3826.0 0.6747995204277168
3828.0 0.6958906335653273
3830.0 0.7053413496379273
3832.0 0.7240454004515984
3834.0 0.7404481102771566
3836.0 0.7617383690364186
3838.0 0.7725087019661534
3840.0 0.7802460325215834
3842.0 0.7902230651526724
3844.0 0.7947294996695318
3846.0 0.8115058801979537
3848.0 0.8238183165325715
3850.0 0.8325361737285987
3852.0 0.84843812207909
3854.0 0.8503577655076111
3856.0 0.8520965338094955
3858.0 0.8696671664825808
3860.0 0.8779044887029178
3862.0 0.8787402441216071
3864.0 0.8976533619577156
3866.0 0.908808467434926
3868.0 0.9082629134361475
3870.0 0.919338013387413
3872.0 0.9236404804682512
3874.0 0.9268486688558976
3876.0 0.9404742224273215
3878.0 0.9416403852804967
3880.0 0.9571264701742584
3882.0 0.957440261142937
3884.0 0.9626637447881932
3886.0 0.9667731293652962
3888.0 0.9740190938254466
3890.0 0.9692906725803474
3892.0 0.975154956727468
3894.0 0.9708586831445281
3896.0 0.980154258473802
3898.0 0.9670533194022269
3900.0 0.9368987390106326
3902.0 0.9594257130629822
3904.0 0.9874764831916691
3906.0 0.9906923027643646
3908.0 0.9975323104875546
3910.0 1.0
3912.0 0.9993200152389882
3914.0 0.9988569726166273
3916.0 0.9944219487843686
3918.0 0.9979482924482626
3920.0 0.9974526056287109
3922.0 0.9902758653049994
3924.0 0.9964738813796257
3926.0 0.9905252964418498
3928.0 0.9823462598868143
3930.0 0.9779502629900445
3932.0 0.9514285158200643
3934.0 0.9208248097124866
3936.0 0.935697479206896
3938.0 0.9570283145566604
3940.0 0.9618421190261559
3942.0 0.9530059203911114
3944.0 0.9477324190628857
3946.0 0.9407249731407107
3948.0 0.9320210189773702
3950.0 0.9241110845724448
3952.0 0.9222900390386595
3954.0 0.9176960648234864
3956.0 0.9124199552728659
3958.0 0.9092959720893069
3960.0 0.9050590450064523
3962.0 0.8976528834160158
3964.0 0.8937578993009039
3966.0 0.8848728090779355
3968.0 0.8751766039068606
3970.0 0.8779496484819836
3972.0 0.8736625678033668
3974.0 0.874406549772308
3976.0 0.8794605428100334
3978.0 0.8775465075987344
3980.0 0.8680927405779123
3982.0 0.8589051080388418
3984.0 0.8575608510434555
3986.0 0.8576325494663777
3988.0 0.8511531221293616
3990.0 0.8495401753179441
3992.0 0.8517733578560154
3994.0 0.8498988087437561
3996.0 0.8475169048234817
3998.0 0.8448931506571095
4000.0 0.8438596027807155
4002.0 0.8394038322794715
4004.0 0.8396377881687667
4006.0 0.8426382552318161
4008.0 0.8391382154517298
4010.0 0.8363875630565922
4012.0 0.8346777924999313
4014.0 0.8362530268655133
4016.0 0.8387477633144005
4018.0 0.8322265369527386
4020.0 0.8221406284080685
4022.0 0.819139538927661
4024.0 0.8249666170594698
4026.0 0.8218977254542943
4028.0 0.8166570972090618
4030.0 0.8105412660541985
4032.0 0.8091191123687648
4034.0 0.8067869106125783
4036.0 0.8031594835887537
4038.0 0.7963510087176427
4040.0 0.7926155681158134
4042.0 0.7888637702591011
4044.0 0.7867626480908527
4046.0 0.7755582584356816
4048.0 0.7727786483903162
4050.0 0.7731675603581981
4052.0 0.7705507881477498
4054.0 0.762872084787058
4056.0 0.7538425456801546
4058.0 0.7440305833042705
4060.0 0.734000760917186
4062.0 0.7369249566861865
4064.0 0.7344257647804867
4066.0 0.7363508304923339
4068.0 0.7308324061181425
4070.0 0.7273179652027827
4072.0 0.7269989601624672
4074.0 0.7274737614484693
4076.0 0.7313304674331185
4078.0 0.7323688544159965
4080.0 0.7258530358310432
4082.0 0.7223681600006663
4084.0 0.7248860085749992
4086.0 0.7197445541700649
4088.0 0.7192669569679672
4090.0 0.7236465301866665
4092.0 0.7226970510784754
4094.0 0.7111606022516779
4096.0 0.7214084767352974
4098.0 0.7195173623969633
4100.0 0.7126130199719861
4102.0 0.717207197227315
4104.0 0.7240512846607696
4106.0 0.7195326954095088
4108.0 0.7156052736345393
4110.0 0.7237215824536052
4112.0 0.7263673774259362
4114.0 0.7240913215526062
4116.0 0.7288397107364118
4118.0 0.7353114728860165
4120.0 0.7311641451561077
4122.0 0.728154395893885
4124.0 0.730405188883945
4126.0 0.7291657947388722
4128.0 0.7320227005529617
4130.0 0.7337287587421301
4132.0 0.7305620687942429
4134.0 0.7341236641426181
4136.0 0.735821959749297
4138.0 0.729264299163154
4140.0 0.7273490372045233
4142.0 0.7253246707656512
4144.0 0.7275083473978006
4146.0 0.7264929862049344
4148.0 0.724236068624587
4150.0 0.7188827502622651
4152.0 0.7150526003947678
4154.0 0.7138571974104064
4156.0 0.7115262137918084
4158.0 0.7095805628316411
4160.0 0.7051907787363761
4162.0 0.7028102790589905
4164.0 0.7014270200394015
4166.0 0.6960128326244828
4168.0 0.6919428995093315
4170.0 0.6933408432906486
4172.0 0.693093244244275
4174.0 0.6886388396304225
4176.0 0.6883635530079466
4178.0 0.6883905151132105
4180.0 0.6890719761022798
4182.0 0.691691577614445
4184.0 0.6875152790544562
4186.0 0.6871063261203519
4188.0 0.6854714283201174
4190.0 0.6873395917223045
4192.0 0.6906310255403783
4194.0 0.6872564582471388
4196.0 0.6865928884903906
4198.0 0.6835083800199081
4200.0 0.6816895082853806
4202.0 0.681177732839863
4204.0 0.6795468732460015
4206.0 0.6807704037475175
4208.0 0.6761767156230982
4210.0 0.6736823041501434
4212.0 0.6724295317768519
4214.0 0.670621811660224
4216.0 0.6674100465229289
4218.0 0.6611969688652737
4220.0 0.6596831564395853
4222.0 0.6595745069346278
4224.0 0.656978736848268
4226.0 0.6561387559164684
4228.0 0.6533693376905445
4230.0 0.6517726170396217
4232.0 0.6531472547825523
4234.0 0.6525324730832534
4236.0 0.6526513907000866
4238.0 0.6558539314516871
4240.0 0.6595127153967807
4242.0 0.6584016436276389
4244.0 0.6581561412560144
4246.0 0.6616305500435973
4248.0 0.6632522741294383
4250.0 0.6649600688172446
4252.0 0.6697363880823785
4254.0 0.6726094251078975
4256.0 0.6707744615539553
4258.0 0.6705327890116316
4260.0 0.6760223509345952
4262.0 0.675002939128903
4264.0 0.6758385083146974
4266.0 0.6771078441665916
4268.0 0.680465692473059
4270.0 0.6813520821327227
4272.0 0.6836580832013922
4274.0 0.6857446568366808
4276.0 0.6819133612542362
4278.0 0.6830138938366339
4280.0 0.6851580900575223
4282.0 0.6829410817945437
4284.0 0.6862910199653699
4286.0 0.6834207628072718
4288.0 0.6837760618948237
4290.0 0.6821453891854686
4292.0 0.6795000446627347
4294.0 0.6804761301033313
4296.0 0.6756913585996711
4298.0 0.674726220751542
4300.0 0.671780742834267
4302.0 0.6668605238758092
4304.0 0.6694596595962068
4306.0 0.6694153500054154
4308.0 0.6652260120723493
4310.0 0.6597370647271118
4312.0 0.6566537511882862
4314.0 0.6540886261646396
4316.0 0.6502998629786141
4318.0 0.6442295214937167
4320.0 0.6379406803206257
4322.0 0.6420142660085095
4324.0 0.6343136384374974
4326.0 0.625381659737464
4328.0 0.6237988880224145
4330.0 0.615442284164375
4332.0 0.6101362410835097
4334.0 0.6007404580671942
4336.0 0.5990191497167168
4338.0 0.5954136810889699
4340.0 0.5881356353521079
4342.0 0.5792814915809963
4344.0 0.5708602964687092
4346.0 0.5645412718408411
4348.0 0.5645318158679303
4350.0 0.5616091455095579
4352.0 0.5532147865363047
4354.0 0.5453532833345133
4356.0 0.5449099115237801
4358.0 0.5374377717394059
4360.0 0.5361934189920826
4362.0 0.5302075819404987
4364.0 0.5221967160693649
4366.0 0.5212708548237782
4368.0 0.5189529413432624
4370.0 0.5169932079472578
4372.0 0.5177757851036793
4374.0 0.5120016635052098
4376.0 0.5110966865702289
4378.0 0.511323185972847
4380.0 0.5085469037753616
4382.0 0.5096771662894678
4384.0 0.5062687697890847
4386.0 0.5076890591425695
4388.0 0.5093563572561617
4390.0 0.5091529341788738
4392.0 0.5102604267980606
4394.0 0.5135488642562694
4396.0 0.5121374166694209
4398.0 0.5194823538240322
4400.0 0.5250999141793273
4402.0 0.5234800956438358
4404.0 0.5243419863322184
4406.0 0.52710135007586
4408.0 0.5314709675476401
4410.0 0.5342875623234657
4412.0 0.536883630937328
4414.0 0.5377810661964576
4416.0 0.5411218899115107
4418.0 0.5431520823110335
4420.0 0.5473805798412333
4422.0 0.5516390566722883
4424.0 0.5526377240662389
4426.0 0.5583912586925215
4428.0 0.5645538640809757
4430.0 0.5682131348913245
4432.0 0.5698398655451345
4434.0 0.5737583161804388
4436.0 0.5800762510765203
4438.0 0.583295117924983
4440.0 0.5885967893575008
4442.0 0.5934994594396591
4444.0 0.596222888360365
4446.0 0.6054351197990802
4448.0 0.6111831725644382
4450.0 0.6114148370587092
4452.0 0.6146519872686758
4454.0 0.6234555479014505
4456.0 0.6301921156839333
4458.0 0.6333497318073331
4460.0 0.6330521622846775
4462.0 0.6377166806323246
4464.0 0.6455324867575757
4466.0 0.6475966532325654
4468.0 0.6526194700698297
4470.0 0.6571998210496032
4472.0 0.6658973521877075
4474.0 0.6771506195459385
4476.0 0.6822655492746366
4478.0 0.688157421362238
4480.0 0.6948663004870944
4482.0 0.7013497112074696
4484.0 0.7112815362025634
4486.0 0.7214157921565653
4488.0 0.7272890249540782
4490.0 0.7333014605027248
4492.0 0.7371987592402967
4494.0 0.7452361267672774
4496.0 0.750174254091475
4498.0 0.751598176326293
4500.0 0.7638164733027828
4502.0 0.7726932490741041
4504.0 0.7793895818173794
4506.0 0.7813326371927879
4508.0 0.7880431824296592
4510.0 0.7936211315698235
4512.0 0.8004025626669297
4514.0 0.8031795125019198
4516.0 0.8122937616185588
4518.0 0.8235009273118534
4520.0 0.8280744982689155
4522.0 0.8315949274120662
4524.0 0.8351604465778363
4526.0 0.8411779234897719
4528.0 0.8502843391203576
4530.0 0.8518380861805801
4532.0 0.8574570905479907
4534.0 0.8654423860011075
4536.0 0.8676175300149694
4538.0 0.8774944396655456
4540.0 0.8860164448401295
4542.0 0.8924321757162289
4544.0 0.8976682355612858
4546.0 0.9041562785522224
4548.0 0.90879665373798
4550.0 0.9161019879946447
4552.0 0.9195058265076501
4554.0 0.9288214107983451
4556.0 0.9332609752525147
4558.0 0.937579439018722
4560.0 0.9492281897825056
4562.0 0.9444623984915076
4564.0 0.9547061265821597
4566.0 0.9559758005236614
4568.0 0.9677170618146393
4570.0 0.969021437762759
4572.0 0.9769875939489183
4574.0 0.9811809784450969
4576.0 0.9847748352525959
4578.0 0.9830747915615591
4580.0 0.9887716842968861
4582.0 0.9860221289920497
4584.0 0.989426290483467
4586.0 0.9906182850455325
4588.0 0.9902003891171401
4590.0 0.9902356888207814
4592.0 0.9890585277313995
4594.0 0.9866522688207193
4596.0 0.9858518026814231
4598.0 0.9829130119542018
4600.0 0.9759261028739483
4602.0 0.974910240396194
4604.0 0.9711043501881135
4606.0 0.9672203038757481
4608.0 0.9614666127241003
4610.0 0.9612006473338824
4612.0 0.9532474650206884
4614.0 0.9472004146286599
4616.0 0.9364044532376133
4618.0 0.926443192930265
4620.0 0.9194066599496274
4622.0 0.9177632512952574
4624.0 0.9127525113811913
4626.0 0.9080133882689173
4628.0 0.9084019065906699
4630.0 0.8976522576471708
4632.0 0.8932605685111121
4634.0 0.88660911131906
4636.0 0.8827776382606564
4638.0 0.8795983482166163
4640.0 0.8789054268345753
4642.0 0.8724682630736026
4644.0 0.8669070896023503
4646.0 0.8590864876049875
4648.0 0.8549836092922327
4650.0 0.8508732920994374
4652.0 0.8454292628161718
4654.0 0.8381293128424259
4656.0 0.8323332108205383
4658.0 0.8261000048032389
4660.0 0.8192295880814595
4662.0 0.816656447735882
4664.0 0.8111561393689098
4666.0 0.805166436198514
4668.0 0.8014167404546912
4670.0 0.7959418653538067
4672.0 0.7882832017352145
4674.0 0.7807508995720729
4676.0 0.7748238324004777
4678.0 0.7679540310328001
4680.0 0.7606816280849713
4682.0 0.7522134537399824
4684.0 0.7411936965138997
4686.0 0.7328115155811883
4688.0 0.7219889399548753
4690.0 0.7131597243576238
4692.0 0.7005935867468479
4694.0 0.6930759775925479
4696.0 0.685983127292387
4698.0 0.6753300102742315
4700.0 0.6622995380446757
4702.0 0.6526369095968239
4704.0 0.6434270233515206
4706.0 0.633253133890163
4708.0 0.6249543188893381
4710.0 0.6175201908776433
4712.0 0.6099626987004634
4714.0 0.6024451737727934
4716.0 0.5930168028575078
4718.0 0.5867448615811607
4720.0 0.5826933117826008
4722.0 0.5783349428752264
4724.0 0.5735819699252769
4726.0 0.5670453567876571
4728.0 0.5626693382659118
4730.0 0.5622785743629127
4732.0 0.5609997378421778
4734.0 0.5577426946149776
4736.0 0.5565975892273384
4738.0 0.5560166890120147
4740.0 0.5539159701505064
4742.0 0.5518448317815919
4744.0 0.5496153291877096
4746.0 0.5470780211716499
4748.0 0.5435248735169665
4750.0 0.5421094282892974
4752.0 0.5369944569613962
4754.0 0.5310962723978225
4756.0 0.5313054085247025
4758.0 0.5281303744005672
4760.0 0.5244017706668386
4762.0 0.5181323191050097
4764.0 0.5131852632899266
4766.0 0.5126007926887627
4768.0 0.5069709704464008
4770.0 0.5001904932820159
4772.0 0.4978093383320803
4774.0 0.4953950645069981
4776.0 0.48976228036229597
4778.0 0.48133545637325037
4780.0 0.47706164901033804
4782.0 0.47363850384453726
4784.0 0.46845100995488015
4786.0 0.47098163695072487
4788.0 0.465740763908949
4790.0 0.4635803106817145
4792.0 0.46023022562953947
4794.0 0.4580886280414187
4796.0 0.45345077745878865
4798.0 0.4487537507984872
4800.0 0.4461554017261464
4802.0 0.4450660941209429
4804.0 0.4480865593619644
4806.0 0.4423890054511053
4808.0 0.44120101121427935
4810.0 0.44453526889562733
4812.0 0.4432928878158133
4814.0 0.442773188137755
4816.0 0.4474497261464557
4818.0 0.44351240739615566
4820.0 0.44642757078090883
4822.0 0.4506676650423124
4824.0 0.4509191171313278
4826.0 0.4530936871981353
4828.0 0.45598431792748284
4830.0 0.46283619563702694
4832.0 0.46589265264195573
4834.0 0.4690206661247837
4836.0 0.47216593495041526
4838.0 0.4748514409530193
4840.0 0.4776417453140399
4842.0 0.4805428617750489
4844.0 0.4834326699832084
4846.0 0.486322478191371
4848.0 0.48921228639953235
4850.0 0.4921020946076933
4852.0 0.4949919028158528
4854.0 0.4978817110240148
4856.0 0.5007715192321763
4858.0 0.5036613274403371
4860.0 0.506617787493918
4862.0 0.5098525789069586
4864.0 0.5129734506902768
4866.0 0.5158592325743238
4868.0 0.5190009326868993
4870.0 0.5216712349216606
4872.0 0.5241960406772109
4874.0 0.5303177336319753
4876.0 0.5358860950911529
4878.0 0.5347881940473032
4880.0 0.5375735038876303
4882.0 0.5408540424716889
4884.0 0.5443391035251317
4886.0 0.547195809648857
4888.0 0.5500540044397124
4890.0 0.5489146581141134
4892.0 0.550031517082736
4894.0 0.5532916002507215
4896.0 0.5555978085711488
4898.0 0.5551001766693344
4900.0 0.556843663860909
4902.0 0.5571407326137784
4904.0 0.5592273459491769
4906.0 0.5570169917917447
4908.0 0.5564796283510982
4910.0 0.5560486143050384
4912.0 0.5552163831160684
4914.0 0.5554430700201715
4916.0 0.5520623849728706
4918.0 0.5489404952387733
4920.0 0.5482020035065707
4922.0 0.5442059818674077
4924.0 0.5405528452589098
4926.0 0.536942598983992
4928.0 0.5345334566226381
4930.0 0.5335979331499244
4932.0 0.5309829976304176
4934.0 0.529219185389935
4936.0 0.5274935039502158
4938.0 0.5255850341720886
4940.0 0.5236178392925597
4942.0 0.5217978819921241
4944.0 0.5199500494150887
4946.0 0.5181022168380534
4948.0 0.516254384261017
4950.0 0.5144065516839825
4952.0 0.5125587191069471
4954.0 0.510710886529911
4956.0 0.5088630539528762
4958.0 0.5070152213758408
4960.0 0.5051604148839003
4962.0 0.5035683920192295
4964.0 0.5017194018140979
4966.0 0.5001293011212348
4968.0 0.49817402700045077
4970.0 0.4965619894532534
4972.0 0.4961720241985248
4974.0 0.4949824331167985
4976.0 0.4965988700031135
4978.0 0.49957589224770493
4980.0 0.4973375108008043
4982.0 0.4945607774197459
4984.0 0.49560006387969313
4986.0 0.4944667373910869
4988.0 0.49140931478122646
4990.0 0.48973691537071784
4992.0 0.48917167979111537
4994.0 0.4889263406957898
4996.0 0.48872461154099495
4998.0 0.48909321349392315
5000.0 0.48887094386859103
5002.0 0.4889688891071556
5004.0 0.489015685473932
5006.0 0.4890624781876837
5008.0 0.4891092706648758
5010.0 0.4891560670316521
5012.0 0.4892028633984282
5014.0 0.48924965976520407
5016.0 0.4892964561319807
5018.0 0.48934325249875665
5020.0 0.48941350462807826
5022.0 0.4897578868460568
5024.0 0.4897258219324076
5026.0 0.489929759769429
5028.0 0.49016600550166767
5030.0 0.4903738508371506
5032.0 0.4908731136343601
5034.0 0.49027964904448806
5036.0 0.49215225961021863
5038.0 0.49374099287957884
5040.0 0.4906317720369821
5042.0 0.49160668186232087
5044.0 0.4901206488349124
5046.0 0.49181028878428484
5048.0 0.48985115869290086
5050.0 0.4911770539103387
5052.0 0.491917042694212
5054.0 0.4929742796903423
5056.0 0.49341829348634436
5058.0 0.4917133166128303
5060.0 0.49437658109681104
5062.0 0.49664244504781907
5064.0 0.49964012556778997
5066.0 0.4990932262725539
5068.0 0.49951743822555317
5070.0 0.5008018483489668
5072.0 0.5034080896774902
5074.0 0.5008723762765904
5076.0 0.5003291857561586
5078.0 0.5080808377877082
5080.0 0.5095139532605678
5082.0 0.5087365321176166
5084.0 0.5101734501601709
5086.0 0.5126035788197403
5088.0 0.5202350835154973
5090.0 0.5197325246864889
5092.0 0.522433492430409
5094.0 0.529516891661762
5096.0 0.5279243845042897
5098.0 0.5327091624107617
5100.0 0.5363797677579001
5102.0 0.5400838343976375
5104.0 0.5461596212690848
5106.0 0.5470812489225789
5108.0 0.5489522380838229
5110.0 0.5522694332879199
5112.0 0.5576541142809666
5114.0 0.5619873002606288
5116.0 0.5652188342570653
5118.0 0.5685158971135585
5120.0 0.5728482270371028
5122.0 0.578940542274171
5124.0 0.5828488589273504
5126.0 0.5831879375060064
5128.0 0.5890504721673551
5130.0 0.5948508842712813
5132.0 0.5949640567529572
5134.0 0.5956495025473163
5136.0 0.5981759018826848
5138.0 0.6008045921848681
5140.0 0.6030859027800366
5142.0 0.6068302787052883
5144.0 0.6138351910165247
5146.0 0.6149170848817398
5148.0 0.614193143105626
5150.0 0.6208737331380874
5152.0 0.6212244858437614
5154.0 0.6211241163937835
5156.0 0.6270404918821137
5158.0 0.6305589125882743
5160.0 0.6319351182224653
5162.0 0.6348746243391815
5164.0 0.6381147941587422
5166.0 0.6410629475369357
5168.0 0.6438846191950848
5170.0 0.6454892505950295
5172.0 0.647219166644817
5174.0 0.6499869142506001
5176.0 0.6539482437362787
5178.0 0.656575734250217
5180.0 0.6595075815919614
5182.0 0.662285737167961
5184.0 0.6644729374433094
5186.0 0.6648571533230369
5188.0 0.6656483316647067
5190.0 0.6690572700510046
5192.0 0.671390289803559
5194.0 0.673835008599739
5196.0 0.6778187995580203
5198.0 0.6795343812927154
5200.0 0.6838605834808941
5202.0 0.6863249583574146
5204.0 0.689873848690335
5206.0 0.6911317562413702
5208.0 0.6931812607212055
5210.0 0.7004661118891182
5212.0 0.7007961423558872
5214.0 0.7015942014388956
5216.0 0.703918758857535
5218.0 0.7058840166696713
5220.0 0.7083955365359027
5222.0 0.7092244590846559
5224.0 0.7115536495497767
5226.0 0.7145861545740894
5228.0 0.7151092110495342
5230.0 0.711799797837242
5232.0 0.7141250532262134
5234.0 0.7160833967835519
5236.0 0.7188561988253882
5238.0 0.7195180020696103
5240.0 0.7189913838167679
5242.0 0.7193990532119912
5244.0 0.7201109839854235
5246.0 0.7199882688964684
5248.0 0.722788779576447
5250.0 0.7239832679923661
5252.0 0.7269260564992787
5254.0 0.7240535208899861
5256.0 0.7178320333563156
5258.0 0.7216345690184506
5260.0 0.7233198295558363
5262.0 0.7215919357754742
5264.0 0.7231163620936983
5266.0 0.7273651936297918
5268.0 0.725021596271374
5270.0 0.7215349401333675
5272.0 0.7177715680030747
5274.0 0.7242457358952417
5276.0 0.723292658259843
5278.0 0.725151998052155
5280.0 0.723848753336443
5282.0 0.7231469079979251
5284.0 0.7165135115489354
5286.0 0.7182601377130563
5288.0 0.7143361989833442
5290.0 0.7167895268769198
5292.0 0.7157225057819758
5294.0 0.717468261790021
5296.0 0.7184265335122594
5298.0 0.7161812697179786
5300.0 0.7197371799638357
5302.0 0.7237880188003578
5304.0 0.7234895471101754
5306.0 0.7167906955958915
5308.0 0.7197368472395802
5310.0 0.7145090784904329
5312.0 0.7208717076075695
5314.0 0.7200186731367949
5316.0 0.7161444832587482
5318.0 0.714132354261387
5320.0 0.7178572981944256
5322.0 0.7142217708988616
5324.0 0.721695113576182
5326.0 0.7130076532897867
5328.0 0.7143419776299391
5330.0 0.714171745662201
5332.0 0.7152294473111704
5334.0 0.7166014278803391
5336.0 0.7127328012658567
5338.0 0.7085600883307327
5340.0 0.7074250926423566
5342.0 0.7055337518108122
5344.0 0.701140054017262
5346.0 0.7016729721648891
5348.0 0.7025835230230343
5350.0 0.7005213799297427
5352.0 0.6962334923557951
5354.0 0.6959882843425048
5356.0 0.695432636946687
5358.0 0.6929553798054261
5360.0 0.6905789143090665
5362.0 0.6864810079294141
5364.0 0.6877572640984724
5366.0 0.6840846163503961
5368.0 0.679669464260571
5370.0 0.6807067791127308
5372.0 0.6798325154954968
5374.0 0.6801113642001811
5376.0 0.6787740034648206
5378.0 0.6789211512210334
5380.0 0.6774765630879188
5382.0 0.6731306722075479
5384.0 0.6676310941979647
5386.0 0.6642850774689559
5388.0 0.6652740944951737
5390.0 0.6662965416172868
5392.0 0.6666947652083981
5394.0 0.6663163588785559
5396.0 0.6640485168864446
5398.0 0.6593518730422719
5400.0 0.6595110382138042
5402.0 0.6584392914736873
5404.0 0.6568748960300441
5406.0 0.6581787604739677
5408.0 0.6566166654369953
5410.0 0.655604642705561
5412.0 0.6547039505303478
5414.0 0.6486677481299742
5416.0 0.6403555685569393
5418.0 0.6375551106586391
5420.0 0.6375804685712004
5422.0 0.6370883541033989
5424.0 0.6367693869067858
5426.0 0.6357309888746574
5428.0 0.634379694205606
5430.0 0.6324955418869711
5432.0 0.6313257407455313
5434.0 0.6324425799829069
5436.0 0.6331870824585052
5438.0 0.6336741880812702
5440.0 0.6329062358517848
5442.0 0.6301700255328866
5444.0 0.6278637209511904
5446.0 0.6259504619601246
5448.0 0.623688800653125
5450.0 0.6222102366245972
5452.0 0.6230018768829431
5454.0 0.6242694203593829
5456.0 0.6250073603330234
5458.0 0.6244507823329277
5460.0 0.6228029836418801
5462.0 0.6219700790711773
5464.0 0.6232855964013296
5466.0 0.6218576193732627
5468.0 0.6189488754537389
5470.0 0.6165349367052227
5472.0 0.6152947745960767
5474.0 0.6143666690456296
5476.0 0.6142427164164386
5478.0 0.6143455170356509
5480.0 0.614266352947079
5482.0 0.613790557641527
5484.0 0.6141944204912404
5486.0 0.6150821184882829
5488.0 0.6147769096995948
5490.0 0.6137510472980365
5492.0 0.6106587750420657
5494.0 0.606875840692468
5496.0 0.6049019385151635
5498.0 0.6044356363668515
5500.0 0.6056388829584054
5502.0 0.6076478532301222
5504.0 0.6090815619295958
5506.0 0.608961384283599
5508.0 0.6078449973202127
5510.0 0.6070633196883095
5512.0 0.606562032119919
5514.0 0.6060756071085204
5516.0 0.606606472207502
5518.0 0.6067735847071335
5520.0 0.6051280102004127
5522.0 0.6028588055629482
5524.0 0.6022886206543046
5526.0 0.6015673747798371
5528.0 0.5993160947002787
5530.0 0.5997763234992739
5532.0 0.6006585155944102
5534.0 0.6006471513941953
5536.0 0.5993629492956882
5538.0 0.5970870230854306
5540.0 0.5959302758841121
5542.0 0.5952274887655046
5544.0 0.5934012937610912
5546.0 0.5915699923855278
5548.0 0.5904371181177557
5550.0 0.5899165107528402
5552.0 0.5891449566062337
5554.0 0.587269497967084
5556.0 0.5831125451353902
5558.0 0.5784903649725899
5560.0 0.5760290289447876
5562.0 0.5754445115785533
5564.0 0.5735865574099511
5566.0 0.5726114849466946
5568.0 0.5715170747948195
5570.0 0.5685718605865772
5572.0 0.5645353049813281
5574.0 0.562077613797235
5576.0 0.559436035208448
5578.0 0.5573856584004727
5580.0 0.5551136529965102
5582.0 0.5521347832671321
5584.0 0.5491163125569092
5586.0 0.5463107173461421
5588.0 0.5439967036719537
5590.0 0.5406463465553033
5592.0 0.5373406180652996
5594.0 0.5346472333683489
5596.0 0.5327297943071425
5598.0 0.5297164075013148
5600.0 0.526555916416845
5602.0 0.5232761175927961
5604.0 0.5208675605714784
5606.0 0.5179632838157984
5608.0 0.5142613114208893
5610.0 0.5113375879010661
5612.0 0.5095456560666305
5614.0 0.5066285930075006
5616.0 0.5025251187686104
5618.0 0.4979599152402674
5620.0 0.49452772401006395
5622.0 0.4916051288363727
5624.0 0.48869526710604894
5626.0 0.4852332282842431
5628.0 0.4814507680288978
5630.0 0.47861626265438606
5632.0 0.47698174522617237
5634.0 0.4753902191841324
5636.0 0.47246264394899967
5638.0 0.4698018655270422
5640.0 0.46664049466760676
5642.0 0.4630828621383047
5644.0 0.4599106753967498
5646.0 0.456169298214046
5648.0 0.4514576574185267
5650.0 0.4483042936577127
5652.0 0.4459492304755439
5654.0 0.44397899954405146
5656.0 0.44199053295846014
5658.0 0.44063512562862267
5660.0 0.43929175046893226
5662.0 0.43708299665018197
5664.0 0.43526287633610616
5666.0 0.4347914735356549
5668.0 0.43504509608809505
5670.0 0.4338588840190175
5672.0 0.43176223091967264
5674.0 0.42952157314511047
5676.0 0.4287571271961895
5678.0 0.42846439160296074
5680.0 0.4276598477697982
5682.0 0.42682625784709016
5684.0 0.4260141998711427
5686.0 0.42416460218694263
5688.0 0.42250739380527225
5690.0 0.4213598202537948
5692.0 0.42075165076093124
5694.0 0.4200479233549218
5696.0 0.4197522308297189
5698.0 0.4204977484935363
5700.0 0.42159251743367937
5702.0 0.42253574230472635
5704.0 0.42328110291962945
5706.0 0.4237997925731136
5708.0 0.42339805765369104
5710.0 0.42277590828143513
5712.0 0.4247264011611473
5714.0 0.4276767844452394
5716.0 0.4293700680323815
5718.0 0.4301321145236142
5720.0 0.4309767718285735
5722.0 0.4317476644402022
5724.0 0.43252414303252373
5726.0 0.43268905019502685
5728.0 0.4336208240111299
5730.0 0.43576328850826684
5732.0 0.4393962339740163
5734.0 0.44242028197409894
5736.0 0.44463700378746235
5738.0 0.44750042527084904
5740.0 0.4513544415313529
5742.0 0.4542399683200054
5744.0 0.45521449349342463
5746.0 0.456556349096527
5748.0 0.45960063418864766
5750.0 0.4635780809846889
5752.0 0.46778187329432175
5754.0 0.47159726282380765
5756.0 0.4752756302867832
5758.0 0.47961666623483573
5760.0 0.4836720707703513
5762.0 0.487202056638224
5764.0 0.49038392072634734
5766.0 0.4948725505203609
5768.0 0.49929147118522865
5770.0 0.5027312413022222
5772.0 0.5055909887328487
5774.0 0.5097691480743959
5776.0 0.5145292359494351
5778.0 0.5185299236729631
5780.0 0.5228842608269815
5782.0 0.5280958401558684
5784.0 0.5353270584930612
5786.0 0.5411514717594227
5788.0 0.5438119933587366
5790.0 0.5451985648010385
5792.0 0.5489973839555822
5794.0 0.553160292883011
5796.0 0.5569223871603451
5798.0 0.5603877692423556
5800.0 0.5650924137741392
5802.0 0.5703285866914779
5804.0 0.5746813055151279
5806.0 0.5801601234112365
5808.0 0.5853915192060094
5810.0 0.5892162885097444
5812.0 0.5926150612476604
5814.0 0.5952022735574307
5816.0 0.5980319673677532
5818.0 0.600517353532895
5820.0 0.6049130581999954
5822.0 0.6105838464148423
5824.0 0.6156393905220094
5826.0 0.6179514606739711
5828.0 0.6184529120062606
5830.0 0.6194982345713499
5832.0 0.62031499013163
5834.0 0.6210856418981813
5836.0 0.6204639964896853
5838.0 0.6184448264901088
5840.0 0.6134397285855808
5842.0 0.6067323411968847
5844.0 0.6072230077531219
5846.0 0.6126894921402337
5848.0 0.6169333419473897
5850.0 0.6215320265333509
5852.0 0.6258185357258227
5854.0 0.6295480122994129
5856.0 0.6331967315692197
5858.0 0.6361558497508691
5860.0 0.6370646626387603
5862.0 0.6378013581653234
5864.0 0.6387655777277795
5866.0 0.6386085819251349
5868.0 0.6362115302018039
5870.0 0.6345896990409712
5872.0 0.6331588354771258
5874.0 0.6315416887167846
5876.0 0.6297122477650853
5878.0 0.6278305937791521
5880.0 0.6259982374453421
5882.0 0.6241911423258545
5884.0 0.6223840472063668
5886.0 0.6205769520868792
5888.0 0.6187698569673921
5890.0 0.6169627618479051
5892.0 0.6151556667284176
5894.0 0.6133485716089299
5896.0 0.6115414764894427
5898.0 0.6097761620807909
5900.0 0.608323012222541
5902.0 0.6069661827651012
5904.0 0.6052730498122534
5906.0 0.6035602025700253
5908.0 0.6023406298415719
5910.0 0.6022166585036866
5912.0 0.6011564228802111
5914.0 0.5985967024192604
5916.0 0.5949045281992864
5918.0 0.591470385471516
5920.0 0.5890121685320545
5922.0 0.58674266137219
5924.0 0.5841701226900685
5926.0 0.5819113304488268
5928.0 0.580227899236916
5930.0 0.5782346159967977
5932.0 0.5760323482706224
5934.0 0.573201966150339
5936.0 0.5699890728128323
5938.0 0.5652570276373007
5940.0 0.5615607552598931
5942.0 0.5576860044275221
5944.0 0.5542949777297569
5946.0 0.550547947272742
5948.0 0.5470281348605153
5950.0 0.543361641128164
5952.0 0.540059809336536
5954.0 0.5365654059062455
5956.0 0.5324724220096345
5958.0 0.5279656156888712
5960.0 0.5230188983035501
5962.0 0.5186978702393379
5964.0 0.5161611834498147
5966.0 0.5129152233391622
5968.0 0.5085349540290718
5970.0 0.5037109166138404
5972.0 0.4986408739798537
5974.0 0.4930610865062363
5976.0 0.48790641430692466
5978.0 0.48363040689664505
5980.0 0.4800002456833559
5982.0 0.4766492814518968
5984.0 0.473241935760924
5986.0 0.4694114045992109
5988.0 0.4647780008616244
5990.0 0.4592873801317187
5992.0 0.4531940350996285
5994.0 0.4487831663692397
5996.0 0.4455006978718925
5998.0 0.44324714220894185
6000.0 0.43963842881210435
6002.0 0.43507364171918245
6004.0 0.42992556617877437
6006.0 0.42514858959297475
6008.0 0.4206788526547014
6010.0 0.4152489573381088
6012.0 0.4094775088960516
6014.0 0.40390665074258975
6016.0 0.39873498572688565
6018.0 0.39409913119208384
6020.0 0.3891109101169222
6022.0 0.3837655969897041
6024.0 0.3787130134774759
6026.0 0.3738087214675575
6028.0 0.36949668641972094
6030.0 0.36559912031076613
6032.0 0.3610758458035246
6034.0 0.35528778089098656
6036.0 0.34917155520889254
6038.0 0.3438949092524713
6040.0 0.3390334434400417
6042.0 0.33479071017790646
6044.0 0.3310620642441612
6046.0 0.32773049615836697
6048.0 0.32488677195262133
6050.0 0.3213732767314443
6052.0 0.31706195225892736
6054.0 0.3134739568111458
6056.0 0.31045059038479544
6058.0 0.307686389623875
6060.0 0.3050801793478151
6062.0 0.3026172481928042
6064.0 0.3000632655682503
6066.0 0.29713995116786646
6068.0 0.294994102900348
6070.0 0.294183701461749
6072.0 0.2935513014866652
6074.0 0.29288101234249775
6076.0 0.29214458600888604
6078.0 0.2914905061536233
6080.0 0.2903447011421526
6082.0 0.2892543523491869
6084.0 0.28896144330922097
6086.0 0.2887572887842253
6088.0 0.28819637077794047
6090.0 0.28833141826103753
6092.0 0.28947021815031015
6094.0 0.2911071317280864
6096.0 0.2931644761205125
6098.0 0.2957034279713389
6100.0 0.2977190312036472
6102.0 0.2999746464272586
6104.0 0.3032502389733547
6106.0 0.30735117350478147
6108.0 0.31160041717003656
6110.0 0.31544116148204016
6112.0 0.3188775722845947
6114.0 0.32203094070006455
6116.0 0.3248311722529736
6118.0 0.3276684772344723
6120.0 0.33081085458723725
6122.0 0.33381544452623774
6124.0 0.3367074568772232
6126.0 0.3406090284732659
6128.0 0.3444745925605149
6130.0 0.347889418991631
6132.0 0.3505958413275636
6134.0 0.3530711846266058
6136.0 0.35569045772136143
6138.0 0.3585102838643789
6140.0 0.3607702702764156
6142.0 0.3630513073148722
6144.0 0.3660601730020686
6146.0 0.36861411535414734
6148.0 0.3704587353418732
6150.0 0.37227635917260843
6152.0 0.3751973548287263
6154.0 0.3780697404637355
6156.0 0.37973332064460846
6158.0 0.3815832979676176
6160.0 0.3833159548631934
6162.0 0.38427618292767257
6164.0 0.3852614868620768
6166.0 0.3867641744210952
6168.0 0.3883960532115065
6170.0 0.3898384638572178
6172.0 0.3919534476827412
6174.0 0.394075611807513
6176.0 0.3967481940961983
6178.0 0.39897824968197226
6180.0 0.4006420913764885
6182.0 0.4024236720820316
6184.0 0.40430609344987595
6186.0 0.40615292861823693
6188.0 0.4080385368978083
6190.0 0.4103207989462071
6192.0 0.4132145818295409
6194.0 0.4149022531537179
6196.0 0.41681932258596105
6198.0 0.4187083100320368
6200.0 0.42145070497594833
6202.0 0.4250264281232786
6204.0 0.42869267957380913
6206.0 0.4314126504565958
6208.0 0.43349532013983083
6210.0 0.434634938050038
6212.0 0.4348908668838533
6214.0 0.4353291835571249
6216.0 0.4355786516768034
6218.0 0.4364096732264938
6220.0 0.4359620592607803
6222.0 0.43488855871165016
6224.0 0.4346062721022167
6226.0 0.43415058733475076
6228.0 0.43424395463261484
6230.0 0.4362507685872524
6232.0 0.43835195310222264
6234.0 0.43975403234606086
6236.0 0.43964133364259045
6238.0 0.4388946446890915
6240.0 0.4385040322081753
6242.0 0.4386234757355566
6244.0 0.4395353552933246
6246.0 0.44051875656540346
6248.0 0.44120976452413546
6250.0 0.44036508354276266
6252.0 0.44045962454423865
6254.0 0.4408397887032402
6256.0 0.43991964010850476
6258.0 0.43772608921809614
6260.0 0.4356137595478791
6262.0 0.4348615880693634
6264.0 0.4348887660771464
6266.0 0.4343105072759664
6268.0 0.43492913310300124
6270.0 0.4356196947576695
6272.0 0.434589871894389
6274.0 0.4321814200136601
6276.0 0.430611184527334
6278.0 0.4299050387521116
6280.0 0.4288153611907022
6282.0 0.4267690965824065
6284.0 0.42446780142013435
6286.0 0.4220738100072872
6288.0 0.42011337639784935
6290.0 0.41874625895085316
6292.0 0.41771477653653777
6294.0 0.4161818091471602
6296.0 0.4133990124315038
6298.0 0.4115467710017184
6300.0 0.4094792783268542
6302.0 0.40740038852773297
6304.0 0.4064361164647862
6306.0 0.40606407876186995
6308.0 0.4058920425320642
6310.0 0.4048002052876787
6312.0 0.40266243750224034
6314.0 0.40096312412225293
6316.0 0.40013508171010587
6318.0 0.39936661107718996
6320.0 0.39895801953773863
6322.0 0.3980547679801373
6324.0 0.39718096439796313
6326.0 0.3970788707496579
6328.0 0.395644314091508
6330.0 0.39353417812905445
6332.0 0.3922336187315013
6334.0 0.39278427529407794
6336.0 0.39398235945498583
6338.0 0.3934493785719607
6340.0 0.39244917816844627
6342.0 0.39225767586888843
6344.0 0.39334646728724937
6346.0 0.3943613856600991
6348.0 0.3945286823197816
6350.0 0.39339710244723586
6352.0 0.3918579533300751
6354.0 0.3910977849804967
6356.0 0.39097432928283327
6358.0 0.39160763564213485
6360.0 0.3923226589228139
6362.0 0.3929308988047357
6364.0 0.3929125519873038
6366.0 0.39278282094097344
6368.0 0.3924488005644697
6370.0 0.39244750340892337
6372.0 0.392683084209789
6374.0 0.3941065523517315
6376.0 0.3960775666679838
6378.0 0.3967773180849505
6380.0 0.3964015587375639
6382.0 0.3965709394255702
6384.0 0.3969457509554398
6386.0 0.39711194241390385
6388.0 0.3975920893203065
6390.0 0.39850332648658693
6392.0 0.39934213386369755
6394.0 0.3998013711657003
6396.0 0.400460281073433
6398.0 0.4011496103203606
6400.0 0.4017474724957944
6402.0 0.4025662518841503
6404.0 0.4032364407734693
6406.0 0.40387123796653607
6408.0 0.40457517224773554
6410.0 0.4052791065289356
6412.0 0.40598304081013603
6414.0 0.4066869750913353
6416.0 0.40739090937253475
6418.0 0.40809484365373505
6420.0 0.408798777934935
6422.0 0.4095027122161346
6424.0 0.41020664649733424
6426.0 0.4109011163983191
6428.0 0.4114689368248225
6430.0 0.412009481837374
6432.0 0.41281199752007036
6434.0 0.413452643241146
6436.0 0.4135364041143463
6438.0 0.41427700317874866
6440.0 0.4162005495128326
6442.0 0.4184879509026362
6444.0 0.4195942896847533
6446.0 0.42112600428954616
6448.0 0.42296449028295013
6450.0 0.42472100231454
6452.0 0.42591311747466676
6454.0 0.42641167925253437
6456.0 0.4255051524721947
6458.0 0.4242312837982343
6460.0 0.4229343711625646
6462.0 0.42208395205825533
6464.0 0.4229880632093665
6466.0 0.42566377819824863
6468.0 0.42826733767577924
6470.0 0.43014583634331355
6472.0 0.43217029890554565
6474.0 0.43462070819598286
6476.0 0.43679376092588373
6478.0 0.43790669099917834
6480.0 0.43841876043128253
6482.0 0.4383858293020392
6484.0 0.43734634037027903
6486.0 0.4366536912121764
6488.0 0.43762022567762676
6490.0 0.43873983828422636
6492.0 0.4388625071122353
6494.0 0.4387374490714073
6496.0 0.4393792511799579
6498.0 0.4406524167670579
6500.0 0.4413668321378342
6502.0 0.4417979979359829
6504.0 0.4418294274702878
6506.0 0.4418638208109674
6508.0 0.44208340009510744
6510.0 0.4425318723792514
6512.0 0.44296001646013056
6514.0 0.4429292437573885
6516.0 0.4420706107733525
6518.0 0.44183486824339924
6520.0 0.4421255270530709
6522.0 0.44235431440220346
6524.0 0.44210303502543397
6526.0 0.4412293313880635
6528.0 0.4402481443002198
6530.0 0.4400234105559004
6532.0 0.439063305452806
6534.0 0.4373808173924835
6536.0 0.43703164434263153
6538.0 0.4381342927497709
6540.0 0.4384810709875263
6542.0 0.4377649856855024
6544.0 0.43624430258377034
6546.0 0.434719000685619
6548.0 0.43364191251133294
6550.0 0.43223805553590555
6552.0 0.4305825528717865
6554.0 0.4290577449382421
6556.0 0.42758119859950483
6558.0 0.42610465226076794
6560.0 0.42462810592203026
6562.0 0.42315155958329315
6564.0 0.4216750132445561
6566.0 0.42019846690581947
6568.0 0.4187219205670818
6570.0 0.41724537422834446
6572.0 0.4157688278896073
6574.0 0.41429259858239414
6576.0 0.4130036702478407
6578.0 0.4113263712970394
6580.0 0.40973188076347017
6582.0 0.4085440308812438
6584.0 0.4068590894139539
6586.0 0.4053441504839969
6588.0 0.4032876407342942
6590.0 0.4013130536577814
6592.0 0.3997877404250597
6594.0 0.398544080214323
6596.0 0.39662342887819557
6598.0 0.393812373441374
6600.0 0.39124879286780945
6602.0 0.389016185944741
6604.0 0.38638748731104205
6606.0 0.383611235851132
6608.0 0.3810356823897128
6610.0 0.3783678550052342
6612.0 0.3757068935842434
6614.0 0.373327485861008
6616.0 0.3713899796570174
6618.0 0.36954649406798085
6620.0 0.36673539179573156
6622.0 0.3635139931383273
6624.0 0.36007062249380883
6626.0 0.35755696085131594
6628.0 0.35526045913533993
6630.0 0.35352991672360434
6632.0 0.3517564988448515
6634.0 0.35002983904445956
6636.0 0.3475793202235055
6638.0 0.34480618991832673
6640.0 0.3417645048663471
6642.0 0.3394763746540012
6644.0 0.337603118154765
6646.0 0.335657904541868
6648.0 0.33326560832809454
6650.0 0.33079585269579914
6652.0 0.32867453221486226
6654.0 0.3267501166364942
6656.0 0.325057032709222
6658.0 0.322755345456631
6660.0 0.31968601957037285
6662.0 0.316697445074064
6664.0 0.3142807866153406
6666.0 0.31171385962194886
6668.0 0.3098417035804092
6670.0 0.3089452988995354
6672.0 0.3076252623879195
6674.0 0.30562516172339205
6676.0 0.3022897216628162
6678.0 0.29905695823325695
6680.0 0.29711907875164756
6682.0 0.2957797082350995
6684.0 0.2947563298942917
6686.0 0.294177001570239
6688.0 0.2924986581204787
6690.0 0.28994282130972227
6692.0 0.2867794385661262
6694.0 0.283866851261706
6696.0 0.2809506133815157
6698.0 0.27854523954783966
6700.0 0.2769733755800843
6702.0 0.27600852925524133
6704.0 0.27541970004974964
6706.0 0.2740640069465156
6708.0 0.2728125950523715
6710.0 0.27093657942548466
6712.0 0.2686021321914671
6714.0 0.26621785793059727
6716.0 0.2643147701888631
6718.0 0.2629190812978275
6720.0 0.2620484846931164
6722.0 0.2619902409328127
6724.0 0.26111308103849373
6726.0 0.2597354586752157
6728.0 0.25837178899767727
6730.0 0.2566823472355586
6732.0 0.2546941264776321
6734.0 0.25312325572078204
6736.0 0.25160461753743263
6738.0 0.2500618139273457
6740.0 0.24881320680169
6742.0 0.247961712777615
6744.0 0.24708822814720963
6746.0 0.2457424681722597
6748.0 0.24420865677151324
6750.0 0.243432766137384
6752.0 0.242897564189414
6754.0 0.24232322463589942
6756.0 0.24192541073461502
6758.0 0.24255468831073435
6760.0 0.24202229347057083
6762.0 0.24141493242407006
6764.0 0.24086806369179053
6766.0 0.24017979932910669
6768.0 0.23975507271676724
6770.0 0.23926403018731754
6772.0 0.23874593081431358
6774.0 0.23822783144131027
6776.0 0.23770973206830667
6778.0 0.2371916326953026
6780.0 0.23667353332229887
6782.0 0.23615543394929525
6784.0 0.23563733457629168
6786.0 0.23511923520328779
6788.0 0.23460865599383324
6790.0 0.2341232697432351
6792.0 0.23357165938106134
6794.0 0.2330885288545248
6796.0 0.23254001789465237
6798.0 0.23218969008354665
6800.0 0.23232580524819038
6802.0 0.23410183024841422
6804.0 0.2357161034231622
6806.0 0.2358226747328613
6808.0 0.23489963350158813
6810.0 0.23348002964178521
6812.0 0.23192264604431811
6814.0 0.23164926171685882
6816.0 0.23263960842730988
6818.0 0.23337447506101064
6820.0 0.23349487015258458
6822.0 0.2336878417266345
6824.0 0.23410155198147065
6826.0 0.23449535663121637
6828.0 0.2348154877464381
6830.0 0.2351092653843592
6832.0 0.2354406124581387
6834.0 0.2355515940882636
6836.0 0.23539915800275235
6838.0 0.23508288121468163
6840.0 0.2345241912090975
6842.0 0.23343951753071915
6844.0 0.2322026211403102
6846.0 0.2314226136332436
6848.0 0.23108503478852932
6850.0 0.23167842671987107
6852.0 0.2327778145142637
6854.0 0.23359908508557736
6856.0 0.2338115478871136
6858.0 0.23403623157973366
6860.0 0.23423622126041352
6862.0 0.23430907167184392
6864.0 0.23426105732490266
6866.0 0.23390080657720494
6868.0 0.23279495697792807
6870.0 0.23098142291555948
6872.0 0.228738345732908
6874.0 0.22740255514174043
6876.0 0.2278076495312052
6878.0 0.228739392707256
6880.0 0.23041087259605628
6882.0 0.23249095304924536
6884.0 0.2337273750909117
6886.0 0.23368077268767953
6888.0 0.23281339174259513
6890.0 0.23120142573378236
6892.0 0.2290175736147452
6894.0 0.22654102703342588
6896.0 0.2243979534340872
6898.0 0.22304019411038215
6900.0 0.2225259077895364
6902.0 0.22260992874818775
6904.0 0.2230509502784291
6906.0 0.2239193165469169
6908.0 0.22482632790024654
6910.0 0.225391178438536
6912.0 0.22552415058931055
6914.0 0.22513620838014348
6916.0 0.2245687771076906
6918.0 0.22426173197870014
6920.0 0.22420717054762015
6922.0 0.22400856323691376
6924.0 0.22381775645864652
6926.0 0.22374965139838618
6928.0 0.2238882757771929
6930.0 0.22458222142953366
6932.0 0.224492223317997
6934.0 0.2233165140283686
6936.0 0.22235125882156218
6938.0 0.22153773456970102
6940.0 0.22085269989460304
6942.0 0.22038850872891858
6944.0 0.21992808313636328
6946.0 0.21910845722680133
6948.0 0.21814868018864272
6950.0 0.2179880513961102
6952.0 0.2186238463785023
6954.0 0.21959818179942414
6956.0 0.2203983859324704
6958.0 0.2204898550375437
6960.0 0.2198238897865127
6962.0 0.21881078811000162
6964.0 0.21794587456452244
6966.0 0.21695969668916643
6968.0 0.21586155236191004
6970.0 0.21516443113123288
6972.0 0.21475925244675656
6974.0 0.2141687653611982
6976.0 0.2136290710707045
6978.0 0.21330475952833203
6980.0 0.21350286124700782
6982.0 0.21481065936850866
6984.0 0.21639872945633173
6986.0 0.21725643706823522
6988.0 0.2175989403296625
6990.0 0.21699491533531626
6992.0 0.21472643679202977
6994.0 0.2131876640893511
6996.0 0.21178633835446636
6998.0 0.2107219728617038
7000.0 0.21007480272076348
7002.0 0.21037171236831007
7004.0 0.21077791851490546
7006.0 0.21123636292026296
7008.0 0.21144324733263103
7010.0 0.21160887918360852
7012.0 0.2116640498101098
7014.0 0.21256613577858016
7016.0 0.21294473702914296
7018.0 0.2130150150020156
7020.0 0.21290117599894134
7022.0 0.2122330749996889
7024.0 0.2113309301545147
7026.0 0.21073898509862599
7028.0 0.20967344786766592
7030.0 0.20783583525729094
7032.0 0.20763307419678723
7034.0 0.20818803222470697
7036.0 0.20922612045632413
7038.0 0.21022714790411928
7040.0 0.2113550655471836
7042.0 0.2111903545687214
7044.0 0.20958829516325475
7046.0 0.20858181138592408
7048.0 0.20826764223008942
7050.0 0.20693327890301602
7052.0 0.2061937168965626
7054.0 0.20676102737281177
7056.0 0.20716519171194853
7058.0 0.2077796928584086
7060.0 0.2083086847386799
7062.0 0.20893123752102324
7064.0 0.208569344384194
7066.0 0.20745642059238267
7068.0 0.20578529274796836
7070.0 0.20406411325302568
7072.0 0.2026808061278705
7074.0 0.2024735811114391
7076.0 0.20252859373625542
7078.0 0.2025344355024079
7080.0 0.2022544892583579
7082.0 0.20227106084904237
7084.0 0.20247130331686483
7086.0 0.20288175462868663
7088.0 0.2035971547310163
7090.0 0.20442556683867552
7092.0 0.2047110804552554
7094.0 0.20450472375318032
7096.0 0.20421424526419885
7098.0 0.2038084277895492
7100.0 0.20389329405884016
7102.0 0.20409258116494627
7104.0 0.20438357898059914
7106.0 0.20403919047029584
7108.0 0.20326038945750602
7110.0 0.20280771222054045
7112.0 0.20256183004557007
7114.0 0.2024912234715834
7116.0 0.20252545598197463
7118.0 0.20331537910316888
7120.0 0.20451322129690236
7122.0 0.20578721061433972
7124.0 0.20745407836186983
7126.0 0.20861533672654367
7128.0 0.20893612964518835
7130.0 0.20869127049384426
7132.0 0.20783773576477568
7134.0 0.20698800194054842
7136.0 0.20636493799776007
7138.0 0.20520983308300358
7140.0 0.20356600330050567
7142.0 0.2023339245872615
7144.0 0.20204545209635016
7146.0 0.2025818667977386
7148.0 0.20306919228315012
7150.0 0.20393901417646834
7152.0 0.20467939464726725
7154.0 0.2045794579593147
7156.0 0.20526212974327304
7158.0 0.2070270700921767
7160.0 0.20916790460675921
7162.0 0.21028357806521417
7164.0 0.21071354631049535
7166.0 0.21031639221672194
7168.0 0.2100191896870954
7170.0 0.210062606169826
7172.0 0.21028484028762529
7174.0 0.2105211230461229
7176.0 0.2112813969441113
7178.0 0.21179731649241446
7180.0 0.21111574997720284
7182.0 0.20990185952688578
7184.0 0.2087572142042428
7186.0 0.20825484379563955
7188.0 0.20830756599814226
7190.0 0.208788241337122
7192.0 0.20930799660407917
7194.0 0.21068156810447997
7196.0 0.21215835085140977
7198.0 0.21296828854119942
7200.0 0.21312484745675456
7202.0 0.21326226104747395
7204.0 0.21338166060052893
7206.0 0.21301782344643755
7208.0 0.21307714681313117
7210.0 0.21355714337516948
7212.0 0.21287137771906484
7214.0 0.21196621183602604
7216.0 0.2113479173985273
7218.0 0.21115526456638614
7220.0 0.21115210288799768
7222.0 0.2120760810898271
7224.0 0.21417491683296533
7226.0 0.21580709029401365
7228.0 0.21622299056049013
7230.0 0.2171987549239682
7232.0 0.21938152727824775
7234.0 0.22165876124479905
7236.0 0.22404864441561767
7238.0 0.22548600172989872
7240.0 0.22507526960631538
7242.0 0.22386839955036716
7244.0 0.2229621509920531
7246.0 0.2221570943987132
7248.0 0.2214522063394253
7250.0 0.22170166219204862
7252.0 0.2223678393029765
7254.0 0.22191482825204836
7256.0 0.22105585599963767
7258.0 0.22040886438062238
7260.0 0.21930012445042377
7262.0 0.218916803859838
7264.0 0.21986021512055154
7266.0 0.22142352393165152
7268.0 0.22264366226526613
7270.0 0.22356523891159438
7272.0 0.22477564179979068
7274.0 0.22625717644192045
7276.0 0.2268923185700797
7278.0 0.2270099084645667
7280.0 0.2260538105188206
7282.0 0.22395526943709868
7284.0 0.2218840577714507
7286.0 0.22030522451602066
7288.0 0.21893404646780054
7290.0 0.2187906532667441
7292.0 0.2196193000745955
7294.0 0.2205746037083949
7296.0 0.2214183689475957
7298.0 0.2212949262503475
7300.0 0.22065568843886524
7302.0 0.22090476681519403
7304.0 0.22175646830780432
7306.0 0.22273096761101577
7308.0 0.22255994339330656
7310.0 0.2212382885750977
7312.0 0.21981174891367944
7314.0 0.2183603720345873
7316.0 0.21646857267624364
7318.0 0.21451370938219538
7320.0 0.21310146368491273
7322.0 0.21182513393994987
7324.0 0.2109845646417333
7326.0 0.2109725200460742
7328.0 0.21124382327982497
7330.0 0.21110185674016183
7332.0 0.21058396723281783
7334.0 0.21025027349829517
7336.0 0.2096415881563156
7338.0 0.20885366757151594
7340.0 0.20856749923238516
7342.0 0.20798118541762167
7344.0 0.20693298650524092
7346.0 0.20572735239730186
7348.0 0.2045460170319591
7350.0 0.20380778159681875
7352.0 0.20294387042227663
7354.0 0.20169999290477905
7356.0 0.20033839462546194
7358.0 0.1991602284937151
7360.0 0.19783555288476082
7362.0 0.19689146082325845
7364.0 0.1965894675839449
7366.0 0.19701770864084037
7368.0 0.19786829775742676
7370.0 0.1985880157305202
7372.0 0.19909285336226346
7374.0 0.199023955835964
7376.0 0.19888800325601896
7378.0 0.1987326563217061
7380.0 0.19873794844381848
7382.0 0.1992049871455178
7384.0 0.19977529969883995
7386.0 0.19996004961244646
7388.0 0.19973606105563227
7390.0 0.19962785564624216
7392.0 0.19898754403375857
7394.0 0.1979621078542205
7396.0 0.19705880787534463
7398.0 0.19684652257921462
7400.0 0.19698911725090676
7402.0 0.19718338225501214
7404.0 0.19762718014360184
7406.0 0.19832780051099083
7408.0 0.1992182894999252
7410.0 0.20019008959060927
7412.0 0.20103870248997197
7414.0 0.20166209932433982
7416.0 0.20229990952472504
7418.0 0.2027776442086568
7420.0 0.20268835224246376
7422.0 0.20230034502579353
7424.0 0.20207719511879957
7426.0 0.2020789278425153
7428.0 0.20187400250568005
7430.0 0.20184680510472608
7432.0 0.20169254792182048
7434.0 0.2012067343676034
7436.0 0.20041841467933297
7438.0 0.19962972377451485
7440.0 0.19922167473274596
7442.0 0.19901793116162406
7444.0 0.1991945820988447
7446.0 0.19979624747248717
7448.0 0.20024073354767322
7450.0 0.20050669183900333
7452.0 0.2013427702499128
7454.0 0.20284352918127027
7456.0 0.20452906060612172
7458.0 0.20600906020464263
7460.0 0.2069910719946744
7462.0 0.20747806932967106
7464.0 0.20727901640209798
7466.0 0.2062103970173008
7468.0 0.20413971044108084
7470.0 0.20306391608246518
7472.0 0.20224764373562998
7474.0 0.20189217233357473
7476.0 0.20213737849302937
7478.0 0.20251891997327698
7480.0 0.20241837580391345
7482.0 0.20198501718532766
7484.0 0.20152166709021463
7486.0 0.20097892467036288
7488.0 0.20198270473956134
7490.0 0.20405623516907104
7492.0 0.20328094541814026
7494.0 0.20247825993148638
7496.0 0.20164753000494817
7498.0 0.20082372252554967
7500.0 0.19998751119695896
7502.0 0.19916179603309567
7504.0 0.19833264788324118
7506.0 0.19750349973338696
7508.0 0.1966743515835321
7510.0 0.1958452034336775
7512.0 0.1950160552838232
7514.0 0.19418690713396836
7516.0 0.19335775898411375
7518.0 0.1925286108342592
7520.0 0.19167541042915945
7522.0 0.19084216107971566
7524.0 0.19006761323869725
7526.0 0.18919941587716346
7528.0 0.18837460004920012
7530.0 0.18741444488268563
7532.0 0.1866954724106968
7534.0 0.18591354199854832
7536.0 0.1850050496914615
7538.0 0.1841781898913597
7540.0 0.1833515933762557
7542.0 0.18252503217417246
7544.0 0.18169847549322607
7546.0 0.18087191881227926
7548.0 0.1800453621313327
7550.0 0.17921880545038626
7552.0 0.1783922487694396
7554.0 0.17756569208849304
7556.0 0.17668778582902495
7558.0 0.17588133458534094
7560.0 0.17521547835834553
7562.0 0.1744429275694041
7564.0 0.17348774558690447
7566.0 0.17297086266450232
7568.0 0.17320792815291744
7570.0 0.17297237073017566
7572.0 0.17251501832471708
7574.0 0.1718348712756867
7576.0 0.171641875948805
7578.0 0.1708107100246794
7580.0 0.17064597706918283
7582.0 0.17070186172676458
7584.0 0.1713541318745677
7586.0 0.17233762728251512
7588.0 0.17308003994557683
7590.0 0.17375871950076233
7592.0 0.17437669876928252
7594.0 0.17551298985687222
7596.0 0.1768145539589064
7598.0 0.17701114496482712
7600.0 0.17641670822350003
7602.0 0.17486509749022763
7604.0 0.17273429130671172
7606.0 0.17100705028278265
7608.0 0.17001507594322385
7610.0 0.16924211152050025
7612.0 0.16763331699778647
7614.0 0.16566705298490123
7616.0 0.16420927618306772
7618.0 0.1637690535057929
7620.0 0.16440216210326475
7622.0 0.16594338211591217
7624.0 0.167917011435208
7626.0 0.16963173820507246
7628.0 0.17127376133312483
7630.0 0.1725277470377823
7632.0 0.1738055376795986
7634.0 0.17589131822772625
7636.0 0.1778537039500174
7638.0 0.17899475023899125
7640.0 0.180190551156574
7642.0 0.1812935479358112
7644.0 0.18208055823232416
7646.0 0.18272973650699825
7648.0 0.18276183573296823
7650.0 0.18191737293929366
7652.0 0.17999222468782822
7654.0 0.17795971663212332
7656.0 0.17564044055410388
7658.0 0.1735966796297533
7660.0 0.17322872685307
7662.0 0.17454297830906937
7664.0 0.1766312705444291
7666.0 0.17987854012608534
7668.0 0.18283542375924244
7670.0 0.18469302071804797
7672.0 0.18578215489963684
7674.0 0.18678804782245792
7676.0 0.18799637015444046
7678.0 0.18919762215933075
7680.0 0.19084625778653888
7682.0 0.19252701274437606
7684.0 0.1940815885505652
7686.0 0.1937584926940071
7688.0 0.19193808373077906
7690.0 0.19056667785450213
7692.0 0.18923708539958856
7694.0 0.18892459784675103
7696.0 0.1896798005640259
7698.0 0.18986904739860452
7700.0 0.1893614974054746
7702.0 0.18938074682789507
7704.0 0.1896813219289122
7706.0 0.1906147952229694
7708.0 0.19259971744287435
7710.0 0.1952043867253251
7712.0 0.1967578407998508
7714.0 0.19818346734232986
7716.0 0.19860023218156242
7718.0 0.19705304922854266
7720.0 0.19481172378316228
7722.0 0.19315232093874626
7724.0 0.19262256071779446
7726.0 0.19329050940701123
7728.0 0.19337762246316254
7730.0 0.19292451536620642
7732.0 0.19195993156216376
7734.0 0.19037787542912682
7736.0 0.1894133952243994
7738.0 0.19033500348955468
7740.0 0.19311090374335452
7742.0 0.19523968597016156
7744.0 0.19554055790766472
7746.0 0.19476655348578828
7748.0 0.1940014101403411
7750.0 0.19396817972150138
7752.0 0.19406787019500624
7754.0 0.19386105430392048
7756.0 0.1929896334829192
7758.0 0.19089109262653595
7760.0 0.190330583816799
7762.0 0.18970514354925624
7764.0 0.18901548828728162
7766.0 0.18846106373132873
7768.0 0.18782466925651098
7770.0 0.18721692702317952
7772.0 0.18661234090016746
7774.0 0.18600775477715523
7776.0 0.18540316865414347
7778.0 0.1847985825311309
7780.0 0.18419400436229844
7782.0 0.1835894396571111
7784.0 0.18298485353409907
7786.0 0.18238026741108668
7788.0 0.18176744404682302
7790.0 0.18105661236948592
7792.0 0.18054227417624819
7794.0 0.17998243376019168
7796.0 0.1793734006819685
7798.0 0.1789413495266595
7800.0 0.1790435349636161
7802.0 0.17949576450060092
7804.0 0.17993767936887672
7806.0 0.17950867060340056
7808.0 0.1776759534746896
7810.0 0.17547954431721677
7812.0 0.17419899807072306
7814.0 0.17392461961836758
7816.0 0.17476717126566388
7818.0 0.176528230147295
7820.0 0.17812509445851735
7822.0 0.1786813953239217
7824.0 0.17890742229490572
7826.0 0.17843584386587014
7828.0 0.1762171035677858
7830.0 0.1735066890403186
7832.0 0.17200572200283712
7834.0 0.170994265472469
7836.0 0.17077422947186688
7838.0 0.1709509897310359
7840.0 0.17123445007947524
7842.0 0.17179475779451112
7844.0 0.17236624496919517
7846.0 0.17222304062532906
7848.0 0.17141756472429387
7850.0 0.17004887563211796
7852.0 0.16822890347281008
7854.0 0.1659808817728501
7856.0 0.16442945943914605
7858.0 0.16345789362877827
7860.0 0.16303230880704228
7862.0 0.16291817065756484
7864.0 0.16307494553372845
7866.0 0.16282655817844716
7868.0 0.16156211292917244
7870.0 0.16000686445829304
7872.0 0.15984310507467325
7874.0 0.16046532391802562
7876.0 0.16114484371436003
7878.0 0.16199552928349262
7880.0 0.16221781813347388
7882.0 0.16100020298722229
7884.0 0.15881626482613753
7886.0 0.1562543494942859
7888.0 0.1544151913725196
7890.0 0.15405661506070897
7892.0 0.15479122861099345
7894.0 0.15551354078024965
7896.0 0.15589051600352416
7898.0 0.15563955738234836
7900.0 0.15436267528094677
7902.0 0.15262495467254222
7904.0 0.15269538040831607
7906.0 0.15344907651979095
7908.0 0.15382290472843255
7910.0 0.15439043226832477
7912.0 0.1537093795257497
7914.0 0.15126328526106328
7916.0 0.1491046013868684
7918.0 0.14765134149841516
7920.0 0.14707698382973508
7922.0 0.1473511816222576
7924.0 0.1480846154528773
7926.0 0.14728422213968415
7928.0 0.14473397655106507
7930.0 0.14195132280537315
7932.0 0.13951879800449538
7934.0 0.13819101727730576
7936.0 0.13853903734172093
7938.0 0.13990468960579472
7940.0 0.14170403966593512
7942.0 0.14370630484168945
7944.0 0.14560667075722797
7946.0 0.14658171191534625
7948.0 0.14679504646706065
7950.0 0.14598152194729364
7952.0 0.14542043609962793
7954.0 0.14559772772550006
7956.0 0.14596746680308306
7958.0 0.14584949505226383
7960.0 0.1446370354446078
7962.0 0.14297341652523468
7964.0 0.14075006691038275
7966.0 0.13819383167232474
7968.0 0.13706920644786197
7970.0 0.13737815401200842
7972.0 0.13744575059693717
7974.0 0.13728880834593207
7976.0 0.13709472409530118
7978.0 0.13697615594742962
7980.0 0.13698139282414556
7982.0 0.1372616216270437
7984.0 0.13715762416288427
7986.0 0.13731448854653652
7988.0 0.13805361815297748
7990.0 0.1391101387767741
7992.0 0.14066342583702607
7994.0 0.14162110116084864
7996.0 0.1412546185114228
7998.0 0.14069820509592793
8000.0 0.14027722746500218
8002.0 0.13971133794245177
8004.0 0.1398879168539276
8006.0 0.14092417152509015
8008.0 0.14082382506716118
8010.0 0.13957295132074385
8012.0 0.13799385962092373
8014.0 0.13621123854084335
8016.0 0.1349323645452248
8018.0 0.13431850999385436
8020.0 0.13399230360885306
8022.0 0.13365066446187693
8024.0 0.13321900572703432
8026.0 0.13249179380906817
8028.0 0.13176988422075456
8030.0 0.1313827244891066
8032.0 0.13121808002337684
8034.0 0.131308095728778
8036.0 0.13097382521655984
8038.0 0.1302509906914655
8040.0 0.12958142529519262
8042.0 0.12947041845090976
8044.0 0.1294480243040293
8046.0 0.1297381899231976
8048.0 0.13001117641792131
8050.0 0.1300676883951431
8052.0 0.12953583828456347
8054.0 0.12880229878674038
8056.0 0.12806916859661915
8058.0 0.12716380562640542
8060.0 0.1261124049834703
8062.0 0.12484369056436931
8064.0 0.12312316428819506
8066.0 0.12041390372320945
8068.0 0.11741105301466222
8070.0 0.11414687232086321
8072.0 0.11113112564505918
8074.0 0.10864822937358244
8076.0 0.10656842102973905
8078.0 0.10452295626791319
8080.0 0.10265319920542615
8082.0 0.10118304115248107
8084.0 0.10037941843908711
8086.0 0.1000453181904147
8088.0 0.09985247473667087
8090.0 0.09928245611241593
8092.0 0.09817718278003636
8094.0 0.0969162938888899
8096.0 0.09569303212691604
8098.0 0.09461085827130787
8100.0 0.09441525604129462
8102.0 0.09507068288542987
8104.0 0.09514367090674196
8106.0 0.09452211355199247
8108.0 0.09388888099911623
8110.0 0.09355544241723038
8112.0 0.09317834289268691
8114.0 0.09228896636736161
8116.0 0.0903976607886802
8118.0 0.08760235237333665
8120.0 0.08418284559565889
8122.0 0.0821217865598485
8124.0 0.08234414549206151
8126.0 0.08187952076254107
8128.0 0.07958972136138463
8130.0 0.07750652506349134
8132.0 0.07545611100711064
8134.0 0.07304321422879508
8136.0 0.07101074091256007
8138.0 0.06922867910596404
8140.0 0.06805803858333936
8142.0 0.0681394773110795
8144.0 0.06838042210314832
8146.0 0.068812889509871
8148.0 0.06905310477490191
8150.0 0.06897437387972147
8152.0 0.06842387952708374
8154.0 0.06826499141165458
8156.0 0.06847748563428842
8158.0 0.06831823974988194
8160.0 0.06751881271577975
8162.0 0.06756342991471423
8164.0 0.06843876672104131
8166.0 0.0691604532053395
8168.0 0.07009040515258759
8170.0 0.07131806337153
8172.0 0.07273426075772603
8174.0 0.0739462200600637
8176.0 0.07447745761856259
8178.0 0.07431332640395946
8180.0 0.07404837820721306
8182.0 0.07367736728798065
8184.0 0.07348391560089845
8186.0 0.07351673152569384
8188.0 0.07339721747479781
8190.0 0.07313966933439546
8192.0 0.07281790184456925
8194.0 0.07243536579946831
8196.0 0.07158449962486113
8198.0 0.06995846645025726
8200.0 0.06838287442796336
8202.0 0.06779509692353593
8204.0 0.06774451233262792
8206.0 0.068773640959194
8208.0 0.07032878006998955
8210.0 0.07066229126106778
8212.0 0.07037210939226682
8214.0 0.07029601860979573
8216.0 0.07014075311670925
8218.0 0.0699151591388637
8220.0 0.07049453622583575
8222.0 0.07207060895928818
8224.0 0.07428638658932613
8226.0 0.07723341141004932
8228.0 0.07808711084062923
8230.0 0.07739465484419786
8232.0 0.07625634667006709
8234.0 0.07460700892919421
8236.0 0.0735399425699539
8238.0 0.07353151998004784
8240.0 0.07378020174045015
8242.0 0.07278256238257115
8244.0 0.07077047975042251
8246.0 0.06927398768896728
8248.0 0.06858749373245894
8250.0 0.06887170381621785
8252.0 0.06970702003737543
8254.0 0.07065015462978749
8256.0 0.07127597906297586
8258.0 0.07192770140245681
8260.0 0.07284427318251026
8262.0 0.07392648693385011
8264.0 0.07494814271136742
8266.0 0.0761372493950448
8268.0 0.07744469862011155
8270.0 0.07871539923867622
8272.0 0.0800038659427673
8274.0 0.08095770886714296
8276.0 0.08090680509913638
8278.0 0.08097610410883548
8280.0 0.08121054094105666
8282.0 0.08070684853758839
8284.0 0.08030103350022526
8286.0 0.08031317468724333
8288.0 0.08062219109754011
8290.0 0.08090279980797785
8292.0 0.08097150838592533
8294.0 0.08089712234522804
8296.0 0.08064001171126814
8298.0 0.08007935072625462
8300.0 0.07958303402527472
8302.0 0.07980033386002015
8304.0 0.08080454206171055
8306.0 0.08242232612486707
8308.0 0.08431178917914631
8310.0 0.08623988425364082
8312.0 0.08783990355338968
8314.0 0.08939161902728696
8316.0 0.09134012180327122
8318.0 0.09370719961237348
8320.0 0.0964134939418771
8322.0 0.09970575128524213
8324.0 0.10347956537861673
8326.0 0.10696988794554046
8328.0 0.109043171407815
8330.0 0.108095707171991
8332.0 0.10522887653836044
8334.0 0.10357478069917049
8336.0 0.10399693885122294
8338.0 0.1059243166579766
8340.0 0.10955215242826417
8342.0 0.11352983318420333
8344.0 0.11631708170055885
8346.0 0.1180006553075635
8348.0 0.11905959667492291
8350.0 0.11962377423648725
8352.0 0.12149185052660516
8354.0 0.12540867797634073
8356.0 0.12946108116053762
8358.0 0.1321831734732369
8360.0 0.13387966561375964
8362.0 0.13520992332254525
8364.0 0.1352133888229281
8366.0 0.13506065759793132
8368.0 0.13536328731458885
8370.0 0.13681382923489313
8372.0 0.13964578323649712
8374.0 0.14379168777874854
8376.0 0.14902260528765293
8378.0 0.15377643349428755
8380.0 0.156425801775187
8382.0 0.15658267277321558
8384.0 0.1549626404491229
8386.0 0.15315772329391447
8388.0 0.15294011738624763
8390.0 0.15501090533108203
8392.0 0.1582108135282471
8394.0 0.1597734716582928
8396.0 0.15924881287064122
8398.0 0.15743547415285916
8400.0 0.1553398864186317
8402.0 0.1541671611017945
8404.0 0.15422800454878266
8406.0 0.1551727890594445
8408.0 0.1564335446970212
8410.0 0.15746142742334246
8412.0 0.15863563022069627
8414.0 0.16077450345875433
8416.0 0.1634377939211673
8418.0 0.16584796702087753
8420.0 0.16693296598057958
8422.0 0.16740110458077
8424.0 0.1673721458742915
8426.0 0.1674261540404577
8428.0 0.1690512121232664
8430.0 0.17157524104224178
8432.0 0.17405506214807606
8434.0 0.17488474878967206
8436.0 0.1742624560266281
8438.0 0.1732302930899127
8440.0 0.1717742357585285
8442.0 0.17081298083845697
8444.0 0.1715979173506563
8446.0 0.17367355472201945
8448.0 0.17479669300300849
8450.0 0.17533154068169662
8452.0 0.17530754472484228
8454.0 0.17430289625361803
8456.0 0.17241472497847393
8458.0 0.17187312335738084
8460.0 0.1725723807378718
8462.0 0.1727753360859014
8464.0 0.17306049317863512
8466.0 0.17370487351752767
8468.0 0.174498190761052
8470.0 0.17488057478542293
8472.0 0.1751465071932857
8474.0 0.17620730964534526
8476.0 0.17766702403722284
8478.0 0.17876345543196948
8480.0 0.17899082742425687
8482.0 0.17902630505312767
8484.0 0.18007719573723252
8486.0 0.1815413334027497
8488.0 0.18275576795041426
8490.0 0.18458098717874066
8492.0 0.18653535341330862
8494.0 0.1883435891026657
8496.0 0.19001464907920604
8498.0 0.19113743976234662
8500.0 0.19097583643383279
8502.0 0.18940110885591466
8504.0 0.18811140901279103
8506.0 0.18774038336658933
8508.0 0.18788639288274306
8510.0 0.1877847872148518
8512.0 0.18699874701913297
8514.0 0.18605517029064858
8516.0 0.1860345867979599
8518.0 0.18680857644177692
8520.0 0.18717471304024327
8522.0 0.18699641876107997
8524.0 0.18713134720763794
8526.0 0.18758330959590716
8528.0 0.18847944217028165
8530.0 0.1886757376478962
8532.0 0.18896235485429175
8534.0 0.19026129524147278
8536.0 0.19189989879926467
8538.0 0.1937960844401248
8540.0 0.1960657576149586
8542.0 0.19826637843314848
8544.0 0.2002342012201096
8546.0 0.20164543130965623
8548.0 0.2021672116613944
8550.0 0.20253825081533702
8552.0 0.20283631685250617
8554.0 0.20246893927336626
8556.0 0.20128107366965992
8558.0 0.19936008639419017
8560.0 0.1977958236322662
8562.0 0.1968312819043943
8564.0 0.19525571726565766
8566.0 0.19313323280728126
8568.0 0.19099755290959466
8570.0 0.1892906263948631
8572.0 0.18804992752529723
8574.0 0.18821368891207307
8576.0 0.18945119105666317
8578.0 0.19027575156252896
8580.0 0.1901744599189694
8582.0 0.19025114694499068
8584.0 0.19038677890965655
8586.0 0.19028432627505326
8588.0 0.19016752679224655
8590.0 0.19022701933387703
8592.0 0.190897303454322
8594.0 0.19218537600912347
8596.0 0.19357365890017578
8598.0 0.19446095217976694
8600.0 0.19506147104161134
8602.0 0.1959338599276044
8604.0 0.19684093217255794
8606.0 0.19768008746410126
8608.0 0.19839317882353827
8610.0 0.19855900899172726
8612.0 0.19776847160183117
8614.0 0.19671266018187195
8616.0 0.19545963089911544
8618.0 0.19479676474613203
8620.0 0.19489879004011507
8622.0 0.19475364416022165
8624.0 0.19443482611781457
8626.0 0.19379767111779234
8628.0 0.1932245852812198
8630.0 0.1929972309538608
8632.0 0.19308510711302887
8634.0 0.19340160704040968
8636.0 0.1938070123606127
8638.0 0.1942734410634515
8640.0 0.19522666915751935
8642.0 0.1958691144846364
8644.0 0.19616961318508627
8646.0 0.1966171464980027
8648.0 0.1972885610320731
8650.0 0.19774139716303335
8652.0 0.19821723156774582
8654.0 0.1985007743071515
8656.0 0.19874803846682595
8658.0 0.19891742918821204
8660.0 0.19936482218734297
8662.0 0.19971611200605544
8664.0 0.20115784620911273
8666.0 0.20389358943461583
8668.0 0.20613955052394417
8670.0 0.20839036038915543
8672.0 0.2104437146466476
8674.0 0.21068846786685116
8676.0 0.20944789922158458
8678.0 0.20948203738228932
8680.0 0.2098576897027775
8682.0 0.21097950909501745
8684.0 0.21372223325709627
8686.0 0.2141949819298252
8688.0 0.21359930089269472
8690.0 0.21282956866095307
8692.0 0.2111944538270662
8694.0 0.20772623360648443
8696.0 0.20586564371998695
8698.0 0.20494094943722765
8700.0 0.20504142321663496
8702.0 0.20724077484739592
8704.0 0.20817643577961928
8706.0 0.20628557954425408
8708.0 0.20336884458653404
8710.0 0.20171466717405964
8712.0 0.20065335979371549
8714.0 0.20179619200686755
8716.0 0.20555926766027108
8718.0 0.20895572060297626
8720.0 0.21142107075525685
8722.0 0.2128827855438049
8724.0 0.2143562505963126
8726.0 0.21522522218710355
8728.0 0.21649856113538463
8730.0 0.21780444828056936
8732.0 0.21787284351026245
8734.0 0.21706362350334074
8736.0 0.21635841223862803
8738.0 0.21587703600799057
8740.0 0.21584978750228692
8742.0 0.21602497832135725
8744.0 0.21615736881424819
8746.0 0.21872925957963688
8748.0 0.22350685232098905
8750.0 0.22579786111040628
8752.0 0.22549796325670726
8754.0 0.22253631496067974
8756.0 0.21632096475242507
8758.0 0.2099297043911894
8760.0 0.20760645253363325
8762.0 0.20758791784101
8764.0 0.2066688696644623
8766.0 0.20524159285461002
8768.0 0.20411479809236793
8770.0 0.20460402249731155
8772.0 0.20817662563216804
8774.0 0.21357042592647946
8776.0 0.2185605945658705
8778.0 0.22085321475231923
8780.0 0.22127058673496006
8782.0 0.22090098336270686
8784.0 0.22039097210043193
8786.0 0.22094308103082066
8788.0 0.22329057243969133
8790.0 0.22634297323925828
8792.0 0.22783599135646196
8794.0 0.22741389900791156
8796.0 0.2241497236475509
8798.0 0.21903709100847993
8800.0 0.2145803220360974
8802.0 0.21071563166814333
8804.0 0.20895995770195738
8806.0 0.21073540019349243
8808.0 0.2136033909803222
8810.0 0.21476306439768753
8812.0 0.2133312579765465
8814.0 0.20789411698977145
8816.0 0.20129446696808198
8818.0 0.1970009991809027
8820.0 0.19519733723634478
8822.0 0.19645049591851002
8824.0 0.2015714420809393
8826.0 0.20701695172165727
8828.0 0.21168788967219546
8830.0 0.21382031581220265
8832.0 0.21201788702750626
8834.0 0.2086801407058751
8836.0 0.207061309848256
8838.0 0.20864032727050638
8840.0 0.21211640982283314
8842.0 0.21671757231840563
8844.0 0.21841037416561893
8846.0 0.21519858590170898
8848.0 0.2091322612008217
8850.0 0.20177193353012987
8852.0 0.19475619955231094
8854.0 0.19065908264844644
8856.0 0.18974947460536995
8858.0 0.19096871914240363
8860.0 0.19463112923035478
8862.0 0.19789668703197716
8864.0 0.19936030909036645
8866.0 0.19937729396972995
8868.0 0.19865207986944705
8870.0 0.1969072742868499
8872.0 0.19383754235758308
8874.0 0.18975860952501805
8876.0 0.18946428784825392
8878.0 0.19346571820190686
8880.0 0.196952324950198
8882.0 0.20084491503151206
8884.0 0.20141270344260376
8886.0 0.19550193740522465
8888.0 0.18706442596271675
8890.0 0.18238576437063497
8892.0 0.1806640193723753
8894.0 0.18024475409179344
8896.0 0.18252231037920866
8898.0 0.1842523756534945
8900.0 0.18481310974933357
8902.0 0.18529232776871496
8904.0 0.1871144810975957
8906.0 0.18982325631329128
8908.0 0.19208896216285978
8910.0 0.19492497406571757
8912.0 0.19596835144939917
8914.0 0.19488195660889762
8916.0 0.19363674463616926
8918.0 0.19414972185054435
8920.0 0.1942333580882678
8922.0 0.19587212303105356
8924.0 0.19913505411394325
8926.0 0.1988818898289449
8928.0 0.19569509961664863
8930.0 0.19179624304430976
8932.0 0.18614884382635127
8934.0 0.18124709944621972
8936.0 0.17843528918758347
8938.0 0.17634177490968092
8940.0 0.1752695528116298
8942.0 0.17632403987119288
8944.0 0.17735295683047905
8946.0 0.17729982910274497
8948.0 0.17648886729976312
8950.0 0.1749258820851249
8952.0 0.17385032439814774
8954.0 0.17310517479998058
8956.0 0.17247812181258595
8958.0 0.17350979789531795
8960.0 0.1751245637431163
8962.0 0.17428406673547236
8964.0 0.17219849895580366
8966.0 0.17041558875437815
8968.0 0.16977400150961494
8970.0 0.1706386650004711
8972.0 0.17281051978521125
8974.0 0.1748039852794226
8976.0 0.17467198868148318
8978.0 0.17111841575078016
8980.0 0.16830711899161366
8982.0 0.16623302670302575
8984.0 0.16403439004658638
8986.0 0.16247362530845522
8988.0 0.16220568177044722
8990.0 0.16271189360377705
8992.0 0.16370388314885134
8994.0 0.1639445273169227
8996.0 0.16321391375297925
8998.0 0.1618912245292663
9000.0 0.16136592066839694
9002.0 0.1617656412848677
9004.0 0.16094393673722968
9006.0 0.15988366254118253
9008.0 0.1598573983891362
9010.0 0.16059294219989872
9012.0 0.16128820121504273
9014.0 0.1616021476063509
9016.0 0.16075730838445
9018.0 0.15941777993723658
9020.0 0.1585526765912034
9022.0 0.15823409212576506
9024.0 0.15850097002663957
9026.0 0.15934651558779583
9028.0 0.15990150207139553
9030.0 0.159632322276969
9032.0 0.1590038528621352
9034.0 0.15825584387375985
9036.0 0.15715958893832357
9038.0 0.15605487683697764
9040.0 0.15562783303158284
9042.0 0.15541846773071483
9044.0 0.15455624744263854
9046.0 0.15297977375470706
9048.0 0.1515409091910514
9050.0 0.15037531305942511
9052.0 0.14938995345719192
9054.0 0.14923871217878296
9056.0 0.15001578400228868
9058.0 0.15049211124810546
9060.0 0.15052862863270222
9062.0 0.15063258020871695
9064.0 0.15040879716906463
9066.0 0.14987332183916904
9068.0 0.1497286470044995
9070.0 0.15006515796272285
9072.0 0.15073186334829877
9074.0 0.15079173222355746
9076.0 0.1500490617315095
9078.0 0.14941580011073727
9080.0 0.14853352356159708
9082.0 0.14739156975005221
9084.0 0.14667828698059585
9086.0 0.14709764494312755
9088.0 0.14739531534096315
9090.0 0.14765775002292206
9092.0 0.14833386167101523
9094.0 0.14948527941407871
9096.0 0.1509038067875805
9098.0 0.15246304426661914
9100.0 0.15353169894565563
9102.0 0.15449776714646082
9104.0 0.15481919387427162
9106.0 0.15389380626018326
9108.0 0.15294343118952042
9110.0 0.15268669624619122
9112.0 0.1527162835897942
9114.0 0.1518059400652766
9116.0 0.1496092640876077
9118.0 0.14820169115641948
9120.0 0.1478972565579015
9122.0 0.14763500308019853
9124.0 0.14743454075842796
9126.0 0.14698009844484125
9128.0 0.14682485651998772
9130.0 0.14710035448816852
9132.0 0.14787394666699213
9134.0 0.14816289670594845
9136.0 0.14865193671933036
9138.0 0.15028092361712944
9140.0 0.15228806159645086
9142.0 0.15386504904433265
9144.0 0.15530364854372383
9146.0 0.1556296880749683
9148.0 0.15444066540313478
9150.0 0.1535085311354597
9152.0 0.1524573401185641
9154.0 0.15042416252758709
9156.0 0.14959017171326805
9158.0 0.1499984038937252
9160.0 0.15021390728870182
9162.0 0.15122458846294728
9164.0 0.15392947253853603
9166.0 0.15596079393757975
9168.0 0.1554661110365991
9170.0 0.15250927344856136
9172.0 0.14913697608774906
9174.0 0.14764783791568664
9176.0 0.1459712633507906
9178.0 0.1435113492307108
9180.0 0.14201095497053393
9182.0 0.14153904027890685
9184.0 0.14156192597770562
9186.0 0.1419660117060965
9188.0 0.14267112042036822
9190.0 0.14309373563958913
9192.0 0.14344854031773263
9194.0 0.14349618130045189
9196.0 0.14369500144083747
9198.0 0.14438751663240948
9200.0 0.14540385455798802
9202.0 0.1466282415830028
9204.0 0.14808480802445606
9206.0 0.14817787920909886
9208.0 0.14680430493401003
9210.0 0.1457614959904706
9212.0 0.1448792912221482
9214.0 0.14427927185281159
9216.0 0.14467396837630145
9218.0 0.14531237128805838
9220.0 0.14603044297546136
9222.0 0.14738070702983186
9224.0 0.15069816007394646
9226.0 0.15479673160551596
9228.0 0.15903119159766907
9230.0 0.1619117794391814
9232.0 0.16280242688328073
9234.0 0.15980454755893284
9236.0 0.15387268621614564
9238.0 0.14849393035608333
9240.0 0.14326264568186944
9242.0 0.1413364176714191
9244.0 0.1424878829160241
9246.0 0.1429812615894938
9248.0 0.13951959743340608
9250.0 0.13539936512964018
9252.0 0.13267502728195268
9254.0 0.13099554531777374
9256.0 0.13210076645418323
9258.0 0.13540109815876641
9260.0 0.13820444384715622
9262.0 0.14106559811672836
9264.0 0.14327194906981638
9266.0 0.14372880529158658
9268.0 0.14313439145853588
9270.0 0.14192996489528537
9272.0 0.14018917495826216
9274.0 0.1388681733198497
9276.0 0.13942687358906658
9278.0 0.14046202826401719
9280.0 0.1419782850229076
9282.0 0.1424647488565058
9284.0 0.14017065900775036
9286.0 0.1376413941690703
9288.0 0.13990777950539207
9290.0 0.14589454660331572
9292.0 0.15189480895509486
9294.0 0.1558504780801333
9296.0 0.1549829404140757
9298.0 0.1466983638022769
9300.0 0.13556256196356598
9302.0 0.12779725698587815
9304.0 0.1239867342396995
9306.0 0.12220312539787158
9308.0 0.12164250407473524
9310.0 0.12146101121121247
9312.0 0.12176079218527688
9314.0 0.1227218564019183
9316.0 0.12491212819371232
9318.0 0.12717664407938362
9320.0 0.12952106829835044
9322.0 0.1320251298794238
9324.0 0.1338514034001685
9326.0 0.1345214340140923
9328.0 0.13396286648840872
9330.0 0.13147980176462368
9332.0 0.12941970842463257
9334.0 0.13022215460667674
9336.0 0.13332912306975872
9338.0 0.13659407517822728
9340.0 0.13857339756890016
9342.0 0.138250127418401
9344.0 0.13753596705828736
9346.0 0.13511768673665778
9348.0 0.13151355146407442
9350.0 0.12930493483588223
9352.0 0.12866202093562223
9354.0 0.1290073129326535
9356.0 0.1324755617945341
9358.0 0.1358191826602726
9360.0 0.1356870644900085
9362.0 0.1331709632154548
9364.0 0.13066177069414364
9366.0 0.1247774408566125
9368.0 0.1178686524035995
9370.0 0.11631575234463205
9372.0 0.11835928382319486
9374.0 0.12371466988187056
9376.0 0.13053754272151644
9378.0 0.13350754287396893
9380.0 0.13055113254606243
9382.0 0.12735034180858784
9384.0 0.12488495050031646
9386.0 0.1243805258699202
9388.0 0.1257061509357386
9390.0 0.12682998500089007
9392.0 0.12844208124234244
9394.0 0.1301229192680391
9396.0 0.13053995963673876
9398.0 0.12952837538871728
9400.0 0.1270759208533932
9402.0 0.12076406444281956
9404.0 0.1151953895645379
9406.0 0.11422488494988425
9408.0 0.11638431450451893
9410.0 0.11801051572512958
9412.0 0.1206975323840524
9414.0 0.12240521006302363
9416.0 0.1231933045127493
9418.0 0.12409257107295155
9420.0 0.1255502347588904
9422.0 0.12434893377507718
9424.0 0.12054450452509925
9426.0 0.1167440055473754
9428.0 0.11357643013257986
9430.0 0.1137383075199376
9432.0 0.11671833884113965
9434.0 0.12173279777925125
9436.0 0.12648508533672315
9438.0 0.13012693510875512
9440.0 0.13080725365353332
9442.0 0.1293530588800251
9444.0 0.12681366140689052
9446.0 0.12437939871142836
9448.0 0.12413887302622417
9450.0 0.1261859616382858
9452.0 0.1279866722851897
9454.0 0.1295269227348121
9456.0 0.13013145422269345
9458.0 0.12966398741048535
9460.0 0.1284811891429215
9462.0 0.1264394097609822
9464.0 0.12499504858907232
9466.0 0.12498879774052225
9468.0 0.12552897370410943
9470.0 0.12620446698113247
9472.0 0.12605774181301374
9474.0 0.12443628573606083
9476.0 0.12136097671329911
9478.0 0.11956396866236546
9480.0 0.11938889265398565
9482.0 0.11917911205505996
9484.0 0.11873976744904087
9486.0 0.11758786279984618
9488.0 0.11564096370137135
9490.0 0.11331142589375097
9492.0 0.11135984844864363
9494.0 0.11170898008085954
9496.0 0.11381298119015971
9498.0 0.11518026434278633
9500.0 0.1152215998481131
9502.0 0.11467669168783401
9504.0 0.11421399903099705
9506.0 0.11419451518409691
9508.0 0.11437717764460807
9510.0 0.1145440005916691
9512.0 0.11500404074622535
9514.0 0.11579673889350722
9516.0 0.11675599124659976
9518.0 0.11733071140099068
9520.0 0.11782564947213507
9522.0 0.11840137886734119
9524.0 0.11957062090474946
9526.0 0.12083062846865608
9528.0 0.12137206878501432
9530.0 0.12036886419200078
9532.0 0.1190868633187188
9534.0 0.1182618024731975
9536.0 0.11750703778004414
9538.0 0.11782716185779113
9540.0 0.11928955411536238
9542.0 0.11923889217771236
9544.0 0.11802727312001751
9546.0 0.11661146838884681
9548.0 0.11472853142726683
9550.0 0.11375811891407933
9552.0 0.11347812488665292
9554.0 0.1127287103028355
9556.0 0.11208929732592413
9558.0 0.1125475676376917
9560.0 0.11342321084733636
9562.0 0.11474065041701458
9564.0 0.11629336071801634
9566.0 0.11661993977482153
9568.0 0.11561871207339111
9570.0 0.1150332919437939
9572.0 0.11494878666011624
9574.0 0.11542453672555762
9576.0 0.11543165968046334
9578.0 0.11408251179509273
9580.0 0.11245511348826383
9582.0 0.11153953285522017
9584.0 0.11088286497616996
9586.0 0.11053152561390339
9588.0 0.11117347329542925
9590.0 0.11209281671163117
9592.0 0.11305775708813945
9594.0 0.11300030096839757
9596.0 0.11172159725107261
9598.0 0.11002155315953943
9600.0 0.10887770856066242
9602.0 0.10897539137066803
9604.0 0.10967257277720556
9606.0 0.11140528426861354
9608.0 0.11361077280057334
9610.0 0.1144947764832807
9612.0 0.11366400136261097
9614.0 0.1120460528749872
9616.0 0.11047396574656196
9618.0 0.1082416636089533
9620.0 0.10591969522280441
9622.0 0.10369693532444017
9624.0 0.10241955704249224
9626.0 0.10247208952109246
9628.0 0.10291254450812241
9630.0 0.1034383501991851
9632.0 0.10533002425469805
9634.0 0.10649770479421126
9636.0 0.10655837161575163
9638.0 0.10667991810046919
9640.0 0.10657551071145087
9642.0 0.10548780157614862
9644.0 0.10415172082904668
9646.0 0.10336743025647223
9648.0 0.10231186229185393
9650.0 0.1004387406526427
9652.0 0.09952909227499787
9654.0 0.09898280261390596
9656.0 0.09804648052250159
9658.0 0.09853761758071611
9660.0 0.0997114618252421
9662.0 0.10020385938442779
9664.0 0.10092453406282931
9666.0 0.10240053280943129
9668.0 0.1033943142502064
9670.0 0.10275886177671434
9672.0 0.10110136767557652
9674.0 0.09938560076148299
9676.0 0.0979731603589366
9678.0 0.096956252458788
9680.0 0.09630892615852603
9682.0 0.0951615472762007
9684.0 0.09421795983433474
9686.0 0.09273832072439431
9688.0 0.09110746131826129
9690.0 0.091036702316295
9692.0 0.09308626618148727
9694.0 0.09519438383220043
9696.0 0.0952342011936814
9698.0 0.09440385364687645
9700.0 0.09370904779951178
9702.0 0.0935283531700674
9704.0 0.09392265625282582
9706.0 0.09532463406824435
9708.0 0.09577385632977845
9710.0 0.094772330875236
9712.0 0.09269783265983432
9714.0 0.09010011347735859
9716.0 0.08809835806173211
9718.0 0.08782328481678478
9720.0 0.08879684737642048
9722.0 0.08912557162086289
9724.0 0.08898789118775328
9726.0 0.0888202110537817
9728.0 0.08829428647092914
9730.0 0.08802055235442816
9732.0 0.0888333684880018
9734.0 0.08926448950271812
9736.0 0.0886823912734718
9738.0 0.08845937830951162
9740.0 0.08894996477799344
9742.0 0.09002893012049491
9744.0 0.09153963718642878
9746.0 0.09296709043115008
9748.0 0.09369405534761548
9750.0 0.09402399490692441
9752.0 0.09337400913353064
9754.0 0.09172684084087991
9756.0 0.09035958750647688
9758.0 0.09014118117882262
9760.0 0.09088852496198864
9762.0 0.09207363118187642
9764.0 0.09295877525631652
9766.0 0.09362302154543767
9768.0 0.09343923015086851
9770.0 0.09229291773534654
9772.0 0.0910517463832603
9774.0 0.09125555439565675
9776.0 0.09339678394054811
9778.0 0.09546464288418594
9780.0 0.09562720672766667
9782.0 0.0947404994356798
9784.0 0.09425634522044626
9786.0 0.09291882770012254
9788.0 0.09155111630264302
9790.0 0.09295948255687123
9792.0 0.09503491223696525
9794.0 0.0959066360901876
9796.0 0.09611786176892709
9798.0 0.0962376562243907
9800.0 0.09521822109992684
9802.0 0.09311465214054954
9804.0 0.09203033334936188
9806.0 0.09290888844339666
9808.0 0.09446747040775354
9810.0 0.09577682270083115
9812.0 0.09769526211634427
9814.0 0.09904444966181762
9816.0 0.09818283051433714
9818.0 0.09808581118811953
9820.0 0.09968122114796255
9822.0 0.10002101888838892
9824.0 0.09855309246799486
9826.0 0.09756297419562872
9828.0 0.09706454430302677
9830.0 0.09702660278300954
9832.0 0.09722437279320234
9834.0 0.09677512917428395
9836.0 0.09567926693332961
9838.0 0.09520992175791519
9840.0 0.096070117573629
9842.0 0.09808505385336595
9844.0 0.10158279056230204
9846.0 0.10585354601979263
9848.0 0.10951857640808411
9850.0 0.10986960828946118
9852.0 0.106015725909827
9854.0 0.10292123183166636
9856.0 0.10230306621125215
9858.0 0.10203457476126251
9860.0 0.10058332276619296
9862.0 0.1004369419427992
9864.0 0.1012032705320277
9866.0 0.10293317292542167
9868.0 0.10276397302995807
9870.0 0.10151775033298337
9872.0 0.10213510837510063
9874.0 0.10470548055995683
9876.0 0.1072025144100155
9878.0 0.10723719958431191
9880.0 0.10559323281897193
9882.0 0.10521846238274266
9884.0 0.10587183525543419
9886.0 0.1056890002317031
9888.0 0.10608555184681667
9890.0 0.10627550698502793
9892.0 0.10631035936298394
9894.0 0.10682959224492772
9896.0 0.10726023140710557
9898.0 0.10631850821963039
9900.0 0.10478138214423693
9902.0 0.1052098129203632
9904.0 0.10727605136326565
9906.0 0.1111047791483663
9908.0 0.11554692621844669
9910.0 0.12016244999796459
9912.0 0.12244239983174565
9914.0 0.12337705394005
9916.0 0.12359169890988814
9918.0 0.11978487143043598
9920.0 0.11460820853939432
9922.0 0.11095113502689516
9924.0 0.10926089911027569
9926.0 0.11070474005229743
9928.0 0.11584081710592672
9930.0 0.11731143098814112
9932.0 0.11483635389009343
9934.0 0.11270616737372122
9936.0 0.10900991364738818
9938.0 0.10575926891023171
9940.0 0.10490159173662714
9942.0 0.10561923889205996
9944.0 0.10667472451548381
9946.0 0.10813822403421439
9948.0 0.10983240069585548
9950.0 0.11110510359959196
9952.0 0.11262546465820977
9954.0 0.11371801626701727
9956.0 0.11351031645534519
9958.0 0.11421178306170449
9960.0 0.11660373657487225
9962.0 0.11944999294946919
9964.0 0.12099138307713482
9966.0 0.1208112844298354
9968.0 0.12183796239491233
9970.0 0.1226940771064688
9972.0 0.12199689289058391
9974.0 0.12142992157159588
9976.0 0.12135074863163843
9978.0 0.12153224461635301
9980.0 0.123669535940391
9982.0 0.12677133761693307
9984.0 0.12939930669721814
9986.0 0.12965112672538662
9988.0 0.12521768482536902
9990.0 0.11870506065200229
9992.0 0.11536013773176512
9994.0 0.1168090139824672
9996.0 0.11920959763803912
9998.0 0.12047780382105874
