# z obs_date
# 0 52280
3580.0 0.35432505512682416
3582.0 0.3438068997512904
3584.0 0.34422145263751536
3586.0 0.350034846515234
3588.0 0.3435478255161782
3590.0 0.3363878562259081
3592.0 0.3326251307447705
3594.0 0.3376206383260214
3596.0 0.33916917775486954
3598.0 0.3306327387139276
3600.0 0.3424686129821034
3602.0 0.3543250771804738
3604.0 0.35001166963219005
3606.0 0.33804420326985135
3608.0 0.3380832350800083
3610.0 0.33995035305007243
3612.0 0.3364660950893953
3614.0 0.3399292176799901
3616.0 0.3486839807508759
3618.0 0.3498770187313569
3620.0 0.33867911322680405
3622.0 0.334900829896412
3624.0 0.34522945299685387
3626.0 0.35222618821489304
3628.0 0.33957476805233394
3630.0 0.3240983440092928
3632.0 0.3323798940765181
3634.0 0.34918247771039873
3636.0 0.3549528796087851
3638.0 0.34499828744732836
3640.0 0.34799723683761036
3642.0 0.3508041257862829
3644.0 0.35247610825655107
3646.0 0.3515332052947853
3648.0 0.34718102084330293
3650.0 0.3399063119214748
3652.0 0.3344144609151558
3654.0 0.33947100147386905
3656.0 0.34407497134085707
3658.0 0.3444362458166106
3660.0 0.347186722960283
3662.0 0.3431330049273665
3664.0 0.34160571394346123
3666.0 0.3427569514279448
3668.0 0.3448128845332745
3670.0 0.3522497974064625
3672.0 0.3532100976350581
3674.0 0.3515396795558512
3676.0 0.3464009101473664
3678.0 0.3431459307216542
3680.0 0.34942778606207053
3682.0 0.3486780099278075
3684.0 0.34802055647916036
3686.0 0.3455154059695029
3688.0 0.34319284936467687
3690.0 0.3421960160151958
3692.0 0.34244924394847465
3694.0 0.3420525550973225
3696.0 0.34206711239969684
3698.0 0.3483943067748371
3700.0 0.35715582976397825
3702.0 0.35010215297439634
3704.0 0.34887356745705755
3706.0 0.3512300575697119
3708.0 0.3507637314968328
3710.0 0.34488852279383403
3712.0 0.34242010615606167
3714.0 0.3467994416317203
3716.0 0.34814743947656446
3718.0 0.34611773300802456
3720.0 0.3537335091850055
3722.0 0.35877091579219
3724.0 0.34643659065074256
3726.0 0.3531915244261364
3728.0 0.3506495553728195
3730.0 0.3419789447101497
3732.0 0.3387738406158262
3734.0 0.3563933005813065
3736.0 0.3517723662831688
3738.0 0.3306770121417126
3740.0 0.33084825722636163
3742.0 0.3338927647473887
3744.0 0.3322371731909849
3746.0 0.3296650436333347
3748.0 0.3170663119612538
3750.0 0.32905335750678616
3752.0 0.3198286089150116
3754.0 0.31347276930124135
3756.0 0.33249418843118245
3758.0 0.3314598039869931
3760.0 0.3246097711830208
3762.0 0.32784278507364606
3764.0 0.3314851267329039
3766.0 0.3279135178403491
3768.0 0.32628917262885176
3770.0 0.33708507325834663
3772.0 0.3518424800895656
3774.0 0.3496788942475419
3776.0 0.33410437545087884
3778.0 0.3200486705631827
3780.0 0.3271663303027551
3782.0 0.3294950502351867
3784.0 0.33421820723787377
3786.0 0.3417450498057178
3788.0 0.34822892394837857
3790.0 0.3471778045727303
3792.0 0.3242555309471248
3794.0 0.3350712219317786
3796.0 0.32790941155006365
3798.0 0.3162535094430114
3800.0 0.3143180899050458
3802.0 0.316922392324002
3804.0 0.3323876606881573
3806.0 0.3385556195887057
3808.0 0.342587623555203
3810.0 0.3360077589021596
3812.0 0.3463378676424636
3814.0 0.34074660633859005
3816.0 0.34100891867475225
3818.0 0.3287375399272908
3820.0 0.34171747024851035
3822.0 0.3485689763129104
3824.0 0.3457630313173559
3826.0 0.3480139171294241
3828.0 0.3374756845194554
3830.0 0.34319584913935114
3832.0 0.3612772542408816
3834.0 0.34147008685002117
3836.0 0.34872385934868094
3838.0 0.34954276084239005
3840.0 0.34640581636071666
3842.0 0.3421247626269238
3844.0 0.35869677409195444
3846.0 0.36060245177281025
3848.0 0.36412952152741535
3850.0 0.3674940092992199
3852.0 0.3670039080986956
3854.0 0.37156536129280937
3856.0 0.3908560195694713
3858.0 0.38101532388319975
3860.0 0.3812849397864771
3862.0 0.382537096133061
3864.0 0.3782652762542031
3866.0 0.38154149622957395
3868.0 0.37709214554599924
3870.0 0.38758105456852837
3872.0 0.40053469948845283
3874.0 0.3952539891410308
3876.0 0.3775847147015465
3878.0 0.3862293546226746
3880.0 0.40315649195710074
3882.0 0.39675333099978405
3884.0 0.3923498904220075
3886.0 0.37788593172351864
3888.0 0.38621921553500954
3890.0 0.40100747033509254
3892.0 0.40816926720464064
3894.0 0.41635426691962346
3896.0 0.40996824770465634
3898.0 0.4018190525346392
3900.0 0.41830448175160484
3902.0 0.42375478181865
3904.0 0.4201849441348644
3906.0 0.4149698103128624
3908.0 0.4155261280703582
3910.0 0.41128330991873774
3912.0 0.39987453430035635
3914.0 0.40085807545223034
3916.0 0.4038169959720294
3918.0 0.4131421970877625
3920.0 0.42558957803083813
3922.0 0.43996128221767977
3924.0 0.41919084103356863
3926.0 0.4087847090719777
3928.0 0.4102581891220682
3930.0 0.4070622916478757
3932.0 0.40287518709835324
3934.0 0.40324535829064095
3936.0 0.4116758226548633
3938.0 0.4147269406215711
3940.0 0.4184981785815351
3942.0 0.4320925758955302
3944.0 0.4394997479091077
3946.0 0.4480254418287065
3948.0 0.4519035939391681
3950.0 0.44646940217774744
3952.0 0.44176281341074236
3954.0 0.44750743148135697
3956.0 0.43986739255909146
3958.0 0.43131599752295524
3960.0 0.4310350159900863
3962.0 0.43138433235044993
3964.0 0.43669493186137204
3966.0 0.44225532464139555
3968.0 0.4458292705810541
3970.0 0.4388110878428868
3972.0 0.4350462654428403
3974.0 0.43794706373320796
3976.0 0.43683159746967987
3978.0 0.44619296805291664
3980.0 0.4425651266421096
3982.0 0.436983487093803
3984.0 0.44178629491918164
3986.0 0.43353313576549635
3988.0 0.4433719158294544
3990.0 0.44594571551066714
3992.0 0.43760051581803616
3994.0 0.4412801643287836
3996.0 0.43827482996392814
3998.0 0.44769515661463427
4000.0 0.4506926971832231
4002.0 0.4402219948079261
4004.0 0.4380176053158405
4006.0 0.4353433241461706
4008.0 0.44585384500809583
4010.0 0.44146595506431435
4012.0 0.4446129360888912
4014.0 0.45147976915986276
4016.0 0.4545218657242186
4018.0 0.45149214657527137
4020.0 0.44548654784842817
4022.0 0.44700451847296346
4024.0 0.4656826708285882
4026.0 0.4573490622147319
4028.0 0.44483607246368984
4030.0 0.45532715799620627
4032.0 0.45112475979035416
4034.0 0.46630762947763005
4036.0 0.4770372175884396
4038.0 0.46930888000025095
4040.0 0.4584167020236871
4042.0 0.4466681085971471
4044.0 0.4741097157313086
4046.0 0.45224910023069176
4048.0 0.4379561386556304
4050.0 0.4172310522974021
4052.0 0.425081073622111
4054.0 0.43065999657235565
4056.0 0.45339358490961745
4058.0 0.46975934660154545
4060.0 0.4326087722761485
4062.0 0.41788291708735226
4064.0 0.3861226057367688
4066.0 0.3975875204088033
4068.0 0.3946543329057943
4070.0 0.4163561676591988
4072.0 0.4221436726299348
4074.0 0.43165335590475506
4076.0 0.4345089206973344
4078.0 0.4178218199208327
4080.0 0.4262382670653
4082.0 0.4524407664914401
4084.0 0.4487085283310831
4086.0 0.4357939827211069
4088.0 0.3999358420426848
4090.0 0.3957701096269802
4092.0 0.39282318785580517
4094.0 0.39021978961258874
4096.0 0.42671934999280187
4098.0 0.4393797630730203
4100.0 0.44273410545275543
4102.0 0.4471894711494062
4104.0 0.43465037191601524
4106.0 0.42739870757118525
4108.0 0.43227382425829486
4110.0 0.40396885457140985
4112.0 0.38390410087633914
4114.0 0.383489674006717
4116.0 0.40700785794473804
4118.0 0.4420191525388026
4120.0 0.45398388861798894
4122.0 0.44755818042452195
4124.0 0.42139152912557193
4126.0 0.4114282724840449
4128.0 0.4168290358296872
4130.0 0.42207934546210646
4132.0 0.40962145702513775
4134.0 0.4057426828249869
4136.0 0.4081533452439675
4138.0 0.43468771191589867
4140.0 0.44264725075062755
4142.0 0.4184237196108539
4144.0 0.4197044206393795
4146.0 0.4119839160165542
4148.0 0.4141222133986993
4150.0 0.44389771046776655
4152.0 0.44910128576577496
4154.0 0.45732900091025047
4156.0 0.4636143312173747
4158.0 0.4713335795261254
4160.0 0.4918937834542464
4162.0 0.4864998985718867
4164.0 0.46713496183208847
4166.0 0.4617173698362866
4168.0 0.4432313632698886
4170.0 0.4533034091605869
4172.0 0.4569660349458518
4174.0 0.4402504640411017
4176.0 0.4149770521210671
4178.0 0.41818573529965164
4180.0 0.4383192226954617
4182.0 0.45345134585572267
4184.0 0.45649162216677014
4186.0 0.4520443446070973
4188.0 0.4423743888272808
4190.0 0.4459795037827045
4192.0 0.4524150958433673
4194.0 0.47276705211877645
4196.0 0.48822189371709357
4198.0 0.49706510614476923
4200.0 0.47775028340396153
4202.0 0.4799309720701713
4204.0 0.4729984376985417
4206.0 0.474196375854799
4208.0 0.4668841948021593
4210.0 0.45584656703108817
4212.0 0.449851884665836
4214.0 0.437783634635136
4216.0 0.4348947177261096
4218.0 0.45366617512095175
4220.0 0.4531789287446665
4222.0 0.44620144066840167
4224.0 0.4496716940758612
4226.0 0.45735187403102145
4228.0 0.47355197429524065
4230.0 0.48906179846843856
4232.0 0.5127663140480923
4234.0 0.5244252628306088
4236.0 0.5218757063497447
4238.0 0.5250791611972458
4240.0 0.496265070946205
4242.0 0.49869825995636224
4244.0 0.5228378253278362
4246.0 0.5133061010871759
4248.0 0.5113283497622452
4250.0 0.4894768382840166
4252.0 0.4837449199651322
4254.0 0.4591282054966687
4256.0 0.4650912207411356
4258.0 0.4625884737962017
4260.0 0.4779854724811112
4262.0 0.48612071734337997
4264.0 0.4863766633169307
4266.0 0.4899773215952751
4268.0 0.4906691556871754
4270.0 0.49899450771913867
4272.0 0.49642216256822713
4274.0 0.4971456871961783
4276.0 0.47436116191319616
4278.0 0.49172807067386415
4280.0 0.5018250719639166
4282.0 0.5203368577962787
4284.0 0.5245524286861614
4286.0 0.519272001273733
4288.0 0.5255714714317603
4290.0 0.5179490299359022
4292.0 0.5197262875080888
4294.0 0.5093695047281686
4296.0 0.5074360593531051
4298.0 0.5139193309401762
4300.0 0.5158204085504301
4302.0 0.5197688848483218
4304.0 0.5002369379542724
4306.0 0.5006913100859613
4308.0 0.48556610694788316
4310.0 0.4778295157020804
4312.0 0.46022676342417096
4314.0 0.4739357584201399
4316.0 0.47069248775884265
4318.0 0.47829501009252795
4320.0 0.4921202880935222
4322.0 0.4926670167650825
4324.0 0.49985631837432537
4326.0 0.5056513462742351
4328.0 0.49873985302091156
4330.0 0.49226855375837575
4332.0 0.5039808298758538
4334.0 0.5053996918118472
4336.0 0.5155339356021194
4338.0 0.5162904420329523
4340.0 0.4936383778458848
4342.0 0.4860910705428476
4344.0 0.46832239224910965
4346.0 0.47446081834770837
4348.0 0.47866975341470946
4350.0 0.49540699071717537
4352.0 0.5200023520860991
4354.0 0.5560336206574308
4356.0 0.5604330633019018
4358.0 0.54614204929469
4360.0 0.5383121238804158
4362.0 0.49947978190763687
4364.0 0.5140379475659496
4366.0 0.5292436738708214
4368.0 0.5339477852615145
4370.0 0.5572228485097277
4372.0 0.5496081310155352
4374.0 0.5451769069633589
4376.0 0.53907538582856
4378.0 0.5326224789000091
4380.0 0.5169166210080927
4382.0 0.5245290795347507
4384.0 0.53378808888611
4386.0 0.5413849481625848
4388.0 0.5412964086084537
4390.0 0.5498932353303768
4392.0 0.5668240373020493
4394.0 0.558217381269304
4396.0 0.5613343819241657
4398.0 0.5588746378005882
4400.0 0.5585397544919136
4402.0 0.5614676875593024
4404.0 0.565431492623653
4406.0 0.5628797850720489
4408.0 0.551382810071681
4410.0 0.5582839860160369
4412.0 0.5426163110015316
4414.0 0.53316429682426
4416.0 0.5488791465410494
4418.0 0.563886434231818
4420.0 0.5758179573044155
4422.0 0.5701588659449601
4424.0 0.5635318517095309
4426.0 0.5747515073371591
4428.0 0.5842503980577598
4430.0 0.5995025200583399
4432.0 0.6084627711776258
4434.0 0.589179924242488
4436.0 0.5926794535534492
4438.0 0.60186747808889
4440.0 0.6018394071402727
4442.0 0.5958508455347936
4444.0 0.601669858870229
4446.0 0.6060660371995389
4448.0 0.6157590724235578
4450.0 0.6231835007111796
4452.0 0.628624369515407
4454.0 0.6318276073821354
4456.0 0.6357135993082244
4458.0 0.6304944567612046
4460.0 0.6264868554670521
4462.0 0.6340859532417863
4464.0 0.6379462443631457
4466.0 0.6452758904298309
4468.0 0.6526943403343208
4470.0 0.6727965276918797
4472.0 0.6807661601016846
4474.0 0.6826305485033818
4476.0 0.6784314465668002
4478.0 0.6711675218720944
4480.0 0.6731042827105435
4482.0 0.6796033307058582
4484.0 0.6920759902199927
4486.0 0.6999530208113509
4488.0 0.7043458061549015
4490.0 0.7118136391699679
4492.0 0.7153417059609933
4494.0 0.7140159305812411
4496.0 0.7132653474375253
4498.0 0.7205657646972251
4500.0 0.7206409526443551
4502.0 0.7333138112565943
4504.0 0.7311266410177817
4506.0 0.731420336899285
4508.0 0.738668942165501
4510.0 0.7473602749042086
4512.0 0.7523606115626796
4514.0 0.7710314709293085
4516.0 0.7639345770012704
4518.0 0.7578733052953806
4520.0 0.7423031744030176
4522.0 0.7396751175320436
4524.0 0.7448943013777337
4526.0 0.7553352581365073
4528.0 0.7784920418839681
4530.0 0.7783803504399425
4532.0 0.7828754786397641
4534.0 0.7896031700986699
4536.0 0.7963273673279467
4538.0 0.8038926574156955
4540.0 0.7998495307251748
4542.0 0.7947097966952705
4544.0 0.7983027225785254
4546.0 0.7887542533849123
4548.0 0.7936393990118175
4550.0 0.7971954724349996
4552.0 0.7881802347703543
4554.0 0.7935655643607906
4556.0 0.8072997016536895
4558.0 0.8150733961765347
4560.0 0.8161194661015974
4562.0 0.8142502006578678
4564.0 0.8123254919154987
4566.0 0.8109951187404111
4568.0 0.801566826295988
4570.0 0.8017566619776939
4572.0 0.7948200186887866
4574.0 0.7838191084891178
4576.0 0.7901380722997555
4578.0 0.8029122752853022
4580.0 0.8106375911090097
4582.0 0.8208385749968418
4584.0 0.816868662256013
4586.0 0.8208927068050497
4588.0 0.8212846724014057
4590.0 0.8236209633658131
4592.0 0.8219993594276758
4594.0 0.8170990422111247
4596.0 0.799359192897347
4598.0 0.7942288486316738
4600.0 0.791640541203554
4602.0 0.8014427304241434
4604.0 0.8039721612491415
4606.0 0.7995810378548834
4608.0 0.7875080569504116
4610.0 0.7899372131638854
4612.0 0.7926001502575047
4614.0 0.7979853717467552
4616.0 0.7934511530493584
4618.0 0.8041560580918479
4620.0 0.80035021617317
4622.0 0.7919676595676437
4624.0 0.7863495711854139
4626.0 0.7853654577040129
4628.0 0.7930449859095964
4630.0 0.7911496651224398
4632.0 0.7895374145278865
4634.0 0.7742221332157152
4636.0 0.767586160232326
4638.0 0.7664008202892836
4640.0 0.7611375238330086
4642.0 0.7677813136155515
4644.0 0.76873029835976
4646.0 0.7701290825785626
4648.0 0.7650097812284008
4650.0 0.7591089994947529
4652.0 0.7475961967406712
4654.0 0.7308704452483274
4656.0 0.7309242484162691
4658.0 0.730563091453548
4660.0 0.7434496537694344
4662.0 0.7411173212145884
4664.0 0.7175397966113931
4666.0 0.7129965520688474
4668.0 0.6911310593830449
4670.0 0.692265795818329
4672.0 0.6839216501519803
4674.0 0.668858670777261
4676.0 0.6629722651230272
4678.0 0.6807322741804736
4680.0 0.6851480415359545
4682.0 0.6933760490314882
4684.0 0.6968985172122037
4686.0 0.6921116928905537
4688.0 0.6901909625007225
4690.0 0.6812849879229546
4692.0 0.6727678003647017
4694.0 0.6650821679284112
4696.0 0.6633537317667507
4698.0 0.6641179789513807
4700.0 0.6850737127432152
4702.0 0.6778535471013563
4704.0 0.6774615458305161
4706.0 0.6762473886622434
4708.0 0.6605859355321384
4710.0 0.6619985781073583
4712.0 0.6577116379445297
4714.0 0.6591063137522123
4716.0 0.6582016338497477
4718.0 0.6538308914408406
4720.0 0.6509240090275163
4722.0 0.6441307740088202
4724.0 0.6478559959201453
4726.0 0.6580115931874001
4728.0 0.6632984099707563
4730.0 0.6681336730472698
4732.0 0.672906127944562
4734.0 0.6733368416439344
4736.0 0.6777945625001796
4738.0 0.6694522399656347
4740.0 0.6607056979874426
4742.0 0.666976157412745
4744.0 0.6731055956344102
4746.0 0.6604295005232527
4748.0 0.6591856377547372
4750.0 0.6564580253762273
4752.0 0.6686062978363956
4754.0 0.6634366076206432
4756.0 0.656300022280565
4758.0 0.6395560333339707
4760.0 0.6346362615612626
4762.0 0.6318239677567672
4764.0 0.6338620261792572
4766.0 0.6376133353151533
4768.0 0.6381353143747616
4770.0 0.6369072754149067
4772.0 0.6268689112744397
4774.0 0.621961065148849
4776.0 0.6255225396668019
4778.0 0.6332995812527228
4780.0 0.6410131352605233
4782.0 0.6489686078434461
4784.0 0.6565037768417034
4786.0 0.6446014319657484
4788.0 0.6490328465845734
4790.0 0.6586828149697387
4792.0 0.6636242634284608
4794.0 0.6714044958708618
4796.0 0.6737804537700431
4798.0 0.6763345665681124
4800.0 0.6673681932371887
4802.0 0.6662596562620859
4804.0 0.6617631337419492
4806.0 0.6628744369013971
4808.0 0.666805964242397
4810.0 0.6748922595146368
4812.0 0.667896982207813
4814.0 0.6618692622839302
4816.0 0.6590606051031758
4818.0 0.6664744776886402
4820.0 0.6690339612527911
4822.0 0.6707592447040618
4824.0 0.6733707645651821
4826.0 0.6633924742014412
4828.0 0.6670324452912777
4830.0 0.6644996744395136
4832.0 0.6725930589023719
4834.0 0.6690680271591652
4836.0 0.6734132554164386
4838.0 0.6827549860215779
4840.0 0.6836992488699585
4842.0 0.6834646536887793
4844.0 0.6785611954436047
4846.0 0.6780482788696496
4848.0 0.6736544263617361
4850.0 0.674877826061865
4852.0 0.6705246884458562
4854.0 0.6645179973800474
4856.0 0.6623583240007449
4858.0 0.6659024693064719
4860.0 0.6752501388913604
4862.0 0.6892195045307437
4864.0 0.6821604269845156
4866.0 0.6825275755854394
4868.0 0.6811998002131867
4870.0 0.6836794070005054
4872.0 0.6831494976531186
4874.0 0.6808995982390963
4876.0 0.6809528795923204
4878.0 0.6865822318707357
4880.0 0.6987527744244535
4882.0 0.6961406410243217
4884.0 0.6967168419841092
4886.0 0.6926014751115022
4888.0 0.6932050207654142
4890.0 0.6923182919158056
4892.0 0.6905903804286586
4894.0 0.6852957116578768
4896.0 0.6844917224820561
4898.0 0.689605874837326
4900.0 0.6912391228389755
4902.0 0.7049489620755317
4904.0 0.7022393617691182
4906.0 0.7018011272484801
4908.0 0.6962591381408032
4910.0 0.6946519668159539
4912.0 0.6957969171795803
4914.0 0.6932951361489186
4916.0 0.6938777630652183
4918.0 0.6955135011201357
4920.0 0.6958727567591745
4922.0 0.692718471583766
4924.0 0.6880424770887168
4926.0 0.6883981954621593
4928.0 0.6889938912305296
4930.0 0.6881666145478559
4932.0 0.6873700732483248
4934.0 0.6801999475694445
4936.0 0.6828870208072547
4938.0 0.6830248923634175
4940.0 0.6836830006392234
4942.0 0.6841150713915317
4944.0 0.6886220822628004
4946.0 0.6843308477336313
4948.0 0.6815189751910304
4950.0 0.680234451461885
4952.0 0.6791262565300713
4954.0 0.685072211228963
4956.0 0.6944760158591707
4958.0 0.6991904511710351
4960.0 0.7041583465929571
4962.0 0.6963932237941884
4964.0 0.6881264634148884
4966.0 0.687572938236181
4968.0 0.6829283838134756
4970.0 0.6946638721466771
4972.0 0.6915393331401655
4974.0 0.6937131319544472
4976.0 0.7016944189218136
4978.0 0.7117651574898246
4980.0 0.7187575959185835
4982.0 0.7167474112988153
4984.0 0.7094928370753496
4986.0 0.7063070444572831
4988.0 0.7007645096037382
4990.0 0.6969740240403326
4992.0 0.694762257818539
4994.0 0.6931490387703227
4996.0 0.6990244710833897
4998.0 0.7046574050069287
5000.0 0.704403871277056
5002.0 0.7010909049462394
5004.0 0.700336589490493
5006.0 0.6990485074991214
5008.0 0.7027120026038843
5010.0 0.6989348783705147
5012.0 0.7008404626739849
5014.0 0.7004386885074152
5016.0 0.6978690751611816
5018.0 0.6968745492872197
5020.0 0.6932389534045685
5022.0 0.6931878448782752
5024.0 0.698757931887407
5026.0 0.6978889470325671
5028.0 0.700178063557519
5030.0 0.6991452474347516
5032.0 0.6932358310205606
5034.0 0.7000921459332308
5036.0 0.70011172653053
5038.0 0.7060899399037852
5040.0 0.7073963522637806
5042.0 0.7128139087055506
5044.0 0.717077654350485
5046.0 0.7145427911273616
5048.0 0.7183715550953015
5050.0 0.7183283709633747
5052.0 0.7194930788176472
5054.0 0.7230837796705275
5056.0 0.7206251876626524
5058.0 0.7181337087219989
5060.0 0.7260587462897378
5062.0 0.7300447466195379
5064.0 0.7284158593210013
5066.0 0.7259040550446622
5068.0 0.7288796037778831
5070.0 0.7390009972143142
5072.0 0.7454235112693406
5074.0 0.7471522016074682
5076.0 0.746006274129837
5078.0 0.7529546387563282
5080.0 0.7615702958786373
5082.0 0.7568498043455373
5084.0 0.7607458784118163
5086.0 0.7683575716977201
5088.0 0.7673387901405563
5090.0 0.7695520077865654
5092.0 0.7733393902919178
5094.0 0.7751925457869763
5096.0 0.7798091674703063
5098.0 0.7799432824516251
5100.0 0.7921815267643277
5102.0 0.7920632375708114
5104.0 0.7978330850807079
5106.0 0.7902901294436174
5108.0 0.7890955136032757
5110.0 0.7966388199585581
5112.0 0.7939885516343242
5114.0 0.7943004811880331
5116.0 0.7958849451880723
5118.0 0.7961560940591972
5120.0 0.7971829227278446
5122.0 0.8008932336683108
5124.0 0.8097872455165306
5126.0 0.8128439419758388
5128.0 0.8110479822490535
5130.0 0.8189607616607482
5132.0 0.8161362622810228
5134.0 0.8150433194787351
5136.0 0.8118552889041172
5138.0 0.8180218319221599
5140.0 0.8260887491035672
5142.0 0.8304391037538896
5144.0 0.8317405601650659
5146.0 0.8309495596544527
5148.0 0.832598885084587
5150.0 0.8316221866995159
5152.0 0.83702069527913
5154.0 0.8481377686972347
5156.0 0.8492864551464968
5158.0 0.8501290315481055
5160.0 0.8493652270511373
5162.0 0.8508464130567228
5164.0 0.8512132015042433
5166.0 0.8542007575693548
5168.0 0.8593912411713461
5170.0 0.8599328821547396
5172.0 0.8637280266329033
5174.0 0.8708592225272294
5176.0 0.8784584025944019
5178.0 0.8733818426152469
5180.0 0.8726424126437657
5182.0 0.8836273479701205
5184.0 0.8854286391587548
5186.0 0.8927154183235229
5188.0 0.8962984488248983
5190.0 0.8945672330377482
5192.0 0.8915481610537506
5194.0 0.8918595332300958
5196.0 0.8877025410892491
5198.0 0.8871167502557953
5200.0 0.8959203655416709
5202.0 0.8980103120168849
5204.0 0.9024630341253174
5206.0 0.9028772127358676
5208.0 0.904921719028729
5210.0 0.8968674545410935
5212.0 0.8954331886607966
5214.0 0.8999399520964583
5216.0 0.898047225286891
5218.0 0.9006138633395748
5220.0 0.9028067593064325
5222.0 0.9028638077406149
5224.0 0.901550317256741
5226.0 0.9047182399701029
5228.0 0.9085937702956064
5230.0 0.9054367697253741
5232.0 0.9060113552022306
5234.0 0.9046934750122918
5236.0 0.9064886665259299
5238.0 0.9133941791599918
5240.0 0.9176005685883106
5242.0 0.9138739030721298
5244.0 0.9115707761845864
5246.0 0.9107626053820658
5248.0 0.9126527793431887
5250.0 0.9145727348989957
5252.0 0.9148676372005068
5254.0 0.9235963871727992
5256.0 0.9278263873170982
5258.0 0.924637180519524
5260.0 0.9286315632243384
5262.0 0.9314859135294683
5264.0 0.9323137649270907
5266.0 0.9296201492133892
5268.0 0.9287149272835366
5270.0 0.9302352174138866
5272.0 0.9290107209826524
5274.0 0.9290351689024682
5276.0 0.9349325011278663
5278.0 0.9376150315444848
5280.0 0.9419820423600129
5282.0 0.942974258630072
5284.0 0.9364920331795897
5286.0 0.9353920820257022
5288.0 0.9332627381825054
5290.0 0.9308294910334511
5292.0 0.9340905102642836
5294.0 0.9409757186781178
5296.0 0.9387560976947531
5298.0 0.9434267964532159
5300.0 0.9438516902814404
5302.0 0.9474719719882835
5304.0 0.9502654409846918
5306.0 0.9483465848640618
5308.0 0.9511586711285455
5310.0 0.9472122964832475
5312.0 0.9496547346337743
5314.0 0.9539881894474493
5316.0 0.9546693411435315
5318.0 0.9587558294023261
5320.0 0.9623421522094415
5322.0 0.9533197194119566
5324.0 0.9480803414847926
5326.0 0.9452433405035764
5328.0 0.9496702475953724
5330.0 0.9537609537316049
5332.0 0.953329035449853
5334.0 0.9578313774265611
5336.0 0.9607845189658357
5338.0 0.9606665812086108
5340.0 0.954037131922606
5342.0 0.9560077394210957
5344.0 0.9548258007969064
5346.0 0.9567990275884006
5348.0 0.9615251446696824
5350.0 0.961046447982836
5352.0 0.9604131906538348
5354.0 0.9568230055050847
5356.0 0.9575390225284357
5358.0 0.9552635827999915
5360.0 0.9585509887051663
5362.0 0.9645592480808143
5364.0 0.9622547104433992
5366.0 0.9610094764782285
5368.0 0.9673244689324294
5370.0 0.9671527348406057
5372.0 0.9670047895168415
5374.0 0.9634821380474253
5376.0 0.9626004819215916
5378.0 0.9620222300930215
5380.0 0.9554779609610595
5382.0 0.9578818234435819
5384.0 0.9585193184688582
5386.0 0.9585824950095833
5388.0 0.9609170800497078
5390.0 0.9657205465070652
5392.0 0.9645616047569472
5394.0 0.959106181622589
5396.0 0.9633093671612811
5398.0 0.9611090106421268
5400.0 0.9664940269479371
5402.0 0.9641394829401615
5404.0 0.9579784632243272
5406.0 0.9555945078403655
5408.0 0.9593026888236921
5410.0 0.9635890535204945
5412.0 0.9598124117875235
5414.0 0.9546643962882336
5416.0 0.9539732378038845
5418.0 0.9580564546858736
5420.0 0.9607009099768404
5422.0 0.9548266052216472
5424.0 0.9534433082066976
5426.0 0.9545000008132764
5428.0 0.9548706547421374
5430.0 0.9608399249507313
5432.0 0.9641874835026771
5434.0 0.9713994381016952
5436.0 0.9711098298531796
5438.0 0.9735412581878364
5440.0 0.9655848155691291
5442.0 0.9613767714727536
5444.0 0.9711490634533144
5446.0 0.9778566386209645
5448.0 1.0
5450.0 0.9995379404530151
5452.0 0.9959978941397352
5454.0 0.991850412097886
5456.0 0.9961633647114845
5458.0 0.9879398381253142
5460.0 0.9744390230266279
5462.0 0.9737110331689325
5464.0 0.9697838971560953
5466.0 0.974138687429963
5468.0 0.9772234036319463
5470.0 0.9742991140344307
5472.0 0.9768089373074318
5474.0 0.9771242720016295
5476.0 0.9719309258766116
5478.0 0.9663184761574717
5480.0 0.96391292507817
5482.0 0.9618939436621967
5484.0 0.9624706605618363
5486.0 0.9628530141628204
5488.0 0.9619555871577938
5490.0 0.9581835572591773
5492.0 0.9517555250440853
5494.0 0.9557087739990131
5496.0 0.949650513573234
5498.0 0.9557090160270001
5500.0 0.9521011917503543
5502.0 0.9382350777938755
5504.0 0.9335030654034132
5506.0 0.9308263143732435
5508.0 0.9306839170648791
5510.0 0.9269400380413768
5512.0 0.9306741444832843
5514.0 0.9231965043592556
5516.0 0.9171195217212758
5518.0 0.9153849137027145
5520.0 0.9109219840936453
5522.0 0.9128212469106893
5524.0 0.9055993350765315
5526.0 0.9007484937355825
5528.0 0.9008394188284146
5530.0 0.8996157600443283
5532.0 0.8975486012042091
5534.0 0.8977706577603246
5536.0 0.896031320943332
5538.0 0.8844822972271185
5540.0 0.8751943349892288
5542.0 0.8768384285562953
5544.0 0.8824651747154416
5546.0 0.8809208933636263
5548.0 0.8777776303960769
5550.0 0.8715743213515271
5552.0 0.8670069263372021
5554.0 0.8662101374545567
5556.0 0.8587244594042842
5558.0 0.8567167081374482
5560.0 0.8545809546780092
5562.0 0.8653728965030667
5564.0 0.8661380071283388
5566.0 0.8599073314158674
5568.0 0.857013267473185
5570.0 0.8529598717085122
5572.0 0.852905424109882
5574.0 0.8560875974543855
5576.0 0.8576242282100355
5578.0 0.8570320033703902
5580.0 0.8541970480179679
5582.0 0.8489872214663915
5584.0 0.8481827266966326
5586.0 0.8468409504463934
5588.0 0.8458146500763655
5590.0 0.845431638525584
5592.0 0.8467123797312914
5594.0 0.8466261464307928
5596.0 0.8403943673610906
5598.0 0.8395591919967508
5600.0 0.837477315288798
5602.0 0.8288750757407557
5604.0 0.8270855782177631
5606.0 0.8208001368749162
5608.0 0.8169841288119837
5610.0 0.8154930312410759
5612.0 0.8136206574741864
5614.0 0.81193782732461
5616.0 0.8110249504430517
5618.0 0.8095081242387374
5620.0 0.812495930565544
5622.0 0.8115674724769212
5624.0 0.8070140365702254
5626.0 0.8094391593663791
5628.0 0.8028975167498991
5630.0 0.7986216018752293
5632.0 0.79379592646723
5634.0 0.791583079105399
5636.0 0.7909766274487381
5638.0 0.7831544934292547
5640.0 0.7756630360542406
5642.0 0.7679729869980846
5644.0 0.7649326733796105
5646.0 0.7616094792903074
5648.0 0.7577963735616474
5650.0 0.7496475576788452
5652.0 0.7463180146982086
5654.0 0.7424448406174313
5656.0 0.7492485532750927
5658.0 0.7448074817195369
5660.0 0.7379169208253089
5662.0 0.7382103704704791
5664.0 0.7177328052077073
5666.0 0.7106782325024611
5668.0 0.6933729173164238
5670.0 0.6933034741906621
5672.0 0.698764902377509
5674.0 0.7045964324769748
5676.0 0.7076743774925484
5678.0 0.7079242822865739
5680.0 0.70892375616099
5682.0 0.7226325109547357
5684.0 0.7206058616360704
5686.0 0.7230302174692195
5688.0 0.714887103205119
5690.0 0.7042020951342907
5692.0 0.6972910276550378
5694.0 0.6998222577051052
5696.0 0.7059157840125534
5698.0 0.7075380586549719
5700.0 0.7111426730343521
5702.0 0.7091356584069064
5704.0 0.7045428627109994
5706.0 0.6988867289882205
5708.0 0.6994316929351196
5710.0 0.7064319609606035
5712.0 0.705676958214996
5714.0 0.712309487431996
5716.0 0.709665122546188
5718.0 0.7104847521944333
5720.0 0.7113156857475315
5722.0 0.7063960125952093
5724.0 0.7040808675281734
5726.0 0.7063783635313473
5728.0 0.7139971702444964
5730.0 0.7187486644492452
5732.0 0.7155922078310517
5734.0 0.7185891709172512
5736.0 0.7156971546039267
5738.0 0.7152326510647019
5740.0 0.7151392588638281
5742.0 0.7147117209360623
5744.0 0.7041504715239092
5746.0 0.6959457801459132
5748.0 0.6942130249215981
5750.0 0.6965629117605783
5752.0 0.6931410289453155
5754.0 0.6960275596709578
5756.0 0.7026713473612121
5758.0 0.7109050967491447
5760.0 0.7144149796701028
5762.0 0.7180536036362684
5764.0 0.7091104040275802
5766.0 0.7069006130626259
5768.0 0.6982210007048816
5770.0 0.6990676506392725
5772.0 0.7045502639576153
5774.0 0.7056391503122643
5776.0 0.7136820911979006
5778.0 0.7211334963369775
5780.0 0.7265572772063085
5782.0 0.7251090700552946
5784.0 0.7250473593885326
5786.0 0.7240127288625922
5788.0 0.7290190791619278
5790.0 0.7301187724287123
5792.0 0.7301820448789291
5794.0 0.7375451562687231
5796.0 0.7442173079537031
5798.0 0.7502775710096196
5800.0 0.7590116029441962
5802.0 0.7672619872519755
5804.0 0.7656986823554615
5806.0 0.7673158007645253
5808.0 0.7776877742303525
5810.0 0.7724403306407462
5812.0 0.7664724349519926
5814.0 0.760422010599439
5816.0 0.7624524855133141
5818.0 0.771587225753611
5820.0 0.7780118896279608
5822.0 0.7802498584242775
5824.0 0.780808247030303
5826.0 0.7773632359389553
5828.0 0.7784710891929512
5830.0 0.782254757499132
5832.0 0.7834549453878578
5834.0 0.7765899902941454
5836.0 0.7745051740677428
5838.0 0.7742039393620364
5840.0 0.7869599206781566
5842.0 0.7894506627867383
5844.0 0.7810280898931621
5846.0 0.7747869867924756
5848.0 0.7776476079179332
5850.0 0.789984991184553
5852.0 0.7912389423880021
5854.0 0.7923167216238982
5856.0 0.7951052678120333
5858.0 0.7939355147775584
5860.0 0.7949384499634402
5862.0 0.7928130123781671
5864.0 0.7921953489820371
5866.0 0.796144528271822
5868.0 0.7963837186624108
5870.0 0.7947904162763595
5872.0 0.7920043615324607
5874.0 0.7828376265904575
5876.0 0.7695603208628208
5878.0 0.7643083930235938
5880.0 0.7662807779799415
5882.0 0.7677484663454924
5884.0 0.7674636667196788
5886.0 0.7685782333573199
5888.0 0.7733480992908208
5890.0 0.7762746363731172
5892.0 0.7746061900739557
5894.0 0.7724038327591497
5896.0 0.770222030187228
5898.0 0.7739261818916751
5900.0 0.7711307663487901
5902.0 0.7724808833706615
5904.0 0.7725929767254793
5906.0 0.771626840751794
5908.0 0.7719894752925028
5910.0 0.7721212116233833
5912.0 0.778423216484148
5914.0 0.781022308321176
5916.0 0.7843441177968162
5918.0 0.7834878712678197
5920.0 0.7792641736103574
5922.0 0.7796434693657812
5924.0 0.7767372593599272
5926.0 0.773160661541933
5928.0 0.7787036400835547
5930.0 0.771313922856938
5932.0 0.7629055976366657
5934.0 0.7559463370157564
5936.0 0.7555717783276609
5938.0 0.7564597573376586
5940.0 0.7575776784347332
5942.0 0.7625626439883199
5944.0 0.7582997232890722
5946.0 0.7561484951746033
5948.0 0.7521529404912801
5950.0 0.750127029522433
5952.0 0.7523562898357029
5954.0 0.7481758740656207
5956.0 0.7451945772353773
5958.0 0.745740528939658
5960.0 0.7431177662106189
5962.0 0.7484510122946083
5964.0 0.7527800416094726
5966.0 0.753814298465147
5968.0 0.7478189555987351
5970.0 0.7527888222153108
5972.0 0.7541182752379989
5974.0 0.7538498209352739
5976.0 0.7582329677725074
5978.0 0.758490999426598
5980.0 0.7582944327394096
5982.0 0.7523884980793852
5984.0 0.7478047575893179
5986.0 0.746854403832021
5988.0 0.7460161770522772
5990.0 0.7441095650776955
5992.0 0.7468464733631324
5994.0 0.7491331376207925
5996.0 0.7411114530394304
5998.0 0.7393603587670688
6000.0 0.7372331643693414
6002.0 0.7366164945663776
6004.0 0.7415460683657004
6006.0 0.7450195510487456
6008.0 0.7470874791275951
6010.0 0.7477462130586338
6012.0 0.7477657504316468
6014.0 0.743648634577658
6016.0 0.7413929152080235
6018.0 0.7387361424305391
6020.0 0.742770989187562
6022.0 0.7406227483417388
6024.0 0.7356590375820308
6026.0 0.7246245689797891
6028.0 0.7243223557697142
6030.0 0.7264987248023071
6032.0 0.7254703245385682
6034.0 0.729047414796688
6036.0 0.7294745093370322
6038.0 0.7226645109497833
6040.0 0.7142047170252263
6042.0 0.7085904977289146
6044.0 0.7141168811739628
6046.0 0.7115862921965165
6048.0 0.7139958974690194
6050.0 0.7208235968335103
6052.0 0.7241777187812324
6054.0 0.7197596421147385
6056.0 0.7156522817255226
6058.0 0.7192781765088077
6060.0 0.7176693370970393
6062.0 0.7203734285408299
6064.0 0.7232623241227056
6066.0 0.7296040557664412
6068.0 0.7318282326154766
6070.0 0.7324563149537167
6072.0 0.7320334691592935
6074.0 0.7258580983209493
6076.0 0.7256930845023709
6078.0 0.7351183216860914
6080.0 0.7371319413626474
6082.0 0.7444016694676208
6084.0 0.744385503752221
6086.0 0.7415459314002153
6088.0 0.742904815045884
6090.0 0.7446885963632327
6092.0 0.7437098527886387
6094.0 0.7475033311922953
6096.0 0.7509926331478354
6098.0 0.748317919665442
6100.0 0.7416248077991029
6102.0 0.7437899967070015
6104.0 0.7437815482583238
6106.0 0.7405480196819495
6108.0 0.7448219460701724
6110.0 0.7422843144253622
6112.0 0.7457665937264272
6114.0 0.745510041573481
6116.0 0.7481014959975562
6118.0 0.752310978256086
6120.0 0.7481157913361967
6122.0 0.7527981260818354
6124.0 0.7537616392039852
6126.0 0.754769169723271
6128.0 0.7521567094309207
6130.0 0.7532352028861866
6132.0 0.7539941086703037
6134.0 0.7468567266369424
6136.0 0.7413324449613966
6138.0 0.7420996032633271
6140.0 0.7411234949318424
6142.0 0.7510242217550752
6144.0 0.7494091567008586
6146.0 0.7495619762591447
6148.0 0.7517777027582062
6150.0 0.7556417393666005
6152.0 0.7562642593593516
6154.0 0.7639555221361854
6156.0 0.7647370912127607
6158.0 0.769598852554036
6160.0 0.7688383497755044
6162.0 0.771319506930679
6164.0 0.779852290348845
6166.0 0.7824486104026224
6168.0 0.786301698777587
6170.0 0.7854480012027456
6172.0 0.7877411479951719
6174.0 0.784469258045496
6176.0 0.7851878277731593
6178.0 0.7863118216956747
6180.0 0.7856876896614738
6182.0 0.7874165002814133
6184.0 0.7911346144582784
6186.0 0.7958952201630353
6188.0 0.7972029569039784
6190.0 0.8021867652816427
6192.0 0.8061541127483335
6194.0 0.8018463278539948
6196.0 0.8050265957488659
6198.0 0.8006061014894349
6200.0 0.7999985756340826
6202.0 0.8055182587692596
6204.0 0.8057889513466391
6206.0 0.8183589663007933
6208.0 0.8217838952511136
6210.0 0.8218300531341033
6212.0 0.8201423335002742
6214.0 0.8035334432582903
6216.0 0.8003938258939035
6218.0 0.803724599486526
6220.0 0.81031800270329
6222.0 0.8134631901645215
6224.0 0.815164791187711
6226.0 0.8114374721697243
6228.0 0.8096242970836163
6230.0 0.8064514757455612
6232.0 0.7997022508433858
6234.0 0.8031980822469745
6236.0 0.8086180998014364
6238.0 0.8114681634193494
6240.0 0.8148592029907817
6242.0 0.8131426336171639
6244.0 0.8128264578001817
6246.0 0.8175738099969317
6248.0 0.8141463209970012
6250.0 0.8127051900873757
6252.0 0.8143531560918301
6254.0 0.8149464847779159
6256.0 0.8116385682252271
6258.0 0.8085659654625043
6260.0 0.8020546811742997
6262.0 0.7953409849544297
6264.0 0.7939655156832625
6266.0 0.7971519238448945
6268.0 0.7953399566947661
6270.0 0.7965060632061283
6272.0 0.7968043658749598
6274.0 0.7964599424508404
6276.0 0.8015500138738035
6278.0 0.8017005903648481
6280.0 0.8027378686166219
6282.0 0.8004976380396294
6284.0 0.799921582126306
6286.0 0.8083313507826512
6288.0 0.8154576927156499
6290.0 0.8237997653614627
6292.0 0.8204129904893743
6294.0 0.8158654800371892
6296.0 0.8148259691939896
6298.0 0.8178221968338516
6300.0 0.8218112947891225
6302.0 0.8251647972984795
6304.0 0.8331543010412478
6306.0 0.8328552893459045
6308.0 0.8334520610736427
6310.0 0.8347265054229467
6312.0 0.837429750742201
6314.0 0.8383290304962645
6316.0 0.8358721309850639
6318.0 0.8403186396506581
6320.0 0.8377318182622523
6322.0 0.8341870006209807
6324.0 0.8309912205758212
6326.0 0.8300402721146178
6328.0 0.8247178677957245
6330.0 0.8226109400241087
6332.0 0.8205185546487513
6334.0 0.818318607423135
6336.0 0.8197198538255089
6338.0 0.820807007451669
6340.0 0.817824647655998
6342.0 0.8154733782606176
6344.0 0.8130422891015392
6346.0 0.819985203474087
6348.0 0.8217385813580839
6350.0 0.8109057448851155
6352.0 0.807813526450794
6354.0 0.8102661952142218
6356.0 0.8102640416965126
6358.0 0.8120393390209546
6360.0 0.813557930185255
6362.0 0.8150758302085017
6364.0 0.8194129542866306
6366.0 0.8216500662012642
6368.0 0.822898445265647
6370.0 0.8141588717724949
6372.0 0.8122526948433615
6374.0 0.813757002636887
6376.0 0.8191544787058278
6378.0 0.8205512849556136
6380.0 0.8288166655529794
6382.0 0.8298357836568068
6384.0 0.8275017059459527
6386.0 0.8320579959018193
6388.0 0.8295773637074325
6390.0 0.8258223439964046
6392.0 0.8236476293686471
6394.0 0.8241396674501617
6396.0 0.8264812525059075
6398.0 0.8278446627743323
6400.0 0.8257121938614753
6402.0 0.8250056829898822
6404.0 0.830625333022163
6406.0 0.8272990827447019
6408.0 0.8229240871354963
6410.0 0.8225719283146509
6412.0 0.8234016933811246
6414.0 0.820127537682545
6416.0 0.8204545269733201
6418.0 0.8174003701161324
6420.0 0.8102257282800269
6422.0 0.8082102719998729
6424.0 0.8087079202242186
6426.0 0.8084142485736483
6428.0 0.8030557078438024
6430.0 0.8037414479358842
6432.0 0.8058974312612781
6434.0 0.8081540001855817
6436.0 0.8107174362797509
6438.0 0.81012979009761
6440.0 0.8110676093267695
6442.0 0.810333733728007
6444.0 0.8120240962974893
6446.0 0.8115826282085475
6448.0 0.806727488529043
6450.0 0.8029790604101866
6452.0 0.7977734056321721
6454.0 0.7933630594077693
6456.0 0.7969545017947458
6458.0 0.7972444663174784
6460.0 0.7978561840391255
6462.0 0.7949879564004375
6464.0 0.7953358609288587
6466.0 0.7908098730813036
6468.0 0.7885336428028693
6470.0 0.7847380980143764
6472.0 0.7857341690472495
6474.0 0.7883195890681161
6476.0 0.7892560276369853
6478.0 0.7894002442506795
6480.0 0.7872803173905327
6482.0 0.7829634818999227
6484.0 0.785133721756633
6486.0 0.7882875846863501
6488.0 0.7944961313811453
6490.0 0.7972768134765468
6492.0 0.7953055973892318
6494.0 0.7943356544706929
6496.0 0.7905938198246107
6498.0 0.7886029920789128
6500.0 0.7835458571088982
6502.0 0.780518043474083
6504.0 0.7759740114474776
6506.0 0.7756185109177761
6508.0 0.7823029243087113
6510.0 0.7844723650477484
6512.0 0.78623716231257
6514.0 0.7834660133265838
6516.0 0.7838463682909605
6518.0 0.7826352435188456
6520.0 0.784023830850471
6522.0 0.7814139470728511
6524.0 0.7778258011412258
6526.0 0.7745892347050329
6528.0 0.7771280147509396
6530.0 0.7821971313809024
6532.0 0.7762136862337263
6534.0 0.7746257820071025
6536.0 0.7729689128401684
6538.0 0.7725948439399608
6540.0 0.7730638618126073
6542.0 0.7726134181007395
6544.0 0.7710785323491499
6546.0 0.7699626939037278
6548.0 0.7689170620117822
6550.0 0.7640910354500151
6552.0 0.7611257124395482
6554.0 0.7622109465541161
6556.0 0.7628428046980187
6558.0 0.7616670829537078
6560.0 0.7631346028283456
6562.0 0.7629409997800736
6564.0 0.7600346190349169
6566.0 0.7577281421642491
6568.0 0.7572481368388851
6570.0 0.7552433508739894
6572.0 0.7557594429078516
6574.0 0.7537870847995536
6576.0 0.7514081719836225
6578.0 0.7501757574737221
6580.0 0.7497290947201315
6582.0 0.749700782245936
6584.0 0.7482622326215546
6586.0 0.7434196503742532
6588.0 0.7429393401663528
6590.0 0.7439355832513012
6592.0 0.7424064166280059
6594.0 0.7395165127303631
6596.0 0.7384727100957089
6598.0 0.7357873397859838
6600.0 0.7355360450756062
6602.0 0.7357346958954616
6604.0 0.7342868375843857
6606.0 0.7359784987676897
6608.0 0.7372944693015647
6610.0 0.7326617723186035
6612.0 0.7337200621223222
6614.0 0.7287141143802933
6616.0 0.7245581352406246
6618.0 0.7235261903401791
6620.0 0.7210972630406739
6622.0 0.7219618951036917
6624.0 0.7227141331952278
6626.0 0.7237242482286947
6628.0 0.720316142737387
6630.0 0.7180437233153714
6632.0 0.7163827944946691
6634.0 0.7152728824740351
6636.0 0.7161539721069127
6638.0 0.7138002994699416
6640.0 0.7105661189140136
6642.0 0.7117550793953854
6644.0 0.7102712531269476
6646.0 0.7082761914538873
6648.0 0.7072821878169782
6650.0 0.7041148575621196
6652.0 0.7000469632286008
6654.0 0.6992781137016412
6656.0 0.6981927664356112
6658.0 0.6965782188559975
6660.0 0.6930897675351163
6662.0 0.691652020574386
6664.0 0.696151162342814
6666.0 0.6933409043216009
6668.0 0.6946123357965327
6670.0 0.6897694409962822
6672.0 0.6862476208803316
6674.0 0.6871668744979766
6676.0 0.6884935121438582
6678.0 0.6877638937594568
6680.0 0.6827632247444281
6682.0 0.6785052301649672
6684.0 0.6782651484066712
6686.0 0.6758895442295529
6688.0 0.6720611087723022
6690.0 0.6698482001336856
6692.0 0.6655307266593797
6694.0 0.6665065227768195
6696.0 0.6607436475843858
6698.0 0.6562423133433164
6700.0 0.6594223708461218
6702.0 0.6604031806206553
6704.0 0.6645275389845472
6706.0 0.6606199997080554
6708.0 0.6548846911213863
6710.0 0.6548969706518477
6712.0 0.6564175554773135
6714.0 0.6544624225806907
6716.0 0.6525618099436931
6718.0 0.6462882197180781
6720.0 0.6430905553629257
6722.0 0.6417000709852176
6724.0 0.6468275977055629
6726.0 0.6485497167059805
6728.0 0.6505710854544771
6730.0 0.651076776632589
6732.0 0.6452537431409369
6734.0 0.644027512166108
6736.0 0.6390059894051117
6738.0 0.6374361111801125
6740.0 0.6369209260106004
6742.0 0.6420919463841481
6744.0 0.6389012754989415
6746.0 0.6285366762440334
6748.0 0.625077982481749
6750.0 0.6222556306035114
6752.0 0.623168063206992
6754.0 0.6273600254049222
6756.0 0.6269690016661953
6758.0 0.6196659325879841
6760.0 0.6132188302669891
6762.0 0.6120662904587836
6764.0 0.6099456135081713
6766.0 0.6113370269575441
6768.0 0.6068445039791226
6770.0 0.6028605168150429
6772.0 0.6002865747116005
6774.0 0.6012852637454071
6776.0 0.5991090983395159
6778.0 0.5951730910180684
6780.0 0.5928432897832879
6782.0 0.5911049052289817
6784.0 0.591847445754572
6786.0 0.5885052898218827
6788.0 0.5852032801947911
6790.0 0.5850619153244961
6792.0 0.5893105782268386
6794.0 0.5902889268786169
6796.0 0.5873132034667673
6798.0 0.5837831023603162
6800.0 0.5802283462985227
6802.0 0.579042741988438
6804.0 0.5793301758588643
6806.0 0.5826979943821569
6808.0 0.5801788508291686
6810.0 0.5748786998528049
6812.0 0.5686650703394818
6814.0 0.5682741726009609
6816.0 0.5700151966967779
6818.0 0.571903595319598
6820.0 0.5738896613676994
6822.0 0.5660208807055537
6824.0 0.5634565556736987
6826.0 0.5659177603628666
6828.0 0.5688389910801276
6830.0 0.5637740096402633
6832.0 0.5617196242489568
6834.0 0.5622529001407499
6836.0 0.5629387569608382
6838.0 0.5605413363853247
6840.0 0.5549743858742164
6842.0 0.5564840529380846
6844.0 0.5529949614078591
6846.0 0.5429886406176185
6848.0 0.5304223177082381
6850.0 0.5181296535266173
6852.0 0.5022082030773058
6854.0 0.48982671778328307
6856.0 0.47456816980605016
6858.0 0.4666569109359446
6860.0 0.47205442812279225
6862.0 0.4780081308948622
6864.0 0.4869561211926056
6866.0 0.5001628466275657
6868.0 0.5087656754660282
6870.0 0.5136150902310562
6872.0 0.5156181090178021
6874.0 0.5125980144188889
6876.0 0.5104656499709528
6878.0 0.5113629357903823
6880.0 0.5096689974551404
6882.0 0.5084885368622284
6884.0 0.508626163677264
6886.0 0.5143859988265717
6888.0 0.5240285104320473
6890.0 0.530020853057339
6892.0 0.5301694935366112
6894.0 0.5338490634590018
6896.0 0.5298449446266078
6898.0 0.5344039331762852
6900.0 0.540038272538317
6902.0 0.5445408054141254
6904.0 0.5496554808500479
6906.0 0.5518535771735062
6908.0 0.5519853789228382
6910.0 0.5518092309555289
6912.0 0.5512865546785838
6914.0 0.5492840308539682
6916.0 0.5463006790080933
6918.0 0.5501333790584498
6920.0 0.5522121951178321
6922.0 0.5495665000723444
6924.0 0.5515156334558983
6926.0 0.5492191350799324
6928.0 0.5464102083127357
6930.0 0.5485187792627094
6932.0 0.5525060222342297
6934.0 0.5541215078313445
6936.0 0.5542401839708931
6938.0 0.5527354530934071
6940.0 0.5570510625976584
6942.0 0.5574955916349756
6944.0 0.5532896858735521
6946.0 0.5485180881660681
6948.0 0.5496681628008926
6950.0 0.5589241689292056
6952.0 0.5631826746195376
6954.0 0.5596164025392701
6956.0 0.5557012098032372
6958.0 0.5546171663265969
6960.0 0.5521497246334226
6962.0 0.5525317107426114
6964.0 0.552184865101363
6966.0 0.5519581029090798
6968.0 0.5453109153713794
6970.0 0.5460877424806974
6972.0 0.5488750753052501
6974.0 0.5507472116312045
6976.0 0.548579478840861
6978.0 0.5466238681241241
6980.0 0.5452104895842028
6982.0 0.5417278822137641
6984.0 0.5387358986822643
6986.0 0.5386557456926268
6988.0 0.5399248689032871
6990.0 0.5385046081684017
6992.0 0.5362230508548946
6994.0 0.5356540429781218
6996.0 0.5378442822956043
6998.0 0.536250539194794
7000.0 0.5367163978026971
7002.0 0.5338324367984464
7004.0 0.5348689425330853
7006.0 0.5344571776689943
7008.0 0.5366867846222177
7010.0 0.5391263672684287
7012.0 0.5402415134576014
7014.0 0.5406291760338172
7016.0 0.5428114893285164
7018.0 0.544179137558248
7020.0 0.54586737259086
7022.0 0.5465399670979657
7024.0 0.5452731037862093
7026.0 0.5444363169514828
7028.0 0.5437403384611079
7030.0 0.5506403373977181
7032.0 0.5488822433498665
7034.0 0.5456970389365976
7036.0 0.5420444939652095
7038.0 0.5393634234670088
7040.0 0.538727799961561
7042.0 0.5371329903310923
7044.0 0.5342398806029733
7046.0 0.5391040141625396
7048.0 0.5401293287031693
7050.0 0.5416965089679425
7052.0 0.5435487655198112
7054.0 0.5450186481843738
7056.0 0.540978603595266
7058.0 0.532875344303191
7060.0 0.5339298924227122
7062.0 0.5383588451722272
7064.0 0.5423557543779809
7066.0 0.5421932617479214
7068.0 0.5427170058122908
7070.0 0.5408601348510167
7072.0 0.5433937437190446
7074.0 0.543816332198563
7076.0 0.53966809100884
7078.0 0.5383245845339836
7080.0 0.5372840405597706
7082.0 0.5364049663273065
7084.0 0.5384262268163226
7086.0 0.536486672339723
7088.0 0.5331795615259831
7090.0 0.534502248547724
7092.0 0.535551308883241
7094.0 0.5368260813348807
7096.0 0.5450365717420911
7098.0 0.5471935232175863
7100.0 0.5484582469205274
7102.0 0.5490228529716435
7104.0 0.5482947563236025
7106.0 0.5409305778614715
7108.0 0.5407216841043627
7110.0 0.5391433964622552
7112.0 0.5406845054914323
7114.0 0.538979117708736
7116.0 0.5433519504573573
7118.0 0.5464350355490224
7120.0 0.5457083505475663
7122.0 0.5426613166689329
7124.0 0.5442574521629177
7126.0 0.5444387509050582
7128.0 0.5488306366755656
7130.0 0.5481693204214003
7132.0 0.5466680210352649
7134.0 0.5449173630599656
7136.0 0.5457987018901272
7138.0 0.5464875930204146
7140.0 0.5427910238522109
7142.0 0.5474209589107134
7144.0 0.5475699121899898
7146.0 0.5479738826391112
7148.0 0.5435144312889508
7150.0 0.5354091528813796
7152.0 0.5260036984616416
7154.0 0.5214323091979398
7156.0 0.5145926167178778
7158.0 0.5118235035426025
7160.0 0.5117494997978387
7162.0 0.509546281186004
7164.0 0.51184758761211
7166.0 0.5115946034158714
7168.0 0.5094383352538182
7170.0 0.5047371852489226
7172.0 0.5064718817861662
7174.0 0.5054349719018473
7176.0 0.5129571443778278
7178.0 0.5100354299124242
7180.0 0.5090705962386344
7182.0 0.5107342752117079
7184.0 0.5053274574712427
7186.0 0.504707257199626
7188.0 0.5093208928907407
7190.0 0.5155182380616278
7192.0 0.5171384043248864
7194.0 0.5275898764392326
7196.0 0.5387585872450898
7198.0 0.5436878739624282
7200.0 0.5487355756310963
7202.0 0.5458925747189699
7204.0 0.5455138977298628
7206.0 0.548736108265063
7208.0 0.5458730276014631
7210.0 0.5454904640500743
7212.0 0.5389476585425031
7214.0 0.5345293664286
7216.0 0.5331034185960446
7218.0 0.5309926257747909
7220.0 0.5285756800188404
7222.0 0.5278738236510016
7224.0 0.5309160671684413
7226.0 0.531147688841123
7228.0 0.5234660015690034
7230.0 0.5198334969375334
7232.0 0.5218517640885224
7234.0 0.5235449615499272
7236.0 0.5273841509368344
7238.0 0.5271993628517021
7240.0 0.5299538610210044
7242.0 0.5255801281103079
7244.0 0.5264460051222685
7246.0 0.5265749876429086
7248.0 0.5308250265789899
7250.0 0.5290466108634532
7252.0 0.5264829401069353
7254.0 0.5276365600569475
7256.0 0.5207679552760108
7258.0 0.5161560770504943
7260.0 0.5119238341343074
7262.0 0.5156402533633535
7264.0 0.5186788205562448
7266.0 0.5217062721892171
7268.0 0.5254466550547088
7270.0 0.5258778144629557
7272.0 0.5152561790042576
7274.0 0.5093100070252607
7276.0 0.5061258737251733
7278.0 0.5099838086674036
7280.0 0.5141683499446127
7282.0 0.5109052079983505
7284.0 0.5117734162475237
7286.0 0.5125138741926802
7288.0 0.5113272244286937
7290.0 0.5071092960585745
7292.0 0.5035146583916882
7294.0 0.5034366936443019
7296.0 0.5089834926715432
7298.0 0.5089472065594952
7300.0 0.50447237264932
7302.0 0.5037907560682288
7304.0 0.5053603511293293
7306.0 0.5062326065027501
7308.0 0.5059918305692493
7310.0 0.5005397141882648
7312.0 0.4991634262090119
7314.0 0.5015081653073026
7316.0 0.4958566073243053
7318.0 0.49668532641435703
7320.0 0.4986634902737635
7322.0 0.49455922957798343
7324.0 0.4876916898654636
7326.0 0.49114570919717265
7328.0 0.49171305797312
7330.0 0.48852909443423914
7332.0 0.4889886177815797
7334.0 0.4915275884472133
7336.0 0.48982861619946455
7338.0 0.4886533364853819
7340.0 0.484942657728903
7342.0 0.4764084922208511
7344.0 0.47533807932579386
7346.0 0.47509408204182435
7348.0 0.4683792451918957
7350.0 0.46490567501975394
7352.0 0.46302680549120995
7354.0 0.45896693223674556
7356.0 0.4605299158302607
7358.0 0.4598981633054207
7360.0 0.456281965789456
7362.0 0.4569936675059894
7364.0 0.45546005220216645
7366.0 0.45140399175361773
7368.0 0.45164829970559567
7370.0 0.4506413898161584
7372.0 0.4443719739100605
7374.0 0.4381229738362704
7376.0 0.4338435113707744
7378.0 0.4303017769567744
7380.0 0.4235039934553963
7382.0 0.42601983194505655
7384.0 0.4249968817857965
7386.0 0.42551658999228725
7388.0 0.4190381062365195
7390.0 0.419945138205266
7392.0 0.41038621897719696
7394.0 0.4036375236842908
7396.0 0.3987924558322219
7398.0 0.39612084051621604
7400.0 0.393091025955909
7402.0 0.3920906583774627
7404.0 0.3883935585849571
7406.0 0.38721270866271723
7408.0 0.38447493511552616
7410.0 0.38388045184463543
7412.0 0.3923679325489999
7414.0 0.39970030724072114
7416.0 0.40769286133448895
7418.0 0.3991221909065121
7420.0 0.39848864994499905
7422.0 0.37892504369901286
7424.0 0.3778234930911502
7426.0 0.3687676386394332
7428.0 0.3682827475180502
7430.0 0.36445809844406657
7432.0 0.3605063036907765
7434.0 0.35534022955605876
7436.0 0.34873227399071977
7438.0 0.34661039573158536
7440.0 0.34051397811780315
7442.0 0.3333316820675669
7444.0 0.3331483429628348
7446.0 0.3336720809816337
7448.0 0.3317604746957017
7450.0 0.33051425784765803
7452.0 0.3283307718378793
7454.0 0.32547812932861064
7456.0 0.3240978610258948
7458.0 0.31881234742376635
7460.0 0.3189625653677547
7462.0 0.32011395533402287
7464.0 0.3228078148782249
7466.0 0.32102335111865804
7468.0 0.3217921149876886
7470.0 0.3169048167595841
7472.0 0.3194014234812512
7474.0 0.3135464902102792
7476.0 0.31287265443723195
7478.0 0.30542672548102984
7480.0 0.3056502582649128
7482.0 0.30635103937750396
7484.0 0.30716659960731335
7486.0 0.304146839990544
7488.0 0.3027318109793123
7490.0 0.29550944691214504
7492.0 0.2921810131811638
7494.0 0.2960084162989459
7496.0 0.29330293984724803
7498.0 0.2910164348892329
7500.0 0.28593240711317813
7502.0 0.2834136023756176
7504.0 0.2854996064566128
7506.0 0.28778770008595067
7508.0 0.2893151544375145
7510.0 0.2866132694992821
7512.0 0.2818577036066511
7514.0 0.27808194559086064
7516.0 0.27786147668270145
7518.0 0.27398714982636907
7520.0 0.27002486555937866
7522.0 0.26826758670528833
7524.0 0.26729873355901834
7526.0 0.2684407902136128
7528.0 0.2670705959211475
7530.0 0.26509559953331424
7532.0 0.2633635829095832
7534.0 0.2616263626462189
7536.0 0.2598630959381744
7538.0 0.25821579977101744
7540.0 0.2564221574865862
7542.0 0.254789963269838
7544.0 0.25296923007483096
7546.0 0.2514123101229028
7548.0 0.24947057831767683
7550.0 0.24783629832316362
7552.0 0.2461089245251207
7554.0 0.24433542457642277
7556.0 0.24269517194608423
7558.0 0.24089660785361974
7560.0 0.23927040341995465
7562.0 0.23716832794596643
7564.0 0.23562185419026963
7566.0 0.23393466521752512
7568.0 0.23211108342559206
7570.0 0.22949843086128016
7572.0 0.22710804105428645
7574.0 0.2256212957024184
7576.0 0.22406193171088193
7578.0 0.22358421669744932
7580.0 0.22507434205060012
7582.0 0.21580186899168197
7584.0 0.1991624172983778
7586.0 0.19142756907778868
7588.0 0.1913844709281529
7590.0 0.1958398678184973
7592.0 0.19682856193922452
7594.0 0.19842310658222043
7596.0 0.2005362776630139
7598.0 0.20876338302860595
7600.0 0.2108100715450069
7602.0 0.21702071871456566
7604.0 0.2169246928572275
7606.0 0.2178597990311967
7608.0 0.21799471909422305
7610.0 0.2159800854851938
7612.0 0.21346893159473873
7614.0 0.21473493298077942
7616.0 0.21534087403219418
7618.0 0.2178613431818876
7620.0 0.21888582573579993
7622.0 0.22339030128729517
7624.0 0.22468936958148608
7626.0 0.22723801235655663
7628.0 0.22665083755522425
7630.0 0.2279315783700703
7632.0 0.2286311654402041
7634.0 0.2323096524417595
7636.0 0.23358524903863612
7638.0 0.23721291385421112
7640.0 0.24457167370540064
7642.0 0.24902035799508387
7644.0 0.2554421054364783
7646.0 0.2611426961009321
7648.0 0.2661506674545635
7650.0 0.26895885503809325
7652.0 0.27213416520894274
7654.0 0.27196619937481487
7656.0 0.2755560189347642
7658.0 0.27856562756893527
7660.0 0.2805347447110084
7662.0 0.28377540905487386
7664.0 0.28602423276929495
7666.0 0.2891347437696635
7668.0 0.291533860892415
7670.0 0.29332345064170234
7672.0 0.2926505902482052
7674.0 0.29245281950228075
7676.0 0.2924512487770561
7678.0 0.29483243120447244
7680.0 0.29763862142812575
7682.0 0.3024310363918952
7684.0 0.3051941906817169
7686.0 0.3048463713385653
7688.0 0.299078707713194
7690.0 0.29477949848819535
7692.0 0.29546335243247834
7694.0 0.29794575216763713
7696.0 0.3001036480488274
7698.0 0.30017369915006137
7700.0 0.299301730430398
7702.0 0.29909343264238913
7704.0 0.29861657404384007
7706.0 0.29833536331074034
7708.0 0.2986165054511452
7710.0 0.29889807633889875
7712.0 0.2987254216887443
7714.0 0.29814483931901886
7716.0 0.29804570714012185
7718.0 0.29808616184594333
7720.0 0.2983264044565599
7722.0 0.29841984827909085
7724.0 0.2987038785763681
7726.0 0.2992931588822772
7728.0 0.29961581526049674
7730.0 0.2994081484344021
7732.0 0.29946023823201573
7734.0 0.2995971014939433
7736.0 0.2995289759209284
7738.0 0.2994868226478577
7740.0 0.29952272175948164
7742.0 0.29996121884994276
7744.0 0.30035488843717345
7746.0 0.30047271721850805
7748.0 0.30050323472452145
7750.0 0.2998621115336396
7752.0 0.2997561343738263
7754.0 0.3001948542693357
7756.0 0.30073165606268537
7758.0 0.30055042292448847
7760.0 0.2998459277024311
7762.0 0.29996956638649225
7764.0 0.3012495102065573
7766.0 0.3018694491467683
7768.0 0.30212862678817504
7770.0 0.3018951637904486
7772.0 0.3012254227159784
7774.0 0.30080046479164835
7776.0 0.30079377353633713
7778.0 0.3007704413545982
7780.0 0.3003843205073794
7782.0 0.2998425496734323
7784.0 0.29978268345915227
7786.0 0.3006156449754832
7788.0 0.3021331465736928
7790.0 0.30366943177287054
7792.0 0.30496725992496937
7794.0 0.3049543019434402
7796.0 0.304469142079563
7798.0 0.3041865556783866
7800.0 0.30384213195215876
7802.0 0.30362388579769234
7804.0 0.30393065587694884
7806.0 0.30449412325805103
7808.0 0.3039117327471636
7810.0 0.3032633950941864
7812.0 0.30287310717753174
7814.0 0.30289306255403836
7816.0 0.30283833648307673
7818.0 0.3029741149385161
7820.0 0.30342345653639896
7822.0 0.30361398852440985
7824.0 0.3036125526620262
7826.0 0.3028635049858925
7828.0 0.3016256292880101
7830.0 0.3010926642869426
7832.0 0.3016162590659968
7834.0 0.30204615398948326
7836.0 0.30262127576028436
7838.0 0.30337890710159465
7840.0 0.30393232570653633
7842.0 0.30454137572743933
7844.0 0.3041788690158988
7846.0 0.30325259327419024
7848.0 0.30232454765441763
7850.0 0.3019198918297624
7852.0 0.3015387004271468
7854.0 0.30136066225036895
7856.0 0.3011573296657114
7858.0 0.30052204842358843
7860.0 0.2995162361322857
7862.0 0.2993611227260696
7864.0 0.3003275840111597
7866.0 0.30152912112670954
7868.0 0.30187081919408043
7870.0 0.3017111017569717
7872.0 0.30124996649609886
7874.0 0.3003448667384945
7876.0 0.2997393598975916
7878.0 0.29991535660447305
7880.0 0.3000305087048139
7882.0 0.29978467318466595
7884.0 0.298984004468142
7886.0 0.297876090018026
7888.0 0.29658107096166275
7890.0 0.29584627942589875
7892.0 0.29524285663908867
7894.0 0.29484971244780417
7896.0 0.2955648999278154
7898.0 0.2965623215163643
7900.0 0.2971265027347458
7902.0 0.29770507798244406
7904.0 0.2980668745812973
7906.0 0.2982456727126979
7908.0 0.29833649534217865
7910.0 0.29868117906459446
7912.0 0.2994685367063093
7914.0 0.29915957589422
7916.0 0.2979230951107654
7918.0 0.2967762303117725
7920.0 0.29586749817256275
7922.0 0.29560451089897255
7924.0 0.29622332428976894
7926.0 0.2966911287931826
7928.0 0.2970480701097973
7930.0 0.2971700560808105
7932.0 0.297491881025094
7934.0 0.29820013500673903
7936.0 0.2984184167362514
7938.0 0.2982840078331533
7940.0 0.2980456646338559
7942.0 0.2983070834638157
7944.0 0.29877948855363873
7946.0 0.2989782418762348
7948.0 0.2985619585912441
7950.0 0.29769505038896205
7952.0 0.2965060117826356
7954.0 0.295399603851637
7956.0 0.29492496017236675
7958.0 0.2948624859025465
7960.0 0.2948123351709048
7962.0 0.2952191669005728
7964.0 0.29547052254321715
7966.0 0.29550578956596096
7968.0 0.29619142381636054
7970.0 0.2969117262399982
7972.0 0.2973105646054733
7974.0 0.2977214566086669
7976.0 0.29807749056457344
7978.0 0.29826447882275914
7980.0 0.29808395031977675
7982.0 0.29776873841367835
7984.0 0.29726905455115016
7986.0 0.2967771816484188
7988.0 0.2960973121619898
7990.0 0.2953206503530161
7992.0 0.2945457476522352
7994.0 0.2937591592044582
7996.0 0.2936183800023655
7998.0 0.29446274204717976
8000.0 0.2952065823101403
8002.0 0.29569997873517295
8004.0 0.29600998186592814
8006.0 0.2956788087750155
8008.0 0.2948688455871701
8010.0 0.29423654595859994
8012.0 0.2942971269200751
8014.0 0.29407045908143764
8016.0 0.29274071122449863
8018.0 0.2916124393869997
8020.0 0.29179783103663465
8022.0 0.2923870679020846
8024.0 0.29268693347644203
8026.0 0.2933961465767958
8028.0 0.2940146033322192
8030.0 0.2941847025680429
8032.0 0.2943555917140601
8034.0 0.2941717845703001
8036.0 0.29401186816258335
8038.0 0.294256411346933
8040.0 0.29486654827342995
8042.0 0.29551552696778594
8044.0 0.2958906672007137
8046.0 0.29551721850290213
8048.0 0.2941503872395697
8050.0 0.29327656036826
8052.0 0.2923643517604501
8054.0 0.29190156808466616
8056.0 0.2911694782133857
8058.0 0.29076472409129533
8060.0 0.29089359679611865
8062.0 0.291158519018067
8064.0 0.2914048789738017
8066.0 0.29151884252314947
8068.0 0.29166136157724515
8070.0 0.2917478992571246
8072.0 0.29212886980026476
8074.0 0.2921562226147302
8076.0 0.2918208352576511
8078.0 0.2912320774679928
8080.0 0.2911375304166494
8082.0 0.2913031256082135
8084.0 0.2916784230240978
8086.0 0.2921220471055223
8088.0 0.29162662925528215
8090.0 0.2907315169482387
8092.0 0.29066620974942264
8094.0 0.29186397331547587
8096.0 0.29271703206885297
8098.0 0.2920510029201533
8100.0 0.2908183271122141
8102.0 0.2900949843272128
8104.0 0.2897687999681699
8106.0 0.28989799886540263
8108.0 0.2909794487026177
8110.0 0.29155570082394483
8112.0 0.29083094270101817
8114.0 0.2899142876010946
8116.0 0.2895177097427985
8118.0 0.2890249422272429
8120.0 0.288940760706494
8122.0 0.2894563974316013
8124.0 0.2895860624728696
8126.0 0.2894964904444741
8128.0 0.2896360436817905
8130.0 0.2892647424799571
8132.0 0.288788842559826
8134.0 0.2888877203300838
8136.0 0.29007882538143176
8138.0 0.2904313076846574
8140.0 0.2888201541390304
8142.0 0.2878518629462861
8144.0 0.2886094860208034
8146.0 0.28947180730453875
8148.0 0.28940634260119397
8150.0 0.2889476225442314
8152.0 0.28830311734700526
8154.0 0.2879198699798177
8156.0 0.2888597603581386
8158.0 0.29230058148089855
8160.0 0.295475791518095
8162.0 0.29611095014549604
8164.0 0.29440476545267796
8166.0 0.29308361634561925
8168.0 0.29262093199039396
8170.0 0.2916386587200998
8172.0 0.2893221275220455
8174.0 0.28771153521680565
8176.0 0.2883051566889781
8178.0 0.28980895433283704
8180.0 0.2904938410780255
8182.0 0.2905840274279643
8184.0 0.2909029442745164
8186.0 0.29282037099845276
8188.0 0.2942725027093213
8190.0 0.29395871762812253
8192.0 0.2932544826191975
8194.0 0.29255065841196487
8196.0 0.2915801602394469
8198.0 0.29097446706460595
8200.0 0.29092985357073325
8202.0 0.2909181730438327
8204.0 0.2900608844068529
8206.0 0.2891733820633586
8208.0 0.28860799931334674
8210.0 0.2884933744592645
8212.0 0.28936027812111026
8214.0 0.29006311545701846
8216.0 0.29029796021971993
8218.0 0.2892239261880823
8220.0 0.2882307276713343
8222.0 0.2881734034821109
8224.0 0.2890813817069781
8226.0 0.28895711614369746
8228.0 0.28846819464959844
8230.0 0.28842214859644477
8232.0 0.28894049541012184
8234.0 0.28962864486801093
8236.0 0.2902209388523632
8238.0 0.2906638955170893
8240.0 0.2916297393722745
8242.0 0.2926595380138501
8244.0 0.2926971881846238
8246.0 0.29186706492865994
8248.0 0.291101924081171
8250.0 0.29014663895045567
8252.0 0.2895931768944524
8254.0 0.28918852751818436
8256.0 0.2891146273992288
8258.0 0.2894218006031007
8260.0 0.2900390792973369
8262.0 0.2905300050758606
8264.0 0.29061008406589267
8266.0 0.2907910468659667
8268.0 0.29043838623178003
8270.0 0.29027062365928064
8272.0 0.29061911178380384
8274.0 0.2919837724791271
8276.0 0.2926227055146088
8278.0 0.2919713480613937
8280.0 0.2915296692953461
8282.0 0.29197941191918964
8284.0 0.2931630024057963
8286.0 0.29402165128898794
8288.0 0.2948732156072332
8290.0 0.29522201474161697
8292.0 0.2946966803121492
8294.0 0.29463285241383746
8296.0 0.2946284810519671
8298.0 0.29486857382136766
8300.0 0.29537820264463815
8302.0 0.2958539394238495
8304.0 0.296156200958163
8306.0 0.29604211720057766
8308.0 0.2961195719235773
8310.0 0.2955326318280681
8312.0 0.29497008036242234
8314.0 0.29586109840740926
8316.0 0.2975487563128114
8318.0 0.2991521465233287
8320.0 0.3018197715607242
8322.0 0.30357319007288686
8324.0 0.3041545555895606
8326.0 0.304111409638572
8328.0 0.30276831627237766
8330.0 0.30079974242398644
8332.0 0.29953377887248067
8334.0 0.29863657876174704
8336.0 0.29838411875591786
8338.0 0.2990847521897874
8340.0 0.299773683637716
8342.0 0.30003787641512203
8344.0 0.2998567658492349
8346.0 0.29939116345007555
8348.0 0.29888071622501283
8350.0 0.2988532475081479
8352.0 0.2994313690206603
8354.0 0.29990116031401853
8356.0 0.3002334789845175
8358.0 0.30047093308558426
8360.0 0.30052969370742155
8362.0 0.30029548417664403
8364.0 0.2995850118997709
8366.0 0.29817450637544024
8368.0 0.2983001980636718
8370.0 0.30030326254239403
8372.0 0.3023969015770786
8374.0 0.30567462320400224
8376.0 0.30815703752809487
8378.0 0.3078313016593782
8380.0 0.3058833630465182
8382.0 0.3050647743736234
8384.0 0.30432335773894265
8386.0 0.30374525414369785
8388.0 0.3036619339260985
8390.0 0.3036985140310625
8392.0 0.30345470149013654
8394.0 0.3028467779862915
8396.0 0.3027401507916412
8398.0 0.30275877926392125
8400.0 0.30249112818433843
8402.0 0.3022707006159355
8404.0 0.30219378687908993
8406.0 0.30270501677775036
8408.0 0.30418313393653434
8410.0 0.30481481908792346
8412.0 0.30562717452224214
8414.0 0.30506038195699925
8416.0 0.30105235080528475
8418.0 0.2991340292929464
8420.0 0.3009122570195002
8422.0 0.30389338158088364
8424.0 0.30551138113628046
8426.0 0.3062311688619764
8428.0 0.3067833318929738
8430.0 0.30680051350552273
8432.0 0.3075453136809615
8434.0 0.3089349252163877
8436.0 0.30978914601967633
8438.0 0.30936755733034965
8440.0 0.3077675779744588
8442.0 0.30680874279469467
8444.0 0.3052230887722521
8446.0 0.30537117236320316
8448.0 0.3077559522281428
8450.0 0.31039172157219025
8452.0 0.3119652005978092
8454.0 0.3124751984432833
8456.0 0.31302803818606806
8458.0 0.31315838370819826
8460.0 0.31338707365559193
8462.0 0.3131532261621721
8464.0 0.3127983505659341
8466.0 0.31256307093181124
8468.0 0.3126788043021947
8470.0 0.31335239407538573
8472.0 0.31494581418824125
8474.0 0.31535869883297907
8476.0 0.31430394216007046
8478.0 0.3140155525831063
8480.0 0.3150316135123485
8482.0 0.3161464760918876
8484.0 0.3164707733050808
8486.0 0.3161208176988127
8488.0 0.3159822019549525
8490.0 0.31591473860107705
8492.0 0.31604294935352945
8494.0 0.3164975792854407
8496.0 0.31751761863520106
8498.0 0.31809504943030875
8500.0 0.3186394293260093
8502.0 0.31919662798180004
8504.0 0.3196160249339808
8506.0 0.3197856412877002
8508.0 0.3200096771859376
8510.0 0.3207429128023183
8512.0 0.32058105294273254
8514.0 0.32075164499655867
8516.0 0.32130385831224506
8518.0 0.322056954557865
8520.0 0.3227458580185554
8522.0 0.3242255366419108
8524.0 0.3245111198964161
8526.0 0.3249448681474942
8528.0 0.32556034082799223
8530.0 0.32494064342875223
8532.0 0.32305051334806356
8534.0 0.3230761248635279
8536.0 0.3250075987846068
8538.0 0.3264497889539603
8540.0 0.32730738839561824
8542.0 0.3284269378444329
8544.0 0.3293031679861265
8546.0 0.33000931459178773
8548.0 0.3305722740691501
8550.0 0.3311257198138521
8552.0 0.33181174533034663
8554.0 0.33264059815086894
8556.0 0.33318415564856724
8558.0 0.3337023875056327
8560.0 0.3344429694635032
8562.0 0.3349986314962984
8564.0 0.33508048105283617
8566.0 0.3350334282280496
8568.0 0.33545996678751183
8570.0 0.33672392295666165
8572.0 0.33791445874263865
8574.0 0.33923247129027506
8576.0 0.3406020092443635
8578.0 0.3417728158718959
8580.0 0.34179151534552943
8582.0 0.3413666215895708
8584.0 0.34151628164756115
8586.0 0.34146862431841657
8588.0 0.3416814363521359
8590.0 0.34233189409951936
8592.0 0.3432786132313457
8594.0 0.3438881737940569
8596.0 0.3436215161860419
8598.0 0.3436693482471683
8600.0 0.34512399123187587
8602.0 0.34692995021493744
8604.0 0.3477193991824217
8606.0 0.3477427847572771
8608.0 0.3474212502957606
8610.0 0.3466553892874604
8612.0 0.3460658577041975
8614.0 0.34488275532218043
8616.0 0.34359696663547606
8618.0 0.3436434207537241
8620.0 0.3437079586405818
8622.0 0.343624765940957
8624.0 0.3440093449299422
8626.0 0.34333658874405937
8628.0 0.3415000834661171
8630.0 0.3403708529261349
8632.0 0.339377608558614
8634.0 0.3381970634704546
8636.0 0.33816459936251264
8638.0 0.3388010429607488
8640.0 0.33862144824449625
8642.0 0.33717077558554137
8644.0 0.336178081487597
8646.0 0.336419028509059
8648.0 0.33665969309875954
8650.0 0.33696966691765945
8652.0 0.3377429724725035
8654.0 0.33756451954259237
8656.0 0.33613497261082687
8658.0 0.33561825009487706
8660.0 0.33546399021750534
8662.0 0.3348643097917037
8664.0 0.33421709492330587
8666.0 0.33365011208854123
8668.0 0.33298213516575725
8670.0 0.33244531476591954
8672.0 0.33245315056629443
8674.0 0.33268389802856013
8676.0 0.3321664994927374
8678.0 0.33208886120141173
8680.0 0.3331487511825377
8682.0 0.33392824545185934
8684.0 0.33400046460863997
8686.0 0.33357638378948445
8688.0 0.3335934111607025
8690.0 0.3335543743538639
8692.0 0.33337635144415323
8694.0 0.3335605799501366
8696.0 0.33310167202650603
8698.0 0.33229285112253815
8700.0 0.33179818381937304
8702.0 0.3317213036482725
8704.0 0.3319153663655423
8706.0 0.33156676842937
8708.0 0.3312911024483464
8710.0 0.33112747741770165
8712.0 0.33129166426171053
8714.0 0.3317889213040874
8716.0 0.33196087790318607
8718.0 0.3317161319371053
8720.0 0.33089430319750673
8722.0 0.3305894914953377
8724.0 0.3306892154204729
8726.0 0.33079111865392985
8728.0 0.33099514489543197
8730.0 0.3314847613190541
8732.0 0.3323318662068636
8734.0 0.33282775041343937
8736.0 0.3315201901832042
8738.0 0.32882265969272073
8740.0 0.3270233480209372
8742.0 0.3264485643192977
8744.0 0.32694646307665637
8746.0 0.3287000530203387
8748.0 0.33099593217935663
8750.0 0.3298800753186652
8752.0 0.32706048860096304
8754.0 0.3247171240936584
8756.0 0.3235601039186273
8758.0 0.32282856696609363
8760.0 0.321639710342041
8762.0 0.31998021838551766
8764.0 0.3191504673409248
8766.0 0.3197306064053704
8768.0 0.3219360884595987
8770.0 0.32571677568347157
8772.0 0.3286010844981641
8774.0 0.32808122760730696
8776.0 0.3263887284077576
8778.0 0.3257098486524611
8780.0 0.32521134656332085
8782.0 0.3256324579845448
8784.0 0.3258352625843701
8786.0 0.3256975181702466
8788.0 0.3246557751397154
8790.0 0.32269696841566725
8792.0 0.32125692356153085
8794.0 0.3197140306723569
8796.0 0.3189270901447774
8798.0 0.31874180384052925
8800.0 0.31954278898031385
8802.0 0.3209513282373175
8804.0 0.3219781148402092
8806.0 0.32229512893486867
8808.0 0.3222954332812827
8810.0 0.3216946949608734
8812.0 0.32052340720557876
8814.0 0.3195952248561909
8816.0 0.31854350479920573
8818.0 0.31810032979425473
8820.0 0.3191609467280499
8822.0 0.32056705970064153
8824.0 0.31990422464318147
8826.0 0.3175074297463432
8828.0 0.3168975859249566
8830.0 0.31809604752357123
8832.0 0.3194067930278753
8834.0 0.3198256196376666
8836.0 0.3201370700165627
8838.0 0.31978087492568086
8840.0 0.3185370062420488
8842.0 0.31724017953967437
8844.0 0.3160654550818618
8846.0 0.3155084833476663
8848.0 0.3151626440394863
8850.0 0.31506402812214773
8852.0 0.31584461261735025
8854.0 0.316687166465505
8856.0 0.31713334976806395
8858.0 0.3175736119546703
8860.0 0.3182250249697774
8862.0 0.3193697500607248
8864.0 0.32002369478152365
8866.0 0.3200147048249466
8868.0 0.31875758438969065
8870.0 0.31542285668881714
8872.0 0.3112513657913246
8874.0 0.3104204076070267
8876.0 0.3120633279763729
8878.0 0.31347706057307706
8880.0 0.31316690092561794
8882.0 0.3127017129066023
8884.0 0.3122301783693189
8886.0 0.31162698535213335
8888.0 0.3113283401912549
8890.0 0.3112502898374862
8892.0 0.3103452336080878
8894.0 0.3064997802838191
8896.0 0.30274395329225234
8898.0 0.30290018423136633
8900.0 0.30542262270630544
8902.0 0.3081851455514632
8904.0 0.31161815769506734
8906.0 0.3123116724174886
8908.0 0.31038329285701083
8910.0 0.30807120092219453
8912.0 0.3061966959616386
8914.0 0.30459675376505074
8916.0 0.3040243100500834
8918.0 0.3044063884487686
8920.0 0.30525677821285485
8922.0 0.3057938394119482
8924.0 0.30599316423602707
8926.0 0.30596678519763726
8928.0 0.30524316971921056
8930.0 0.30306732366087147
8932.0 0.30042253788770795
8934.0 0.2994676039096074
8936.0 0.29953084380739514
8938.0 0.30042450881745014
8940.0 0.302645584994871
8942.0 0.30447513407622584
8944.0 0.30432536491617984
8946.0 0.3035499930793134
8948.0 0.3028386981798631
8950.0 0.3014789213701125
8952.0 0.29974442575045274
8954.0 0.2989955863661622
8956.0 0.2990073792202248
8958.0 0.29953694270400366
8960.0 0.300112683981046
8962.0 0.30093946672543326
8964.0 0.30165751131969665
8966.0 0.30145324340876134
8968.0 0.30110757325017834
8970.0 0.30117988932388556
8972.0 0.3009455893859921
8974.0 0.30063039746350384
8976.0 0.2997497003471203
8978.0 0.2985752222885845
8980.0 0.29753649778522034
8982.0 0.2974110850790015
8984.0 0.2985564586792318
8986.0 0.3009629318384262
8988.0 0.3032517983956806
8990.0 0.30373040762843645
8992.0 0.302907119073399
8994.0 0.30128326498131647
8996.0 0.2996870369923447
8998.0 0.2996559900234551
9000.0 0.30024531456531156
9002.0 0.3009397302547601
9004.0 0.30072206516115696
9006.0 0.29995918513819375
9008.0 0.29950196273815677
9010.0 0.299847161894505
9012.0 0.30079551446429525
9014.0 0.3018719964065181
9016.0 0.301934168393857
9018.0 0.300797926887892
9020.0 0.2995036533556985
9022.0 0.2984671389832815
9024.0 0.29766232548384963
9026.0 0.2975995494456873
9028.0 0.2978952852085322
9030.0 0.2982340251444632
9032.0 0.2994568920253545
9034.0 0.300761194003076
9036.0 0.3017245272798031
9038.0 0.3020042282783262
9040.0 0.30133574086758314
9042.0 0.3002949966739137
9044.0 0.2993181971224355
9046.0 0.2995235794315259
9048.0 0.3001676976222206
9050.0 0.30064953403774203
9052.0 0.30047025285307577
9054.0 0.29988856566181443
9056.0 0.29924136926911143
9058.0 0.29949110720138117
9060.0 0.2999682571257784
9062.0 0.3006074897971691
9064.0 0.30170901872613803
9066.0 0.302217168368247
9068.0 0.3018689696191951
9070.0 0.3011925616327064
9072.0 0.301109007844863
9074.0 0.3005886381890288
9076.0 0.2997813152051346
9078.0 0.29945723128135954
9080.0 0.29989674892735135
9082.0 0.3008908677899889
9084.0 0.30165612200589
9086.0 0.30088481638806536
9088.0 0.2998538193670773
9090.0 0.30007758128099915
9092.0 0.30041821616693914
9094.0 0.3001102374852668
9096.0 0.2999585981757451
9098.0 0.2998101939544776
9100.0 0.29991993549315676
9102.0 0.2999518169585697
9104.0 0.3005241961498505
9106.0 0.3009664970411199
9108.0 0.30093889175910044
9110.0 0.301103385606313
9112.0 0.30102033364202024
9114.0 0.30077859923024014
9116.0 0.30068748950608637
9118.0 0.30064861047252905
9120.0 0.30109612210471076
9122.0 0.3016974318160765
9124.0 0.30225520409300044
9126.0 0.302364218465627
9128.0 0.3020806922634387
9130.0 0.30140251018604475
9132.0 0.3009703741228456
9134.0 0.30107881874007714
9136.0 0.3013077498910758
9138.0 0.30095918306263225
9140.0 0.30076430733353077
9142.0 0.30109577586508646
9144.0 0.30117059462415857
9146.0 0.3001849208729106
9148.0 0.29929072126018963
9150.0 0.29921657071425145
9152.0 0.2998858173721039
9154.0 0.30088475648854035
9156.0 0.30209429716714054
9158.0 0.30254646944163893
9160.0 0.30246882128071034
9162.0 0.30247958299505745
9164.0 0.3023611524324781
9166.0 0.30255152186710466
9168.0 0.30332761081740683
9170.0 0.30390246496396967
9172.0 0.3034308424812772
9174.0 0.30238822990296355
9176.0 0.30135983733317434
9178.0 0.30195861737460805
9180.0 0.3027081390379194
9182.0 0.30298393330454365
9184.0 0.30382261780899283
9186.0 0.30490998331658825
9188.0 0.3049305433764189
9190.0 0.30480087616310814
9192.0 0.30497033842507554
9194.0 0.30588045005036724
9196.0 0.30607819500795
9198.0 0.30618587653269097
9200.0 0.3060637829098591
9202.0 0.3053360246596875
9204.0 0.30497489644059217
9206.0 0.30489355222353615
9208.0 0.3045978301357214
9210.0 0.3037018692147001
9212.0 0.30303750929881046
9214.0 0.3035409256715832
9216.0 0.3051431113703038
9218.0 0.305753216749124
9220.0 0.30480342782936765
9222.0 0.3042755452055928
9224.0 0.3049060231404202
9226.0 0.30562825927417137
9228.0 0.30544715897482616
9230.0 0.30469787227939943
9232.0 0.3043880780239642
9234.0 0.303773831440689
9236.0 0.303283866402481
9238.0 0.30263503874536507
9240.0 0.3016853744177508
9242.0 0.3005635073970937
9244.0 0.2996315482674116
9246.0 0.2991676382096711
9248.0 0.29965183970922343
9250.0 0.2996801958117263
9252.0 0.3001177500760328
9254.0 0.30009497788234685
9256.0 0.2996514421949592
9258.0 0.29948775823930535
9260.0 0.2998063752600861
9262.0 0.30029431752930935
9264.0 0.30027588767071733
9266.0 0.29955736511189734
9268.0 0.29904520440012716
9270.0 0.29919277670053007
9272.0 0.2991732505282299
9274.0 0.29941836985240056
9276.0 0.29981232769682564
9278.0 0.3001923424333664
9280.0 0.30067570192006476
9282.0 0.3023841469365492
9284.0 0.3059589191969555
9286.0 0.3083307916884122
9288.0 0.3042906810571227
9290.0 0.3031635255092033
9292.0 0.3021618035961339
9294.0 0.29976256057484485
9296.0 0.2985168754115975
9298.0 0.29891138329555056
9300.0 0.2991055565631249
9302.0 0.2984468523931665
9304.0 0.2976275647332893
9306.0 0.2975991175367577
9308.0 0.29841012333395145
9310.0 0.29845265579306096
9312.0 0.29597216659468506
9314.0 0.29421448985737386
9316.0 0.2946441601681485
9318.0 0.29570290037600255
9320.0 0.2958224379376579
9322.0 0.2939030383343267
9324.0 0.29435626443576746
9326.0 0.29782689689807934
9328.0 0.30151588823344777
9330.0 0.30494673316376436
9332.0 0.3081841600168685
9334.0 0.3096020078966022
9336.0 0.30918579564517584
9338.0 0.3082406760099372
9340.0 0.30391839171111634
9342.0 0.30455974819705073
9344.0 0.30490132487570804
9346.0 0.3044204229286693
9348.0 0.3031312672397033
9350.0 0.3014729649228343
9352.0 0.3003036696080992
9354.0 0.29935618622446913
9356.0 0.29883417022698056
9358.0 0.2982084781964482
9360.0 0.29849276077357834
9362.0 0.3006558224233802
9364.0 0.3033372921685545
9366.0 0.3044126882466351
9368.0 0.3040353855887695
9370.0 0.2999698981433562
9372.0 0.29884740162405876
9374.0 0.2986295489126091
9376.0 0.29895338925921033
9378.0 0.29932953619404207
9380.0 0.29823928615243667
9382.0 0.29559557415757903
9384.0 0.2956882803852015
9386.0 0.29855364477885626
9388.0 0.3011575903210926
9390.0 0.3048402868897108
9392.0 0.3074673362128441
9394.0 0.3058100258238532
9396.0 0.30074158609676926
9398.0 0.29732191066441743
9400.0 0.2934651674333174
9402.0 0.29200728454622493
9404.0 0.2932642261331745
9406.0 0.29534307692830736
9408.0 0.2975268992935056
9410.0 0.299983769482087
9412.0 0.3017027441378916
9414.0 0.30307909628218505
9416.0 0.3037922950772902
9418.0 0.3028869650234769
9420.0 0.30270428080240974
9422.0 0.30451817558742844
9424.0 0.3069333587740421
9426.0 0.30762873825281245
9428.0 0.30739054019460926
9430.0 0.30564972297334153
9432.0 0.3010775443083814
9434.0 0.29831905615410975
9436.0 0.2981347330340495
9438.0 0.2984864372817258
9440.0 0.29742112928928505
9442.0 0.29538503525434046
9444.0 0.29513109498886597
9446.0 0.29723726259017863
9448.0 0.2973043936033796
9450.0 0.2947301742617555
9452.0 0.29260587195951465
9454.0 0.2929406877627416
9456.0 0.29466834688277416
9458.0 0.29523530625526484
9460.0 0.29559596416064093
9462.0 0.2948504641032823
9464.0 0.29197308661733457
9466.0 0.29116725299888885
9468.0 0.29416335696686935
9470.0 0.2989843129444546
9472.0 0.30185736609939057
9474.0 0.30446212468541795
9476.0 0.30488699158984717
9478.0 0.3034023403703883
9480.0 0.301274053979502
9482.0 0.29746197935411917
9484.0 0.29368754490512855
9486.0 0.2926718602007455
9488.0 0.2932158066501363
9490.0 0.29445229614649754
9492.0 0.29776013566856696
9494.0 0.299819233334801
9496.0 0.30130930473775286
9498.0 0.3019904184952022
9500.0 0.3011121655971391
9502.0 0.2993048585681032
9504.0 0.2978915382466942
9506.0 0.2954061349622188
9508.0 0.29469924711706924
9510.0 0.2958566236246068
9512.0 0.29705646730626983
9514.0 0.2985318453474678
9516.0 0.3002757744034501
9518.0 0.29961015237324545
9520.0 0.2963022674397927
9522.0 0.29449357603081755
9524.0 0.2926662949928572
9526.0 0.2920476213612537
9528.0 0.2936893531104579
9530.0 0.2963860625990693
9532.0 0.29735341224346556
9534.0 0.2975041666665588
9536.0 0.29771132943921874
9538.0 0.29759307135136887
9540.0 0.2974888112993404
9542.0 0.29802299167944923
9544.0 0.29866457008534564
9546.0 0.2983502538323545
9548.0 0.297517063473342
9550.0 0.29724854850767657
9552.0 0.2976144481415234
9554.0 0.29665168381477464
9556.0 0.29390958525955524
9558.0 0.2927989352532183
9560.0 0.2949793722447315
9562.0 0.2984096069370727
9564.0 0.30007662058612017
9566.0 0.30122816379069917
9568.0 0.30126790977982004
9570.0 0.29972491830308357
9572.0 0.2989456441865917
9574.0 0.2995878583955974
9576.0 0.3007122924532459
9578.0 0.3008562377529858
9580.0 0.3004652980208867
9582.0 0.2998697097419965
9584.0 0.2993512440255025
9586.0 0.29779099891080635
9588.0 0.2942570907927855
9590.0 0.2915916447654741
9592.0 0.2926241334677081
9594.0 0.295767741727557
9596.0 0.29705023576292916
9598.0 0.29807698245400555
9600.0 0.2983921294643427
9602.0 0.2975335091610224
9604.0 0.29625993894667657
9606.0 0.29433893363296537
9608.0 0.29157690311563234
9610.0 0.29023014541960834
9612.0 0.28961242077742344
9614.0 0.29001370816479854
9616.0 0.2913341689956775
9618.0 0.2928277894185898
9620.0 0.29409842476185916
9622.0 0.29510539172837047
9624.0 0.295220089604831
9626.0 0.29457594032039386
9628.0 0.2932133704898343
9630.0 0.2908437521503409
9632.0 0.2905481150853727
9634.0 0.2933923398928767
9636.0 0.2967923835723221
9638.0 0.2965085957237973
9640.0 0.29421922156811625
9642.0 0.2932753084367626
9644.0 0.2930209332800443
9646.0 0.2927452534144345
9648.0 0.2927187542814839
9650.0 0.292954717443714
9652.0 0.29289707449676794
9654.0 0.29276548629915633
9656.0 0.29231589700912064
9658.0 0.2913748079863918
9660.0 0.29156594078883924
9662.0 0.29296035406568943
9664.0 0.29468770726845384
9666.0 0.29602632860953154
9668.0 0.2964670280632566
9670.0 0.2945139418281636
9672.0 0.29064653138846896
9674.0 0.28824385755883675
9676.0 0.2862917081350741
9678.0 0.28666232268846187
9680.0 0.2892158312894551
9682.0 0.2919319583669256
9684.0 0.29333983845918254
9686.0 0.29438573709913407
9688.0 0.29603736685855164
9690.0 0.2981811755871238
9692.0 0.2987953259496501
9694.0 0.2975302452206549
9696.0 0.29565840409324506
9698.0 0.2940678927183358
9700.0 0.2924529116855013
9702.0 0.2918842535436416
9704.0 0.292194057146507
9706.0 0.2926049106304655
9708.0 0.29299136714401064
9710.0 0.2933816020461958
9712.0 0.2935534370726431
9714.0 0.2933487958616052
9716.0 0.2929423266048948
9718.0 0.2925722965044808
9720.0 0.2921809894434596
9722.0 0.29124060168273935
9724.0 0.2913447101645955
9726.0 0.29286354821253724
9728.0 0.29436224491243446
9730.0 0.29481922822664
9732.0 0.2948013959581333
9734.0 0.29423560037255286
9736.0 0.2932003064171257
9738.0 0.2930763817371448
9740.0 0.2939952371435636
9742.0 0.2951823512369263
9744.0 0.2953565238158438
9746.0 0.2948169435606653
9748.0 0.29387165437506935
9750.0 0.2928052423166987
9752.0 0.29185057100858613
9754.0 0.29114182708289155
9756.0 0.2913859985898236
9758.0 0.2926413272616891
9760.0 0.29439746949318435
9762.0 0.2956129811510182
9764.0 0.2964332828397499
9766.0 0.2962689100528535
9768.0 0.29547013379963694
9770.0 0.2946724047023705
9772.0 0.29390728697868523
9774.0 0.2928635663644767
9776.0 0.2915295226985918
9778.0 0.2905155158404363
9780.0 0.29230816653582153
9782.0 0.2961152908901787
9784.0 0.29783417949663454
9786.0 0.29663702887770593
9788.0 0.29523940374529606
9790.0 0.2951845363386477
9792.0 0.2952761369226425
9794.0 0.294362494474625
9796.0 0.29312804998766034
9798.0 0.2925550546674083
9800.0 0.29260426030082715
9802.0 0.29301247042005973
9804.0 0.29362897338418453
9806.0 0.2940977351304628
9808.0 0.29372087688231563
9810.0 0.2933598621820697
9812.0 0.29425139944416473
9814.0 0.2951128118353074
9816.0 0.29571391204659725
9818.0 0.29621540785783096
9820.0 0.2962538989151207
9822.0 0.29545618081230524
9824.0 0.2945614786155731
9826.0 0.29478166736451744
9828.0 0.2950676519187015
9830.0 0.2946212451007208
9832.0 0.2940372788889783
9834.0 0.2935872516064304
9836.0 0.29288749698360955
9838.0 0.29262922003992764
9840.0 0.2951078638583367
9842.0 0.299269673245889
9844.0 0.30344837624113
9846.0 0.3070840647271148
9848.0 0.3077818813951542
9850.0 0.30454106102512
9852.0 0.30029786562524485
9854.0 0.298022806661894
9856.0 0.29648929400895707
9858.0 0.2956777547701272
9860.0 0.2959333033201228
9862.0 0.29653306718882844
9864.0 0.29597436775907077
9866.0 0.29450596353808434
9868.0 0.2926771543127042
9870.0 0.2909703084914934
9872.0 0.29015727530759977
9874.0 0.2905549227024421
9876.0 0.2919029248791602
9878.0 0.29391436777571034
9880.0 0.2955045308241073
9882.0 0.2953483142835785
9884.0 0.29466853411707894
9886.0 0.2956657339814965
9888.0 0.29713376574243855
9890.0 0.2966170283749102
9892.0 0.29440084374792036
9894.0 0.29247619129984953
9896.0 0.2915917385624025
9898.0 0.2907813217926893
9900.0 0.2894587438286273
9902.0 0.2886805524893426
9904.0 0.2902940152548983
9906.0 0.29366512594498423
9908.0 0.29543763436993004
9910.0 0.2940648313060295
9912.0 0.2923820129955423
9914.0 0.2928312181295491
9916.0 0.29313176979649985
9918.0 0.2915594096187793
9920.0 0.2900217391659737
9922.0 0.2902261218029255
9924.0 0.2918475389032911
9926.0 0.29245038004413765
9928.0 0.29075930177875
9930.0 0.2891894673314632
9932.0 0.28865532906835356
9934.0 0.2877583237819481
9936.0 0.2868669479096755
9938.0 0.28673895737086036
9940.0 0.2883746692844884
9942.0 0.29213751582543773
9944.0 0.2950905019243573
9946.0 0.2958570948690847
9948.0 0.2964051466239603
9950.0 0.295937325732792
9952.0 0.2941980649400327
9954.0 0.29264618557631067
9956.0 0.29160255599716156
9958.0 0.2907243096148626
9960.0 0.29019360014254364
9962.0 0.290213279607906
9964.0 0.29048533839023855
9966.0 0.29070268242892094
9968.0 0.291157111027363
9970.0 0.29220234679788926
9972.0 0.29305600074202
9974.0 0.2917652531303836
9976.0 0.29060284651192825
9978.0 0.29301045048190305
9980.0 0.29722017337603085
9982.0 0.3015198027291726
9984.0 0.30588671994243294
9986.0 0.30926698700412947
9988.0 0.31107452066554075
9990.0 0.3111560680887209
9992.0 0.3088025070066271
9994.0 0.3053602182889789
9996.0 0.3018534886323226
9998.0 0.29834430587098515
