# z obs_date
# 0 52280
3580.0 0.6215838996486494
3582.0 0.6365424957871383
3584.0 0.6613601534418787
3586.0 0.6630013049875555
3588.0 0.6653235943196282
3590.0 0.6777503646901646
3592.0 0.7009238913529714
3594.0 0.6589934875782886
3596.0 0.6207413809703836
3598.0 0.6062852538842238
3600.0 0.6134100978992498
3602.0 0.6342215369920136
3604.0 0.6321072765536276
3606.0 0.6245548049456792
3608.0 0.6083187672520287
3610.0 0.5821782676049365
3612.0 0.5977774227969723
3614.0 0.6160785902798602
3616.0 0.6414721572610607
3618.0 0.6212388877277392
3620.0 0.6347360576958919
3622.0 0.6543755556225973
3624.0 0.6732477830182961
3626.0 0.6436456063398539
3628.0 0.6389599734224464
3630.0 0.6368967342139028
3632.0 0.6395177834780154
3634.0 0.6351348785967588
3636.0 0.6373150772173736
3638.0 0.6347658918698392
3640.0 0.6342649280844272
3642.0 0.6571669114307617
3644.0 0.6597305679500248
3646.0 0.6450746066586742
3648.0 0.6216502018101413
3650.0 0.6289517043087042
3652.0 0.6331752209794459
3654.0 0.6374161248330692
3656.0 0.6387473259569194
3658.0 0.6559529188368538
3660.0 0.6536140420571607
3662.0 0.6521145952660431
3664.0 0.6476242606182216
3666.0 0.6212470836090884
3668.0 0.6221360907665027
3670.0 0.6307117301473286
3672.0 0.6437771042420903
3674.0 0.6364522218552233
3676.0 0.620913022470168
3678.0 0.6182509634358174
3680.0 0.6314842700157767
3682.0 0.6675189943170993
3684.0 0.762469666745866
3686.0 0.7359412650881649
3688.0 0.7354810230823482
3690.0 0.613777718298522
3692.0 0.539525330757682
3694.0 0.5523149346641804
3696.0 0.6011393424409173
3698.0 0.5989826588846071
3700.0 0.7483680939587616
3702.0 0.7916515816827375
3704.0 0.8072221730406947
3706.0 0.8233825169127564
3708.0 0.8226877960341277
3710.0 0.854687914703189
3712.0 0.867223801595098
3714.0 0.752885251759323
3716.0 0.6096398623624156
3718.0 0.6083181254207128
3720.0 0.6502396329360001
3722.0 0.7292304564874909
3724.0 0.714947670749519
3726.0 0.7137848277832916
3728.0 0.7464712421328824
3730.0 0.8211741711474355
3732.0 0.8105674041415971
3734.0 0.7785393770546385
3736.0 0.7537776406465108
3738.0 0.6876087705133057
3740.0 0.5911715730238669
3742.0 0.5857126265527924
3744.0 0.5426322656415832
3746.0 0.533971253059235
3748.0 0.6141152843721108
3750.0 0.6759677777744504
3752.0 0.6620799907350571
3754.0 0.5567174672125974
3756.0 0.548175813365855
3758.0 0.5303540811068533
3760.0 0.5210933292377008
3762.0 0.5288439418367415
3764.0 0.5692758259978845
3766.0 0.5665791780713363
3768.0 0.5257241142275249
3770.0 0.5091246584864465
3772.0 0.5404440182724353
3774.0 0.5687746301581817
3776.0 0.5643014053265006
3778.0 0.4361187151086381
3780.0 0.43523833319848054
3782.0 0.46306915538832
3784.0 0.47057824489053646
3786.0 0.4558111593538948
3788.0 0.41818623089629287
3790.0 0.41338731846006255
3792.0 0.3803861331694403
3794.0 0.3583301163957809
3796.0 0.3717813953481336
3798.0 0.40099587810444737
3800.0 0.38787358530380966
3802.0 0.41994558268794174
3804.0 0.4413814061966434
3806.0 0.46031436303632384
3808.0 0.4774297317060986
3810.0 0.47683448163996794
3812.0 0.3518126055236085
3814.0 0.35562363598091495
3816.0 0.38764086148926236
3818.0 0.4217622199068659
3820.0 0.43302556082479265
3822.0 0.4511464310604406
3824.0 0.39901660323570454
3826.0 0.3857572402573663
3828.0 0.40482246451005605
3830.0 0.4250531911499763
3832.0 0.5149471212204405
3834.0 0.5279539562012179
3836.0 0.49493374061079
3838.0 0.48202990401069185
3840.0 0.4745509269860316
3842.0 0.460107184283086
3844.0 0.4512382311115444
3846.0 0.5395777080979208
3848.0 0.5376318641579386
3850.0 0.5111054432038487
3852.0 0.4954669403932904
3854.0 0.535053726399235
3856.0 0.5541149736670884
3858.0 0.5709398153555485
3860.0 0.5541986055195953
3862.0 0.5492378862671135
3864.0 0.5571720827398297
3866.0 0.5666864660820854
3868.0 0.5140114799384545
3870.0 0.6180194821313424
3872.0 0.5953919486591073
3874.0 0.5702380441060085
3876.0 0.5856985437670725
3878.0 0.6073169549122773
3880.0 0.5646152101632963
3882.0 0.5891859923309384
3884.0 0.6351297069714464
3886.0 0.6451718621161543
3888.0 0.646610365056336
3890.0 0.6408841854345888
3892.0 0.652084849009816
3894.0 0.6427898838361653
3896.0 0.6366471576532154
3898.0 0.6085089732393597
3900.0 0.6215925488495178
3902.0 0.6354477764400442
3904.0 0.6611208890796846
3906.0 0.6835368958307092
3908.0 0.7523685150963514
3910.0 0.7676399700702143
3912.0 0.7675337804012166
3914.0 0.7961737419939586
3916.0 0.7903783736251023
3918.0 0.7684818423999826
3920.0 0.7565207823299431
3922.0 0.7569019474592942
3924.0 0.732699654767646
3926.0 0.7380194029578478
3928.0 0.6845590431767126
3930.0 0.6493808078395478
3932.0 0.6621590911868569
3934.0 0.6743836831906561
3936.0 0.680043327514494
3938.0 0.7423441204026554
3940.0 0.7582299320245517
3942.0 0.7543526178489223
3944.0 0.7493693034870105
3946.0 0.757255007472252
3948.0 0.766840987862664
3950.0 0.7842269620398205
3952.0 0.8435848106450695
3954.0 0.8702713829739984
3956.0 0.8754329923304668
3958.0 0.8923910662391374
3960.0 0.8907145826816013
3962.0 0.8622069729180077
3964.0 0.8510751713303921
3966.0 0.8706529826951325
3968.0 0.8839871030722082
3970.0 0.8846032059251231
3972.0 0.8903109263084377
3974.0 0.9070029067752895
3976.0 0.8861858711308069
3978.0 0.8331474597488288
3980.0 0.8244877192456813
3982.0 0.8283486506259101
3984.0 0.8194358370070025
3986.0 0.8287578483460026
3988.0 0.8423736048232678
3990.0 0.8570076829949924
3992.0 0.8446679000728743
3994.0 0.8439860107463624
3996.0 0.8242613273478927
3998.0 0.800666924989057
4000.0 0.7765941222497048
4002.0 0.7878763368715963
4004.0 0.7861041817493216
4006.0 0.8158865550191072
4008.0 0.8096335846554261
4010.0 0.7791239512477273
4012.0 0.7711772466764467
4014.0 0.7894621644622773
4016.0 0.8076373630271086
4018.0 0.8095051890012318
4020.0 0.8280221795765723
4022.0 0.7836734888585992
4024.0 0.7797980241925198
4026.0 0.7650363161415282
4028.0 0.7632862385149248
4030.0 0.8033457465229313
4032.0 0.8134144998987676
4034.0 0.8223488989310386
4036.0 0.83151822963349
4038.0 0.8207704780714601
4040.0 0.8079967171799597
4042.0 0.8118989351221061
4044.0 0.8291189413716193
4046.0 0.8493682137591132
4048.0 0.8058588825944647
4050.0 0.7627921789142607
4052.0 0.7725428591735489
4054.0 0.766594294599984
4056.0 0.7690395704696924
4058.0 0.7818899515386042
4060.0 0.7907203437370074
4062.0 0.7494541730022861
4064.0 0.7156291204469682
4066.0 0.7063739096305274
4068.0 0.7136804491657357
4070.0 0.7059529331841158
4072.0 0.7029838042857266
4074.0 0.7229716707372356
4076.0 0.7235778144948217
4078.0 0.7296551028474194
4080.0 0.7299663425467999
4082.0 0.7190474529475269
4084.0 0.7114693286508914
4086.0 0.7085649356125917
4088.0 0.7302740163805558
4090.0 0.7318747453554976
4092.0 0.7440986479045775
4094.0 0.7569328952332678
4096.0 0.742266593961071
4098.0 0.6957133937105965
4100.0 0.6920174825420781
4102.0 0.6898396517316687
4104.0 0.6909241731327284
4106.0 0.6884407817732245
4108.0 0.7043884240152943
4110.0 0.6939630554748841
4112.0 0.6762558538185255
4114.0 0.6817961949153354
4116.0 0.6932913323381403
4118.0 0.6903416970297203
4120.0 0.6821982259588086
4122.0 0.6609736213075265
4124.0 0.6361976054206633
4126.0 0.612351312751558
4128.0 0.6370210283865466
4130.0 0.6508632696646225
4132.0 0.6600280398396685
4134.0 0.6537267012742858
4136.0 0.6317219279378326
4138.0 0.633380087529793
4140.0 0.6231640950052385
4142.0 0.618059790446999
4144.0 0.6208414894306367
4146.0 0.632545485532714
4148.0 0.6359202675706023
4150.0 0.6433941826599432
4152.0 0.6401939764662307
4154.0 0.6419514310743198
4156.0 0.6310424325204501
4158.0 0.6221277285714331
4160.0 0.6189812483557433
4162.0 0.6119727279904884
4164.0 0.6132735266092797
4166.0 0.626146525996619
4168.0 0.6297307555920115
4170.0 0.6343143638692594
4172.0 0.6336144228659049
4174.0 0.6374278810744153
4176.0 0.6097335236386412
4178.0 0.6088875429215765
4180.0 0.6199777350712153
4182.0 0.6210356797608229
4184.0 0.629385903308955
4186.0 0.6483551865465204
4188.0 0.6403586335655778
4190.0 0.6357017138149842
4192.0 0.6356516940782624
4194.0 0.6319920556039607
4196.0 0.6209391573998918
4198.0 0.6253767288371859
4200.0 0.6062757723750116
4202.0 0.598569398535092
4204.0 0.6014265427798147
4206.0 0.6018220249494135
4208.0 0.6044777386051718
4210.0 0.6069790442982955
4212.0 0.6161949415203973
4214.0 0.6207088854167404
4216.0 0.6229392206142467
4218.0 0.6292437007974169
4220.0 0.6327324597938896
4222.0 0.626875030860483
4224.0 0.617536030797589
4226.0 0.6131961475829344
4228.0 0.6093783691412997
4230.0 0.60436703669142
4232.0 0.603237011109916
4234.0 0.6139866977376689
4236.0 0.6137585733709555
4238.0 0.620940952180413
4240.0 0.6301778702110745
4242.0 0.6160656689061821
4244.0 0.6175069562541592
4246.0 0.614342420586224
4248.0 0.6033439535950083
4250.0 0.58977020588936
4252.0 0.589786015955151
4254.0 0.5926649982430532
4256.0 0.5984505725594402
4258.0 0.6118244194093617
4260.0 0.6216251319927323
4262.0 0.6290273478294877
4264.0 0.6441338622271046
4266.0 0.6414537714150296
4268.0 0.6574700508590968
4270.0 0.659742883607361
4272.0 0.6521849054147739
4274.0 0.6406360340704865
4276.0 0.6385292492100298
4278.0 0.6390887164903281
4280.0 0.6398425371842605
4282.0 0.6391832948951366
4284.0 0.6422208474099839
4286.0 0.6506999722984762
4288.0 0.660644972902732
4290.0 0.6603721801983606
4292.0 0.6323254311306944
4294.0 0.6235499392356799
4296.0 0.6275757824066742
4298.0 0.6304704596954122
4300.0 0.6290423718303455
4302.0 0.6420750619547111
4304.0 0.6354260313004783
4306.0 0.6302553492112541
4308.0 0.6220614115491633
4310.0 0.626878980118104
4312.0 0.6212826226059592
4314.0 0.6122413949142003
4316.0 0.6080527429966431
4318.0 0.6058326028679274
4320.0 0.6065051393883565
4322.0 0.6170947024907333
4324.0 0.6240523291925363
4326.0 0.6258650594192724
4328.0 0.6165941199087028
4330.0 0.6260483988746256
4332.0 0.6284393201492411
4334.0 0.6343111874159383
4336.0 0.6434824021390226
4338.0 0.6484765787406437
4340.0 0.6656584449015286
4342.0 0.685681429624519
4344.0 0.6823830232593713
4346.0 0.6588431752099834
4348.0 0.643328758807914
4350.0 0.6449730745255687
4352.0 0.6307339534297044
4354.0 0.6169868964177467
4356.0 0.6130818205424369
4358.0 0.6109587421236826
4360.0 0.5938932501675314
4362.0 0.5924259089179863
4364.0 0.5833261746974376
4366.0 0.567604036845498
4368.0 0.5595292961739761
4370.0 0.5674592435262799
4372.0 0.5664723152930837
4374.0 0.5791964514469178
4376.0 0.5845223127954607
4378.0 0.5837284132199465
4380.0 0.5713000101443222
4382.0 0.568132545822589
4384.0 0.5582405456268824
4386.0 0.5545473989778219
4388.0 0.5647474773295758
4390.0 0.5787270889879262
4392.0 0.5838389213740889
4394.0 0.5803647377835051
4396.0 0.5697423896142491
4398.0 0.5716434353355411
4400.0 0.5681682972388032
4402.0 0.5613113525100979
4404.0 0.5646374397071644
4406.0 0.5641301997865364
4408.0 0.5651721493138796
4410.0 0.5729528981441048
4412.0 0.5677190970413701
4414.0 0.5650066971534177
4416.0 0.5637681137113519
4418.0 0.5655773055591442
4420.0 0.567690513364229
4422.0 0.5727685496052405
4424.0 0.5618037327635602
4426.0 0.5621192918974862
4428.0 0.5574983300230479
4430.0 0.557895508845696
4432.0 0.5551849108253819
4434.0 0.5532214963857359
4436.0 0.5532660305353041
4438.0 0.5616417450322205
4440.0 0.5577322942515259
4442.0 0.5610678391440678
4444.0 0.5594254658858645
4446.0 0.5636071898623581
4448.0 0.5711705726970904
4450.0 0.5744923734232347
4452.0 0.5879409556321125
4454.0 0.6015752241906543
4456.0 0.6108692204704843
4458.0 0.6242281599346896
4460.0 0.6218997836926393
4462.0 0.6153725244943096
4464.0 0.6136397974192516
4466.0 0.6166144708126248
4468.0 0.6134299420528618
4470.0 0.6055818289210493
4472.0 0.6105660214248648
4474.0 0.6203819892275485
4476.0 0.622730121576751
4478.0 0.6346693856641514
4480.0 0.6343616881594134
4482.0 0.6255159848155468
4484.0 0.6278776108238596
4486.0 0.6476412269263458
4488.0 0.6664696505034928
4490.0 0.6870949864287904
4492.0 0.7077547963663805
4494.0 0.7128807691554644
4496.0 0.6959148890712867
4498.0 0.6873828431222032
4500.0 0.6914927265260026
4502.0 0.6989713126830046
4504.0 0.7108821139053275
4506.0 0.7139198380913849
4508.0 0.7171964192724407
4510.0 0.7319486918042694
4512.0 0.7363133905015354
4514.0 0.7327924169542016
4516.0 0.7342783717682939
4518.0 0.734887334217474
4520.0 0.7427495536976364
4522.0 0.7524575234284615
4524.0 0.7581400711962604
4526.0 0.765047439124087
4528.0 0.7624783338804524
4530.0 0.7671280605954927
4532.0 0.7806169418677311
4534.0 0.7985101003767054
4536.0 0.8174604158079705
4538.0 0.8227247021098953
4540.0 0.8213759819937535
4542.0 0.8184362633282023
4544.0 0.8190395230684433
4546.0 0.8165026180866826
4548.0 0.8223581289485407
4550.0 0.8306814690839925
4552.0 0.8354542614946613
4554.0 0.8185004653098841
4556.0 0.8140160200402323
4558.0 0.8300501112628385
4560.0 0.8483320870770034
4562.0 0.8576470297404672
4564.0 0.8660911694550586
4566.0 0.8722596674030838
4568.0 0.8737503801111065
4570.0 0.8761244006587664
4572.0 0.8827123028384908
4574.0 0.8868822162491589
4576.0 0.9012821814714423
4578.0 0.8991446620558532
4580.0 0.8974039291106196
4582.0 0.9060592461726438
4584.0 0.9152366965607758
4586.0 0.9199913007559515
4588.0 0.9134730452924037
4590.0 0.898836098283442
4592.0 0.8851974014847315
4594.0 0.8819925696742787
4596.0 0.8903246011647603
4598.0 0.9034909528680235
4600.0 0.9055965438625355
4602.0 0.8977263442334732
4604.0 0.8929620143468927
4606.0 0.8953402276690516
4608.0 0.9152155776058046
4610.0 0.9167913218047615
4612.0 0.9258822310722509
4614.0 0.9212855513289655
4616.0 0.9289160767671667
4618.0 0.9190531745681164
4620.0 0.910907453354086
4622.0 0.9039082775465415
4624.0 0.8850532936043191
4626.0 0.883613156747797
4628.0 0.8832434815269424
4630.0 0.8869868385897955
4632.0 0.8904770183066504
4634.0 0.9117652599062807
4636.0 0.9181545711025241
4638.0 0.9161841245871758
4640.0 0.9092861785085203
4642.0 0.8866229044218014
4644.0 0.8752508689083917
4646.0 0.8748590482196085
4648.0 0.8789937882525789
4650.0 0.8857884924729291
4652.0 0.8898841635352363
4654.0 0.8871774505475339
4656.0 0.8835227327872561
4658.0 0.8840587041602141
4660.0 0.8748777733566525
4662.0 0.8615710778060572
4664.0 0.8460193150562314
4666.0 0.8222908064410834
4668.0 0.8302208749129268
4670.0 0.8417975593812403
4672.0 0.8480941897817229
4674.0 0.8505686993402393
4676.0 0.8479378395855014
4678.0 0.8303658318634529
4680.0 0.8241703070493571
4682.0 0.8122380777161963
4684.0 0.8079019457554584
4686.0 0.8183056041644792
4688.0 0.8250065001690086
4690.0 0.8203475518826695
4692.0 0.8145574232883532
4694.0 0.8184644042614608
4696.0 0.8283422846009646
4698.0 0.8036567124388252
4700.0 0.8019576980867916
4702.0 0.8039527017723647
4704.0 0.7802637296160323
4706.0 0.7619525306108953
4708.0 0.7662570713520266
4710.0 0.7834395971318147
4712.0 0.7826430467962209
4714.0 0.773004596663544
4716.0 0.757188359265562
4718.0 0.7281639738487188
4720.0 0.7396659917403091
4722.0 0.7370367254524381
4724.0 0.7458031879686092
4726.0 0.7574881527637151
4728.0 0.7626620531448605
4730.0 0.7785987969488872
4732.0 0.7801501224103946
4734.0 0.7548423624796683
4736.0 0.7357862155098989
4738.0 0.7266836288229009
4740.0 0.7158143799563496
4742.0 0.7183813790061444
4744.0 0.7354355324402035
4746.0 0.734652120298545
4748.0 0.7341116430273515
4750.0 0.7329977542893977
4752.0 0.7265895390812822
4754.0 0.7154981673593811
4756.0 0.7137466725629866
4758.0 0.7027827483688106
4760.0 0.6956647919807804
4762.0 0.6919624275325268
4764.0 0.6927827140474321
4766.0 0.6941614465235488
4768.0 0.6894142615626726
4770.0 0.6890033891921491
4772.0 0.6954274729144211
4774.0 0.6874546468593348
4776.0 0.6822681660433361
4778.0 0.6884864105464092
4780.0 0.6815037496901429
4782.0 0.6708893517605025
4784.0 0.6694038238142355
4786.0 0.6661558675729848
4788.0 0.6645000028434087
4790.0 0.6665463859840236
4792.0 0.6564508922644712
4794.0 0.6546966236420219
4796.0 0.647740125172003
4798.0 0.6480748231694254
4800.0 0.6488602061783916
4802.0 0.6606225078608161
4804.0 0.6638123579735238
4806.0 0.6658132348526064
4808.0 0.6639510421184376
4810.0 0.6637532779574644
4812.0 0.6647143879202917
4814.0 0.6631676992270559
4816.0 0.6637681758602648
4818.0 0.6677778652203749
4820.0 0.6765566330695024
4822.0 0.6783615156433558
4824.0 0.6797675924118797
4826.0 0.6798016367549126
4828.0 0.6798503364596722
4830.0 0.6800409018612197
4832.0 0.6793755212149037
4834.0 0.6796418484195501
4836.0 0.6792235050192255
4838.0 0.6794964557678418
4840.0 0.6790338511355933
4842.0 0.6789415676180537
4844.0 0.6791967081893066
4846.0 0.6786415424645695
4848.0 0.6789061149452467
4850.0 0.6783628833831185
4852.0 0.6786192675737595
4854.0 0.6783391236890302
4856.0 0.6783282885146844
4858.0 0.6779782141719768
4860.0 0.6779972349104024
4862.0 0.6780320171911155
4864.0 0.6777493969736146
4866.0 0.6775018783924225
4868.0 0.6777770384024608
4870.0 0.6774111232478032
4872.0 0.677223451829818
4874.0 0.6773210671556545
4876.0 0.6768792170692968
4878.0 0.6726462314762293
4880.0 0.6665261653867681
4882.0 0.6633510658377348
4884.0 0.669721103041862
4886.0 0.6672039822320927
4888.0 0.6608509939076916
4890.0 0.6530039662782232
4892.0 0.6487501510899432
4894.0 0.639418824804961
4896.0 0.6397439491227065
4898.0 0.64814329177394
4900.0 0.6505622339219098
4902.0 0.6588193173892999
4904.0 0.6637512651122448
4906.0 0.6631891610711096
4908.0 0.6624444552522872
4910.0 0.6597105600941507
4912.0 0.6553826797806628
4914.0 0.6537588153358341
4916.0 0.655644513745919
4918.0 0.6690860197758255
4920.0 0.6755413929601825
4922.0 0.6778483463922124
4924.0 0.6733798743655545
4926.0 0.6744360533040862
4928.0 0.6750620177320574
4930.0 0.6755610250112349
4932.0 0.6766905040438147
4934.0 0.677169685862691
4936.0 0.6783763615266165
4938.0 0.6786138399174038
4940.0 0.6795952732768618
4942.0 0.6804200647832025
4944.0 0.6813096133290432
4946.0 0.6817653076525547
4948.0 0.6825018533346997
4950.0 0.683817415174799
4952.0 0.6840350264312194
4954.0 0.6850310555002235
4956.0 0.6855968226446452
4958.0 0.6867728807488618
4960.0 0.6871713929746538
4962.0 0.6881094099381386
4964.0 0.6886418141081132
4966.0 0.6897600612294182
4968.0 0.6904213020577401
4970.0 0.6910209092523489
4972.0 0.6917533883942564
4974.0 0.6928562659997177
4976.0 0.6934397234260685
4978.0 0.6949238668483293
4980.0 0.6993791625361044
4982.0 0.6992215598836281
4984.0 0.6965417699746606
4986.0 0.693164669988079
4988.0 0.6898054055380011
4990.0 0.6854975049170536
4992.0 0.6823147358330891
4994.0 0.6792208607924631
4996.0 0.6754403039524576
4998.0 0.6715077816212657
5000.0 0.668151470099349
5002.0 0.664884297949728
5004.0 0.661465017663159
5006.0 0.6574119007858295
5008.0 0.65383120291356
5010.0 0.6506996095568691
5012.0 0.6474227374618235
5014.0 0.6431673806735889
5016.0 0.6397671411168662
5018.0 0.6365088495773934
5020.0 0.63330964736521
5022.0 0.6289451585760869
5024.0 0.6257491026471311
5026.0 0.6222351822991478
5028.0 0.6191093736717334
5030.0 0.6148710160607503
5032.0 0.6116089614524529
5034.0 0.6080394145081133
5036.0 0.6046906034404971
5038.0 0.5949854394560066
5040.0 0.58825323831143
5042.0 0.5858854722910926
5044.0 0.584708805400344
5046.0 0.57938390319634
5048.0 0.5804351176038134
5050.0 0.582128311297645
5052.0 0.5837091325992373
5054.0 0.5791642240893691
5056.0 0.5803357340548814
5058.0 0.5827365072312174
5060.0 0.5843856695397605
5062.0 0.5883765848231588
5064.0 0.6020446347327653
5066.0 0.6046884104748237
5068.0 0.5945320520226137
5070.0 0.576043107427696
5072.0 0.5781488898043482
5074.0 0.5844483261956581
5076.0 0.5844216895029775
5078.0 0.5860462983590249
5080.0 0.5872391132621099
5082.0 0.5938023887927301
5084.0 0.6002737792063811
5086.0 0.6024693733119719
5088.0 0.6102753159406393
5090.0 0.6110917485638198
5092.0 0.6037068159599943
5094.0 0.6093350574024241
5096.0 0.6171539186641083
5098.0 0.6088028812068796
5100.0 0.6101880456709367
5102.0 0.6046167868259696
5104.0 0.5942289389682966
5106.0 0.593084326567817
5108.0 0.6015992949871929
5110.0 0.6133607977042265
5112.0 0.6296101274100945
5114.0 0.639472328538297
5116.0 0.6343890310037341
5118.0 0.6112614378653853
5120.0 0.6229829462300301
5122.0 0.6266354281549126
5124.0 0.6257854605279914
5126.0 0.6244862205214513
5128.0 0.6258646021795896
5130.0 0.632194048007436
5132.0 0.6485804070378773
5134.0 0.655253065081084
5136.0 0.6641907668358524
5138.0 0.6623063781888789
5140.0 0.661332905155903
5142.0 0.6555100332845977
5144.0 0.6529023140409256
5146.0 0.6463144754161726
5148.0 0.63803934766294
5150.0 0.6331758525101838
5152.0 0.6370685672143749
5154.0 0.6437416379696037
5156.0 0.6484403133933303
5158.0 0.6597522523928687
5160.0 0.6600380123556715
5162.0 0.6657608531511982
5164.0 0.6731756698871161
5166.0 0.6704839344206355
5168.0 0.6781109920759938
5170.0 0.6813466427962185
5172.0 0.687589035340773
5174.0 0.6852876944836879
5176.0 0.7006783380058259
5178.0 0.7029035548656994
5180.0 0.6913494174780034
5182.0 0.6909789826458238
5184.0 0.7007155114536846
5186.0 0.7122365973379978
5188.0 0.7188052895424231
5190.0 0.7159911667266715
5192.0 0.7057216500587804
5194.0 0.6988395434228266
5196.0 0.6891563734320927
5198.0 0.6924661020753327
5200.0 0.6965924087431584
5202.0 0.6891888135817978
5204.0 0.6869549297924464
5206.0 0.6926052466393611
5208.0 0.702265467676365
5210.0 0.7046727442451636
5212.0 0.7100426481498109
5214.0 0.7290366373110722
5216.0 0.7281242170583703
5218.0 0.7299557154240385
5220.0 0.7334262027218176
5222.0 0.7416988555974294
5224.0 0.7414643254784457
5226.0 0.7394540245513447
5228.0 0.7390562084606589
5230.0 0.7405038135335532
5232.0 0.7415579236880154
5234.0 0.7420941878773472
5236.0 0.7442556349494706
5238.0 0.7423504399123704
5240.0 0.7468051125036127
5242.0 0.7451087788402021
5244.0 0.7349986847445865
5246.0 0.7365693458433427
5248.0 0.7413817925655922
5250.0 0.7391542355425083
5252.0 0.7467517387899522
5254.0 0.7636965868812389
5256.0 0.7676734400017661
5258.0 0.7787355957434312
5260.0 0.7814723309552611
5262.0 0.7763835987638655
5264.0 0.7748185418372251
5266.0 0.7822688792611855
5268.0 0.7910815129097705
5270.0 0.7931301666759953
5272.0 0.7989794247007443
5274.0 0.7998337255972151
5276.0 0.7962230160542487
5278.0 0.778472641884883
5280.0 0.7787879225160685
5282.0 0.7934151896981639
5284.0 0.7977344995029939
5286.0 0.8027373781107395
5288.0 0.807632860057205
5290.0 0.8113586720571178
5292.0 0.8166330602481192
5294.0 0.8237570693781241
5296.0 0.8192549336313125
5298.0 0.8175156570757247
5300.0 0.8156675282932057
5302.0 0.8041196964606393
5304.0 0.8047175579291873
5306.0 0.8077399597813403
5308.0 0.8067919347945215
5310.0 0.8048382350114054
5312.0 0.8058212461414029
5314.0 0.8096263509756026
5316.0 0.8125676313124525
5318.0 0.8212706607048158
5320.0 0.8222854876362502
5322.0 0.8255546127108415
5324.0 0.831932575633365
5326.0 0.833335749396989
5328.0 0.8265669753871576
5330.0 0.8361257044164402
5332.0 0.8504383344823372
5334.0 0.8591535666592316
5336.0 0.8418991130468023
5338.0 0.836329800511196
5340.0 0.8395346793712221
5342.0 0.8409218608387148
5344.0 0.8410795652865622
5346.0 0.8479803563040047
5348.0 0.8512015193421659
5350.0 0.8502683467369675
5352.0 0.8457881599923789
5354.0 0.8470518952599982
5356.0 0.8414567177114294
5358.0 0.8423667665265114
5360.0 0.8525362189066048
5362.0 0.8555884303676958
5364.0 0.8643654315161285
5366.0 0.8720109546917544
5368.0 0.8655726614977927
5370.0 0.8639794708636112
5372.0 0.8668924357703853
5374.0 0.8731033564273385
5376.0 0.876489041847828
5378.0 0.8790363884560047
5380.0 0.8774161613804627
5382.0 0.871923515513718
5384.0 0.8586171055415125
5386.0 0.8581543699247053
5388.0 0.8618294033657175
5390.0 0.8679556658123941
5392.0 0.8658266824130912
5394.0 0.8619237802698227
5396.0 0.8640886231034544
5398.0 0.8603647923735259
5400.0 0.856142781469736
5402.0 0.8612781102879457
5404.0 0.8477658637661117
5406.0 0.8448959407555864
5408.0 0.8430740673935152
5410.0 0.8426832725254643
5412.0 0.8448263017350496
5414.0 0.8484011276803798
5416.0 0.8473967941565834
5418.0 0.8614653530596427
5420.0 0.8665900358139038
5422.0 0.8612074156166456
5424.0 0.8574382987342619
5426.0 0.8689016784397121
5428.0 0.8798552401822928
5430.0 0.8892801543588688
5432.0 0.8852180244381267
5434.0 0.8850249828125789
5436.0 0.8834749242333125
5438.0 0.8830806297213722
5440.0 0.8849036282106167
5442.0 0.8911766732466894
5444.0 0.8971842842779016
5446.0 0.8956905128122934
5448.0 0.9059102370200167
5450.0 0.9264645079961323
5452.0 0.9266802495392058
5454.0 0.9197615349056449
5456.0 0.9078527307050339
5458.0 0.9020147652992118
5460.0 0.9032459246620351
5462.0 0.9124767967771835
5464.0 0.9208201691812928
5466.0 0.9423092294137335
5468.0 0.9557791500609416
5470.0 0.9630648825568439
5472.0 0.9657190718770623
5474.0 0.9578939943243664
5476.0 0.9575633186377727
5478.0 0.9588075030713018
5480.0 0.9654761145416649
5482.0 0.9656223657369443
5484.0 0.9676741469791414
5486.0 0.9665065066632216
5488.0 0.9635486528472629
5490.0 0.9626532003638623
5492.0 0.9657946788965566
5494.0 0.9667191478042542
5496.0 0.9709383969758515
5498.0 0.977423421443278
5500.0 0.9863364511952701
5502.0 0.9918577245638893
5504.0 0.9965546831745095
5506.0 1.0
5508.0 0.9963418553788836
5510.0 0.9954912485289565
5512.0 0.9957082191428774
5514.0 0.9848431460761633
5516.0 0.9776523310593034
5518.0 0.9821184779786606
5520.0 0.9785672421068446
5522.0 0.9736401748665804
5524.0 0.9645687104627116
5526.0 0.9582019709968561
5528.0 0.950976719649202
5530.0 0.9623424004957649
5532.0 0.966047637753562
5534.0 0.9667852298345497
5536.0 0.9708568769992182
5538.0 0.9617484617670229
5540.0 0.9518543046948316
5542.0 0.9493583472669527
5544.0 0.9512915627222819
5546.0 0.9505728235775479
5548.0 0.9416851986172697
5550.0 0.9239321775394976
5552.0 0.9131958576145641
5554.0 0.8974954950347981
5556.0 0.8994083890591912
5558.0 0.9038930645465933
5560.0 0.9045244425680847
5562.0 0.9098937576628157
5564.0 0.8992719038331359
5566.0 0.8689578832713917
5568.0 0.8400623436128709
5570.0 0.8668820115682471
5572.0 0.9120862073874741
5574.0 0.9221041114768462
5576.0 0.9123089874132594
5578.0 0.9086727221875742
5580.0 0.9077453198201474
5582.0 0.9079434886170871
5584.0 0.9071165931553703
5586.0 0.9121644533347967
5588.0 0.9180632550892487
5590.0 0.9220284025933897
5592.0 0.9233504749606527
5594.0 0.9247034952598733
5596.0 0.925777006378723
5598.0 0.9149410179131962
5600.0 0.9099435387430416
5602.0 0.9053215361787862
5604.0 0.9096000482749541
5606.0 0.9044979130792075
5608.0 0.9008077511602931
5610.0 0.899574295672365
5612.0 0.896742860294255
5614.0 0.8911697561720379
5616.0 0.8888084014026634
5618.0 0.8919708019577285
5620.0 0.9036907555739633
5622.0 0.9054642244737494
5624.0 0.9061496196340827
5626.0 0.8979600690933143
5628.0 0.8914768691180949
5630.0 0.8968369802742804
5632.0 0.9029248264873193
5634.0 0.9071341629094523
5636.0 0.9026091568890832
5638.0 0.8855473334012812
5640.0 0.8838162762324386
5642.0 0.8880948077053044
5644.0 0.8913962041840681
5646.0 0.8859912378269563
5648.0 0.882424007278689
5650.0 0.8678047688736743
5652.0 0.858020188492736
5654.0 0.8589108198317887
5656.0 0.8549365639363931
5658.0 0.8527501045436876
5660.0 0.8501870208443207
5662.0 0.8506650048621851
5664.0 0.847249737939
5666.0 0.8496489041790433
5668.0 0.8421223295737991
5670.0 0.839576669988459
5672.0 0.8376530440513675
5674.0 0.8377793230738111
5676.0 0.8275308777105258
5678.0 0.8176278258451773
5680.0 0.8155445188869622
5682.0 0.8156468118823174
5684.0 0.821832751038358
5686.0 0.822278169159694
5688.0 0.8200738117346017
5690.0 0.8057076918869018
5692.0 0.7931574545689449
5694.0 0.7891049405767061
5696.0 0.7850271621125543
5698.0 0.7829472715367611
5700.0 0.7674196143291927
5702.0 0.7624452046667154
5704.0 0.7530898868981503
5706.0 0.7484296731245343
5708.0 0.756908026558569
5710.0 0.7617228939973194
5712.0 0.7631716864130098
5714.0 0.76302217301927
5716.0 0.7538110827357574
5718.0 0.7469680137268059
5720.0 0.7419269412872663
5722.0 0.7355254976436474
5724.0 0.7286579420208823
5726.0 0.7229403089418962
5728.0 0.7253569936118751
5730.0 0.730352035869018
5732.0 0.725327243284297
5734.0 0.7296854050035367
5736.0 0.7222520972948856
5738.0 0.7092721598549222
5740.0 0.7048434905697495
5742.0 0.7010872839647424
5744.0 0.6896328034187106
5746.0 0.6888388207794144
5748.0 0.6871508647312223
5750.0 0.6844462686597265
5752.0 0.6827706896524252
5754.0 0.6742968573116567
5756.0 0.6676913372574274
5758.0 0.6783929620400447
5760.0 0.6778964045201464
5762.0 0.676800567301539
5764.0 0.67821450673796
5766.0 0.6813633316490687
5768.0 0.6739130354200651
5770.0 0.6733114484418373
5772.0 0.6741565392707496
5774.0 0.678467431714166
5776.0 0.6821111431496002
5778.0 0.6866500984194527
5780.0 0.6828461168846305
5782.0 0.682314252085044
5784.0 0.6822409178801081
5786.0 0.6878852818119976
5788.0 0.6964233295011517
5790.0 0.7012130536715674
5792.0 0.7031505169348993
5794.0 0.7071218441240986
5796.0 0.7157966528644427
5798.0 0.7212249214774867
5800.0 0.722133182151908
5802.0 0.7256527175021021
5804.0 0.7304125107918437
5806.0 0.7346158594773907
5808.0 0.7357512141728323
5810.0 0.7427704040864683
5812.0 0.7478158095839772
5814.0 0.7488830744411734
5816.0 0.746526468457372
5818.0 0.7455174319630644
5820.0 0.7381270107927638
5822.0 0.7322069367370857
5824.0 0.7343480576352553
5826.0 0.7517407712219673
5828.0 0.7583334590004033
5830.0 0.7571638685240298
5832.0 0.7561841802293954
5834.0 0.758808370629758
5836.0 0.7508978144421147
5838.0 0.7535975575368136
5840.0 0.7599309604478133
5842.0 0.7621870318282087
5844.0 0.7584298119091806
5846.0 0.756710360674968
5848.0 0.7586200410861242
5850.0 0.7626195239513626
5852.0 0.7670032984114695
5854.0 0.7681484855744674
5856.0 0.7653088169654054
5858.0 0.7638547908519291
5860.0 0.7633536703484012
5862.0 0.768811490665658
5864.0 0.7699494820686623
5866.0 0.7707653542078787
5868.0 0.7716397265474486
5870.0 0.7721955445027378
5872.0 0.7732079688413269
5874.0 0.7735774890037618
5876.0 0.7746830096142042
5878.0 0.7751961458109295
5880.0 0.7762015420102839
5882.0 0.7766917082247953
5884.0 0.7775736077954624
5886.0 0.7783404239905771
5888.0 0.7790895825258637
5890.0 0.7797455233263292
5892.0 0.7805436660179363
5894.0 0.781386256825431
5896.0 0.7819593531838067
5898.0 0.782901460426692
5900.0 0.7833283215880209
5902.0 0.7846128746022649
5904.0 0.784871522600174
5906.0 0.7859380234746539
5908.0 0.7864269473332334
5910.0 0.7873757129406357
5912.0 0.788171958802221
5914.0 0.7888133966209014
5916.0 0.7900126588184381
5918.0 0.7872093819526661
5920.0 0.7858082785165157
5922.0 0.7849676294774196
5924.0 0.7863596615593276
5926.0 0.7847047346385908
5928.0 0.7812868201003549
5930.0 0.7793690109372065
5932.0 0.7781483624680178
5934.0 0.7843627197017157
5936.0 0.7881481862781325
5938.0 0.7950992301902221
5940.0 0.7930723909829943
5942.0 0.7842517579724045
5944.0 0.7808913103122275
5946.0 0.7682447641601287
5948.0 0.7617684539781877
5950.0 0.7629194193217551
5952.0 0.7564671381941633
5954.0 0.7600233423865684
5956.0 0.7639972732793909
5958.0 0.7543895972231012
5960.0 0.7448615088243424
5962.0 0.7488692641580605
5964.0 0.747232855199311
5966.0 0.7425092978861334
5968.0 0.7431547510260486
5970.0 0.7428077305793903
5972.0 0.7349431957419893
5974.0 0.7238980476809076
5976.0 0.7187276551708253
5978.0 0.7203324776641798
5980.0 0.7267102840147324
5982.0 0.7311700734431702
5984.0 0.7297788586936628
5986.0 0.7313723493473219
5988.0 0.7292405242821274
5990.0 0.7196984312720628
5992.0 0.7144967219742421
5994.0 0.7201327370929024
5996.0 0.7170408030649303
5998.0 0.7106792412430406
6000.0 0.707429560573858
6002.0 0.7056897775736242
6004.0 0.7015785738455028
6006.0 0.6986765712234029
6008.0 0.6938648581472985
6010.0 0.696227552092146
6012.0 0.7033029472904725
6014.0 0.6998748161328106
6016.0 0.6945153776414884
6018.0 0.6961915510136719
6020.0 0.6989574231747058
6022.0 0.6957696178015276
6024.0 0.6942018078890152
6026.0 0.6904746902451909
6028.0 0.6844538065483365
6030.0 0.6587375404798391
6032.0 0.6553035759708846
6034.0 0.6514148468637032
6036.0 0.6535744967502956
6038.0 0.6637185269914512
6040.0 0.6748149736064767
6042.0 0.6763320420186657
6044.0 0.6753765236412124
6046.0 0.6770648656665679
6048.0 0.6697742022796268
6050.0 0.6735991682231005
6052.0 0.6753050730880924
6054.0 0.6766417919691674
6056.0 0.681177765830154
6058.0 0.6787191411880715
6060.0 0.6744566574136299
6062.0 0.6756276372601528
6064.0 0.6801539322765411
6066.0 0.6782673793309181
6068.0 0.6750025583509257
6070.0 0.677868546292452
6072.0 0.6857161317303003
6074.0 0.6895284357023246
6076.0 0.690112320850047
6078.0 0.6856239081561168
6080.0 0.6872407232330093
6082.0 0.6912981687163496
6084.0 0.6926092349198921
6086.0 0.6912395932909176
6088.0 0.6969590880459025
6090.0 0.6987606016334712
6092.0 0.702338616026185
6094.0 0.7063585103772947
6096.0 0.7078301198950211
6098.0 0.6967123298609472
6100.0 0.6958127582979491
6102.0 0.6913285670254883
6104.0 0.6821750845486464
6106.0 0.6809680326049471
6108.0 0.6831392440932353
6110.0 0.6768896324289564
6112.0 0.6707705635108367
6114.0 0.6725776270547025
6116.0 0.6751066702748337
6118.0 0.67462944080455
6120.0 0.6834176717255108
6122.0 0.6962256944589131
6124.0 0.7015283856820915
6126.0 0.7047526499406588
6128.0 0.7029078089900398
6130.0 0.6985829444027772
6132.0 0.6947630602825183
6134.0 0.6986963640005242
6136.0 0.6900898565377726
6138.0 0.6845914964516174
6140.0 0.6861461815570228
6142.0 0.6913248177080602
6144.0 0.6851651929818484
6146.0 0.702299839179903
6148.0 0.7114253284872499
6150.0 0.7102295442250163
6152.0 0.7038722270770724
6154.0 0.7075309552496297
6156.0 0.7115152835426836
6158.0 0.7161683368346559
6160.0 0.7240527484321101
6162.0 0.72971630323976
6164.0 0.730348701845026
6166.0 0.7311111144920256
6168.0 0.7436964420867928
6170.0 0.7455215308025852
6172.0 0.7473283293503573
6174.0 0.7474366142383624
6176.0 0.7424426387983935
6178.0 0.742108471919905
6180.0 0.7464060769034304
6182.0 0.7501138714454544
6184.0 0.7612755041693902
6186.0 0.755625692927866
6188.0 0.7589542050167941
6190.0 0.7691726635397851
6192.0 0.761263658366703
6194.0 0.7611774984911631
6196.0 0.7595752868643543
6198.0 0.756356557949744
6200.0 0.7550264321115782
6202.0 0.7571694442378065
6204.0 0.7577357671902542
6206.0 0.7700697150978156
6208.0 0.7690523883031664
6210.0 0.7695293929256612
6212.0 0.7678411615075128
6214.0 0.772782235322069
6216.0 0.7778276975606279
6218.0 0.7804617165849921
6220.0 0.7796052070038365
6222.0 0.7750269086747367
6224.0 0.7511597205797798
6226.0 0.7585650827072358
6228.0 0.7707822883334174
6230.0 0.7761340117937517
6232.0 0.772081314721325
6234.0 0.7744406482349488
6236.0 0.7709728945352485
6238.0 0.7702111230727955
6240.0 0.7683813889598796
6242.0 0.7700680201039891
6244.0 0.7682048898364888
6246.0 0.7686055399422107
6248.0 0.7712736774292516
6250.0 0.7699251931696467
6252.0 0.7750816243066432
6254.0 0.784810301719296
6256.0 0.7819819315552923
6258.0 0.7685885037786345
6260.0 0.7655399707008703
6262.0 0.7551898360934944
6264.0 0.746229582638422
6266.0 0.7544829762190757
6268.0 0.7715507456110889
6270.0 0.7735354789176285
6272.0 0.779390189285127
6274.0 0.7807335281071865
6276.0 0.7737256296185704
6278.0 0.762732022452793
6280.0 0.7539235752644204
6282.0 0.7535298844048685
6284.0 0.7477420884417458
6286.0 0.7409880733121882
6288.0 0.7363454357724208
6290.0 0.731173479689961
6292.0 0.73115422021921
6294.0 0.7329292326108462
6296.0 0.7207846594758953
6298.0 0.712620263127347
6300.0 0.7126669444167463
6302.0 0.7118190845318222
6304.0 0.7138380532154137
6306.0 0.7128204948893808
6308.0 0.7102792106638689
6310.0 0.7097023220647932
6312.0 0.7124426896443927
6314.0 0.7082503331224793
6316.0 0.7034574903208415
6318.0 0.700891264981491
6320.0 0.7009430644245124
6322.0 0.6959224483222709
6324.0 0.6902651757744501
6326.0 0.6938489646030115
6328.0 0.6946527536387418
6330.0 0.6872534829015062
6332.0 0.6840737656767781
6334.0 0.6813976339238685
6336.0 0.6779395900056431
6338.0 0.6740011318675687
6340.0 0.6838334247729428
6342.0 0.6903396608063638
6344.0 0.6925915157574043
6346.0 0.6946180083005639
6348.0 0.6959022089087246
6350.0 0.6897400303650165
6352.0 0.69227109544524
6354.0 0.6915894111467402
6356.0 0.686550724441513
6358.0 0.6898130240806634
6360.0 0.6854625172796311
6362.0 0.6918499699182038
6364.0 0.6936845844784971
6366.0 0.6946580816683083
6368.0 0.690976468187099
6370.0 0.6837257131418715
6372.0 0.6845902941681902
6374.0 0.6815436408962888
6376.0 0.6819253728280441
6378.0 0.6778240475715942
6380.0 0.6804127885985952
6382.0 0.6794606050344141
6384.0 0.6842494492163573
6386.0 0.6878982311525117
6388.0 0.6914489544829653
6390.0 0.6975560812505598
6392.0 0.6986051804092801
6394.0 0.6944958271308167
6396.0 0.6927069490838136
6398.0 0.6921102929488558
6400.0 0.6893791772878135
6402.0 0.6923280329321524
6404.0 0.6991309946660379
6406.0 0.6990322323004506
6408.0 0.6949191069284513
6410.0 0.696044598833054
6412.0 0.7001543075547749
6414.0 0.7070204668976212
6416.0 0.7138953641769972
6418.0 0.7105186707224055
6420.0 0.7128137674430364
6422.0 0.7088702805890841
6424.0 0.7040120012195319
6426.0 0.7141580787849205
6428.0 0.7185187330131382
6430.0 0.716670530038627
6432.0 0.724239792632171
6434.0 0.7306016518950764
6436.0 0.734967991461711
6438.0 0.751595750703405
6440.0 0.7540167804133621
6442.0 0.7744985799901405
6444.0 0.7810214197078532
6446.0 0.7739544588014153
6448.0 0.7604992510443737
6450.0 0.7624220505105338
6452.0 0.7642318260602625
6454.0 0.7670960352904158
6456.0 0.7781426676162524
6458.0 0.787942502745434
6460.0 0.7857793734926546
6462.0 0.7760933625950889
6464.0 0.7768072116874164
6466.0 0.7745023893274595
6468.0 0.770652094754362
6470.0 0.7711523103052869
6472.0 0.7716817755231368
6474.0 0.7718502714283542
6476.0 0.7740524948260912
6478.0 0.7742438535381645
6480.0 0.7730115770690715
6482.0 0.7774575259111995
6484.0 0.7802741006389173
6486.0 0.7805096680963072
6488.0 0.7828818211875079
6490.0 0.7807320689586102
6492.0 0.7769469745607329
6494.0 0.7760058888023931
6496.0 0.7796312061530788
6498.0 0.7878665933462614
6500.0 0.7951537297989544
6502.0 0.7974537542685791
6504.0 0.7943648920463455
6506.0 0.7959802336460324
6508.0 0.7952059273350726
6510.0 0.7846255636532345
6512.0 0.782759044002123
6514.0 0.7877192269608038
6516.0 0.7877655850176104
6518.0 0.7899315933272857
6520.0 0.7917934083088822
6522.0 0.7941127795450976
6524.0 0.793880839715133
6526.0 0.793855630978735
6528.0 0.7922427631046561
6530.0 0.7864647714105691
6532.0 0.7840223035663703
6534.0 0.7873526226354449
6536.0 0.7898072899221628
6538.0 0.78857982469377
6540.0 0.7869688521460189
6542.0 0.7857933323319847
6544.0 0.7844967189780931
6546.0 0.7829470481548432
6548.0 0.7816380425895925
6550.0 0.7802306569395929
6552.0 0.7791003063943666
6554.0 0.777423515387921
6556.0 0.7762661279358626
6558.0 0.7746733092578089
6560.0 0.7735729903873546
6562.0 0.772068238615855
6564.0 0.7705877501143379
6566.0 0.76934013310838
6568.0 0.7680381904748623
6570.0 0.7666309118089131
6572.0 0.7651115544871683
6574.0 0.7639200552617571
6576.0 0.762536231013929
6578.0 0.7612218036033156
6580.0 0.7595601446437726
6582.0 0.7584508871977788
6584.0 0.7570030642390125
6586.0 0.7557451482341647
6588.0 0.754140090252726
6590.0 0.7529168925207654
6592.0 0.7523314041807898
6594.0 0.7535792114822129
6596.0 0.7521668471109564
6598.0 0.7489531287568626
6600.0 0.7460387531167183
6602.0 0.7438137638703626
6604.0 0.7459277868756117
6606.0 0.7445685652086835
6608.0 0.743055981802273
6610.0 0.7405242267599073
6612.0 0.7357960325846247
6614.0 0.732386919435177
6616.0 0.7300089938446894
6618.0 0.728483769371192
6620.0 0.7313087005245517
6622.0 0.7274455109566815
6624.0 0.7209386333035815
6626.0 0.7190401092614891
6628.0 0.7137425266231364
6630.0 0.7087715621680688
6632.0 0.7024135765240288
6634.0 0.7000645473849055
6636.0 0.706178959220918
6638.0 0.7120668185952178
6640.0 0.7129871687622467
6642.0 0.7170248094278989
6644.0 0.7158922323150488
6646.0 0.695967833897942
6648.0 0.691531732869314
6650.0 0.6842698862200319
6652.0 0.6844363617138175
6654.0 0.683119588184157
6656.0 0.6906321179710245
6658.0 0.6872782635228228
6660.0 0.6826367472927903
6662.0 0.677629770913521
6664.0 0.6714369109851955
6666.0 0.6657354922455705
6668.0 0.6643954422052711
6670.0 0.6698711704680499
6672.0 0.6747730298508221
6674.0 0.673288146244052
6676.0 0.6625416866757438
6678.0 0.6618568212054778
6680.0 0.6579585604470606
6682.0 0.659660278659145
6684.0 0.659142546213483
6686.0 0.6514257723049687
6688.0 0.6484060534192105
6690.0 0.650455803621299
6692.0 0.6472548747025988
6694.0 0.6556909285823862
6696.0 0.6591257612620083
6698.0 0.6603998620286493
6700.0 0.6624134938972032
6702.0 0.6595720035012758
6704.0 0.6562216581621895
6706.0 0.6546174754212939
6708.0 0.6569915585940617
6710.0 0.6588608656545699
6712.0 0.653744889465039
6714.0 0.6407435843355427
6716.0 0.6340983698867042
6718.0 0.6304771408620419
6720.0 0.6294657367387124
6722.0 0.6334584263014826
6724.0 0.6162018884802432
6726.0 0.6149940943065086
6728.0 0.6236193079942026
6730.0 0.628802946693435
6732.0 0.6348922120376908
6734.0 0.6414429475274405
6736.0 0.6420205425480567
6738.0 0.6260161773667742
6740.0 0.6197865879000132
6742.0 0.6092764330408119
6744.0 0.6001760756588924
6746.0 0.5966207849429946
6748.0 0.6070142363989913
6750.0 0.6145298916515977
6752.0 0.6211012144829523
6754.0 0.6235800586488867
6756.0 0.6168105993910921
6758.0 0.6182776761401085
6760.0 0.6132359220708573
6762.0 0.6098310641695973
6764.0 0.6070872248789487
6766.0 0.6031278329092503
6768.0 0.5970394218573192
6770.0 0.5976616301246801
6772.0 0.6004932872953757
6774.0 0.605354117465468
6776.0 0.6025834800527538
6778.0 0.6004135484922434
6780.0 0.5970624227428916
6782.0 0.5819419887382908
6784.0 0.582950683561833
6786.0 0.5854884874970411
6788.0 0.5839998956684633
6790.0 0.5819235688176139
6792.0 0.5914114135169752
6794.0 0.5949526248568379
6796.0 0.6017490767772989
6798.0 0.6018572222388975
6800.0 0.6000001993450046
6802.0 0.6030235981883492
6804.0 0.596838296219589
6806.0 0.5926530825366912
6808.0 0.5947411905248955
6810.0 0.5933529148146289
6812.0 0.5850536807969424
6814.0 0.588289142796948
6816.0 0.5870857613172742
6818.0 0.5809653517755663
6820.0 0.5803853043703268
6822.0 0.5835907453858751
6824.0 0.5808421041887165
6826.0 0.5706459032146521
6828.0 0.5655259846037283
6830.0 0.5566914810439498
6832.0 0.553858326597211
6834.0 0.5516558196742721
6836.0 0.5529968777056179
6838.0 0.5508651986824831
6840.0 0.5462428855178809
6842.0 0.5419567843712961
6844.0 0.5436708207648897
6846.0 0.5438583667091857
6848.0 0.5442986941828233
6850.0 0.5450726065480518
6852.0 0.5453132562122274
6854.0 0.544850688853488
6856.0 0.5442356625894187
6858.0 0.5463132328892027
6860.0 0.5441962350256826
6862.0 0.5367460666366584
6864.0 0.5346715948942224
6866.0 0.5311856603121695
6868.0 0.53219890821379
6870.0 0.5300001194285034
6872.0 0.5276169810063774
6874.0 0.5286544930970312
6876.0 0.5311732282013909
6878.0 0.5262280498621986
6880.0 0.5258863597623002
6882.0 0.528206787891026
6884.0 0.530948194565579
6886.0 0.5337485797694919
6888.0 0.5266536421240742
6890.0 0.5206663311481391
6892.0 0.515771771620059
6894.0 0.5118976414768591
6896.0 0.5148855678395649
6898.0 0.5258032145365853
6900.0 0.5302421550777513
6902.0 0.5357269614618305
6904.0 0.5447875607137344
6906.0 0.5406436435818511
6908.0 0.5269315050650903
6910.0 0.5341858519521533
6912.0 0.5386482358070166
6914.0 0.5411077074231311
6916.0 0.5431831850471606
6918.0 0.535812459817899
6920.0 0.5353477952135989
6922.0 0.5348473587148808
6924.0 0.5370236631283722
6926.0 0.541017151065834
6928.0 0.5478264227622104
6930.0 0.5444404150919983
6932.0 0.5313674154931236
6934.0 0.5275075817688408
6936.0 0.5330103620661745
6938.0 0.537408383357228
6940.0 0.5432374194279025
6942.0 0.5480557491801232
6944.0 0.5503975977214658
6946.0 0.5529296426404768
6948.0 0.5530570520612994
6950.0 0.5511341025473467
6952.0 0.5614951165875602
6954.0 0.5624134419406687
6956.0 0.556234401122595
6958.0 0.555381177472812
6960.0 0.5543909031954882
6962.0 0.5496343924630458
6964.0 0.5485325167949212
6966.0 0.5552002232705616
6968.0 0.5557377200313233
6970.0 0.5567267859161776
6972.0 0.561589388399292
6974.0 0.5674640473949621
6976.0 0.5594369888188236
6978.0 0.5595225782372266
6980.0 0.5580683595938729
6982.0 0.5623398388520249
6984.0 0.5657461389368678
6986.0 0.5609963272660597
6988.0 0.5577609833276654
6990.0 0.5641219984712834
6992.0 0.5683901868950239
6994.0 0.5686749629232748
6996.0 0.5717275263521274
6998.0 0.5695549563315501
7000.0 0.5672564156362017
7002.0 0.5649547165953612
7004.0 0.5624152461290447
7006.0 0.5624127836269119
7008.0 0.5619583703952976
7010.0 0.5779830242219604
7012.0 0.5809298411758853
7014.0 0.5834829223962447
7016.0 0.5767048873928389
7018.0 0.5700862911882121
7020.0 0.5687156159051301
7022.0 0.566733338952287
7024.0 0.5618417183333103
7026.0 0.5598400107867401
7028.0 0.555676505376345
7030.0 0.5512357510003477
7032.0 0.5481929057212538
7034.0 0.5436418255821784
7036.0 0.5421166770078901
7038.0 0.5517892989903368
7040.0 0.556867496298998
7042.0 0.5580470851253732
7044.0 0.5510629112644613
7046.0 0.5443856620621554
7048.0 0.5435626030765749
7050.0 0.5475653458956476
7052.0 0.551118335540041
7054.0 0.5669034674943689
7056.0 0.5671312652282657
7058.0 0.5593649464081657
7060.0 0.5501829071396482
7062.0 0.5469498445388071
7064.0 0.5382843797437427
7066.0 0.5346203714725469
7068.0 0.5299238179256672
7070.0 0.531660612352667
7072.0 0.52762992775644
7074.0 0.5247955863560202
7076.0 0.5235675121816644
7078.0 0.522263689119664
7080.0 0.5201303331647514
7082.0 0.5230159169776492
7084.0 0.5253657554955683
7086.0 0.523104221669099
7088.0 0.535579604986487
7090.0 0.5308797937969366
7092.0 0.5194020170454298
7094.0 0.5216617629163776
7096.0 0.5230412273207515
7098.0 0.5267664865259698
7100.0 0.5248608359923951
7102.0 0.5282517618978654
7104.0 0.536060774297703
7106.0 0.5393886106465628
7108.0 0.5419398769910724
7110.0 0.539941029420056
7112.0 0.5335754323072011
7114.0 0.5354696638073584
7116.0 0.5273984048795856
7118.0 0.521518630252949
7120.0 0.5263604429302285
7122.0 0.5316520974061308
7124.0 0.5302149484358573
7126.0 0.5327254812449783
7128.0 0.5370096578203157
7130.0 0.5377659349720775
7132.0 0.5496096800186393
7134.0 0.5466356739913321
7136.0 0.5433970331331771
7138.0 0.5454425049070563
7140.0 0.5422040766655962
7142.0 0.5333948923461883
7144.0 0.5307015455718448
7146.0 0.5169914524486721
7148.0 0.5138663415184959
7150.0 0.5115556180382205
7152.0 0.5094388621625076
7154.0 0.5135760600783028
7156.0 0.529410234085869
7158.0 0.5336614448751669
7160.0 0.5343396473317441
7162.0 0.5377264479507823
7164.0 0.5434027246124359
7166.0 0.5579682157015047
7168.0 0.5650661898863676
7170.0 0.5608637804983794
7172.0 0.5589755801448447
7174.0 0.5517822177919999
7176.0 0.5432912362884804
7178.0 0.5459380339693702
7180.0 0.560135736077898
7182.0 0.5640649741308179
7184.0 0.5558096921801852
7186.0 0.5517726092312308
7188.0 0.5526627545903817
7190.0 0.5558636456914791
7192.0 0.5600712858697182
7194.0 0.5596668320988226
7196.0 0.5661411913843005
7198.0 0.5728946185903387
7200.0 0.5824427192671504
7202.0 0.5830732743895212
7204.0 0.5812930210000601
7206.0 0.5767051235026246
7208.0 0.5786056406856909
7210.0 0.5839572301346239
7212.0 0.5836021857152592
7214.0 0.575737638674045
7216.0 0.576343157722919
7218.0 0.5837359230325927
7220.0 0.5882924628508095
7222.0 0.6025802788244321
7224.0 0.6228240484053837
7226.0 0.6236442403401143
7228.0 0.6151880363613653
7230.0 0.6089864787386534
7232.0 0.6043246517414199
7234.0 0.5962197838801339
7236.0 0.6017454448034925
7238.0 0.6081866800469504
7240.0 0.607126060854908
7242.0 0.6079144622423754
7244.0 0.6127543707628349
7246.0 0.6184653762696912
7248.0 0.6163332869354556
7250.0 0.6177433398115477
7252.0 0.6293537838455374
7254.0 0.6404320627101535
7256.0 0.6389227862070074
7258.0 0.6355310940392206
7260.0 0.6337845395158269
7262.0 0.6259148593909056
7264.0 0.6244512317227237
7266.0 0.6245839794926018
7268.0 0.6278935793253373
7270.0 0.6271826734772066
7272.0 0.6321962489852723
7274.0 0.6368367579322597
7276.0 0.6410991692932977
7278.0 0.6369632749602662
7280.0 0.6312405754891768
7282.0 0.6262954764693619
7284.0 0.618489743821696
7286.0 0.6211844941556572
7288.0 0.6276967407464953
7290.0 0.6295120133078548
7292.0 0.6412183251184873
7294.0 0.6369526285747535
7296.0 0.6243509406570275
7298.0 0.6181621937641589
7300.0 0.6127634717643083
7302.0 0.6047080367905167
7304.0 0.6067217852087382
7306.0 0.6027037056197223
7308.0 0.5992223643175703
7310.0 0.6040805691728851
7312.0 0.6081275244619524
7314.0 0.6074790580852244
7316.0 0.6228596450291186
7318.0 0.6233245677012221
7320.0 0.6131322652441219
7322.0 0.611319818100272
7324.0 0.6110317372968307
7326.0 0.6082510636893551
7328.0 0.6025583034505048
7330.0 0.6058395331501996
7332.0 0.6133347118110368
7334.0 0.6128455553265709
7336.0 0.6087875513810829
7338.0 0.6101606892997338
7340.0 0.5966559260062018
7342.0 0.5933887616006585
7344.0 0.587603182716335
7346.0 0.5868639961205245
7348.0 0.5904762456342176
7350.0 0.5882135644607377
7352.0 0.5914013577379668
7354.0 0.5994916925243843
7356.0 0.6030607697389906
7358.0 0.5969289617732081
7360.0 0.5845650715776937
7362.0 0.5813449280251363
7364.0 0.5779469940161354
7366.0 0.5790609722860703
7368.0 0.5907557590875645
7370.0 0.6115001411911161
7372.0 0.6124987456074779
7374.0 0.5992050578225366
7376.0 0.6003647218279607
7378.0 0.59224957697636
7380.0 0.5852237280291309
7382.0 0.5868383937940527
7384.0 0.5946903454281383
7386.0 0.5839140208411603
7388.0 0.5859570264657109
7390.0 0.5912403202184779
7392.0 0.5907893593936854
7394.0 0.5841585614416067
7396.0 0.5841235117966014
7398.0 0.5857302468820075
7400.0 0.5866639165040531
7402.0 0.5840672214870467
7404.0 0.5753248841576164
7406.0 0.5721960067876787
7408.0 0.5802187286788657
7410.0 0.5809186582165017
7412.0 0.5763436638509731
7414.0 0.5712573977777533
7416.0 0.5761751874553148
7418.0 0.583961595933823
7420.0 0.5837629006854752
7422.0 0.5695653792311499
7424.0 0.557380376504017
7426.0 0.5404018276280727
7428.0 0.5209151613407712
7430.0 0.5096942380921676
7432.0 0.5004561728560446
7434.0 0.47890257229566563
7436.0 0.4692131774910674
7438.0 0.4651308564030594
7440.0 0.45971627243702506
7442.0 0.4750780239704625
7444.0 0.4852258015532875
7446.0 0.49920886172110057
7448.0 0.5189511573830088
7450.0 0.5342361023437905
7452.0 0.545812350764183
7454.0 0.5419602671142162
7456.0 0.5242651037639302
7458.0 0.5192247844150357
7460.0 0.5050182165767058
7462.0 0.4686154308291208
7464.0 0.4594359282160818
7466.0 0.4496707801015397
7468.0 0.444990262957737
7470.0 0.44455371203848854
7472.0 0.4482524937096711
7474.0 0.4559543863464465
7476.0 0.4603913210232276
7478.0 0.46108819651752614
7480.0 0.46833569563047506
7482.0 0.46366817870912597
7484.0 0.467437935577937
7486.0 0.47798538017561026
7488.0 0.48089644050420466
7490.0 0.480817178856644
7492.0 0.47600582269677194
7494.0 0.46686082033528375
7496.0 0.44152857992003575
7498.0 0.4371949977859792
7500.0 0.433236565204817
7502.0 0.4319248671677126
7504.0 0.43063234925923083
7506.0 0.4281305246435532
7508.0 0.41702668720796304
7510.0 0.4127446790744107
7512.0 0.41166348627373156
7514.0 0.40983381057468976
7516.0 0.4048660394048597
7518.0 0.40066672001211256
7520.0 0.4001841334013384
7522.0 0.3960868682920807
7524.0 0.3936933040865299
7526.0 0.3912890064258614
7528.0 0.3877620327968488
7530.0 0.38648491676705776
7532.0 0.38179825260965244
7534.0 0.3808732385320264
7536.0 0.37736194072716145
7538.0 0.3749472331874388
7540.0 0.3719671436341254
7542.0 0.3686278339732115
7544.0 0.36764073063262465
7546.0 0.36346078622476863
7548.0 0.36112052091412716
7550.0 0.35851978594540385
7552.0 0.35546062595489464
7554.0 0.3537135462710391
7556.0 0.34978054931867586
7558.0 0.3478401328076534
7560.0 0.3452103333566993
7562.0 0.3420547351999156
7564.0 0.33949257304288477
7566.0 0.3361183749639787
7568.0 0.33482320396848186
7570.0 0.3313193102004444
7572.0 0.32869038544226975
7574.0 0.3265623508223271
7576.0 0.3253950983339484
7578.0 0.32886030365713415
7580.0 0.3257209476314415
7582.0 0.3238843482719794
7584.0 0.32232140071171306
7586.0 0.3200794670381351
7588.0 0.3211621963448009
7590.0 0.32109742816713654
7592.0 0.3264456698466295
7594.0 0.32981248309065364
7596.0 0.329034447884057
7598.0 0.3209939443019516
7600.0 0.32267306839638776
7602.0 0.30038697695809924
7604.0 0.30498377349340794
7606.0 0.3221813746179886
7608.0 0.33335824582783335
7610.0 0.33428336950396526
7612.0 0.34712690830738024
7614.0 0.352043061695525
7616.0 0.3456329127933395
7618.0 0.34843635667110845
7620.0 0.3709099116412139
7622.0 0.37312542186030384
7624.0 0.37362318962786883
7626.0 0.37030415674362177
7628.0 0.36843367790662707
7630.0 0.36647036928702226
7632.0 0.3669700406656511
7634.0 0.3716902869090533
7636.0 0.38360809404394386
7638.0 0.38564454253414654
7640.0 0.3906553824086716
7642.0 0.39688000274522023
7644.0 0.3985822114840774
7646.0 0.39359928218735957
7648.0 0.3994010017594393
7650.0 0.41107338311803215
7652.0 0.4150165820042083
7654.0 0.43161819658494904
7656.0 0.445915480183508
7658.0 0.45119527102393203
7660.0 0.46804235671388483
7662.0 0.4790925290810334
7664.0 0.48585754028781253
7666.0 0.49200600039999687
7668.0 0.5012557287188479
7670.0 0.494493723221759
7672.0 0.4988340579039326
7674.0 0.5082664720774996
7676.0 0.5218663627496702
7678.0 0.5224621089280119
7680.0 0.5380183182309848
7682.0 0.5431264995049957
7684.0 0.5291829223152412
7686.0 0.5242667210749413
7688.0 0.5300602501761426
7690.0 0.5434547855148684
7692.0 0.5486824992648683
7694.0 0.5646713130116736
7696.0 0.5712729857932978
7698.0 0.5703561720382686
7700.0 0.5647827370170316
7702.0 0.5636331796398412
7704.0 0.5707505037781125
7706.0 0.5744600059128521
7708.0 0.5824414135367466
7710.0 0.5857865999589567
7712.0 0.5890401156040675
7714.0 0.5771118863260741
7716.0 0.579684887535142
7718.0 0.583870571762192
7720.0 0.5829190108167288
7722.0 0.5912970514326293
7724.0 0.6108163313626291
7726.0 0.6139025249283154
7728.0 0.598856423610363
7730.0 0.5886672657661534
7732.0 0.5888441074973298
7734.0 0.5976460296814017
7736.0 0.6031462037012637
7738.0 0.611904230556156
7740.0 0.6162181969648233
7742.0 0.617789504004051
7744.0 0.6245589598605401
7746.0 0.6257373445934871
7748.0 0.6196937597111557
7750.0 0.6204198336592219
7752.0 0.6225829799897695
7754.0 0.623676682640652
7756.0 0.630079545712638
7758.0 0.6317508254384641
7760.0 0.6294736124532494
7762.0 0.6257295864162572
7764.0 0.6244960498001172
7766.0 0.6286476453028625
7768.0 0.6348101077609646
7770.0 0.6398827575083326
7772.0 0.6423780023673265
7774.0 0.6449311710492414
7776.0 0.6485824890706227
7778.0 0.6464935619314517
7780.0 0.6432829050997426
7782.0 0.6462105393444122
7784.0 0.6511639069825275
7786.0 0.631818055452645
7788.0 0.6274553709272083
7790.0 0.6202114470604715
7792.0 0.6226778263855872
7794.0 0.6244725006556648
7796.0 0.6293575101863775
7798.0 0.6296931025986976
7800.0 0.6324160640456282
7802.0 0.6375978290324587
7804.0 0.6419287421685399
7806.0 0.6372361818624762
7808.0 0.6313239087428896
7810.0 0.6234721960435233
7812.0 0.619844197929855
7814.0 0.6261656151210677
7816.0 0.6296897081380306
7818.0 0.6273578952069391
7820.0 0.637704973741592
7822.0 0.6418987420303652
7824.0 0.6391472595918716
7826.0 0.6317842642069462
7828.0 0.6272586474586439
7830.0 0.6268392208958777
7832.0 0.6280604004994714
7834.0 0.6251095709666369
7836.0 0.6162037332593445
7838.0 0.6147287172099397
7840.0 0.6013610539399069
7842.0 0.5979750880742485
7844.0 0.5936876895379637
7846.0 0.6035907955623759
7848.0 0.6052764957635566
7850.0 0.6135445499076952
7852.0 0.6120394301649822
7854.0 0.601827236477053
7856.0 0.6009525345682586
7858.0 0.5969802009346434
7860.0 0.5843314004835949
7862.0 0.5861958854427297
7864.0 0.5817039856827538
7866.0 0.5834654763837918
7868.0 0.589985218799971
7870.0 0.5952127306050122
7872.0 0.5878758652728043
7874.0 0.5780044571642868
7876.0 0.5757468789847195
7878.0 0.5765588521702658
7880.0 0.576767321737001
7882.0 0.5822089510303123
7884.0 0.6004590815092982
7886.0 0.5997017138484001
7888.0 0.5826671221300781
7890.0 0.5767383983145206
7892.0 0.5683923171867749
7894.0 0.5643839022865318
7896.0 0.5628680289916373
7898.0 0.5634233490762899
7900.0 0.5634130007209175
7902.0 0.5607810614995477
7904.0 0.557087684863972
7906.0 0.5624631166707822
7908.0 0.5658778017394739
7910.0 0.5702635243256908
7912.0 0.5765825622196983
7914.0 0.5807155647703418
7916.0 0.5803528484179308
7918.0 0.5798322466622411
7920.0 0.5718394718015293
7922.0 0.5571080959479644
7924.0 0.5513424049043582
7926.0 0.5528707316308569
7928.0 0.5526051621340852
7930.0 0.5524079592509835
7932.0 0.5606487885607478
7934.0 0.5599829507581338
7936.0 0.568422850059106
7938.0 0.5690340868849743
7940.0 0.5664333939430366
7942.0 0.5534566735038456
7944.0 0.5522287996950848
7946.0 0.5526887433791886
7948.0 0.5540010419227059
7950.0 0.5556229170609939
7952.0 0.5512094119054003
7954.0 0.5485424257296286
7956.0 0.5419433930742598
7958.0 0.5359713180742182
7960.0 0.536863111652399
7962.0 0.5356260362796542
7964.0 0.5356643548453905
7966.0 0.5390949019387149
7968.0 0.5391548249824987
7970.0 0.5295676836518337
7972.0 0.5243613020686808
7974.0 0.5208592282484211
7976.0 0.5054537301606181
7978.0 0.503942608135366
7980.0 0.5087317286287055
7982.0 0.5123382424919929
7984.0 0.5107283208897091
7986.0 0.5049407667260957
7988.0 0.5094039136632297
7990.0 0.49677936575236153
7992.0 0.49172884906564324
7994.0 0.4963699947823905
7996.0 0.4981849835330909
7998.0 0.49326132552972946
8000.0 0.5032151134532975
8002.0 0.5053531368565483
8004.0 0.5051956910411737
8006.0 0.5067749890509367
8008.0 0.5089515202170827
8010.0 0.5001808161659443
8012.0 0.4978920753147429
8014.0 0.4990984508383027
8016.0 0.5024711744049137
8018.0 0.5016881791103296
8020.0 0.5070622041673247
8022.0 0.508591290918756
8024.0 0.501905306618354
8026.0 0.5000900741441997
8028.0 0.5014901798807738
8030.0 0.5137173932288791
8032.0 0.512613316282267
8034.0 0.5148333004023775
8036.0 0.5133798025237224
8038.0 0.5321335477332099
8040.0 0.5511796589239621
8042.0 0.5511826446713289
8044.0 0.5477622733265385
8046.0 0.5154217118214974
8048.0 0.5133263907494342
8050.0 0.5091096690409151
8052.0 0.5060714387592121
8054.0 0.5044288219887398
8056.0 0.5033957910763913
8058.0 0.5042227626340913
8060.0 0.5048884983861756
8062.0 0.5074646473299481
8064.0 0.5077734993336578
8066.0 0.5097569545170908
8068.0 0.5103956328075199
8070.0 0.5096110454156476
8072.0 0.5061996674141616
8074.0 0.5039332409512516
8076.0 0.5019807785069389
8078.0 0.5019167390185746
8080.0 0.5006792824595412
8082.0 0.49681672525200443
8084.0 0.4979853876627961
8086.0 0.4983931031257247
8088.0 0.49964499164216597
8090.0 0.5034689783230331
8092.0 0.4997791722353248
8094.0 0.4992767246730399
8096.0 0.4992588284658186
8098.0 0.4947584476843155
8100.0 0.49118413165477404
8102.0 0.48950585243077377
8104.0 0.48432192793492657
8106.0 0.4848019912488223
8108.0 0.4819957628355526
8110.0 0.4798548295680246
8112.0 0.4804422133730689
8114.0 0.47806206481127655
8116.0 0.47282792465130036
8118.0 0.46851508724331203
8120.0 0.46044369324969125
8122.0 0.4561238055485765
8124.0 0.46126280758783444
8126.0 0.4678899090807787
8128.0 0.4699483445083033
8130.0 0.4680579421887148
8132.0 0.46094998840767454
8134.0 0.4540162179379769
8136.0 0.45002119598808304
8138.0 0.4459473034817445
8140.0 0.445684764044068
8142.0 0.44930782271834957
8144.0 0.45774366950799233
8146.0 0.4606885845609605
8148.0 0.4690794665052281
8150.0 0.46465443678273066
8152.0 0.4523529686646931
8154.0 0.44717219986547657
8156.0 0.4373920326070176
8158.0 0.4336423743455721
8160.0 0.43322077246160023
8162.0 0.43383723626681825
8164.0 0.43447165267344756
8166.0 0.4355403481130724
8168.0 0.43629429993572133
8170.0 0.4359508481713859
8172.0 0.4323433323123782
8174.0 0.4312000864847635
8176.0 0.4265639055240872
8178.0 0.4264131486202293
8180.0 0.4239323038602567
8182.0 0.4193517567359183
8184.0 0.41801467375226914
8186.0 0.4162399974769059
8188.0 0.41475793585182485
8190.0 0.40959352642084684
8192.0 0.4081640726993945
8194.0 0.40256829020714047
8196.0 0.40791978021057956
8198.0 0.40512417348141827
8200.0 0.3985020360915951
8202.0 0.39509807034424094
8204.0 0.39237825102827484
8206.0 0.38911957848618384
8208.0 0.38636362735052976
8210.0 0.3883196463796083
8212.0 0.3822009980492467
8214.0 0.382910307427259
8216.0 0.38174115011659954
8218.0 0.3763665303625527
8220.0 0.37334163948190824
8222.0 0.3630395252205029
8224.0 0.3617277133548309
8226.0 0.3677508073579293
8228.0 0.3702486861766125
8230.0 0.37204468572654614
8232.0 0.3738458857519147
8234.0 0.37320541668381885
8236.0 0.3656543224458811
8238.0 0.36471573774729305
8240.0 0.3690113129288171
8242.0 0.36717753211832604
8244.0 0.36385034998040683
8246.0 0.36177617299377496
8248.0 0.3543763085647972
8250.0 0.3498482533534006
8252.0 0.3501026933798036
8254.0 0.35067517875796167
8256.0 0.35208206112583323
8258.0 0.35530425372208957
8260.0 0.3566317448595613
8262.0 0.35532451449746255
8264.0 0.3534064368483381
8266.0 0.3508581397680753
8268.0 0.3506244666054395
8270.0 0.35731426945489747
8272.0 0.36290569015205
8274.0 0.36729519294861
8276.0 0.37247470767380064
8278.0 0.3740761973260917
8280.0 0.3733376284963461
8282.0 0.3743709738988895
8284.0 0.371972503755701
8286.0 0.3710062450963818
8288.0 0.3636850329346581
8290.0 0.3665387986722108
8292.0 0.3644917260944311
8294.0 0.3629369155583199
8296.0 0.3636821188395733
8298.0 0.3636422657704766
8300.0 0.36341519150648777
8302.0 0.3644222964084723
8304.0 0.36248759052451485
8306.0 0.36040810686325697
8308.0 0.36053401849398037
8310.0 0.3659582915739375
8312.0 0.3690615819416805
8314.0 0.3725581920633057
8316.0 0.3760792610192093
8318.0 0.3752262607655811
8320.0 0.3754608408511252
8322.0 0.3769928772578859
8324.0 0.3743336791099692
8326.0 0.37475106232242567
8328.0 0.3764645133870423
8330.0 0.3770963358615509
8332.0 0.37522643143742673
8334.0 0.37315827830423004
8336.0 0.3783640608300089
8338.0 0.3826687946895965
8340.0 0.3880803430150759
8342.0 0.39640949993606606
8344.0 0.39707712542357976
8346.0 0.3902416695554287
8348.0 0.38827083733353057
8350.0 0.3862435770487025
8352.0 0.38683683806245617
8354.0 0.39237318289526185
8356.0 0.3950927688819968
8358.0 0.39571266871265864
8360.0 0.39658833774004
8362.0 0.3989361376976513
8364.0 0.40075157142369855
8366.0 0.4030844163395581
8368.0 0.4046456153300265
8370.0 0.4023961035062498
8372.0 0.40471976949589933
8374.0 0.40378084326715213
8376.0 0.39892649151420106
8378.0 0.4003310732180334
8380.0 0.4013647509525463
8382.0 0.40194854457046086
8384.0 0.405917931586383
8386.0 0.41245599873759703
8388.0 0.4120064188213978
8390.0 0.41071123127419906
8392.0 0.4097102604456375
8394.0 0.4066207759849555
8396.0 0.40290936018239865
8398.0 0.4083805519598278
8400.0 0.41117358252303
8402.0 0.41485611200831934
8404.0 0.4172735383996238
8406.0 0.41764353038917673
8408.0 0.4186838703850323
8410.0 0.4215246230159304
8412.0 0.42843658489404024
8414.0 0.43227760582770647
8416.0 0.4327389161631898
8418.0 0.4326774241811633
8420.0 0.4295419027092676
8422.0 0.43100971068500976
8424.0 0.43266966181253624
8426.0 0.43502263379971023
8428.0 0.4402993047260573
8430.0 0.44458364500277847
8432.0 0.4478053001594615
8434.0 0.4575467351963588
8436.0 0.4567945788404124
8438.0 0.45495834401042284
8440.0 0.450177687370218
8442.0 0.4344556748511196
8444.0 0.4270613472068414
8446.0 0.4290405486129832
8448.0 0.4339883191135242
8450.0 0.4382840611326244
8452.0 0.44415863377097115
8454.0 0.4426442204249542
8456.0 0.44825577543049266
8458.0 0.44840436292710156
8460.0 0.4530371710887017
8462.0 0.4544139413600841
8464.0 0.454451958464858
8466.0 0.46066724194356584
8468.0 0.4686962216045746
8470.0 0.4781938903645344
8472.0 0.47758709249740133
8474.0 0.4762227332757067
8476.0 0.47361700497913806
8478.0 0.46889440479209954
8480.0 0.4727071806437195
8482.0 0.4763902089262496
8484.0 0.48309365274396776
8486.0 0.4907262285798906
8488.0 0.4957993306933524
8490.0 0.5038690490972937
8492.0 0.5131298003096652
8494.0 0.5126770346604655
8496.0 0.520808825999613
8498.0 0.5176550584675718
8500.0 0.5138850332216266
8502.0 0.5128246178011774
8504.0 0.5103624283257813
8506.0 0.5106238805306883
8508.0 0.5152936718795813
8510.0 0.5263144532598141
8512.0 0.5308610938810033
8514.0 0.5372745026365843
8516.0 0.5384671889683247
8518.0 0.5378025891513862
8520.0 0.5377953471629237
8522.0 0.5392113555128358
8524.0 0.5403536499708689
8526.0 0.5440849963322391
8528.0 0.5487134057829193
8530.0 0.5534252969533567
8532.0 0.559612074438868
8534.0 0.5647089112859603
8536.0 0.5730014214557178
8538.0 0.5777985485276349
8540.0 0.580634944602715
8542.0 0.5838636571733978
8544.0 0.5884020429932444
8546.0 0.5875766314175493
8548.0 0.5850519888082923
8550.0 0.5846704404306995
8552.0 0.5821907034850604
8554.0 0.5843639327709689
8556.0 0.5884944176712243
8558.0 0.5904708165809962
8560.0 0.5941853032687984
8562.0 0.6074205213616096
8564.0 0.6067150062789485
8566.0 0.6083879968906009
8568.0 0.6053981031456722
8570.0 0.5874970573916048
8572.0 0.5814771314183073
8574.0 0.581597298860958
8576.0 0.5836200124114419
8578.0 0.5895159054917657
8580.0 0.6013967880718412
8582.0 0.6063113740423236
8584.0 0.6082915693952228
8586.0 0.614940593039735
8588.0 0.6236665949675355
8590.0 0.621865484465029
8592.0 0.6253187802288234
8594.0 0.6247978202143626
8596.0 0.6242886655332093
8598.0 0.6246090668809074
8600.0 0.6251727501180333
8602.0 0.6287387149135579
8604.0 0.6278683047624861
8606.0 0.6288222591894579
8608.0 0.6340977291717383
8610.0 0.6318777273259344
8612.0 0.6317217426786471
8614.0 0.6324671292274477
8616.0 0.6261330600070251
8618.0 0.6194066065253553
8620.0 0.6162893700034281
8622.0 0.6109173850175563
8624.0 0.6061097770126364
8626.0 0.6054213596484287
8628.0 0.6011102819241385
8630.0 0.6021960358648792
8632.0 0.600870132862825
8634.0 0.605160895348555
8636.0 0.6145065522139823
8638.0 0.6210515529384347
8640.0 0.6334784652254174
8642.0 0.6386175854243588
8644.0 0.6330292674777287
8646.0 0.6267160831084253
8648.0 0.6185081920027387
8650.0 0.6070265521336932
8652.0 0.606675452707553
8654.0 0.6057790969948125
8656.0 0.6122301628689881
8658.0 0.6167044582631392
8660.0 0.6207860978838087
8662.0 0.6243722318307962
8664.0 0.6229177045088523
8666.0 0.6210539773078773
8668.0 0.6185202110068349
8670.0 0.615067719023189
8672.0 0.6110089347809134
8674.0 0.6048303140164468
8676.0 0.595044674369216
8678.0 0.589825252770049
8680.0 0.5883816605459214
8682.0 0.5863176395567986
8684.0 0.6007476953815928
8686.0 0.6096414938765239
8688.0 0.6156274439989076
8690.0 0.6201133210142056
8692.0 0.6150197956735939
8694.0 0.595207953182553
8696.0 0.5914651619547495
8698.0 0.5881185755352737
8700.0 0.5899660874233857
8702.0 0.5984667101615163
8704.0 0.6003703290041389
8706.0 0.5997675381366302
8708.0 0.6003431364002454
8710.0 0.6014723384626169
8712.0 0.6029817032755462
8714.0 0.6023534407519224
8716.0 0.6008787497877658
8718.0 0.5951384708681234
8720.0 0.5768175528120357
8722.0 0.5761714595403982
8724.0 0.5743808864935894
8726.0 0.5667732422990556
8728.0 0.5727442984646611
8730.0 0.5825881949843625
8732.0 0.5841844223361009
8734.0 0.5818991650642347
8736.0 0.5773258583287295
8738.0 0.5611932714469152
8740.0 0.5539168944385271
8742.0 0.5435551028021919
8744.0 0.5301585878148316
8746.0 0.5318582456720219
8748.0 0.5311993738194398
8750.0 0.5359429934991147
8752.0 0.5423709416944876
8754.0 0.546453434457969
8756.0 0.5431895175917784
8758.0 0.5403948201816049
8760.0 0.5292038193672246
8762.0 0.5221854029085414
8764.0 0.5171800340236733
8766.0 0.5063915679403077
8768.0 0.5068132700602892
8770.0 0.5013296617353529
8772.0 0.49566885374414194
8774.0 0.4932988922835362
8776.0 0.49198883028090457
8778.0 0.4908821359438535
8780.0 0.4939733072429071
8782.0 0.4933400374864689
8784.0 0.4848984789720682
8786.0 0.47026645961368035
8788.0 0.45730432720168673
8790.0 0.44554342688185256
8792.0 0.44441827012390017
8794.0 0.4450336803137588
8796.0 0.44612945806314724
8798.0 0.4467144962571302
8800.0 0.4492275258832902
8802.0 0.4503986958277338
8804.0 0.45225154696700903
8806.0 0.45625568082031503
8808.0 0.4547253872465335
8810.0 0.4464396824420938
8812.0 0.44929666185415107
8814.0 0.44554816024537214
8816.0 0.43705483801639283
8818.0 0.4393103978898337
8820.0 0.4409478110944597
8822.0 0.4445037153204191
8824.0 0.4445701930162921
8826.0 0.4397070637300114
8828.0 0.43620445993003826
8830.0 0.43056743713826795
8832.0 0.4278463466334935
8834.0 0.4235747244008009
8836.0 0.4197370850129384
8838.0 0.4107296244340978
8840.0 0.4043311571756724
8842.0 0.39939417693080353
8844.0 0.39602975028155657
8846.0 0.3985169726026889
8848.0 0.40690058655342787
8850.0 0.40802668680096554
8852.0 0.4091497942926594
8854.0 0.4090693376695498
8856.0 0.40589640853950254
8858.0 0.4043978661478244
8860.0 0.4000599054241302
8862.0 0.39533179836080756
8864.0 0.3948433583772768
8866.0 0.3959063614561256
8868.0 0.3989122081581172
8870.0 0.39927279796309734
8872.0 0.40445511781881716
8874.0 0.40490159545783005
8876.0 0.40553436486999317
8878.0 0.40407830684829915
8880.0 0.4056295541182809
8882.0 0.4018358848410586
8884.0 0.3970872624490354
8886.0 0.3919673658584979
8888.0 0.3887830067347661
8890.0 0.388528897097154
8892.0 0.39707290138845314
8894.0 0.4009120949910051
8896.0 0.40613062218064594
8898.0 0.4042677816309227
8900.0 0.39939181563612763
8902.0 0.3980016729707747
8904.0 0.39787853703486636
8906.0 0.40035235146126424
8908.0 0.4036907111764536
8910.0 0.40534401048853436
8912.0 0.404616893931257
8914.0 0.39682947759888665
8916.0 0.39638297287604163
8918.0 0.3942970325305082
8920.0 0.39460595106990076
8922.0 0.3975462824236126
8924.0 0.3993143229658996
8926.0 0.4042044697829025
8928.0 0.40932149255419337
8930.0 0.4130058601310762
8932.0 0.4123005773160233
8934.0 0.4126972465889668
8936.0 0.41219048536234526
8938.0 0.4148117623992052
8940.0 0.4209226848896768
8942.0 0.42309508304534127
8944.0 0.4179254318302818
8946.0 0.41347390215428387
8948.0 0.4107767034500654
8950.0 0.4104038458441848
8952.0 0.41361011831706707
8954.0 0.41902299221477035
8956.0 0.41931646038306875
8958.0 0.42126179273638625
8960.0 0.4221549116284025
8962.0 0.42375902066882315
8964.0 0.4274964925933565
8966.0 0.4283459190816645
8968.0 0.4268110213297029
8970.0 0.4238456950555076
8972.0 0.419540126095575
8974.0 0.4111390028419047
8976.0 0.4094100952487441
8978.0 0.41165077391905086
8980.0 0.41334022636828127
8982.0 0.42002675157578473
8984.0 0.42439643785866343
8986.0 0.4261076373622046
8988.0 0.42702564145246313
8990.0 0.42657249654416696
8992.0 0.42085991234442016
8994.0 0.4150299041443838
8996.0 0.41241331801670544
8998.0 0.41477656591786377
9000.0 0.4136195768959255
9002.0 0.41396339526849707
9004.0 0.4172749647136745
9006.0 0.4171949176246797
9008.0 0.4196557639041223
9010.0 0.4263883136552218
9012.0 0.428339392472731
9014.0 0.4236395431175457
9016.0 0.4210424124370466
9018.0 0.4189437694490126
9020.0 0.4124038924451663
9022.0 0.40858461799013457
9024.0 0.4026923120475337
9026.0 0.4044322985502004
9028.0 0.41090826072707937
9030.0 0.4131619270333649
9032.0 0.4173806212207084
9034.0 0.4209563458796281
9036.0 0.4181315935365434
9038.0 0.4144065279847189
9040.0 0.40583184850915227
9042.0 0.3970436832408004
9044.0 0.395840374454695
9046.0 0.3930684691434406
9048.0 0.39557760709142437
9050.0 0.4038448668550492
9052.0 0.4055440193543082
9054.0 0.4050608030632333
9056.0 0.4045317506389991
9058.0 0.3981459116235713
9060.0 0.3956577483539133
9062.0 0.40191003662467895
9064.0 0.40764299986310243
9066.0 0.40923184851599853
9068.0 0.4117949768689871
9070.0 0.41004232997721923
9072.0 0.4009375846413818
9074.0 0.3999321657249302
9076.0 0.4047134930254515
9078.0 0.4045689366368036
9080.0 0.4059511004606925
9082.0 0.4109984374692114
9084.0 0.409956573707725
9086.0 0.40733081428636575
9088.0 0.4132115904747628
9090.0 0.41871738162162264
9092.0 0.41727956403857497
9094.0 0.41300391233350264
9096.0 0.40941277195656456
9098.0 0.4017734867313088
9100.0 0.4017764773648876
9102.0 0.40451081379028
9104.0 0.4023586531238272
9106.0 0.4036959674656579
9108.0 0.4061317148259653
9110.0 0.40983313499158247
9112.0 0.4144414275106921
9114.0 0.42271112291357477
9116.0 0.4280556073940817
9118.0 0.42664873112694063
9120.0 0.42188359644613715
9122.0 0.4164691174731659
9124.0 0.4082394685614097
9126.0 0.405366941482328
9128.0 0.40460190798818163
9130.0 0.405262518614642
9132.0 0.4007354837713236
9134.0 0.39682826047454334
9136.0 0.3967296848584106
9138.0 0.3944034608178084
9140.0 0.3961638588891692
9142.0 0.4003837341420688
9144.0 0.4025098436722341
9146.0 0.4046708626132316
9148.0 0.4058730919788471
9150.0 0.4036585544800862
9152.0 0.40016730459107036
9154.0 0.39674126879295724
9156.0 0.3944993422571886
9158.0 0.38946775955527396
9160.0 0.38443198931994993
9162.0 0.3857971267231112
9164.0 0.38511870600627596
9166.0 0.3885018401011167
9168.0 0.40062758533260595
9170.0 0.4062941564136797
9172.0 0.4077153818599527
9174.0 0.4123094042491234
9176.0 0.40997875520535165
9178.0 0.3999676405982187
9180.0 0.4004033687757978
9182.0 0.4056758863491376
9184.0 0.4051462079929887
9186.0 0.4077468106917621
9188.0 0.40947018110486993
9190.0 0.406790658901693
9192.0 0.4094363096985228
9194.0 0.4119866224775135
9196.0 0.4127467185554689
9198.0 0.4120137214964586
9200.0 0.41024580695001533
9202.0 0.4084863667086218
9204.0 0.4034300665554171
9206.0 0.4025353749229509
9208.0 0.3965523858542072
9210.0 0.39652005280467567
9212.0 0.4016260548671724
9214.0 0.40476627698630774
9216.0 0.4067433555061413
9218.0 0.40851506118962316
9220.0 0.411116247650887
9222.0 0.41190583230204836
9224.0 0.40961974835831627
9226.0 0.41549943988321275
9228.0 0.4131732505198165
9230.0 0.41229589769950103
9232.0 0.41091161982043334
9234.0 0.40888459028667945
9236.0 0.40718062904917635
9238.0 0.40970319508130965
9240.0 0.41711685277909516
9242.0 0.4222524317267257
9244.0 0.42642305734447095
9246.0 0.4317424713333767
9248.0 0.42397056713173376
9250.0 0.4192762349376695
9252.0 0.41148500934959703
9254.0 0.4051824084538766
9256.0 0.3987322667370971
9258.0 0.3951436851720747
9260.0 0.39839977917577785
9262.0 0.4049450200850559
9264.0 0.40806494597845344
9266.0 0.4128293216699496
9268.0 0.4177429022869879
9270.0 0.4265165163089345
9272.0 0.42896925333814795
9274.0 0.4276437134895914
9276.0 0.4258359064400903
9278.0 0.41716014090984976
9280.0 0.40548601067544865
9282.0 0.404576158007601
9284.0 0.40093165454048585
9286.0 0.4011281511280326
9288.0 0.40298171839248087
9290.0 0.4069087475574798
9292.0 0.41315537413124687
9294.0 0.4191773230406819
9296.0 0.4208715499943677
9298.0 0.4227828146932635
9300.0 0.41926700959791224
9302.0 0.41469754058589336
9304.0 0.4116326375787524
9306.0 0.40769975898502786
9308.0 0.40771086094809633
9310.0 0.40590675257555753
9312.0 0.4085530168529635
9314.0 0.4106812980738847
9316.0 0.41513895111519
9318.0 0.4177493850026235
9320.0 0.4196400570851795
9322.0 0.42029523247622175
9324.0 0.4185977929101369
9326.0 0.412274977699897
9328.0 0.40722876062896357
9330.0 0.4018851456979963
9332.0 0.39937604540806837
9334.0 0.4003674962831214
9336.0 0.4048271952785333
9338.0 0.40572776345864825
9340.0 0.40737240130708186
9342.0 0.40917165100528424
9344.0 0.41038027067579214
9346.0 0.4052755071263616
9348.0 0.4013775929139287
9350.0 0.3896658606765884
9352.0 0.38048475638439777
9354.0 0.37642095687748844
9356.0 0.3701444801071903
9358.0 0.37089678749633714
9360.0 0.3741004364063329
9362.0 0.3767804583509655
9364.0 0.3789550741549363
9366.0 0.38588916079259283
9368.0 0.38695071874652015
9370.0 0.3858007895005167
9372.0 0.38486034104877437
9374.0 0.37930483725778813
9376.0 0.37747257626138414
9378.0 0.37461509789293285
9380.0 0.37574469254011883
9382.0 0.3782859403908377
9384.0 0.3804147385527611
9386.0 0.38373524969579226
9388.0 0.3852501104748843
9390.0 0.38513427080693574
9392.0 0.3853400267756367
9394.0 0.3755838732755521
9396.0 0.37284068719564034
9398.0 0.36944964315816914
9400.0 0.36685265075020435
9402.0 0.3677168096407246
9404.0 0.36994791505068925
9406.0 0.3680538120740377
9408.0 0.3682982647944282
9410.0 0.36988573338175584
9412.0 0.3753258200242392
9414.0 0.3789473336356306
9416.0 0.37987967934182115
9418.0 0.3807700554797165
9420.0 0.3739512393243961
9422.0 0.3699575012548438
9424.0 0.36935926241973954
9426.0 0.3707614271975049
9428.0 0.37071167661117316
9430.0 0.3727409501725304
9432.0 0.37328731295785234
9434.0 0.36959542430507425
9436.0 0.37062715441167565
9438.0 0.3759220406392444
9440.0 0.3795017577287615
9442.0 0.3789168000408566
9444.0 0.37985097083850483
9446.0 0.3769654997780838
9448.0 0.3715684428525136
9450.0 0.3701446739613621
9452.0 0.3722843107542838
9454.0 0.3720463442287798
9456.0 0.37499360697858936
9458.0 0.376135267483536
9460.0 0.37904282020687935
9462.0 0.38045050643722805
9464.0 0.38133438999045116
9466.0 0.38393872902749004
9468.0 0.384992953963692
9470.0 0.3849731944715411
9472.0 0.3835053186566831
9474.0 0.38181249679232965
9476.0 0.3786905995239428
9478.0 0.38045546547669873
9480.0 0.3801139994947867
9482.0 0.3888150551045304
9484.0 0.3942623956572195
9486.0 0.39617662058408665
9488.0 0.39855294748145803
9490.0 0.3974071348667029
9492.0 0.3903019800411509
9494.0 0.3921191745563117
9496.0 0.3918725827934948
9498.0 0.3913940194248757
9500.0 0.398173936956443
9502.0 0.39846542056354406
9504.0 0.39492799371463666
9506.0 0.39235347742776205
9508.0 0.39187134079696756
9510.0 0.3912498171435658
9512.0 0.3885474057352449
9514.0 0.3815343139398047
9516.0 0.3811320762729272
9518.0 0.37994108493597156
9520.0 0.38135226069793593
9522.0 0.3843985368677378
9524.0 0.38796195273010603
9526.0 0.3895395373288346
9528.0 0.38912930094680026
9530.0 0.39254197967216076
9532.0 0.397919798661989
9534.0 0.3974889304846346
9536.0 0.40155048539522303
9538.0 0.4008818344875533
9540.0 0.3921000435971076
9542.0 0.39042311860176493
9544.0 0.3844065622940126
9546.0 0.37914149110188733
9548.0 0.3788357795890187
9550.0 0.379380485954373
9552.0 0.3811806876938741
9554.0 0.3862230473048341
9556.0 0.3889397557945637
9558.0 0.38703436760081406
9560.0 0.3875460895605269
9562.0 0.3828594170553771
9564.0 0.3781364204721134
9566.0 0.37499368138482686
9568.0 0.37424169060229046
9570.0 0.37232930682402376
9572.0 0.36759292140719463
9574.0 0.3674093904669289
9576.0 0.36986046892975055
9578.0 0.3677344067825507
9580.0 0.37661540942115956
9582.0 0.3799945577776124
9584.0 0.3832115210710862
9586.0 0.384625574015107
9588.0 0.3853072709193687
9590.0 0.3836071678705324
9592.0 0.3811062259431964
9594.0 0.3794697653438085
9596.0 0.38024947216087696
9598.0 0.37836271614398376
9600.0 0.37970982317586544
9602.0 0.381161396649869
9604.0 0.3800699341845316
9606.0 0.3817084134202496
9608.0 0.3835629316101387
9610.0 0.38244086718122816
9612.0 0.3817224188223987
9614.0 0.3831200996394964
9616.0 0.3834831097907498
9618.0 0.38441885495424793
9620.0 0.3868622149405825
9622.0 0.38558224661212637
9624.0 0.3854827511041988
9626.0 0.38306638889755595
9628.0 0.3808663431409333
9630.0 0.3792657363265687
9632.0 0.37425335147380284
9634.0 0.3695572756935609
9636.0 0.37041054962630926
9638.0 0.3721023628627076
9640.0 0.3736177579650806
9642.0 0.3748489635171842
9644.0 0.37521769023676477
9646.0 0.37745475984771054
9648.0 0.3766444229781379
9650.0 0.380578532266614
9652.0 0.38265296135522203
9654.0 0.3762430022784403
9656.0 0.3722594464417174
9658.0 0.37292582485721365
9660.0 0.36802062087324483
9662.0 0.3701523892266368
9664.0 0.37089810662344475
9666.0 0.37151094051340705
9668.0 0.37359043082410537
9670.0 0.3748864467605285
9672.0 0.37783804567618456
9674.0 0.38070057849135386
9676.0 0.37728176580666245
9678.0 0.37605190774582337
9680.0 0.3755926452218606
9682.0 0.3695857068652208
9684.0 0.36965894655556253
9686.0 0.3605665009987757
9688.0 0.35801678425399625
9690.0 0.3579812488805675
9692.0 0.35825705386724066
9694.0 0.36171299362517007
9696.0 0.36675868419588875
9698.0 0.3697204302376769
9700.0 0.3745839373776388
9702.0 0.37562894897506693
9704.0 0.37504160303917744
9706.0 0.375901351303801
9708.0 0.3706865382786596
9710.0 0.3704219889265927
9712.0 0.37111458275645753
9714.0 0.37074793133920936
9716.0 0.3661176072655957
9718.0 0.3606283230279075
9720.0 0.35915455002129887
9722.0 0.3599205947974112
9724.0 0.3594031215451944
9726.0 0.36850529275071464
9728.0 0.3691813627250392
9730.0 0.3660248584675499
9732.0 0.365391893587928
9734.0 0.3651775299770344
9736.0 0.3650903128209176
9738.0 0.3672068234936713
9740.0 0.3696653069107882
9742.0 0.36851551635443375
9744.0 0.35993579460907854
9746.0 0.35862289719982593
9748.0 0.35643193845513205
9750.0 0.35515271330301523
9752.0 0.357253673530578
9754.0 0.35738034517008094
9756.0 0.3589364153741693
9758.0 0.36248262786835717
9760.0 0.36271098153376
9762.0 0.3642669594452075
9764.0 0.36398997739147937
9766.0 0.358101955072816
9768.0 0.35871583115205685
9770.0 0.352755596215186
9772.0 0.3513916327876617
9774.0 0.35625990365829197
9776.0 0.3578429824488731
9778.0 0.36058340161228003
9780.0 0.3625085529535296
9782.0 0.3625085529535296
9784.0 0.3633463041961764
9786.0 0.3571170139843411
9788.0 0.3543096378674925
9790.0 0.3524132578146813
9792.0 0.353925208744605
9794.0 0.3567942022109877
9796.0 0.3572791619755894
9798.0 0.36198634404820224
9800.0 0.36198634404820224
9802.0 0.35820546686605903
9804.0 0.357494312834451
9806.0 0.35503848042974356
9808.0 0.353331660667206
9810.0 0.35369120953332833
9812.0 0.35439462541529104
9814.0 0.3544800036709861
9816.0 0.35538127222598964
9818.0 0.35538127222598964
9820.0 0.3508588511793458
9822.0 0.3499640088507244
9824.0 0.3505348503426698
9826.0 0.35094299111320465
9828.0 0.35289737273129274
9830.0 0.3568407463264495
9832.0 0.3569065130514358
9834.0 0.35766633936112663
9836.0 0.35766633936112663
9838.0 0.35568520004818316
9840.0 0.35527349361098076
9842.0 0.3549781443287645
9844.0 0.3547609351375069
9846.0 0.35638843120125213
9848.0 0.3597762027850703
9850.0 0.35993566157806345
9852.0 0.36196683875562125
9854.0 0.36196683875562125
9856.0 0.36055963163461596
9858.0 0.3602529769896193
9860.0 0.3576655894093753
9862.0 0.35570857136304346
9864.0 0.35385307560842355
9866.0 0.34986705559121173
9868.0 0.3497202969214936
9870.0 0.34764081550137343
9872.0 0.34764081550137343
9874.0 0.34684656349159565
9876.0 0.34666532159096686
9878.0 0.3470383798362685
9880.0 0.34732855067043994
9882.0 0.348071922177172
9884.0 0.34972057755859676
9886.0 0.349817985007604
9888.0 0.3513700603950137
9890.0 0.3513700603950137
9892.0 0.35174836645610663
9894.0 0.3518386459796714
9896.0 0.3520946332177547
9898.0 0.3522993704892336
9900.0 0.35172562874336216
9902.0 0.35041145141882285
9904.0 0.35041175652427614
9906.0 0.3504172980934251
9908.0 0.3504172980934251
9910.0 0.3524091731757212
9912.0 0.35290568866046235
9914.0 0.35122674437749835
9916.0 0.3498461091015299
9918.0 0.3502447709193359
9920.0 0.35118825665618775
9922.0 0.35137422190484613
9924.0 0.3552922619277716
9926.0 0.3552922619277716
9928.0 0.35281507147863395
9930.0 0.3521707764024611
9932.0 0.35056755614105
9934.0 0.3492121297723083
9936.0 0.3491324386727729
9938.0 0.3489374834611553
9940.0 0.3489420434385643
9942.0 0.34905610380890023
9944.0 0.34905610380890023
9946.0 0.3469036140591577
9948.0 0.34632008937635106
9950.0 0.3472376576203
9952.0 0.3480351466808573
9954.0 0.34980098601132187
9956.0 0.35426847153724633
9958.0 0.35417751978006984
9960.0 0.3513877805684582
9962.0 0.3513877805684582
9964.0 0.34729835122656794
9966.0 0.34614395216249005
9968.0 0.3470577492666264
9970.0 0.34787417479103466
9972.0 0.34812999198405287
9974.0 0.3487996362339057
9976.0 0.3487388483686108
9978.0 0.3463389887110602
9980.0 0.3463389887110602
9982.0 0.3446421278707969
9984.0 0.34414378840378174
9986.0 0.3448274850963764
9988.0 0.34545538749307336
9990.0 0.34693967829567085
9992.0 0.35096189044791365
9994.0 0.3509919523666387
9996.0 0.35264743596633163
9998.0 0.35264743596633163
