# z obs_date
# 0 52280
3580.0 0.10042609470559219
3582.0 0.10686483057985556
3584.0 0.08564896007930155
3586.0 0.09137893434609883
3588.0 0.11047352116090513
3590.0 0.10222770236813424
3592.0 0.09045304137553319
3594.0 0.08807374284666428
3596.0 0.09161139847995008
3598.0 0.0959286928648062
3600.0 0.10067909856167875
3602.0 0.10329461975827174
3604.0 0.09685791328782971
3606.0 0.09121988888879465
3608.0 0.0951142796430277
3610.0 0.10089325329007888
3612.0 0.08745710958217462
3614.0 0.08873035655403125
3616.0 0.0878962745110784
3618.0 0.08998658721065567
3620.0 0.09372216939593091
3622.0 0.09459410972796556
3624.0 0.09515530137786164
3626.0 0.097128469365319
3628.0 0.09767272776780904
3630.0 0.08516217735200958
3632.0 0.08481746982483877
3634.0 0.09005729344243261
3636.0 0.08723124992813841
3638.0 0.0958553909277613
3640.0 0.10306992639162679
3642.0 0.101098890771938
3644.0 0.09983682828613524
3646.0 0.0979778785198798
3648.0 0.09698867698013176
3650.0 0.09770444994046566
3652.0 0.10018349161537252
3654.0 0.10076772001228082
3656.0 0.1007366814289864
3658.0 0.09857024502515578
3660.0 0.0947148070560628
3662.0 0.09813794377698547
3664.0 0.09573981359544004
3666.0 0.09170956011697326
3668.0 0.0939405598546385
3670.0 0.09254887903142411
3672.0 0.09007570206461403
3674.0 0.0870897717381703
3676.0 0.08444971420503115
3678.0 0.08621309617442763
3680.0 0.08522037566439997
3682.0 0.08197348196956718
3684.0 0.08220791854822705
3686.0 0.0838387936801576
3688.0 0.08743434905375377
3690.0 0.09330772877162496
3692.0 0.09431095407382772
3694.0 0.08334607525575216
3696.0 0.08979781839699791
3698.0 0.09009944368190355
3700.0 0.0837853416215415
3702.0 0.0829023915890652
3704.0 0.08577052249529664
3706.0 0.08788224513207862
3708.0 0.085925776638294
3710.0 0.08835409732123027
3712.0 0.08882363559183507
3714.0 0.09043630658622613
3716.0 0.08367250626910308
3718.0 0.08313217605846655
3720.0 0.08549814426091891
3722.0 0.08819528383260611
3724.0 0.08538170433397371
3726.0 0.08535475720287794
3728.0 0.08783680974153728
3730.0 0.08965144863468555
3732.0 0.09148286118922791
3734.0 0.09086470431664254
3736.0 0.08960941157143548
3738.0 0.08863890223669017
3740.0 0.08851963034034328
3742.0 0.08910214867338193
3744.0 0.09237889904063952
3746.0 0.08609506600779497
3748.0 0.09055663994814435
3750.0 0.08992034493602005
3752.0 0.08809524569477806
3754.0 0.08725916175692718
3756.0 0.08754115376421293
3758.0 0.08474912706832502
3760.0 0.0921440625047983
3762.0 0.09764071364052826
3764.0 0.09441056398303722
3766.0 0.0959392631869857
3768.0 0.09313288050461002
3770.0 0.09076736184754837
3772.0 0.09540181746147022
3774.0 0.09449916113140891
3776.0 0.09295218126509029
3778.0 0.09847032832056317
3780.0 0.09756813666322679
3782.0 0.1013857142974537
3784.0 0.09848442957709484
3786.0 0.10187030286933739
3788.0 0.1017863096717613
3790.0 0.10345168110334634
3792.0 0.10566770810384617
3794.0 0.105809764023223
3796.0 0.10825786626574914
3798.0 0.10661077709431954
3800.0 0.10639954219353456
3802.0 0.1107408798462847
3804.0 0.11014716074249291
3806.0 0.10993774802158877
3808.0 0.11098521856020525
3810.0 0.1137847680948081
3812.0 0.11127932455686275
3814.0 0.1172856522450908
3816.0 0.11338717973122643
3818.0 0.11370015719149908
3820.0 0.11836098253763959
3822.0 0.11742462587609928
3824.0 0.11868491604384722
3826.0 0.123105183762426
3828.0 0.12463686056790382
3830.0 0.1246159746723728
3832.0 0.12887743852330813
3834.0 0.1318475045338714
3836.0 0.13374291328583618
3838.0 0.13436073998464487
3840.0 0.1392520017176752
3842.0 0.15972830937805219
3844.0 0.16481833758201964
3846.0 0.16379731357838884
3848.0 0.16269469056462257
3850.0 0.15591514105112445
3852.0 0.1420974946738586
3854.0 0.1355199221227953
3856.0 0.12917361477704095
3858.0 0.13030863694711842
3860.0 0.13454329967823903
3862.0 0.1440891204376975
3864.0 0.15135836582448778
3866.0 0.15759256085908446
3868.0 0.15903826038472074
3870.0 0.16443231837158967
3872.0 0.1694126137573122
3874.0 0.17691351590340293
3876.0 0.17817600660538802
3878.0 0.17581906682397583
3880.0 0.17155923931453226
3882.0 0.16320238508948828
3884.0 0.15238633185842074
3886.0 0.14780603655964705
3888.0 0.15358032042893827
3890.0 0.16238037891689372
3892.0 0.16548039308444148
3894.0 0.1601054179288934
3896.0 0.16195613978758702
3898.0 0.16394552480251112
3900.0 0.16848623925257042
3902.0 0.17454413893162843
3904.0 0.1709143213329534
3906.0 0.166183779730117
3908.0 0.1649417632611234
3910.0 0.16490200222284992
3912.0 0.17005972134423022
3914.0 0.18453767863116854
3916.0 0.19483238871831007
3918.0 0.17877087034589176
3920.0 0.16677093299859194
3922.0 0.15689490380430102
3924.0 0.1549548448766042
3926.0 0.1626248939024789
3928.0 0.15777511104526248
3930.0 0.1567204511792357
3932.0 0.15425861981074945
3934.0 0.14902576352779823
3936.0 0.14693184838230378
3938.0 0.15724543756965442
3940.0 0.16958095668262876
3942.0 0.17574801831650744
3944.0 0.1745160587699405
3946.0 0.17162176544158653
3948.0 0.16741453425282377
3950.0 0.16300170313197135
3952.0 0.16178384501469242
3954.0 0.15756716508098065
3956.0 0.15667633626500788
3958.0 0.16030421320445565
3960.0 0.1546621761337619
3962.0 0.1470228163965912
3964.0 0.14435116064429004
3966.0 0.13937367194851236
3968.0 0.13150982994260724
3970.0 0.12545752155138942
3972.0 0.1271109760282737
3974.0 0.1259405894883399
3976.0 0.13975506288987155
3978.0 0.14999332115558828
3980.0 0.15145669119092292
3982.0 0.15874673206294107
3984.0 0.15649437990340684
3986.0 0.15759723622126562
3988.0 0.16186506921136276
3990.0 0.15919759135506711
3992.0 0.15493314712982856
3994.0 0.1508280745472786
3996.0 0.15465911826975365
3998.0 0.15408535632757062
4000.0 0.14848326909689039
4002.0 0.14211328211222307
4004.0 0.13591950757043572
4006.0 0.1380214704607409
4008.0 0.15229160090278618
4010.0 0.1646873032442371
4012.0 0.17167293105245052
4014.0 0.17212722925768364
4016.0 0.1675947820624706
4018.0 0.16241976117561646
4020.0 0.1497703152334046
4022.0 0.14446871616937043
4024.0 0.1455509218710103
4026.0 0.14724041520828154
4028.0 0.14856605305575316
4030.0 0.1581425563083251
4032.0 0.15254536151094195
4034.0 0.14617757280179328
4036.0 0.15329158185850214
4038.0 0.16322192447877878
4040.0 0.15999217481755046
4042.0 0.16667204507988068
4044.0 0.16690671956898434
4046.0 0.17013295353750202
4048.0 0.1833002782370982
4050.0 0.18794703111845965
4052.0 0.19553135385082265
4054.0 0.19662470096124182
4056.0 0.1939784509879801
4058.0 0.17881065889789916
4060.0 0.1592962610966196
4062.0 0.1511829290439434
4064.0 0.15888089349797618
4066.0 0.17168922914599533
4068.0 0.1799490441305437
4070.0 0.1881424505795613
4072.0 0.18512019364137583
4074.0 0.17528025711650413
4076.0 0.17035114299350934
4078.0 0.17622177611589404
4080.0 0.1858456318053902
4082.0 0.18868149909296889
4084.0 0.18649273218425397
4086.0 0.18152049162082634
4088.0 0.18095295464206154
4090.0 0.18156265266129754
4092.0 0.18494961173520308
4094.0 0.18687175138647139
4096.0 0.18900010911233014
4098.0 0.19124327113767464
4100.0 0.1838422035682324
4102.0 0.17770042911708503
4104.0 0.17297805414626674
4106.0 0.17027132258599276
4108.0 0.1751380706457165
4110.0 0.18915635709979994
4112.0 0.1925936689918519
4114.0 0.20279222637300398
4116.0 0.2118564417429298
4118.0 0.21790309370052308
4120.0 0.21566890432626926
4122.0 0.2112792410953373
4124.0 0.21630208568226525
4126.0 0.2152086279895442
4128.0 0.2114424430727742
4130.0 0.20210246904633408
4132.0 0.20064909037879672
4134.0 0.21354240407849795
4136.0 0.21563187087970026
4138.0 0.20902949794292747
4140.0 0.2049470830962654
4142.0 0.19886727647661528
4144.0 0.20623351166458131
4146.0 0.21487413206955244
4148.0 0.21270427038159043
4150.0 0.20805929703349166
4152.0 0.2064601710469295
4154.0 0.1988815774302851
4156.0 0.19459876359847433
4158.0 0.19361914775253747
4160.0 0.19227727552886545
4162.0 0.20596409504835328
4164.0 0.2159196360321611
4166.0 0.2154201311131475
4168.0 0.20272272828814028
4170.0 0.2013699562377846
4172.0 0.20861913070263255
4174.0 0.21062130480168773
4176.0 0.21491842630167848
4178.0 0.2179886286010472
4180.0 0.2153020057814499
4182.0 0.21354495375840574
4184.0 0.20381751250060795
4186.0 0.19372106110443157
4188.0 0.19665787701205428
4190.0 0.2000505482942586
4192.0 0.2083527021006729
4194.0 0.2164248115275616
4196.0 0.2204700011123859
4198.0 0.22780780934679917
4200.0 0.22851169296262852
4202.0 0.22982997169858024
4204.0 0.2205650291446938
4206.0 0.2186757346812133
4208.0 0.21811320653224053
4210.0 0.22130701187529347
4212.0 0.22063775942179675
4214.0 0.21744455083920122
4216.0 0.2197139065795951
4218.0 0.21154007971030014
4220.0 0.20601425496811837
4222.0 0.20580510802892793
4224.0 0.20983321119329484
4226.0 0.2094695911298752
4228.0 0.20438532476966004
4230.0 0.207366601794599
4232.0 0.21022160398959172
4234.0 0.21324790776341052
4236.0 0.20398352075041756
4238.0 0.19408580411801665
4240.0 0.1949570458442081
4242.0 0.1988644220848015
4244.0 0.20564128576228244
4246.0 0.20910686644448773
4248.0 0.21146396674651052
4250.0 0.20323782363883838
4252.0 0.1909695315602209
4254.0 0.19024945862453033
4256.0 0.18972359684771228
4258.0 0.19604648031277508
4260.0 0.19475969492778616
4262.0 0.19507762835335551
4264.0 0.19184405105568095
4266.0 0.18744508020193026
4268.0 0.18364083478782636
4270.0 0.18352451179777457
4272.0 0.1845597689404031
4274.0 0.1792046454404016
4276.0 0.17399797766501304
4278.0 0.17217867348019927
4280.0 0.17629357248186325
4282.0 0.17508488836018093
4284.0 0.17305528871982315
4286.0 0.16976764110252934
4288.0 0.16995184037492822
4290.0 0.1700599730943714
4292.0 0.16855767131017732
4294.0 0.16939404328041036
4296.0 0.16972167215759099
4298.0 0.16587984782667617
4300.0 0.16122202882472467
4302.0 0.1575530379748095
4304.0 0.15558900307063747
4306.0 0.15290641038815717
4308.0 0.14754136078572166
4310.0 0.14796356358755192
4312.0 0.14638692278725846
4314.0 0.14386443388563303
4316.0 0.14399509391079057
4318.0 0.14557448835022332
4320.0 0.14635322728405548
4322.0 0.14246542849426003
4324.0 0.1406211017300104
4326.0 0.1361218803501311
4328.0 0.14057690648328325
4330.0 0.1427175269434677
4332.0 0.13731952068129086
4334.0 0.12722948527126493
4336.0 0.1238970407547414
4338.0 0.1302014745583516
4340.0 0.1386942404398114
4342.0 0.13459886049856723
4344.0 0.12837922779890534
4346.0 0.1297758241076954
4348.0 0.1284417158640551
4350.0 0.12562895396671603
4352.0 0.1281566346192245
4354.0 0.13110163441759026
4356.0 0.13337808187402647
4358.0 0.13819837572209323
4360.0 0.1368294515242371
4362.0 0.13861803262235123
4364.0 0.1408254504701369
4366.0 0.14195101569472998
4368.0 0.14083194359883025
4370.0 0.13736874562231585
4372.0 0.13470003659573576
4374.0 0.13253902705573328
4376.0 0.13493834124423482
4378.0 0.13816083346209723
4380.0 0.13889270606323084
4382.0 0.13811038697379086
4384.0 0.14221550402899621
4386.0 0.14832817481663152
4388.0 0.15593950396882852
4390.0 0.1671244794332815
4392.0 0.16588175949614462
4394.0 0.1549274302717793
4396.0 0.15541337075756634
4398.0 0.1602723235541346
4400.0 0.16150443603406686
4402.0 0.16137109873510078
4404.0 0.16653134419114596
4406.0 0.17292549275006205
4408.0 0.17351868018016425
4410.0 0.17554610790651395
4412.0 0.17651775052979032
4414.0 0.17665637595943454
4416.0 0.1774141515621666
4418.0 0.17910440679279174
4420.0 0.18823463473475074
4422.0 0.19456910282360085
4424.0 0.19773180102356586
4426.0 0.19803814599466674
4428.0 0.20144353566333384
4430.0 0.20239344464214243
4432.0 0.20547759639464652
4434.0 0.21014622297867092
4436.0 0.213064502164315
4438.0 0.21538670682963862
4440.0 0.2245793733885111
4442.0 0.22792804417269377
4444.0 0.22883459503686493
4446.0 0.2301654077031345
4448.0 0.22885937050047397
4450.0 0.23213978340689104
4452.0 0.24446641710371095
4454.0 0.2529286866583666
4456.0 0.25476723007016705
4458.0 0.25766420212998453
4460.0 0.2600077896704334
4462.0 0.2599832676922435
4464.0 0.2579576769984022
4466.0 0.2603231151341184
4468.0 0.2673002432931341
4470.0 0.27130266042217843
4472.0 0.27704712549693333
4474.0 0.28641128038850333
4476.0 0.28919572606693594
4478.0 0.2970896175066048
4480.0 0.30265112989340587
4482.0 0.3081991497604168
4484.0 0.3119210574737992
4486.0 0.31385237804041266
4488.0 0.312397346843786
4490.0 0.3151747372656615
4492.0 0.32152078432432
4494.0 0.3312865053978003
4496.0 0.3388399218467288
4498.0 0.3405787618790534
4500.0 0.3405423888889171
4502.0 0.3443413895173444
4504.0 0.34905993804924573
4506.0 0.35258457896193945
4508.0 0.3569681886191618
4510.0 0.3633473772232119
4512.0 0.3697056771154699
4514.0 0.37157394964843576
4516.0 0.37109168041804197
4518.0 0.36816841796819844
4520.0 0.37325605614426893
4522.0 0.3782881021891496
4524.0 0.37877094588741533
4526.0 0.3895451370690902
4528.0 0.39105341768658
4530.0 0.3915919318301819
4532.0 0.386247844911443
4534.0 0.3922155320179567
4536.0 0.39768875248514285
4538.0 0.4026867207641703
4540.0 0.4037951157816753
4542.0 0.40567311702712405
4544.0 0.40808800221111047
4546.0 0.406473188438942
4548.0 0.40470216820669214
4550.0 0.40450725627192335
4552.0 0.4080806502102709
4554.0 0.41229936826169405
4556.0 0.4185739159202136
4558.0 0.41893297392447804
4560.0 0.4200408619696019
4562.0 0.4187543205055849
4564.0 0.4234910653849737
4566.0 0.426552154768476
4568.0 0.42654060826477214
4570.0 0.4251009554533696
4572.0 0.4225906569980357
4574.0 0.42445667072182314
4576.0 0.42388432143625276
4578.0 0.4237565609593369
4580.0 0.424290607467674
4582.0 0.42250557907566105
4584.0 0.4177657412976214
4586.0 0.41563499864204734
4588.0 0.4163796027684896
4590.0 0.4163246568600184
4592.0 0.4176919957129802
4594.0 0.4079948305108609
4596.0 0.4036407420570144
4598.0 0.4033187880783226
4600.0 0.40523338403287773
4602.0 0.405313020726314
4604.0 0.4074962091263307
4606.0 0.40943329405359435
4608.0 0.40423507348135146
4610.0 0.3963549519649761
4612.0 0.39821365397855474
4614.0 0.39283838049272324
4616.0 0.3896728537550848
4618.0 0.38855563314346797
4620.0 0.38632932022472727
4622.0 0.3812602993612951
4624.0 0.3722687852903112
4626.0 0.36478164985450573
4628.0 0.3630885532483578
4630.0 0.36632083336383886
4632.0 0.366013653051256
4634.0 0.36231556861749953
4636.0 0.3554565737018535
4638.0 0.35230811963483416
4640.0 0.3480321535665304
4642.0 0.34329081396749644
4644.0 0.33545003782318117
4646.0 0.32780057450397526
4648.0 0.336157830848095
4650.0 0.33597778346169926
4652.0 0.33166495103288346
4654.0 0.3209877707973291
4656.0 0.3200384939479193
4658.0 0.3194394993930755
4660.0 0.316024140171775
4662.0 0.30938312674675283
4664.0 0.30785922758419854
4666.0 0.30687705417757605
4668.0 0.3027325321522156
4670.0 0.2995940738641446
4672.0 0.2950029646378335
4674.0 0.2943335188682486
4676.0 0.2895077555270438
4678.0 0.28482244162449466
4680.0 0.2874211475789442
4682.0 0.28650997999411776
4684.0 0.28653855245982357
4686.0 0.28078336269891196
4688.0 0.2741399003162298
4690.0 0.270628467968064
4692.0 0.2667214077781515
4694.0 0.2700040556380681
4696.0 0.2670069642128374
4698.0 0.26063613645282324
4700.0 0.25455264855585114
4702.0 0.2489897370101288
4704.0 0.24701217174265797
4706.0 0.2464554780539696
4708.0 0.24709242321599184
4710.0 0.24596520089421672
4712.0 0.24482272237127511
4714.0 0.24498001314272896
4716.0 0.2444913198862591
4718.0 0.23727085667416759
4720.0 0.23108632298169537
4722.0 0.22563848834288472
4724.0 0.22129508688889488
4726.0 0.22131845712672643
4728.0 0.22294804421902942
4730.0 0.22372203547626204
4732.0 0.22256027568286166
4734.0 0.21760703625769084
4736.0 0.21586241808706752
4738.0 0.21732260420634228
4740.0 0.2175199455187458
4742.0 0.21857878608166015
4744.0 0.21950362950562233
4746.0 0.21624208870629272
4748.0 0.21102752631776353
4750.0 0.20883236465204952
4752.0 0.20851756525829016
4754.0 0.2056330653829344
4756.0 0.2063403927840567
4758.0 0.20446031562075911
4760.0 0.20263915372373834
4762.0 0.20570886117971757
4764.0 0.21314777331496546
4766.0 0.21477665832317122
4768.0 0.2103414202340807
4770.0 0.20815069107952883
4772.0 0.21051269986530738
4774.0 0.21161700109852688
4776.0 0.21354878361775395
4778.0 0.21024718486047847
4780.0 0.21150490284298173
4782.0 0.21086711067783387
4784.0 0.210832009460212
4786.0 0.2113264169649513
4788.0 0.211100599563837
4790.0 0.21205004635452082
4792.0 0.2135689740948539
4794.0 0.21294302990637648
4796.0 0.21142725643914004
4798.0 0.21187255719660023
4800.0 0.21373105012220558
4802.0 0.21321499112243433
4804.0 0.21080623256029654
4806.0 0.20985944232678821
4808.0 0.2141557522366912
4810.0 0.21743704293666768
4812.0 0.21890369160872922
4814.0 0.21846531344029582
4816.0 0.21706533978281797
4818.0 0.2183262003913707
4820.0 0.21672961987915915
4822.0 0.2172522461497817
4824.0 0.21847048040850203
4826.0 0.22115865803633863
4828.0 0.22068941923585259
4830.0 0.22098026285787098
4832.0 0.22211624285080592
4834.0 0.2253085965094328
4836.0 0.22764731201385352
4838.0 0.2296995958936458
4840.0 0.22861548450421632
4842.0 0.22927935463119564
4844.0 0.2304818268714898
4846.0 0.2308997714414181
4848.0 0.2315094752107365
4850.0 0.23235544043630393
4852.0 0.23270669343506545
4854.0 0.23275225171281075
4856.0 0.23284820821109725
4858.0 0.23479236876358
4860.0 0.23261138787821406
4862.0 0.23421125007119162
4864.0 0.23528232248327074
4866.0 0.23662606703015146
4868.0 0.2384727898430311
4870.0 0.23892290292187326
4872.0 0.23886302497818615
4874.0 0.24019959498120858
4876.0 0.24054592615620563
4878.0 0.24524116696464593
4880.0 0.24603068407942527
4882.0 0.24275421614924234
4884.0 0.24222458323140947
4886.0 0.2472562402778937
4888.0 0.2547052365861998
4890.0 0.2531595820241575
4892.0 0.24997967102021437
4894.0 0.2513247049667973
4896.0 0.2542342610193552
4898.0 0.25119872274240973
4900.0 0.24616798373095322
4902.0 0.24687610816587244
4904.0 0.2507989395102836
4906.0 0.25253769519111435
4908.0 0.2530218145699659
4910.0 0.25211749996819055
4912.0 0.2525823941218242
4914.0 0.2561159754021893
4916.0 0.25781221879843613
4918.0 0.2565881232938736
4920.0 0.2554950405376104
4922.0 0.2551857727464709
4924.0 0.2537163364669088
4926.0 0.24980521315582035
4928.0 0.2503491177778566
4930.0 0.2511614926256429
4932.0 0.24724065994709674
4934.0 0.24690516461667733
4936.0 0.24706647607505194
4938.0 0.24423430033040924
4940.0 0.2429563375079768
4942.0 0.24196709646133302
4944.0 0.24110686171491505
4946.0 0.24133284990807197
4948.0 0.24128419016910443
4950.0 0.24129432589819666
4952.0 0.23999624298662503
4954.0 0.23901788846766386
4956.0 0.23826880589015198
4958.0 0.2376143874599414
4960.0 0.23733931351030954
4962.0 0.23960062674387256
4964.0 0.2381022447067779
4966.0 0.2368521798303941
4968.0 0.2385830000232894
4970.0 0.23768334890102305
4972.0 0.2316778646556304
4974.0 0.22844198913168018
4976.0 0.2336363709285431
4978.0 0.23555488605417874
4980.0 0.2356767179825865
4982.0 0.234216136558216
4984.0 0.23605538089824407
4986.0 0.2382975150992639
4988.0 0.2385772511272262
4990.0 0.2414795214699182
4992.0 0.2432690494343839
4994.0 0.24380308136123677
4996.0 0.24525759850696693
4998.0 0.24564227505141958
5000.0 0.2454453026761476
5002.0 0.24753873655102382
5004.0 0.24826466934385275
5006.0 0.2484802683961801
5008.0 0.24987000685172417
5010.0 0.25039469649817153
5012.0 0.2502461795392983
5014.0 0.25235550779348426
5016.0 0.2514623674341875
5018.0 0.25205231934911143
5020.0 0.25307287918295207
5022.0 0.25385262015742005
5024.0 0.25531457691092496
5026.0 0.2563954491965072
5028.0 0.2563699804357589
5030.0 0.2585545340393459
5032.0 0.26304364749873665
5034.0 0.26525536561808477
5036.0 0.2661288757396462
5038.0 0.2662560789381253
5040.0 0.2677453295604819
5042.0 0.27047946058664607
5044.0 0.27026193853168645
5046.0 0.2728725995339945
5048.0 0.27497321603513053
5050.0 0.2787317749689833
5052.0 0.2810517157140326
5054.0 0.2870342402967819
5056.0 0.2910319726729363
5058.0 0.29204606639913006
5060.0 0.29234355567450493
5062.0 0.29295716589902215
5064.0 0.2949260938502487
5066.0 0.29991712374414303
5068.0 0.3067268017222739
5070.0 0.3099618236034147
5072.0 0.31101279955875755
5074.0 0.31308680955447404
5076.0 0.31410821714898046
5078.0 0.3181709161453254
5080.0 0.32071914830427717
5082.0 0.324850330809055
5084.0 0.3288716983580375
5086.0 0.33326953062969733
5088.0 0.33346656852131584
5090.0 0.33758221469070404
5092.0 0.3422727030297016
5094.0 0.3473309635733189
5096.0 0.3539982082852598
5098.0 0.3608572212617832
5100.0 0.3670846091381448
5102.0 0.370037322414124
5104.0 0.3729105242772359
5106.0 0.3783162553286946
5108.0 0.3813819859571633
5110.0 0.3859525328575045
5112.0 0.39117032277748015
5114.0 0.3992864075679729
5116.0 0.4049955179594516
5118.0 0.4143438088038629
5120.0 0.4188525487132985
5122.0 0.42127027972119285
5124.0 0.42620957072272514
5126.0 0.43039189961494567
5128.0 0.4330509296739396
5130.0 0.4374662573854623
5132.0 0.44618970170267985
5134.0 0.4528524361737256
5136.0 0.4564878304501497
5138.0 0.46000409523064273
5140.0 0.46550063263121316
5142.0 0.47142406424879857
5144.0 0.48125555317563873
5146.0 0.48576611308166723
5148.0 0.4894295857359931
5150.0 0.4935674964333253
5152.0 0.49587470469242306
5154.0 0.49968832281988773
5156.0 0.502367341571525
5158.0 0.5098878832204092
5160.0 0.5168572626214853
5162.0 0.5173280301349035
5164.0 0.5183051508222217
5166.0 0.5214175235958486
5168.0 0.5246882939259186
5170.0 0.531400821749541
5172.0 0.5365594878837172
5174.0 0.5389383214602964
5176.0 0.5424225514721688
5178.0 0.5486261463731263
5180.0 0.5530497546172208
5182.0 0.5556080111735378
5184.0 0.559006873349953
5186.0 0.5673226163754381
5188.0 0.5706864582936643
5190.0 0.569734975106136
5192.0 0.5710771761873881
5194.0 0.5780619662489253
5196.0 0.5777625842378314
5198.0 0.5760517660820776
5200.0 0.5792266529600232
5202.0 0.5822296913223576
5204.0 0.586541681246589
5206.0 0.587743049471927
5208.0 0.5904817324574805
5210.0 0.5932981866226038
5212.0 0.5951002496097328
5214.0 0.5968803498838832
5216.0 0.5997067454664233
5218.0 0.603670066637047
5220.0 0.606569786455303
5222.0 0.6100153805931475
5224.0 0.6093201854290033
5226.0 0.6088182907279283
5228.0 0.6098289002426934
5230.0 0.6112492761365275
5232.0 0.6116652913178734
5234.0 0.6100534857768081
5236.0 0.6074518849474928
5238.0 0.6110939760975747
5240.0 0.6166192401909708
5242.0 0.6195438181387942
5244.0 0.6218772643043089
5246.0 0.6234755680337938
5248.0 0.6257663814998733
5250.0 0.6259722523553576
5252.0 0.6284072119988624
5254.0 0.633262348128393
5256.0 0.6337607316440272
5258.0 0.6308219899382409
5260.0 0.6326953984164156
5262.0 0.6332250683419767
5264.0 0.6375651434224346
5266.0 0.6413849604092183
5268.0 0.6390832365353776
5270.0 0.6357891646443489
5272.0 0.63900524159412
5274.0 0.6435557989448635
5276.0 0.6471940874955578
5278.0 0.6450832390129931
5280.0 0.6486440190427345
5282.0 0.6504972459156271
5284.0 0.6503044447723304
5286.0 0.6507855791906385
5288.0 0.6516087473870265
5290.0 0.6539778146528241
5292.0 0.6561891741013139
5294.0 0.6581371724561421
5296.0 0.6640363564751469
5298.0 0.6651420909505376
5300.0 0.6631976840725956
5302.0 0.6623646871355516
5304.0 0.6649150809981493
5306.0 0.6659168571794236
5308.0 0.6668275600237801
5310.0 0.6670636169757388
5312.0 0.6702247398735622
5314.0 0.6775521465867678
5316.0 0.6781641144559767
5318.0 0.6825990075314363
5320.0 0.6834222505970031
5322.0 0.681029475018274
5324.0 0.6792087238573378
5326.0 0.6757116530289963
5328.0 0.6762393193794065
5330.0 0.6803785232932827
5332.0 0.6855344730219818
5334.0 0.6868114353372342
5336.0 0.6892299080556928
5338.0 0.692037845987408
5340.0 0.6898602235598074
5342.0 0.6870810715566309
5344.0 0.6862394311380455
5346.0 0.6889564637846763
5348.0 0.6949210612197432
5350.0 0.6972194530436315
5352.0 0.6962185838889857
5354.0 0.6951651712257736
5356.0 0.6933843968675075
5358.0 0.6913270935175292
5360.0 0.6930997339284702
5362.0 0.6932928586402903
5364.0 0.6984458874471338
5366.0 0.7015827883369864
5368.0 0.7057850758591039
5370.0 0.7055453938816779
5372.0 0.7059773623049177
5374.0 0.7043981838937504
5376.0 0.7053254061173444
5378.0 0.7050245959544829
5380.0 0.708590642404125
5382.0 0.7100731675978013
5384.0 0.7088139213473652
5386.0 0.7067681499515084
5388.0 0.7060496453427245
5390.0 0.70908259533796
5392.0 0.7105438876738869
5394.0 0.7123513191582908
5396.0 0.7110975428050512
5398.0 0.7106082179401847
5400.0 0.714575980081068
5402.0 0.712469388999152
5404.0 0.7082250947379899
5406.0 0.7096044441224497
5408.0 0.7139870900754698
5410.0 0.7126096278249693
5412.0 0.7140052810899226
5414.0 0.7123255731532844
5416.0 0.7136584672248828
5418.0 0.7131542242873701
5420.0 0.7127269732868166
5422.0 0.713224360436234
5424.0 0.7118729389807377
5426.0 0.7094634801476969
5428.0 0.7092294408118744
5430.0 0.7152642662924477
5432.0 0.7172252447672693
5434.0 0.7185885231913008
5436.0 0.7226094173821431
5438.0 0.7237564705240753
5440.0 0.7244643164513387
5442.0 0.722170260589121
5444.0 0.7203648640389317
5446.0 0.7234363726391221
5448.0 0.7235047288002332
5450.0 0.7221703578700706
5452.0 0.7231851305833845
5454.0 0.7237986106259243
5456.0 0.7223084103012803
5458.0 0.7259647427610287
5460.0 0.7313040299159984
5462.0 0.7323527425162839
5464.0 0.7301027331115296
5466.0 0.7312190039130623
5468.0 0.7350861132919775
5470.0 0.737420069272779
5472.0 0.7401001593120019
5474.0 0.7416989923947522
5476.0 0.7461750129474403
5478.0 0.751638557169526
5480.0 0.7511134291816981
5482.0 0.75098388209015
5484.0 0.7536520284397967
5486.0 0.7563428962613014
5488.0 0.7605811842883672
5490.0 0.7631114817951373
5492.0 0.764258158987647
5494.0 0.7646282213891176
5496.0 0.7691552905018244
5498.0 0.7739620692232163
5500.0 0.7730728033530336
5502.0 0.7746425043154502
5504.0 0.7777532729562725
5506.0 0.7776244219566047
5508.0 0.7821664557375743
5510.0 0.7875748298971815
5512.0 0.791125632494965
5514.0 0.79149423030838
5516.0 0.7954641696984696
5518.0 0.8004171148149688
5520.0 0.7978858524548972
5522.0 0.7987569908496931
5524.0 0.8035669151748013
5526.0 0.8066934546483405
5528.0 0.809582488472933
5530.0 0.8117531601883577
5532.0 0.8150834834602552
5534.0 0.8167093498858338
5536.0 0.8167837275826115
5538.0 0.8192352287605095
5540.0 0.8193852622549166
5542.0 0.8275434950109349
5544.0 0.8320317879419269
5546.0 0.8280330421840594
5548.0 0.8254811132315427
5550.0 0.8272290169244907
5552.0 0.8199691705938111
5554.0 0.8148063613646431
5556.0 0.8086179965381511
5558.0 0.8103283865642725
5560.0 0.8101307130541124
5562.0 0.8164068301286653
5564.0 0.8196484314010103
5566.0 0.8202898977980516
5568.0 0.8225319263014826
5570.0 0.8264099197363463
5572.0 0.8333576713838844
5574.0 0.8384128333208307
5576.0 0.8438857815060813
5578.0 0.8441215279204544
5580.0 0.8346286229251676
5582.0 0.82699406636798
5584.0 0.8223316149536293
5586.0 0.8226235880139043
5588.0 0.8230298406507431
5590.0 0.8181161775370233
5592.0 0.816866564662024
5594.0 0.8139343478090502
5596.0 0.8084477687345973
5598.0 0.8056724984545963
5600.0 0.8035037955478282
5602.0 0.8011971880623976
5604.0 0.8027866231978116
5606.0 0.8028073099714723
5608.0 0.7998328397044351
5610.0 0.7953772327587265
5612.0 0.7935514578827456
5614.0 0.7925222355024962
5616.0 0.7939315819492629
5618.0 0.7902714463448125
5620.0 0.7825872593549499
5622.0 0.7826847594826039
5624.0 0.7804781939379057
5626.0 0.7755012568923376
5628.0 0.7724586932372458
5630.0 0.7699605466616941
5632.0 0.7666304552147897
5634.0 0.7673887488473031
5636.0 0.7672843430550584
5638.0 0.7641891370608082
5640.0 0.7600418874558619
5642.0 0.7555175935410914
5644.0 0.7481634628927633
5646.0 0.7475503750245469
5648.0 0.7492405629398037
5650.0 0.7437387811006513
5652.0 0.7415567030888481
5654.0 0.7401054011894772
5656.0 0.7427938344102603
5658.0 0.7404962148001063
5660.0 0.7279834905523355
5662.0 0.724906092242366
5664.0 0.7237688752457884
5666.0 0.7212133306720077
5668.0 0.7164112967528091
5670.0 0.7134436089240327
5672.0 0.7124676505426705
5674.0 0.710612194805427
5676.0 0.7092762476394993
5678.0 0.7042345749071323
5680.0 0.6996426705310929
5682.0 0.6954906040043384
5684.0 0.6926241024357808
5686.0 0.6893108371534893
5688.0 0.6882815615893936
5690.0 0.688340229728124
5692.0 0.6928579365583516
5694.0 0.6903660626087648
5696.0 0.6834567140228593
5698.0 0.6804363875872944
5700.0 0.6802147541079028
5702.0 0.6792208078126256
5704.0 0.678615504267514
5706.0 0.6806095333259004
5708.0 0.6805116406584992
5710.0 0.6767984951952033
5712.0 0.6795090304718375
5714.0 0.6815613989751215
5716.0 0.6805218236376075
5718.0 0.6784787773398167
5720.0 0.6774992055797168
5722.0 0.6739175719442596
5724.0 0.6788450486166541
5726.0 0.6815570499885604
5728.0 0.6779775882241069
5730.0 0.6807933650841279
5732.0 0.6831159578877916
5734.0 0.6841456664001477
5736.0 0.6837739249592696
5738.0 0.6833686057820708
5740.0 0.6892324556253258
5742.0 0.6965688933817825
5744.0 0.7001605566490634
5746.0 0.7011980687912841
5748.0 0.7015668055404222
5750.0 0.7023662804713569
5752.0 0.7033639592850464
5754.0 0.7064724381767009
5756.0 0.7092507138788604
5758.0 0.7136941911873569
5760.0 0.7196044277501391
5762.0 0.7234395640036719
5764.0 0.7296552697515811
5766.0 0.7317421251831658
5768.0 0.7365311443936068
5770.0 0.7435786479123957
5772.0 0.7483389960212901
5774.0 0.7513495422927163
5776.0 0.752079754254892
5778.0 0.7562305900458047
5780.0 0.7613272591792225
5782.0 0.7644793837576468
5784.0 0.7703251398676827
5786.0 0.7748741840662573
5788.0 0.7818798676571262
5790.0 0.7871083649276238
5792.0 0.7945343390811956
5794.0 0.8027363313610135
5796.0 0.8093389062470697
5798.0 0.8104317088251852
5800.0 0.8119172627660302
5802.0 0.8157109200351083
5804.0 0.8227346899888025
5806.0 0.830300686917428
5808.0 0.8383755704353397
5810.0 0.8437227364954348
5812.0 0.8427010341904583
5814.0 0.8508268455617596
5816.0 0.8552709478292504
5818.0 0.8637340611392664
5820.0 0.8709384290560874
5822.0 0.8760114297022542
5824.0 0.8798572316936107
5826.0 0.8826288323717287
5828.0 0.8849649745304983
5830.0 0.8935858066693835
5832.0 0.8976947111100994
5834.0 0.8982687062165693
5836.0 0.9042231145395374
5838.0 0.9030840587579833
5840.0 0.9043179817858432
5842.0 0.9121740204795566
5844.0 0.9138760501155402
5846.0 0.9121685499249375
5848.0 0.9131227309542684
5850.0 0.9149937714918674
5852.0 0.9212088262512651
5854.0 0.9214637349387627
5856.0 0.9148114017258968
5858.0 0.9032303508096992
5860.0 0.8978220616287218
5862.0 0.8998910405847329
5864.0 0.8983795607592864
5866.0 0.8946301381178997
5868.0 0.8984316271979964
5870.0 0.9016715852370151
5872.0 0.9040964795605414
5874.0 0.9064617323198071
5876.0 0.9079591876407191
5878.0 0.9045113552089387
5880.0 0.9011572808782211
5882.0 0.9003677320052358
5884.0 0.8930499295944754
5886.0 0.880057867148043
5888.0 0.8488959713971883
5890.0 0.8213061097283485
5892.0 0.8150150454368342
5894.0 0.8179183654925858
5896.0 0.820076372050437
5898.0 0.8265879519247913
5900.0 0.8449576436199532
5902.0 0.8611648212914154
5904.0 0.8631520230398138
5906.0 0.857645929123154
5908.0 0.8546408918860121
5910.0 0.8505351965023146
5912.0 0.844441188439518
5914.0 0.8408529390798767
5916.0 0.8359080196311433
5918.0 0.8293230154331194
5920.0 0.8255049137198088
5922.0 0.8192962089700762
5924.0 0.812314843665261
5926.0 0.8096729118916067
5928.0 0.8024866395546219
5930.0 0.7919832337837686
5932.0 0.7819611313123601
5934.0 0.7697817717628566
5936.0 0.7599825748978091
5938.0 0.7487631679560658
5940.0 0.7372904608606441
5942.0 0.728211605446084
5944.0 0.7224959722822474
5946.0 0.7099815458462568
5948.0 0.6961155698541877
5950.0 0.6820935425799627
5952.0 0.6708321089714823
5954.0 0.6601966309295773
5956.0 0.6521750690868005
5958.0 0.6454164863091965
5960.0 0.6348130434862136
5962.0 0.6222011846075226
5964.0 0.6155376506038761
5966.0 0.6067597992961739
5968.0 0.5978487248151169
5970.0 0.5860781835350158
5972.0 0.5739321988385597
5974.0 0.5617016557422669
5976.0 0.5517014145004572
5978.0 0.542283075935761
5980.0 0.5355924844016381
5982.0 0.5307412158387941
5984.0 0.5213606970526145
5986.0 0.5119520549632423
5988.0 0.5032269032875555
5990.0 0.4961912840133242
5992.0 0.49002102266283065
5994.0 0.48346997271087067
5996.0 0.4750291063703608
5998.0 0.46446556805977635
6000.0 0.45722517795763495
6002.0 0.45007822493276795
6004.0 0.44161985467273274
6006.0 0.4394430992350058
6008.0 0.43806464636055026
6010.0 0.4332630697246927
6012.0 0.42637864583254365
6014.0 0.42363966514360996
6016.0 0.4202100435673934
6018.0 0.4136001323446322
6020.0 0.4105912270714129
6022.0 0.40782080588168174
6024.0 0.40163053163667406
6026.0 0.39757728814829024
6028.0 0.39410832540902946
6030.0 0.3892915080236942
6032.0 0.38829407199605825
6034.0 0.38295270249546837
6036.0 0.3822181346440704
6038.0 0.3789305981139603
6040.0 0.37361464188222726
6042.0 0.3717163408253819
6044.0 0.36735067060113163
6046.0 0.36559023519872924
6048.0 0.3628125437999233
6050.0 0.3615255915744263
6052.0 0.3598962945004332
6054.0 0.360285453063879
6056.0 0.3588455114281741
6058.0 0.3575791276920386
6060.0 0.35629978153184166
6062.0 0.3551131777837767
6064.0 0.3505691687111384
6066.0 0.3479305644022305
6068.0 0.3487176269754827
6070.0 0.3461811743923109
6072.0 0.34575360852973913
6074.0 0.3476926218063078
6076.0 0.3521202247483127
6078.0 0.3555317557454034
6080.0 0.357744808004899
6082.0 0.359173788561307
6084.0 0.35990113951075453
6086.0 0.36274340952725376
6088.0 0.36941327690212966
6090.0 0.3717786337329224
6092.0 0.3726481161010627
6094.0 0.3770656367674656
6096.0 0.380791481979315
6098.0 0.3816105301265318
6100.0 0.3824691064774939
6102.0 0.3893042725361987
6104.0 0.3957848639046748
6106.0 0.4017282433068217
6108.0 0.4061759494965539
6110.0 0.41263909136248084
6112.0 0.4152712962100253
6114.0 0.4202095573327509
6116.0 0.42868726346890496
6118.0 0.4374644313763335
6120.0 0.4484486643642061
6122.0 0.45677585889237077
6124.0 0.45799019231326044
6126.0 0.4654537581415656
6128.0 0.46944439058486875
6130.0 0.47722978303833996
6132.0 0.4865912527604352
6134.0 0.49452783263575883
6136.0 0.5016244457973122
6138.0 0.509700914900557
6140.0 0.5178680795287381
6142.0 0.5235884467611113
6144.0 0.5286446445464159
6146.0 0.5356018048596297
6148.0 0.5454348444832726
6150.0 0.55513068786239
6152.0 0.5613029701546288
6154.0 0.567549998810661
6156.0 0.5691440974711496
6158.0 0.5754659470078988
6160.0 0.5859462281156163
6162.0 0.5924113718049158
6164.0 0.5968202132001729
6166.0 0.6030654069609035
6168.0 0.6093653762685393
6170.0 0.6169874315207339
6172.0 0.6225187661847219
6174.0 0.6291342026598451
6176.0 0.6359786575749424
6178.0 0.6381561670255045
6180.0 0.6430096658431865
6182.0 0.650849827687609
6184.0 0.6556316626519834
6186.0 0.6586642770663237
6188.0 0.6654464624906267
6190.0 0.6777259119473925
6192.0 0.6812356769008094
6194.0 0.6819824155210255
6196.0 0.6833234229317566
6198.0 0.6908231778717815
6200.0 0.6990901045225276
6202.0 0.7047498925431278
6204.0 0.704623854493342
6206.0 0.7091492687907477
6208.0 0.7157663984362075
6210.0 0.7204057948554845
6212.0 0.721151168735938
6214.0 0.724140538704875
6216.0 0.7276183689007599
6218.0 0.7333198877941346
6220.0 0.7387375366158405
6222.0 0.7457218853938536
6224.0 0.7465699192361571
6226.0 0.7480288223219598
6228.0 0.749929469406105
6230.0 0.7546014835911714
6232.0 0.7604172051014612
6234.0 0.7646848772843351
6236.0 0.7670520725970569
6238.0 0.7714899781746853
6240.0 0.7753557988462404
6242.0 0.7782748863207231
6244.0 0.7770973402708309
6246.0 0.7759634906664555
6248.0 0.7776822297102164
6250.0 0.7794031514243187
6252.0 0.7817779516863911
6254.0 0.7871214500931628
6256.0 0.7885785388494929
6258.0 0.7919957969190038
6260.0 0.7928609188661588
6262.0 0.7972946761589764
6264.0 0.7979435126858666
6266.0 0.7983474552079014
6268.0 0.7990779445930399
6270.0 0.7984706321717029
6272.0 0.7962046157725262
6274.0 0.7986458561372194
6276.0 0.8033766707832765
6278.0 0.8065177842296424
6280.0 0.8090262151677637
6282.0 0.8086989882595239
6284.0 0.8100785016665154
6286.0 0.8126973609196092
6288.0 0.8136650418683283
6290.0 0.8152437368378144
6292.0 0.8190282864392794
6294.0 0.819814129195061
6296.0 0.8178983151595124
6298.0 0.8200180369907321
6300.0 0.8192809269802412
6302.0 0.8209039257345846
6304.0 0.8251315729036602
6306.0 0.8275361186974893
6308.0 0.8295989030703346
6310.0 0.8327892190147018
6312.0 0.8344758050235751
6314.0 0.8349456733907769
6316.0 0.834983234801265
6318.0 0.8338698979340344
6320.0 0.8345137774356965
6322.0 0.8344327141110411
6324.0 0.8365436366789695
6326.0 0.8345345641237878
6328.0 0.835932704960374
6330.0 0.8379323573775034
6332.0 0.8392652352713282
6334.0 0.8426017741922892
6336.0 0.8437098093911235
6338.0 0.8413600658488609
6340.0 0.8438809928911669
6342.0 0.8476746326241559
6344.0 0.8507038847852421
6346.0 0.854840033459949
6348.0 0.8548005947751729
6350.0 0.8552718472889268
6352.0 0.857570630759867
6354.0 0.8626530757570317
6356.0 0.8632298009600199
6358.0 0.8652761034912244
6360.0 0.8645425881899409
6362.0 0.8659819575106502
6364.0 0.8672126428532768
6366.0 0.8713568563593073
6368.0 0.8745327169427639
6370.0 0.8755478222629086
6372.0 0.8774417347295035
6374.0 0.8798420656700555
6376.0 0.884509616342835
6378.0 0.8837624429873163
6380.0 0.8843407370247802
6382.0 0.8860114052494332
6384.0 0.889706687562769
6386.0 0.8940810749006705
6388.0 0.8980064230793071
6390.0 0.9017544705940933
6392.0 0.9086971521722872
6394.0 0.9124157287873559
6396.0 0.912047025485543
6398.0 0.913125372104219
6400.0 0.9134086335056517
6402.0 0.9166068996997274
6404.0 0.9198792152925984
6406.0 0.92178360194608
6408.0 0.9237995362562016
6410.0 0.9265959520384078
6412.0 0.9273559708830726
6414.0 0.9290675833295089
6416.0 0.9323432322739715
6418.0 0.9349897531071985
6420.0 0.9357749633784279
6422.0 0.9361445499913218
6424.0 0.9378036656541344
6426.0 0.9394556651897519
6428.0 0.9437217355849563
6430.0 0.9450836549080313
6432.0 0.9483445921955237
6434.0 0.9551561568745618
6436.0 0.9590736671005289
6438.0 0.9588392627655109
6440.0 0.9603121991738984
6442.0 0.9619740273736315
6444.0 0.9638493059816434
6446.0 0.9636575614166107
6448.0 0.9624007092150132
6450.0 0.9627332087767777
6452.0 0.9656773885423824
6454.0 0.9701219346543021
6456.0 0.9713968602739621
6458.0 0.9744799221451126
6460.0 0.9781506029974387
6462.0 0.9819528965597091
6464.0 0.9831913497791932
6466.0 0.9836958301160914
6468.0 0.984786796131257
6470.0 0.9889745253367987
6472.0 0.9898759198511101
6474.0 0.9903346847000887
6476.0 0.9907165408128451
6478.0 0.9867160765209443
6480.0 0.9848905466168884
6482.0 0.9862577648987515
6484.0 0.991971146369694
6486.0 0.9958638132098937
6488.0 0.9961731825426106
6490.0 0.996058021612376
6492.0 0.998400262995074
6494.0 1.0
6496.0 0.9937930627499894
6498.0 0.9905502943940069
6500.0 0.9895954532586958
6502.0 0.9930356575720679
6504.0 0.9915272087781057
6506.0 0.9914635379523111
6508.0 0.9922379079389326
6510.0 0.9929774979731343
6512.0 0.9973006604321161
6514.0 0.9948940372993527
6516.0 0.9946470797343531
6518.0 0.9951834262346105
6520.0 0.9955475625759748
6522.0 0.9955504113265442
6524.0 0.991230887545085
6526.0 0.9850200468580705
6528.0 0.9826140548341146
6530.0 0.982423525327567
6532.0 0.9817116354230511
6534.0 0.9777929195091425
6536.0 0.9722993418360819
6538.0 0.9738589243954251
6540.0 0.9701938669335849
6542.0 0.9630255379970177
6544.0 0.962480998814061
6546.0 0.9585302886428863
6548.0 0.9551199166758684
6550.0 0.9554775271904687
6552.0 0.9532515210631709
6554.0 0.9510664500812701
6556.0 0.9502880269972526
6558.0 0.9470652446781931
6560.0 0.9432405843354479
6562.0 0.9392855235702873
6564.0 0.9352100369581167
6566.0 0.9334150003857077
6568.0 0.933200985257998
6570.0 0.9293637809690782
6572.0 0.9262604407885987
6574.0 0.9232676848256649
6576.0 0.9219436021429612
6578.0 0.916907321504512
6580.0 0.9140699906717027
6582.0 0.9112165040448985
6584.0 0.9086493286377779
6586.0 0.9075955348733102
6588.0 0.9036316920385
6590.0 0.8986662128907364
6592.0 0.8941130675932698
6594.0 0.88661759340684
6596.0 0.8807222302505602
6598.0 0.8783489890967534
6600.0 0.8764680937147702
6602.0 0.872385708845967
6604.0 0.8673708256296987
6606.0 0.8610494448005038
6608.0 0.855281697662367
6610.0 0.8540459067471488
6612.0 0.8515738041871475
6614.0 0.8414641585985221
6616.0 0.8333829950539083
6618.0 0.827075818644498
6620.0 0.8215923443352453
6622.0 0.8154877272339303
6624.0 0.8092997138226038
6626.0 0.8054048572221115
6628.0 0.7999689089593512
6630.0 0.7947556840287734
6632.0 0.7895264470066546
6634.0 0.7861585506864525
6636.0 0.7822448259976665
6638.0 0.7756964231972121
6640.0 0.7697243479391231
6642.0 0.7694520639830553
6644.0 0.7643222588614969
6646.0 0.7563266653114261
6648.0 0.7504918178148106
6650.0 0.7460178589883992
6652.0 0.743035817315725
6654.0 0.7364073261912971
6656.0 0.729987719259221
6658.0 0.7248908439763647
6660.0 0.7187155373036909
6662.0 0.7120301508506768
6664.0 0.7084333722122174
6666.0 0.7031477327796656
6668.0 0.6985790572453633
6670.0 0.6951343761047645
6672.0 0.6921702698114899
6674.0 0.6890826190279198
6676.0 0.6843910739138285
6678.0 0.6773828547369393
6680.0 0.6686371780742756
6682.0 0.6641804593492981
6684.0 0.6615591088720366
6686.0 0.6572319035929011
6688.0 0.6535000809984258
6690.0 0.6476704779988972
6692.0 0.6408461483594
6694.0 0.6371191425774485
6696.0 0.6330055558336785
6698.0 0.6282472837450239
6700.0 0.6237318557960521
6702.0 0.6230651870870182
6704.0 0.6204252995534313
6706.0 0.6144844519945248
6708.0 0.6083272201961172
6710.0 0.6022288989903423
6712.0 0.6006895180645075
6714.0 0.5978432532486854
6716.0 0.5943558637882292
6718.0 0.5907934336526459
6720.0 0.5878474917136398
6722.0 0.5836745031312854
6724.0 0.5816621380966478
6726.0 0.579612736601527
6728.0 0.5776995800798361
6730.0 0.5755535097828806
6732.0 0.5721158660427771
6734.0 0.5652794738458435
6736.0 0.5658582131809061
6738.0 0.5635274555511711
6740.0 0.5612487561519798
6742.0 0.5583766323824648
6744.0 0.5544107158047535
6746.0 0.5528545898855085
6748.0 0.5508948949687572
6750.0 0.5496303368614219
6752.0 0.5489590714594629
6754.0 0.5462622009943426
6756.0 0.5422390011519491
6758.0 0.5419951527861075
6760.0 0.5411962807731713
6762.0 0.5404244393524327
6764.0 0.5396439910526428
6766.0 0.5390408180549279
6768.0 0.5376634430365573
6770.0 0.536135925391825
6772.0 0.5330120682085241
6774.0 0.5336859285592482
6776.0 0.5341656459971968
6778.0 0.5320560724704032
6780.0 0.5311266218266323
6782.0 0.5319175795780677
6784.0 0.5300053759140765
6786.0 0.5300198237694242
6788.0 0.5297920994086512
6790.0 0.5277897719655427
6792.0 0.5265893625010171
6794.0 0.5261441793248077
6796.0 0.5234980495621558
6798.0 0.5233215882784343
6800.0 0.5229925632072322
6802.0 0.5219914283308825
6804.0 0.5220801284204059
6806.0 0.5258125136644096
6808.0 0.5277234963553629
6810.0 0.5262226066290078
6812.0 0.5249598790707936
6814.0 0.5225904548920881
6816.0 0.5232301961500821
6818.0 0.5205596028068086
6820.0 0.5178276385387514
6822.0 0.5175169952859979
6824.0 0.5208334226104561
6826.0 0.5199928493866774
6828.0 0.5171067783847324
6830.0 0.5108213613695508
6832.0 0.5089631683440512
6834.0 0.5082626445838759
6836.0 0.49970491590192306
6838.0 0.49377949831710266
6840.0 0.4917986223882094
6842.0 0.49529593507722675
6844.0 0.49662991203247375
6846.0 0.49584879647654306
6848.0 0.4954302961750626
6850.0 0.49544560369961826
6852.0 0.4991956508918826
6854.0 0.5007053202376411
6856.0 0.503071625327051
6858.0 0.5036132252434657
6860.0 0.5048709919972989
6862.0 0.5035789512342083
6864.0 0.5015769402152408
6866.0 0.5030095168495279
6868.0 0.5017195922916284
6870.0 0.500564595853989
6872.0 0.5006222030075242
6874.0 0.5015702274330124
6876.0 0.5023101739824622
6878.0 0.5050338877336296
6880.0 0.5039537212557548
6882.0 0.5042496874486969
6884.0 0.5052928561521371
6886.0 0.5050794937800602
6888.0 0.507172751495986
6890.0 0.5073507683282126
6892.0 0.507391751235642
6894.0 0.5056777984836001
6896.0 0.5064692533616151
6898.0 0.507569711487389
6900.0 0.5065957079205143
6902.0 0.5050999874919744
6904.0 0.5049636838496092
6906.0 0.5038718650384924
6908.0 0.5019260716344524
6910.0 0.5018497665379912
6912.0 0.4992601857137021
6914.0 0.49893953550122333
6916.0 0.4986776687772
6918.0 0.49926278130995805
6920.0 0.5009043524644092
6922.0 0.5025533899175474
6924.0 0.5016985102230115
6926.0 0.5017639362808078
6928.0 0.498587236125842
6930.0 0.49673275953042484
6932.0 0.49343419556260937
6934.0 0.49402779318443885
6936.0 0.4937071491464144
6938.0 0.49184799406431806
6940.0 0.491206735964433
6942.0 0.49188772707785644
6944.0 0.49478042117310356
6946.0 0.4919094114914017
6948.0 0.49002238963703865
6950.0 0.4895469396353671
6952.0 0.4889171974097543
6954.0 0.48705041282811967
6956.0 0.4860830565010109
6958.0 0.4860455045572542
6960.0 0.4857484757645471
6962.0 0.4843022223274874
6964.0 0.48245860051483774
6966.0 0.482931254297414
6968.0 0.4824453801878935
6970.0 0.48188297892247534
6972.0 0.4803327445359077
6974.0 0.47954332639519903
6976.0 0.4779517943084607
6978.0 0.47587000918943306
6980.0 0.4775041608745884
6982.0 0.4805256371522951
6984.0 0.48039356882092327
6986.0 0.47680268921668023
6988.0 0.4764682577582696
6990.0 0.47733821895956813
6992.0 0.4751697176322193
6994.0 0.4749881985731748
6996.0 0.4730919540592203
6998.0 0.47212028142602097
7000.0 0.4696590136420081
7002.0 0.4669335492714519
7004.0 0.46916716793092034
7006.0 0.47239540500643873
7008.0 0.47197922232542977
7010.0 0.47154026855075787
7012.0 0.4720903081526553
7014.0 0.474369684914248
7016.0 0.474606533416232
7018.0 0.4731893069952656
7020.0 0.4717807423846013
7022.0 0.4705470894174474
7024.0 0.4690308981170905
7026.0 0.4665102737742895
7028.0 0.46498910317870273
7030.0 0.46679156092523244
7032.0 0.4697162319983814
7034.0 0.4699101942188281
7036.0 0.46593293056508756
7038.0 0.4623621257753667
7040.0 0.46574584150404325
7042.0 0.4682268823902473
7044.0 0.46789907436229317
7046.0 0.4695890703136566
7048.0 0.46717954692193536
7050.0 0.46544377854407737
7052.0 0.46620741257232573
7054.0 0.46538809178364354
7056.0 0.4654695572378329
7058.0 0.4676685687417535
7060.0 0.46591592820165834
7062.0 0.4668500065826908
7064.0 0.4677131536419216
7066.0 0.46893229055677776
7068.0 0.4724109428984456
7070.0 0.4744757950807164
7072.0 0.4744232625086136
7074.0 0.47088435038815973
7076.0 0.4696867790675202
7078.0 0.47051023433162337
7080.0 0.47177599347666166
7082.0 0.46957963713613926
7084.0 0.46957074991011344
7086.0 0.47089021721176777
7088.0 0.4724507192625343
7090.0 0.4744851383724643
7092.0 0.47346108761256994
7094.0 0.47025369090512187
7096.0 0.47086381370918273
7098.0 0.4721529622372044
7100.0 0.47191859363265665
7102.0 0.4742797917525115
7104.0 0.47443827969111957
7106.0 0.47602615495300754
7108.0 0.47780019747940194
7110.0 0.4775176011226185
7112.0 0.4762417440439545
7114.0 0.47677222308132094
7116.0 0.4781844917474085
7118.0 0.4797535053733313
7120.0 0.4807051700806582
7122.0 0.48323614073431825
7124.0 0.48673342210788195
7126.0 0.4882158227097677
7128.0 0.4844563223869297
7130.0 0.4852563657138124
7132.0 0.485621973817932
7134.0 0.4852617926079306
7136.0 0.4840407694146983
7138.0 0.4870195034434697
7140.0 0.4904803826793245
7142.0 0.49098736129429255
7144.0 0.4922139191192356
7146.0 0.4928502790636277
7148.0 0.492982156298824
7150.0 0.49217045941491827
7152.0 0.49180325570385536
7154.0 0.4918024274481214
7156.0 0.4942284873825078
7158.0 0.49555674237501895
7160.0 0.49531912038142434
7162.0 0.4965973639306374
7164.0 0.4971806321135576
7166.0 0.5015759117583969
7168.0 0.5034967752741802
7170.0 0.5053764779465881
7172.0 0.5088982500866073
7174.0 0.5111877351266846
7176.0 0.5122806844268262
7178.0 0.5131569085683033
7180.0 0.5165359678088945
7182.0 0.5221050495239896
7184.0 0.52532207632434
7186.0 0.5246682737308512
7188.0 0.5236403414620974
7190.0 0.524128008472984
7192.0 0.5235749366523508
7194.0 0.523500651838215
7196.0 0.5234530434374267
7198.0 0.5295569361281292
7200.0 0.5267136105262976
7202.0 0.5278994257983765
7204.0 0.5286868790007156
7206.0 0.5276198404167791
7208.0 0.5304499789461901
7210.0 0.5312071322485765
7212.0 0.5337722256358775
7214.0 0.5369871706222838
7216.0 0.5403649947756337
7218.0 0.5397134455608357
7220.0 0.5405174438721694
7222.0 0.5429521755209037
7224.0 0.5439377117277922
7226.0 0.5452793035577675
7228.0 0.5488973823626769
7230.0 0.5507140862858961
7232.0 0.5501805460853435
7234.0 0.549494568892287
7236.0 0.5509855380436152
7238.0 0.5476087682226579
7240.0 0.5486592292411074
7242.0 0.5531366160050941
7244.0 0.5564973757875593
7246.0 0.5603382125028604
7248.0 0.5607630242057654
7250.0 0.5597565078323702
7252.0 0.5621607261214365
7254.0 0.5616840196491092
7256.0 0.56430189348292
7258.0 0.5651120152959471
7260.0 0.5648739724816817
7262.0 0.5675267912235963
7264.0 0.5667790444062565
7266.0 0.566761247322141
7268.0 0.5679870581225749
7270.0 0.5687136121837305
7272.0 0.5692969988207388
7274.0 0.5703689128619825
7276.0 0.5709476937921111
7278.0 0.5703942696398512
7280.0 0.5698802234667545
7282.0 0.5678088045021774
7284.0 0.5674196631180116
7286.0 0.5696902697174968
7288.0 0.5725542585862112
7290.0 0.572443962889574
7292.0 0.5752758533509352
7294.0 0.574463081343038
7296.0 0.572786099381631
7298.0 0.5745596903124901
7300.0 0.5759417515366861
7302.0 0.5753318517305324
7304.0 0.5735723274401759
7306.0 0.5722146420376583
7308.0 0.5706021397046431
7310.0 0.569346111971616
7312.0 0.5728989096125523
7314.0 0.576605486911709
7316.0 0.5776036522038334
7318.0 0.5760107190067806
7320.0 0.5743257983191067
7322.0 0.5745324096322644
7324.0 0.5741210062670589
7326.0 0.5758442619297609
7328.0 0.5746298431600831
7330.0 0.5700048592386534
7332.0 0.565498090020985
7334.0 0.5644499115927346
7336.0 0.5640572244406471
7338.0 0.5664411808033947
7340.0 0.5693002098972968
7342.0 0.5700053274647988
7344.0 0.5700763059124172
7346.0 0.565820762587374
7348.0 0.5656370035823207
7350.0 0.5695129142158092
7352.0 0.5699831235782346
7354.0 0.5640657640532938
7356.0 0.5603242554265656
7358.0 0.5600480673660557
7360.0 0.5628902233905814
7362.0 0.5646378564311367
7364.0 0.5609715683694158
7366.0 0.5611048828172627
7368.0 0.5603047153023486
7370.0 0.5592535201041834
7372.0 0.5598732276795442
7374.0 0.5610046134850989
7376.0 0.5600374907389133
7378.0 0.5610105026466665
7380.0 0.5623765797148135
7382.0 0.5640446951449314
7384.0 0.564317148050333
7386.0 0.5638484980812664
7388.0 0.5626211622436972
7390.0 0.5600661305783742
7392.0 0.5590801071077744
7394.0 0.5569971151675436
7396.0 0.5575575923272779
7398.0 0.5575901056390713
7400.0 0.5581638052810953
7402.0 0.5595138499247686
7404.0 0.5608320652258311
7406.0 0.5614168558853778
7408.0 0.5621788824652852
7410.0 0.5614193279900381
7412.0 0.562159766093293
7414.0 0.5621260211175653
7416.0 0.5613871815733583
7418.0 0.5604656259083748
7420.0 0.561378228334335
7422.0 0.5594057494074389
7424.0 0.5598359779543287
7426.0 0.5615670266677227
7428.0 0.5621482325069398
7430.0 0.5612155334816264
7432.0 0.5625051366755013
7434.0 0.563617784681835
7436.0 0.5621309761608368
7438.0 0.5592265864971806
7440.0 0.5587383892187127
7442.0 0.5603202680429402
7444.0 0.5608952021283615
7446.0 0.5611778819900618
7448.0 0.5625457369351294
7450.0 0.5646341573128459
7452.0 0.5635847354020278
7454.0 0.5660929646221482
7456.0 0.567047428681171
7458.0 0.5661075470227563
7460.0 0.5643578457413623
7462.0 0.561904193283882
7464.0 0.5606666574641078
7466.0 0.5625099018928932
7468.0 0.5629128968149582
7470.0 0.5621605997400076
7472.0 0.5590356487707289
7474.0 0.5546967169519397
7476.0 0.5548569201451838
7478.0 0.5540709759328881
7480.0 0.558202038282439
7482.0 0.5593037295637096
7484.0 0.5603291262531235
7486.0 0.5609839422698967
7488.0 0.5600446868030252
7490.0 0.5600576101563052
7492.0 0.5594359026727338
7494.0 0.5571787126997828
7496.0 0.5560490644529018
7498.0 0.5551472340733481
7500.0 0.5536405829205694
7502.0 0.552305336139986
7504.0 0.5504923197975895
7506.0 0.5487617015659723
7508.0 0.546821629405965
7510.0 0.5448432615719485
7512.0 0.5430005426829851
7514.0 0.5410734490466161
7516.0 0.5393198462803578
7518.0 0.537670777590567
7520.0 0.5349738803151194
7522.0 0.5328829762819387
7524.0 0.5311223737327128
7526.0 0.5297979056674469
7528.0 0.5280737643480878
7530.0 0.5275235449830762
7532.0 0.5274985015705993
7534.0 0.5263602235140209
7536.0 0.5275829845023818
7538.0 0.5276766206750089
7540.0 0.5250362235002728
7542.0 0.5238334017149878
7544.0 0.5228477867480663
7546.0 0.5218035874165435
7548.0 0.5208851446149104
7550.0 0.5199467875332646
7552.0 0.521846853777367
7554.0 0.5212732242551612
7556.0 0.5199617534060402
7558.0 0.5169160105261378
7560.0 0.5094723187044966
7562.0 0.5021576856358745
7564.0 0.4907582353476494
7566.0 0.48636871981298146
7568.0 0.47686196318722807
7570.0 0.47218391015914235
7572.0 0.46994511011946377
7574.0 0.46958721228138095
7576.0 0.47612238842796917
7578.0 0.4794399492696458
7580.0 0.48468308924474296
7582.0 0.48881681454637094
7584.0 0.4879034269268843
7586.0 0.4922150392752391
7588.0 0.4942052482816383
7590.0 0.4934432402848319
7592.0 0.494109577798227
7594.0 0.4933016703608248
7596.0 0.49393827116862327
7598.0 0.49423643555103597
7600.0 0.49472289695996446
7602.0 0.49418624732241556
7604.0 0.4957817098895694
7606.0 0.4994439468417386
7608.0 0.5030677352837901
7610.0 0.5065066791808519
7612.0 0.5083698280981607
7614.0 0.5090603928377406
7616.0 0.5113352821977245
7618.0 0.5133502291137498
7620.0 0.5149940917374239
7622.0 0.5157124391095027
7624.0 0.5158173243291201
7626.0 0.5157272886270885
7628.0 0.5189302314988409
7630.0 0.5226105859713596
7632.0 0.5279290847591369
7634.0 0.5328641683140514
7636.0 0.5374517643679733
7638.0 0.5379276233922455
7640.0 0.5391193016324212
7642.0 0.5400165481719534
7644.0 0.5418733605597243
7646.0 0.5444687817862846
7648.0 0.5450225377227563
7650.0 0.5450799359954722
7652.0 0.5455651737825253
7654.0 0.5459434884899567
7656.0 0.5472109179010306
7658.0 0.5487410621813358
7660.0 0.5489260993871933
7662.0 0.5481749950609751
7664.0 0.552598652324945
7666.0 0.5520587832647768
7668.0 0.5525664136392353
7670.0 0.5523112978207797
7672.0 0.5529447373221177
7674.0 0.5547779622254797
7676.0 0.5572813003213065
7678.0 0.5591854121242833
7680.0 0.5583996749224265
7682.0 0.5581096767351207
7684.0 0.5592435939834419
7686.0 0.5602849717442316
7688.0 0.5648003358446315
7690.0 0.568024728626968
7692.0 0.5691406714873337
7694.0 0.5692168694029666
7696.0 0.5713695167862413
7698.0 0.5712859340837182
7700.0 0.5711694497197053
7702.0 0.5695483685402812
7704.0 0.5690087927879968
7706.0 0.5681946783485748
7708.0 0.5699380088831844
7710.0 0.5723397817186479
7712.0 0.5748428432300068
7714.0 0.5723816338836343
7716.0 0.5736887679327854
7718.0 0.5767117310303465
7720.0 0.5799475484238485
7722.0 0.5798243439466629
7724.0 0.5814497686040314
7726.0 0.5816194917090667
7728.0 0.5807938690268664
7730.0 0.5793172955971225
7732.0 0.5788247869068511
7734.0 0.5797958128649806
7736.0 0.5809893543383723
7738.0 0.5809700438690213
7740.0 0.5805892818707737
7742.0 0.5818594524570986
7744.0 0.5836988815981289
7746.0 0.5839944239799408
7748.0 0.5846093483862609
7750.0 0.5841433745497718
7752.0 0.5859260208389964
7754.0 0.586045379274847
7756.0 0.5869900327635186
7758.0 0.5884314483683902
7760.0 0.5876008690782278
7762.0 0.586995580906251
7764.0 0.5864189997395841
7766.0 0.5843164674557476
7768.0 0.5833720225108131
7770.0 0.5827692212270148
7772.0 0.5826974761620236
7774.0 0.5828191026427588
7776.0 0.5828211760323283
7778.0 0.5827624264725456
7780.0 0.5827541128209262
7782.0 0.5828263092194256
7784.0 0.5831515769850099
7786.0 0.5834115029616076
7788.0 0.5831372233014366
7790.0 0.581803735528801
7792.0 0.5804359367327497
7794.0 0.5812403921666457
7796.0 0.5800841109307137
7798.0 0.5783967283083181
7800.0 0.5754087014857624
7802.0 0.5712609727807866
7804.0 0.5694828523675172
7806.0 0.5674658605587642
7808.0 0.5681046929715247
7810.0 0.5677517248105791
7812.0 0.5648345996131893
7814.0 0.5631378370266668
7816.0 0.5632685039776085
7818.0 0.5609160749030566
7820.0 0.5612803706972316
7822.0 0.5630098814741844
7824.0 0.5628766436138615
7826.0 0.5596106579632301
7828.0 0.5577269193249274
7830.0 0.5570552528107031
7832.0 0.556094389518699
7834.0 0.5536509335018088
7836.0 0.5507873431210669
7838.0 0.5482913356380444
7840.0 0.5475777412202444
7842.0 0.545338696144191
7844.0 0.5441626146189803
7846.0 0.543748424688332
7848.0 0.540366760057302
7850.0 0.5396315317570073
7852.0 0.5394413692681373
7854.0 0.5382982433757723
7856.0 0.5355707590320872
7858.0 0.5333544019653895
7860.0 0.5325721707947613
7862.0 0.5309188551435637
7864.0 0.5276700639790723
7866.0 0.5248847380073982
7868.0 0.5222146268119301
7870.0 0.5189234498898629
7872.0 0.5189366123714672
7874.0 0.5188061575324757
7876.0 0.5176341090884751
7878.0 0.515850638280649
7880.0 0.5119458429678104
7882.0 0.5071799572327067
7884.0 0.503466233638018
7886.0 0.5013297772731049
7888.0 0.5015677401927993
7890.0 0.5016928997266552
7892.0 0.5018514205818333
7894.0 0.500276819118655
7896.0 0.4976502160706052
7898.0 0.49346820563956656
7900.0 0.49072926859422006
7902.0 0.4878315509341261
7904.0 0.4836125713572076
7906.0 0.4808835621537626
7908.0 0.47728458404046414
7910.0 0.4735824936111531
7912.0 0.4711868185653767
7914.0 0.46782188227342514
7916.0 0.4658234288011056
7918.0 0.46170669207467663
7920.0 0.4577939599441397
7922.0 0.45516955209201937
7924.0 0.45277962646564196
7926.0 0.44844192344193184
7928.0 0.4482324272740042
7930.0 0.4465997195684844
7932.0 0.4426898132232037
7934.0 0.44090495179284345
7936.0 0.44077251017404234
7938.0 0.43859719253101864
7940.0 0.43499266686027843
7942.0 0.4316082807162361
7944.0 0.427248591234033
7946.0 0.4204316699096619
7948.0 0.41536704626347215
7950.0 0.4100644444150878
7952.0 0.40840759308295665
7954.0 0.40569684920844
7956.0 0.4025260245006272
7958.0 0.39949981315245026
7960.0 0.3966268490782248
7962.0 0.39258283600155713
7964.0 0.3896489394032994
7966.0 0.38798306987291165
7968.0 0.3859398042220567
7970.0 0.3841676628744729
7972.0 0.38068929584464606
7974.0 0.3764031044155967
7976.0 0.37351693476688574
7978.0 0.3698519079766148
7980.0 0.3682249436166782
7982.0 0.36741283311793965
7984.0 0.36383909887216076
7986.0 0.36005407345786994
7988.0 0.35760237959593294
7990.0 0.35542682742463544
7992.0 0.35414689268864885
7994.0 0.35138436700110987
7996.0 0.3485344915753778
7998.0 0.3474422294903953
8000.0 0.34510004116848597
8002.0 0.34366783445827137
8004.0 0.34158976429982835
8006.0 0.3392774000441644
8008.0 0.3363009383270908
8010.0 0.3343543945149287
8012.0 0.3330626299409311
8014.0 0.33219058078409475
8016.0 0.3309463181493578
8018.0 0.33141128932404684
8020.0 0.33120724321077866
8022.0 0.327762434669521
8024.0 0.32326162788398943
8026.0 0.32168443433446164
8028.0 0.3224571382045385
8030.0 0.3230663953796258
8032.0 0.32200577033015854
8034.0 0.3211930735342911
8036.0 0.3215078066914499
8038.0 0.320925614190984
8040.0 0.3190581454414715
8042.0 0.31881923641738114
8044.0 0.32093533424966436
8046.0 0.3203850654686642
8048.0 0.31744639478333986
8050.0 0.31266945655258876
8052.0 0.3121681355516724
8054.0 0.3131184155553667
8056.0 0.3137981258680184
8058.0 0.31303231762388417
8060.0 0.3116475531201079
8062.0 0.31037449000817047
8064.0 0.3105347065943687
8066.0 0.31018441613027775
8068.0 0.31048331889319497
8070.0 0.31003374283123036
8072.0 0.310518452901798
8074.0 0.31038408346293245
8076.0 0.30814654615873466
8078.0 0.30619876796432455
8080.0 0.30469734850129643
8082.0 0.3045030053581778
8084.0 0.30609622749116633
8086.0 0.30647012684664265
8088.0 0.30708127578709044
8090.0 0.30725866545477776
8092.0 0.30604818187704746
8094.0 0.3057041332415197
8096.0 0.3046110668487697
8098.0 0.3040128489911765
8100.0 0.30420458993257116
8102.0 0.303714044895098
8104.0 0.30373810585140426
8106.0 0.3013276711021207
8108.0 0.2999541001031221
8110.0 0.2997245804917887
8112.0 0.299559475343158
8114.0 0.3000342195604449
8116.0 0.30075406291678364
8118.0 0.3000838395811942
8120.0 0.2994210770908659
8122.0 0.29798752327337846
8124.0 0.2990309404010054
8126.0 0.3011542201169339
8128.0 0.3021305164039221
8130.0 0.3014085371184097
8132.0 0.3005677518920317
8134.0 0.30164362675535344
8136.0 0.3033296290165493
8138.0 0.30291904428589567
8140.0 0.3019489413962042
8142.0 0.3010529080488465
8144.0 0.2992200747900235
8146.0 0.2979068106844195
8148.0 0.298508856950829
8150.0 0.2982674562578608
8152.0 0.29986638342095545
8154.0 0.3021061443172937
8156.0 0.3003336140140704
8158.0 0.3008533599776978
8160.0 0.3026635734274577
8162.0 0.30444409959484886
8164.0 0.30362443236810466
8166.0 0.30160119324571166
8168.0 0.3002848456964747
8170.0 0.3005981012877362
8172.0 0.3013445431933685
8174.0 0.30310332944571067
8176.0 0.3047881656355883
8178.0 0.3069305314675268
8180.0 0.3055108414750176
8182.0 0.3052072056734452
8184.0 0.30613836056373667
8186.0 0.3088700828467936
8188.0 0.3085908285298408
8190.0 0.30649001380793184
8192.0 0.3065457087109065
8194.0 0.30652539178771504
8196.0 0.3066753381875621
8198.0 0.3069066571515537
8200.0 0.3075686399747055
8202.0 0.30980178893779636
8204.0 0.31186498620504427
8206.0 0.3120813465873426
8208.0 0.31182051900320884
8210.0 0.31263114063948705
8212.0 0.31477148547502604
8214.0 0.3156659061255649
8216.0 0.31253630696133067
8218.0 0.3098181399515981
8220.0 0.3104710446425744
8222.0 0.3141122155735731
8224.0 0.319267101601962
8226.0 0.3212437199230736
8228.0 0.3196364410889843
8230.0 0.3189216666879204
8232.0 0.31839590492720654
8234.0 0.3193183056800691
8236.0 0.31802442856362356
8238.0 0.31823970065489265
8240.0 0.31994446711389424
8242.0 0.32112669324931703
8244.0 0.32198815929833047
8246.0 0.32400462374594236
8248.0 0.3278243297704956
8250.0 0.32907661226223067
8252.0 0.3292292352453355
8254.0 0.3289458934425294
8256.0 0.33036980681095
8258.0 0.3316037844569788
8260.0 0.33643827275334853
8262.0 0.33699918761387965
8264.0 0.3374984141842097
8266.0 0.33843734854950536
8268.0 0.3408175149972897
8270.0 0.3424335841592458
8272.0 0.34224849324544393
8274.0 0.3436432772788221
8276.0 0.3447179236503656
8278.0 0.3432612759826139
8280.0 0.3430655748621175
8282.0 0.342333407971674
8284.0 0.34051472659166265
8286.0 0.3409482508690573
8288.0 0.34296716277195577
8290.0 0.3479648641333883
8292.0 0.35296992325475884
8294.0 0.3562103527911976
8296.0 0.3582001942444541
8298.0 0.35906265938656046
8300.0 0.3572407961976647
8302.0 0.35760009471532656
8304.0 0.354228476189742
8306.0 0.35510912113424603
8308.0 0.35730226278418686
8310.0 0.3615296098453236
8312.0 0.36438888140052755
8314.0 0.363919168496873
8316.0 0.36532735600108773
8318.0 0.3676182811240488
8320.0 0.3705578771857158
8322.0 0.37527538430275564
8324.0 0.3770476054865205
8326.0 0.37888381524574266
8328.0 0.3791652541099556
8330.0 0.3802234974807596
8332.0 0.3824563148855796
8334.0 0.38330360870944025
8336.0 0.3849590509441261
8338.0 0.3859886475673971
8340.0 0.3843813105145902
8342.0 0.3863047947415624
8344.0 0.3899671985700084
8346.0 0.3917228332964293
8348.0 0.3956068787321826
8350.0 0.3990003963107422
8352.0 0.4020217100021168
8354.0 0.40211193018988034
8356.0 0.40251224395715224
8358.0 0.4046016916171039
8360.0 0.40819396807418395
8362.0 0.4135729880813902
8364.0 0.41767429972046094
8366.0 0.420504307925051
8368.0 0.42470359532664204
8370.0 0.427813639653121
8372.0 0.43175537848096013
8374.0 0.4343384053591066
8376.0 0.43471067007228903
8378.0 0.43692049414982803
8380.0 0.4406829840538673
8382.0 0.4417890081566141
8384.0 0.44157619394254116
8386.0 0.44567622682807523
8388.0 0.4503251046168155
8390.0 0.4543994537575146
8392.0 0.4602746482352205
8394.0 0.4635862210822999
8396.0 0.4689166489980162
8398.0 0.47288957539361337
8400.0 0.47508606223502087
8402.0 0.47649724541874156
8404.0 0.4804814635193224
8406.0 0.4817572513967404
8408.0 0.4812286719593894
8410.0 0.4841532378570852
8412.0 0.4880369900156105
8414.0 0.4916893412084224
8416.0 0.4951194424603443
8418.0 0.49652867189628436
8420.0 0.498789999813791
8422.0 0.5009703171738674
8424.0 0.5060497247048977
8426.0 0.5096629175967835
8428.0 0.5126664384042028
8430.0 0.5154358274477951
8432.0 0.5141175111034982
8434.0 0.5155442091402263
8436.0 0.5168822202503067
8438.0 0.5183826523636301
8440.0 0.5183436023307183
8442.0 0.5204364535309387
8444.0 0.5237411930220262
8446.0 0.5257679049046651
8448.0 0.5270879909941824
8450.0 0.5283067885623309
8452.0 0.531724944567008
8454.0 0.5368311170134988
8456.0 0.5410801841505917
8458.0 0.5405005603115222
8460.0 0.5407567372241233
8462.0 0.5422424438787661
8464.0 0.5463273926410042
8466.0 0.5501476944076649
8468.0 0.5507315187308612
8470.0 0.5492559294942038
8472.0 0.548806789588975
8474.0 0.5484049066473251
8476.0 0.5514650096217184
8478.0 0.5528066451925151
8480.0 0.5563009520272019
8482.0 0.5543476842028304
8484.0 0.5544737771319015
8486.0 0.5555151561832131
8488.0 0.5563901946211635
8490.0 0.5561506208074539
8492.0 0.5565161212661607
8494.0 0.5598376172214374
8496.0 0.5633606178379846
8498.0 0.5651555890610368
8500.0 0.5635613175258242
8502.0 0.5631957130406342
8504.0 0.5624601713662658
8506.0 0.5646592093884392
8508.0 0.5668413513436139
8510.0 0.5686428483298308
8512.0 0.5680603090513533
8514.0 0.5657587029111515
8516.0 0.5644022729507966
8518.0 0.5659499705592167
8520.0 0.5678289267955487
8522.0 0.5708914282957841
8524.0 0.574238652306004
8526.0 0.5791956513960785
8528.0 0.5779046137689051
8530.0 0.5754897735808774
8532.0 0.5704065019842532
8534.0 0.5712742048089609
8536.0 0.5777219227953916
8538.0 0.5778008624044716
8540.0 0.5758700088484905
8542.0 0.5749687889682905
8544.0 0.5779693272167684
8546.0 0.580975183328592
8548.0 0.5813429456794573
8550.0 0.579051695675532
8552.0 0.5792904520223267
8554.0 0.5823575256426671
8556.0 0.58372453882109
8558.0 0.584175841732416
8560.0 0.5835168795304541
8562.0 0.5812069266378596
8564.0 0.57963352844585
8566.0 0.5795972298578072
8568.0 0.5808630546295759
8570.0 0.5822126286499842
8572.0 0.583460909415765
8574.0 0.5841418052845386
8576.0 0.5842001567700957
8578.0 0.5833778629388406
8580.0 0.5839687973575333
8582.0 0.5820542166901002
8584.0 0.5818034141720206
8586.0 0.5809427822150168
8588.0 0.5826277621038115
8590.0 0.5846107411512431
8592.0 0.5892605429078631
8594.0 0.590971399426029
8596.0 0.5874422675850002
8598.0 0.5862134867627369
8600.0 0.5889625951884634
8602.0 0.5914056613368468
8604.0 0.5930913900310757
8606.0 0.5910726074445388
8608.0 0.5877557345950872
8610.0 0.5875366872805515
8612.0 0.5902653574079406
8614.0 0.5930550383264643
8616.0 0.5932617831944162
8618.0 0.5950559735978385
8620.0 0.6000620777516609
8622.0 0.6026175921742627
8624.0 0.6046135809022061
8626.0 0.6026149249249362
8628.0 0.6008389251033024
8630.0 0.6005220998412538
8632.0 0.6013584935937321
8634.0 0.5988470474966249
8636.0 0.5937127042276285
8638.0 0.5956312612597109
8640.0 0.5972985669398037
8642.0 0.5981125341026216
8644.0 0.5956519497510854
8646.0 0.5961995138713998
8648.0 0.5982066355858126
8650.0 0.6000237787982613
8652.0 0.6019308632876714
8654.0 0.6022968526378676
8656.0 0.6020289928045351
8658.0 0.5996920034199633
8660.0 0.5999409495205812
8662.0 0.6005850426362251
8664.0 0.5996449265347834
8666.0 0.5965439673663754
8668.0 0.5943295223892506
8670.0 0.5964617233715592
8672.0 0.600902737682602
8674.0 0.6057806528535634
8676.0 0.6064086343805629
8678.0 0.6061264136884977
8680.0 0.6055039082943917
8682.0 0.6076227980030361
8684.0 0.6076241381057212
8686.0 0.601258030222358
8688.0 0.597310051550999
8690.0 0.595823549497368
8692.0 0.5974953043035072
8694.0 0.599848671567805
8696.0 0.6036825083234728
8698.0 0.6024594481707259
8700.0 0.5977575654426522
8702.0 0.6001721478830483
8704.0 0.5999478317873705
8706.0 0.5979540441742929
8708.0 0.5961344978974393
8710.0 0.5959291361426763
8712.0 0.5976508331047117
8714.0 0.6002659716860652
8716.0 0.6008667250601762
8718.0 0.5953594942077531
8720.0 0.5934147148765266
8722.0 0.5941105092854507
8724.0 0.5924846673120363
8726.0 0.5960689102789554
8728.0 0.6019472062432147
8730.0 0.6024903928739862
8732.0 0.5988034901060192
8734.0 0.5971095991338472
8736.0 0.5994323477728152
8738.0 0.6020889592702628
8740.0 0.6024335049676425
8742.0 0.6022504872869214
8744.0 0.6016543209059549
8746.0 0.6005651552533092
8748.0 0.5990672178241823
8750.0 0.5976474312093882
8752.0 0.6009238654054657
8754.0 0.6017662716049671
8756.0 0.6017002422593783
8758.0 0.5973885928554199
8760.0 0.5933241414764776
8762.0 0.5892508597516676
8764.0 0.5878574629302484
8766.0 0.588944503236204
8768.0 0.5921295800960363
8770.0 0.5921728164377517
8772.0 0.5905313739476203
8774.0 0.5894013038206997
8776.0 0.5867986363515701
8778.0 0.5865426071276013
8780.0 0.5870390880010822
8782.0 0.5884793272966518
8784.0 0.5897509932980881
8786.0 0.5938903642511586
8788.0 0.5976653496667133
8790.0 0.5959681378001789
8792.0 0.5910406871314542
8794.0 0.5862086840942528
8796.0 0.5815631453335368
8798.0 0.5829042827938673
8800.0 0.5832826800909163
8802.0 0.5824573322893237
8804.0 0.5820659922593675
8806.0 0.5810946467392321
8808.0 0.5782303299345496
8810.0 0.5768076735054395
8812.0 0.575460737011732
8814.0 0.5737976535249134
8816.0 0.5735107460286722
8818.0 0.5742445036891889
8820.0 0.5757020038784666
8822.0 0.5760321248528658
8824.0 0.573702215781354
8826.0 0.5721745451480318
8828.0 0.5705438294780288
8830.0 0.5714183830659277
8832.0 0.5707364929054657
8834.0 0.5692058959617804
8836.0 0.5695863285323292
8838.0 0.5684254321966462
8840.0 0.5649633679223568
8842.0 0.5619611617698758
8844.0 0.5623442792915958
8846.0 0.560031349648131
8848.0 0.5567025728759601
8850.0 0.5526264202379113
8852.0 0.5512955198162045
8854.0 0.5513530792635519
8856.0 0.5503377471054314
8858.0 0.5445151527430027
8860.0 0.5443465023664587
8862.0 0.5435463737894671
8864.0 0.5452982269769279
8866.0 0.5413511175582149
8868.0 0.5374558189052345
8870.0 0.5389574593481276
8872.0 0.542550516808868
8874.0 0.5436962508676202
8876.0 0.5385454241091155
8878.0 0.5387264493433219
8880.0 0.5373948582190674
8882.0 0.5356946057519724
8884.0 0.5335861620366934
8886.0 0.5299646059120926
8888.0 0.5285760187727573
8890.0 0.527529588175269
8892.0 0.5232299183460132
8894.0 0.520481849457611
8896.0 0.5183860071613574
8898.0 0.516357139177077
8900.0 0.5184231205771438
8902.0 0.5189140352956508
8904.0 0.5184478290253786
8906.0 0.5193469951667528
8908.0 0.5185865063878223
8910.0 0.5198824046020037
8912.0 0.5178141740131237
8914.0 0.5174612646401497
8916.0 0.5155027230347823
8918.0 0.5147523842165214
8920.0 0.5131938469769919
8922.0 0.511285248100962
8924.0 0.5122804690445325
8926.0 0.5108395342259983
8928.0 0.5080997156645187
8930.0 0.5097292583704405
8932.0 0.5090086231111423
8934.0 0.5108503573628153
8936.0 0.5087853579503746
8938.0 0.5092331987435912
8940.0 0.5077397697047019
8942.0 0.5065560940123741
8944.0 0.506399964864747
8946.0 0.5045246218050775
8948.0 0.5036896227083186
8950.0 0.5061425600344773
8952.0 0.5085211618311898
8954.0 0.5072737078505597
8956.0 0.5074038131415708
8958.0 0.504228434289669
8960.0 0.5027162967513416
8962.0 0.49982540573721157
8964.0 0.4966954306642704
8966.0 0.49637898301559324
8968.0 0.49512392058764404
8970.0 0.4958406442625846
8972.0 0.4955501837332366
8974.0 0.49345155414877107
8976.0 0.49144311432956944
8978.0 0.48995090425176424
8980.0 0.48930924090731687
8982.0 0.4884699089198677
8984.0 0.48632882486123485
8986.0 0.4857746338368845
8988.0 0.4857935584385988
8990.0 0.4857752752744347
8992.0 0.4860273157523994
8994.0 0.48590186126090207
8996.0 0.48466962106071737
8998.0 0.48521208042581676
9000.0 0.4866145267693058
9002.0 0.48797996423056234
9004.0 0.4865936199774261
9006.0 0.4845459665576579
9008.0 0.4830921994042232
9010.0 0.48097661192041335
9012.0 0.48212006939952
9014.0 0.48296234111440317
9016.0 0.4835939869887248
9018.0 0.4842063162014436
9020.0 0.48418623959060253
9022.0 0.4831452446017179
9024.0 0.48180774217003625
9026.0 0.480460794952598
9028.0 0.4809850059591213
9030.0 0.4799630204548754
9032.0 0.4788302783926055
9034.0 0.47713634675783
9036.0 0.4771719338603822
9038.0 0.4771702177261872
9040.0 0.4769709980989558
9042.0 0.47745646603471936
9044.0 0.47899907253192137
9046.0 0.48094889517209916
9048.0 0.4830982468472167
9050.0 0.4820942657290074
9052.0 0.4786621295793204
9054.0 0.4760139191404277
9056.0 0.47491506440882064
9058.0 0.4754093926570707
9060.0 0.4741978573013142
9062.0 0.47436990652833055
9064.0 0.47628773058349033
9066.0 0.47873613285777333
9068.0 0.4805655418279161
9070.0 0.47923339718615804
9072.0 0.47788219925739855
9074.0 0.4769023111841003
9076.0 0.474822233221086
9078.0 0.4741902198638514
9080.0 0.47496477232393997
9082.0 0.47435116569694963
9084.0 0.4746872658862421
9086.0 0.4743591230929727
9088.0 0.4765245430607108
9090.0 0.4765961226685599
9092.0 0.4758927036403492
9094.0 0.4755204889106827
9096.0 0.4766002046554191
9098.0 0.47703945216154997
9100.0 0.4764964239707652
9102.0 0.47964871710143736
9104.0 0.4793029484057528
9106.0 0.47838548761091415
9108.0 0.47820800959603715
9110.0 0.47845408682369484
9112.0 0.48052552117341896
9114.0 0.48065188473120996
9116.0 0.4804290386599372
9118.0 0.4785927960987672
9120.0 0.4793982820920598
9122.0 0.4812499246096107
9124.0 0.47960889396925543
9126.0 0.47884239194793865
9128.0 0.47839097894696864
9130.0 0.47760656867655593
9132.0 0.47602576110329814
9134.0 0.4757808995314431
9136.0 0.4751805430362581
9138.0 0.4755184782577691
9140.0 0.47679611728933247
9142.0 0.4748145851188032
9144.0 0.47541518132219185
9146.0 0.47625147978345767
9148.0 0.4785456488576202
9150.0 0.47847327808017354
9152.0 0.47714377571327277
9154.0 0.4766548985472406
9156.0 0.4772187291482979
9158.0 0.4778563616766047
9160.0 0.4797670131867797
9162.0 0.4806248114868206
9164.0 0.4821238514098235
9166.0 0.4820546748497655
9168.0 0.48133816938336643
9170.0 0.48083527612796895
9172.0 0.48150165583443155
9174.0 0.4808059602138438
9176.0 0.48064220285917436
9178.0 0.48076684616635584
9180.0 0.479054741381135
9182.0 0.4778654220074782
9184.0 0.4769681667849458
9186.0 0.4765392156057881
9188.0 0.47468081239272686
9190.0 0.474392048709605
9192.0 0.476479598738995
9194.0 0.4761937193442848
9196.0 0.47521985736224365
9198.0 0.47401787653383787
9200.0 0.47414330455016523
9202.0 0.4761059380204736
9204.0 0.47559982257637523
9206.0 0.4767155125433992
9208.0 0.4790384758391865
9210.0 0.4770264963974272
9212.0 0.4721297132853316
9214.0 0.46949877068883505
9216.0 0.470804887833548
9218.0 0.4691019664213758
9220.0 0.47119294939987894
9222.0 0.4712798550085897
9224.0 0.46851630733114313
9226.0 0.46424721018104936
9228.0 0.4667300249303992
9230.0 0.46693099861639986
9232.0 0.4678430642010924
9234.0 0.46580705411224027
9236.0 0.4663248172128648
9238.0 0.46660871441662183
9240.0 0.4646089208815507
9242.0 0.46414692336881
9244.0 0.46105215477993705
9246.0 0.4588400885686296
9248.0 0.4614576799505549
9250.0 0.46508378545967294
9252.0 0.46606641672009413
9254.0 0.46672171014484853
9256.0 0.4688752081897203
9258.0 0.4702520975619786
9260.0 0.4703288749799074
9262.0 0.47473217645091376
9264.0 0.4822837509723859
9266.0 0.47836490297590545
9268.0 0.4738899459441509
9270.0 0.4708672746043024
9272.0 0.4664377660311226
9274.0 0.4660123225114112
9276.0 0.4650563304162324
9278.0 0.464642615531067
9280.0 0.46399319581274423
9282.0 0.4658361409364375
9284.0 0.46571819349287724
9286.0 0.4641024834775385
9288.0 0.465556134568881
9290.0 0.46600740266966284
9292.0 0.46794937923012964
9294.0 0.4690975579483906
9296.0 0.4684962887435026
9298.0 0.46945893345099127
9300.0 0.46970859660019104
9302.0 0.4704509056238399
9304.0 0.470871974200477
9306.0 0.46696007406869894
9308.0 0.4663248207353713
9310.0 0.46787360218229473
9312.0 0.4707793851190127
9314.0 0.472469002908346
9316.0 0.4705945684121389
9318.0 0.4701028498489132
9320.0 0.4723565442409522
9322.0 0.4726180420089418
9324.0 0.4716390436421712
9326.0 0.4703802805392101
9328.0 0.46914908528702864
9330.0 0.4665297372675631
9332.0 0.4668880520466979
9334.0 0.47233826802093143
9336.0 0.4758322884669649
9338.0 0.47396991729423
9340.0 0.4723961446936745
9342.0 0.4702907964041192
9344.0 0.4690906210116986
9346.0 0.4709998983841305
9348.0 0.47353274480183166
9350.0 0.47544084100050094
9352.0 0.4777792713704644
9354.0 0.4747151750765815
9356.0 0.4733455898014434
9358.0 0.47229108241208784
9360.0 0.47000569813184445
9362.0 0.46900208416564165
9364.0 0.4717088770236934
9366.0 0.47054825131832617
9368.0 0.47056687502167194
9370.0 0.4700968291891752
9372.0 0.46748607178184415
9374.0 0.46595488879428176
9376.0 0.4658624519328399
9378.0 0.47115507457898426
9380.0 0.47155836402799617
9382.0 0.47329313370670856
9384.0 0.47594560583217616
9386.0 0.473200448999995
9388.0 0.4692255448326295
9390.0 0.46587054719369025
9392.0 0.46269252537766176
9394.0 0.4628988646661957
9396.0 0.4645751021582936
9398.0 0.4669935498358121
9400.0 0.46673576680338086
9402.0 0.46562098883887554
9404.0 0.4695801611035583
9406.0 0.47320548867620366
9408.0 0.4713804438369885
9410.0 0.4719745359329503
9412.0 0.4731282849004174
9414.0 0.4750551051917194
9416.0 0.4728836934766064
9418.0 0.47176127895906345
9420.0 0.472196333466193
9422.0 0.4683510160203792
9424.0 0.4669035744167977
9426.0 0.4657513082730845
9428.0 0.464095203948507
9430.0 0.46467359390935675
9432.0 0.4665190428012093
9434.0 0.468535111243691
9436.0 0.47259211874856977
9438.0 0.47478640490023516
9440.0 0.476196402616951
9442.0 0.47520259080580557
9444.0 0.4737886532583708
9446.0 0.4704665002303719
9448.0 0.47101304260863336
9450.0 0.46855388485745586
9452.0 0.4673004301834518
9454.0 0.46808131187892293
9456.0 0.4688432688099347
9458.0 0.470429323509346
9460.0 0.4720168717280743
9462.0 0.47533859669346123
9464.0 0.4740485244048822
9466.0 0.47259557472401736
9468.0 0.47053969413172253
9470.0 0.46766414897708547
9472.0 0.46751031703484114
9474.0 0.46969190751780177
9476.0 0.47002133201112395
9478.0 0.4698561767812352
9480.0 0.4681107852628942
9482.0 0.4694295862870538
9484.0 0.4711683271982094
9486.0 0.47158979714734334
9488.0 0.4709543115957104
9490.0 0.4717574778275803
9492.0 0.47136909807951743
9494.0 0.4729085321029043
9496.0 0.47556282482400425
9498.0 0.47367268160790216
9500.0 0.4754773186419734
9502.0 0.4754630834691121
9504.0 0.4765833214782788
9506.0 0.4752967573123042
9508.0 0.4755447713259035
9510.0 0.4718359547341055
9512.0 0.47294015528723327
9514.0 0.46959994832682067
9516.0 0.47193754460572745
9518.0 0.4691341533016797
9520.0 0.46671137390051504
9522.0 0.46711319173825955
9524.0 0.4660663549805135
9526.0 0.46431385102983563
9528.0 0.46615734175017215
9530.0 0.46832620062557695
9532.0 0.4703492551028453
9534.0 0.4695741731528885
9536.0 0.4699778249383393
9538.0 0.4692473106519578
9540.0 0.466585934734816
9542.0 0.46463563587491724
9544.0 0.464888073774205
9546.0 0.46926450896836586
9548.0 0.4734644900008633
9550.0 0.472521666186374
9552.0 0.47195303662858434
9554.0 0.47149448819160805
9556.0 0.4717168854072491
9558.0 0.47153569081500535
9560.0 0.4699005218686765
9562.0 0.4694081113964928
9564.0 0.4688782832433434
9566.0 0.47032660709511653
9568.0 0.46969498527670067
9570.0 0.4677906092365036
9572.0 0.46774670367045246
9574.0 0.4700104643817813
9576.0 0.4694910435481153
9578.0 0.47204890794038823
9580.0 0.47159522938181647
9582.0 0.47432088172323406
9584.0 0.4731489084564198
9586.0 0.47381795860972575
9588.0 0.469868131541058
9590.0 0.4676227511034596
9592.0 0.46738779042258743
9594.0 0.4658587278313363
9596.0 0.46626214004089855
9598.0 0.4673804177078864
9600.0 0.4697450947733081
9602.0 0.46941103820833113
9604.0 0.46956541531615825
9606.0 0.46847798137821606
9608.0 0.46841392644904667
9610.0 0.46830022630906565
9612.0 0.4666154863841653
9614.0 0.46591924298290965
9616.0 0.46406224424085896
9618.0 0.46595211355273797
9620.0 0.4651449819572351
9622.0 0.46510700733568555
9624.0 0.4624504816586309
9626.0 0.46334613824310616
9628.0 0.4641851082871072
9630.0 0.46637926033697663
9632.0 0.4680917672157882
9634.0 0.46993530435112557
9636.0 0.4697099144518831
9638.0 0.46968603079951
9640.0 0.4695024256798227
9642.0 0.4713378082011547
9644.0 0.4739730998583982
9646.0 0.47537941864527145
9648.0 0.4707995887045101
9650.0 0.46896888969382045
9652.0 0.4682379266189886
9654.0 0.4671138081426398
9656.0 0.4648649397786859
9658.0 0.4632506647705182
9660.0 0.4620300155572893
9662.0 0.4614831469208598
9664.0 0.4599991695399706
9666.0 0.4621301504061745
9668.0 0.46369984248225254
9670.0 0.4660646332514949
9672.0 0.4643590466566032
9674.0 0.463805851651068
9676.0 0.462505527193565
9678.0 0.4616572745415008
9680.0 0.4607928832054298
9682.0 0.4596090067153163
9684.0 0.4600031455751657
9686.0 0.45956168095443356
9688.0 0.4605307264501015
9690.0 0.4593761417996501
9692.0 0.4594518137221254
9694.0 0.45905626476038275
9696.0 0.46088699228297386
9698.0 0.46143897810069356
9700.0 0.461986971412017
9702.0 0.4604240953961057
9704.0 0.4625888394935209
9706.0 0.46450497377268923
9708.0 0.4651648438473954
9710.0 0.46372955567504126
9712.0 0.4613041400439226
9714.0 0.4598754136318635
9716.0 0.4590098212801773
9718.0 0.4593802700670208
9720.0 0.46055908644743043
9722.0 0.4610748789691183
9724.0 0.4602488906499943
9726.0 0.46250378477947607
9728.0 0.4609593779936174
9730.0 0.4590020534942567
9732.0 0.45776470836943106
9734.0 0.45584918514887723
9736.0 0.45411115688899706
9738.0 0.4547411939764799
9740.0 0.45498780527837485
9742.0 0.45633805118107834
9744.0 0.4569428736050991
9746.0 0.4586749925941866
9748.0 0.4597627255435222
9750.0 0.46123532075717094
9752.0 0.46075592058604997
9754.0 0.45829762538785557
9756.0 0.45776125140847673
9758.0 0.4565374489709743
9760.0 0.4570630776363972
9762.0 0.4584561868123838
9764.0 0.4577375345338492
9766.0 0.4566570957050955
9768.0 0.45689304922875507
9770.0 0.45595973111541105
9772.0 0.45580617319037336
9774.0 0.4613694875144268
9776.0 0.4601482360502349
9778.0 0.4595599791674527
9780.0 0.46181207724331286
9782.0 0.4614760269415941
9784.0 0.4613170195820445
9786.0 0.4566577064711765
9788.0 0.4564078848112897
9790.0 0.4565466099439753
9792.0 0.4547782272142325
9794.0 0.45574500220103603
9796.0 0.4563406615770197
9798.0 0.45837513620959897
9800.0 0.45799465898821634
9802.0 0.45724539817774773
9804.0 0.4562926753428315
9806.0 0.459437187192362
9808.0 0.46153531699868117
9810.0 0.46055749649870587
9812.0 0.45966323983961366
9814.0 0.45885361958973137
9816.0 0.45865696507469134
9818.0 0.4567800182755691
9820.0 0.45475197876274015
9822.0 0.455806421184588
9824.0 0.45397575607099677
9826.0 0.4539747886236607
9828.0 0.45572906090696996
9830.0 0.45625918770811763
9832.0 0.4568539177607751
9834.0 0.4575736408131892
9836.0 0.457097116926552
9838.0 0.45689333495041407
9840.0 0.4585348609965637
9842.0 0.45801405343605023
9844.0 0.4573764000397722
9846.0 0.45754200395588823
9848.0 0.45811596642013075
9850.0 0.45870135968858095
9852.0 0.4584270433358701
9854.0 0.4548292114034483
9856.0 0.45152381603047353
9858.0 0.4531754456906592
9860.0 0.4523121631328934
9862.0 0.45187966991307965
9864.0 0.45110552252632957
9866.0 0.4531349325695475
9868.0 0.4546328020057159
9870.0 0.4556441126674477
9872.0 0.45579131145958496
9874.0 0.45677036623128975
9876.0 0.45634261709738627
9878.0 0.4567195815453118
9880.0 0.45683161736813716
9882.0 0.4561817168627796
9884.0 0.4554432860377191
9886.0 0.4558337448501577
9888.0 0.45786137519489306
9890.0 0.4599017930210863
9892.0 0.4627937416934476
9894.0 0.46548198150661696
9896.0 0.4675826229653928
9898.0 0.4679110235227988
9900.0 0.46549765025182216
9902.0 0.4652038982724257
9904.0 0.4654249450750338
9906.0 0.46613214171770107
9908.0 0.46792677790957643
9910.0 0.46742981571646564
9912.0 0.45966760682345204
9914.0 0.45710754363419265
9916.0 0.4570042943520633
9918.0 0.45822333018529665
9920.0 0.4611345642795754
9922.0 0.46228997522892296
9924.0 0.4629933399969417
9926.0 0.46535054289661215
9928.0 0.4644157051055617
9930.0 0.4621545580598655
9932.0 0.4607685536998685
9934.0 0.4616393342161501
9936.0 0.46688898895884895
9938.0 0.46556572914067185
9940.0 0.46418970154280714
9942.0 0.46147283334264166
9944.0 0.4594842601820821
9946.0 0.459004948714554
9948.0 0.4609631369763737
9950.0 0.4609597659255175
9952.0 0.4586705061894813
9954.0 0.4579694913282783
9956.0 0.4625732621512636
9958.0 0.46546322147750196
9960.0 0.46415864524528466
9962.0 0.4594656525304511
9964.0 0.45841576274003376
9966.0 0.4603951278194593
9968.0 0.4616940943712306
9970.0 0.4632572557757912
9972.0 0.4637731110829342
9974.0 0.46319936964741554
9976.0 0.4628611553997559
9978.0 0.46399976586013225
9980.0 0.4622418895235053
9982.0 0.46118205613949415
9984.0 0.46259181195205934
9986.0 0.46311709464731404
9988.0 0.46149373517625153
9990.0 0.4575218378375622
9992.0 0.4612807958194273
9994.0 0.4636245694495879
9996.0 0.4668481492331573
9998.0 0.46312960175587015
