# z obs_date
# 0 52280
3580.0 0.6020332631972377
3582.0 0.6020791222570311
3584.0 0.6038414726661555
3586.0 0.6058419018404665
3588.0 0.6069252234331132
3590.0 0.6073632973661242
3592.0 0.6068798774807671
3594.0 0.6073506450368853
3596.0 0.6071606638956882
3598.0 0.6068744693367848
3600.0 0.6058111194328597
3602.0 0.606193718932663
3604.0 0.6088674971971761
3606.0 0.6116413361910896
3608.0 0.6099679625930073
3610.0 0.6069345188063757
3612.0 0.6066322465174585
3614.0 0.604717378162026
3616.0 0.6024152606518095
3618.0 0.6016153026341313
3620.0 0.6023323069959071
3622.0 0.6026170278937599
3624.0 0.6018564528972611
3626.0 0.6000965127181053
3628.0 0.597915920762693
3630.0 0.5980803660916862
3632.0 0.5991130701957829
3634.0 0.598675160830503
3636.0 0.5983375278949141
3638.0 0.5991483427991481
3640.0 0.5980227665571293
3642.0 0.5945025789352275
3644.0 0.5933927366792229
3646.0 0.5930011914786265
3648.0 0.5904608357199057
3650.0 0.588925765548969
3652.0 0.588714485717946
3654.0 0.5891728416113692
3656.0 0.5902704858366513
3658.0 0.5912576905961348
3660.0 0.5907812726513992
3662.0 0.5883240430528636
3664.0 0.5870945800426521
3666.0 0.5875377357132798
3668.0 0.5890528316140073
3670.0 0.5905628217897904
3672.0 0.5903414541426174
3674.0 0.5893954706128488
3676.0 0.5879526373254874
3678.0 0.5861112996440498
3680.0 0.5850031280081984
3682.0 0.5831452839112226
3684.0 0.5827579452518594
3686.0 0.582812677387414
3688.0 0.581673642605292
3690.0 0.5817108362789176
3692.0 0.5813348820526932
3694.0 0.5761185903142026
3696.0 0.577171527881241
3698.0 0.5771356757282613
3700.0 0.5824503379677566
3702.0 0.5874608295475822
3704.0 0.5901605299011172
3706.0 0.5951032459377285
3708.0 0.5931276825474501
3710.0 0.5871303561503812
3712.0 0.5828390572035652
3714.0 0.5815025586122567
3716.0 0.5901699444346848
3718.0 0.5913229572227477
3720.0 0.5892992101592642
3722.0 0.599681023571577
3724.0 0.6053104183592796
3726.0 0.6124723777845877
3728.0 0.6149187894400093
3730.0 0.6167698610533067
3732.0 0.6193905164048248
3734.0 0.6128138237711873
3736.0 0.6206740815363045
3738.0 0.6346443465631886
3740.0 0.6258815023020174
3742.0 0.6229653902440979
3744.0 0.6297100285427053
3746.0 0.6185132487366368
3748.0 0.611698229437806
3750.0 0.6095330171515381
3752.0 0.6092720708674694
3754.0 0.6138975894847835
3756.0 0.612372179218202
3758.0 0.6110363827633557
3760.0 0.6045166598966422
3762.0 0.5966023581965716
3764.0 0.5949414509188047
3766.0 0.5984360538751522
3768.0 0.5962136212511135
3770.0 0.6188637507423888
3772.0 0.6015916699898147
3774.0 0.6045924248538194
3776.0 0.621352619821581
3778.0 0.6090807482712023
3780.0 0.5999828637101553
3782.0 0.6085758375814773
3784.0 0.6054839955591783
3786.0 0.6005569177138582
3788.0 0.5982814578544274
3790.0 0.6061535750911154
3792.0 0.6388984915329151
3794.0 0.6495733711435259
3796.0 0.6558576946768633
3798.0 0.6528322754990687
3800.0 0.6402169758898396
3802.0 0.6326427588733449
3804.0 0.6310284476738169
3806.0 0.6311625780807155
3808.0 0.6408880244626645
3810.0 0.6580427338680518
3812.0 0.6685421279257123
3814.0 0.6765697359723178
3816.0 0.6793349173204473
3818.0 0.6838531571816149
3820.0 0.6867737412301109
3822.0 0.6860305705861439
3824.0 0.6932005377239341
3826.0 0.7198862061900133
3828.0 0.7345758213233963
3830.0 0.7352964047227525
3832.0 0.74002677597488
3834.0 0.7560526302380868
3836.0 0.7746403509190297
3838.0 0.7888861538046475
3840.0 0.8036174778113288
3842.0 0.8191943821873159
3844.0 0.8148872219672684
3846.0 0.8194895046298588
3848.0 0.8286607429634544
3850.0 0.8393284771580181
3852.0 0.8510323186716846
3854.0 0.8723868200813487
3856.0 0.8684131288666725
3858.0 0.8437779143268348
3860.0 0.8293217309945896
3862.0 0.8249017162528727
3864.0 0.8276768925087439
3866.0 0.8231035968805872
3868.0 0.8232312122122121
3870.0 0.8219635660774844
3872.0 0.8070539472913173
3874.0 0.7933906849403631
3876.0 0.7929499182780417
3878.0 0.7816362695473585
3880.0 0.7725818465636667
3882.0 0.7715395003915974
3884.0 0.7691323101960972
3886.0 0.7576332709885994
3888.0 0.7470853898360027
3890.0 0.74391308690006
3892.0 0.7505142248576712
3894.0 0.7559922933624762
3896.0 0.7561273679603389
3898.0 0.7485291098742494
3900.0 0.7370378083943255
3902.0 0.7325792568415214
3904.0 0.7365647677587077
3906.0 0.7509905945359912
3908.0 0.763183993878188
3910.0 0.777520921610164
3912.0 0.7862153416173301
3914.0 0.7992425808407577
3916.0 0.8052722831346558
3918.0 0.8006412613077373
3920.0 0.8003596828962685
3922.0 0.8058270078455202
3924.0 0.8020899052846321
3926.0 0.7978193994372164
3928.0 0.8043024293781523
3930.0 0.8135379428513585
3932.0 0.8160430119571478
3934.0 0.8074742464095901
3936.0 0.8043185469544087
3938.0 0.8101844488309515
3940.0 0.8135509363669279
3942.0 0.8167166583736735
3944.0 0.8259449356361085
3946.0 0.8326073912006232
3948.0 0.8428882700893113
3950.0 0.848246242939034
3952.0 0.8400352543115308
3954.0 0.8353121507563293
3956.0 0.8444425602076212
3958.0 0.8530390665968877
3960.0 0.8441546537773865
3962.0 0.8432421437764936
3964.0 0.8476464940828145
3966.0 0.8559074137309713
3968.0 0.8497824146894992
3970.0 0.844169302726404
3972.0 0.8469958408714141
3974.0 0.8451247928304338
3976.0 0.8349759508835684
3978.0 0.8134256048866014
3980.0 0.8001032116616229
3982.0 0.7933227265473919
3984.0 0.7841893714588692
3986.0 0.7697114288793149
3988.0 0.7533126207947608
3990.0 0.7548675779832438
3992.0 0.7481859492636422
3994.0 0.7373967420700077
3996.0 0.7347467911889801
3998.0 0.7319928803217153
4000.0 0.7178655937798306
4002.0 0.7205819607856978
4004.0 0.7328839116019262
4006.0 0.7358080321792426
4008.0 0.7388668502658549
4010.0 0.7561545842910695
4012.0 0.7672808644038287
4014.0 0.776806196747979
4016.0 0.7898838284634849
4018.0 0.7852873728866692
4020.0 0.7870863737385885
4022.0 0.7924738514343509
4024.0 0.7900930202726378
4026.0 0.7975654154367554
4028.0 0.8147120439213071
4030.0 0.8175195990571471
4032.0 0.8258366826416116
4034.0 0.8492182696417415
4036.0 0.8692033087110264
4038.0 0.8888229084766529
4040.0 0.9105691957072484
4042.0 0.9250483716824331
4044.0 0.9391731277019105
4046.0 0.9487371800573784
4048.0 0.9561872025005784
4050.0 0.9633986227774126
4052.0 0.9718029930491711
4054.0 0.9832464708657963
4056.0 0.9980462499214525
4058.0 0.9962425021699298
4060.0 0.9960900291480065
4062.0 1.0
4064.0 0.9950190418013081
4066.0 0.990729115299999
4068.0 0.9841600845056323
4070.0 0.9646119023355462
4072.0 0.9433965567801502
4074.0 0.9239579914603566
4076.0 0.9032183452181989
4078.0 0.8836939223033794
4080.0 0.8740158893223776
4082.0 0.8656888821101403
4084.0 0.8557749691822029
4086.0 0.8473190968534584
4088.0 0.8423221563465377
4090.0 0.8357306381972232
4092.0 0.830150634418504
4094.0 0.8237585651320203
4096.0 0.8067126210574525
4098.0 0.8012139631955363
4100.0 0.800415111023763
4102.0 0.7997621338084674
4104.0 0.8039245723656812
4106.0 0.811996213851734
4108.0 0.8215669696682231
4110.0 0.8228432573054304
4112.0 0.8162349035049072
4114.0 0.8097797316790585
4116.0 0.8026862629350241
4118.0 0.792041994723048
4120.0 0.7813373641332835
4122.0 0.781314643445477
4124.0 0.7824767156882507
4126.0 0.7759086893452464
4128.0 0.7761546984902374
4130.0 0.7802795921082069
4132.0 0.785252999337732
4134.0 0.7856893813306822
4136.0 0.7775684441730392
4138.0 0.7689695486164275
4140.0 0.7586515876702873
4142.0 0.746343621913476
4144.0 0.7449110233689736
4146.0 0.7471395470126012
4148.0 0.7414549568262193
4150.0 0.7436549704248987
4152.0 0.7561297275104711
4154.0 0.771107515805203
4156.0 0.7841028455421704
4158.0 0.7846506510927941
4160.0 0.7886935733276944
4162.0 0.7873621963431274
4164.0 0.7870913211784761
4166.0 0.7824199600279367
4168.0 0.7790360295072741
4170.0 0.7703326592089482
4172.0 0.7648327719031436
4174.0 0.7620661516308092
4176.0 0.7645090303235865
4178.0 0.7620767526715164
4180.0 0.7605032964880197
4182.0 0.7618068995529123
4184.0 0.7671510041382416
4186.0 0.7751150497107191
4188.0 0.7765363589999887
4190.0 0.777582825453484
4192.0 0.7766091076902019
4194.0 0.7693554893076591
4196.0 0.7600913916120483
4198.0 0.7485324102462618
4200.0 0.7383890470017703
4202.0 0.7274407406928741
4204.0 0.7125445092468399
4206.0 0.7037420814728067
4208.0 0.6979006026347404
4210.0 0.6916141466245953
4212.0 0.6842904174852815
4214.0 0.6750630580800685
4216.0 0.6651556593217541
4218.0 0.6592110653550195
4220.0 0.6428915457605101
4222.0 0.6344382742298634
4224.0 0.6272301497096396
4226.0 0.6140205524158948
4228.0 0.5977350458187677
4230.0 0.5861045700110509
4232.0 0.5793697242646312
4234.0 0.5715549334527117
4236.0 0.56400353056785
4238.0 0.5600735045152943
4240.0 0.5546743514331386
4242.0 0.5487282325938482
4244.0 0.5439843596684099
4246.0 0.5377039144071388
4248.0 0.535716185061152
4250.0 0.5356092874250797
4252.0 0.5280582009977558
4254.0 0.5251929277341784
4256.0 0.5247120544840697
4258.0 0.521720589929993
4260.0 0.527209602772899
4262.0 0.530310857157459
4264.0 0.5320010153902317
4266.0 0.5326514351235689
4268.0 0.5372365122574857
4270.0 0.5410325469336
4272.0 0.541707385597261
4274.0 0.5432473712655703
4276.0 0.5474497018849803
4278.0 0.5521185290453745
4280.0 0.5579299351703431
4282.0 0.5622242536969833
4284.0 0.5620618415361655
4286.0 0.5623145207589623
4288.0 0.5685324497696503
4290.0 0.5774267888423951
4292.0 0.5853012192329882
4294.0 0.5897532535424844
4296.0 0.5915305985234395
4298.0 0.5983078296986707
4300.0 0.6088182516350609
4302.0 0.6147324069172747
4304.0 0.6230152720305545
4306.0 0.632014611228286
4308.0 0.6417382179306379
4310.0 0.6487143777490519
4312.0 0.6497852036333284
4314.0 0.6535187464781663
4316.0 0.6623235982004035
4318.0 0.6661121083790184
4320.0 0.6799456696278837
4322.0 0.6872751786301331
4324.0 0.7044442511475006
4326.0 0.7188749451317478
4328.0 0.7256271646177828
4330.0 0.7356033291155316
4332.0 0.7479402387095101
4334.0 0.7587634743410452
4336.0 0.7661343979472202
4338.0 0.7693866355358586
4340.0 0.7777050979969881
4342.0 0.7803519706840026
4344.0 0.779445180894406
4346.0 0.780768199781371
4348.0 0.780870435256212
4350.0 0.7806635706619907
4352.0 0.784052137866626
4354.0 0.7883502003730235
4356.0 0.7867610046269682
4358.0 0.7811302048423935
4360.0 0.7812316845191674
4362.0 0.7791588786086764
4364.0 0.7785099313957048
4366.0 0.7839090948318096
4368.0 0.7863514394861248
4370.0 0.7846623215215326
4372.0 0.7876273786197205
4374.0 0.7862261792129212
4376.0 0.790704031550181
4378.0 0.8007391464429605
4380.0 0.8035827071062275
4382.0 0.8056961472236713
4384.0 0.8118432322717791
4386.0 0.8247877106013959
4388.0 0.8320182890914789
4390.0 0.8393350475503989
4392.0 0.842448980893369
4394.0 0.8495658340841112
4396.0 0.855027411644702
4398.0 0.85815063401836
4400.0 0.8657167485746123
4402.0 0.8706081265674732
4404.0 0.8761350688059644
4406.0 0.8876368826457862
4408.0 0.8984108358805719
4410.0 0.9037802221166717
4412.0 0.9045248809641847
4414.0 0.9007304619592552
4416.0 0.9065310489855273
4418.0 0.9146077563559061
4420.0 0.9207876159897529
4422.0 0.9286951182143246
4424.0 0.9351149470139494
4426.0 0.9418125512672328
4428.0 0.9482317742774659
4430.0 0.9485308828058275
4432.0 0.9483085254182675
4434.0 0.9498336184598212
4436.0 0.9494025219599436
4438.0 0.9568111601638866
4440.0 0.966263778600816
4442.0 0.9700522143522472
4444.0 0.9713057936747256
4446.0 0.9758075893001682
4448.0 0.9722981943687093
4450.0 0.9671383764768714
4452.0 0.9634006222574462
4454.0 0.9634356703696367
4456.0 0.9628189930178342
4458.0 0.9630073749430097
4460.0 0.9644681669192678
4462.0 0.9655777615460697
4464.0 0.9621182583770984
4466.0 0.9631747215576856
4468.0 0.9607238777884642
4470.0 0.953281042471951
4472.0 0.9491764089403812
4474.0 0.943705696739504
4476.0 0.9437159308395094
4478.0 0.9395521808168786
4480.0 0.9385855467854106
4482.0 0.9357403851876013
4484.0 0.9309254764277739
4486.0 0.9288619054634313
4488.0 0.930251445642972
4490.0 0.9253813771246466
4492.0 0.9175854845991029
4494.0 0.910637854607005
4496.0 0.9083459480964751
4498.0 0.904936251060048
4500.0 0.8984959430110555
4502.0 0.893870013415282
4504.0 0.8907144125951663
4506.0 0.8849138263206346
4508.0 0.8814700081839967
4510.0 0.8817626744989776
4512.0 0.8739346645642128
4514.0 0.8697584302200108
4516.0 0.8657033145437064
4518.0 0.8558619105622566
4520.0 0.8524953505472836
4522.0 0.8561692963998652
4524.0 0.8600114482905622
4526.0 0.8576136975226357
4528.0 0.8574573911195021
4530.0 0.8590665676896977
4532.0 0.8624196925358464
4534.0 0.8638180569520163
4536.0 0.8691118199078134
4538.0 0.8720358505498169
4540.0 0.877098666895951
4542.0 0.8873859509045091
4544.0 0.8986287892848307
4546.0 0.9029607192352163
4548.0 0.9051490010907608
4550.0 0.9106172970201801
4552.0 0.9158964905813826
4554.0 0.9189584004867565
4556.0 0.9224170655827234
4558.0 0.923232386510728
4560.0 0.9281571619221554
4562.0 0.936432835815225
4564.0 0.940591298555875
4566.0 0.9475333392911042
4568.0 0.9463804901201465
4570.0 0.9510693238786951
4572.0 0.9558360894488809
4574.0 0.9557556841510136
4576.0 0.9625524874387237
4578.0 0.9686872023177375
4580.0 0.9674286539800044
4582.0 0.9670126200077467
4584.0 0.9654138097827176
4586.0 0.9619484787164038
4588.0 0.9620832035332071
4590.0 0.9615823006499433
4592.0 0.9564451879888497
4594.0 0.950206120440376
4596.0 0.9508655617043889
4598.0 0.9488471362390767
4600.0 0.9477843391234143
4602.0 0.9412145385242613
4604.0 0.933138067247817
4606.0 0.9279826984153183
4608.0 0.9232862525231275
4610.0 0.9194800774978032
4612.0 0.9174385419739658
4614.0 0.9131175303718636
4616.0 0.905391003511446
4618.0 0.9013174233992597
4620.0 0.8992312891573874
4622.0 0.8976702174713871
4624.0 0.8972128559326027
4626.0 0.8947154961965006
4628.0 0.8922162383196128
4630.0 0.8909229038781046
4632.0 0.8876610887974532
4634.0 0.8860719949542575
4636.0 0.8605264261354557
4638.0 0.8581896888713072
4640.0 0.8518434435255295
4642.0 0.8554949380429699
4644.0 0.8685761471076185
4646.0 0.8660745090586761
4648.0 0.8578393468603045
4650.0 0.8559753487117671
4652.0 0.8500734359028246
4654.0 0.8424106269367155
4656.0 0.842379537230788
4658.0 0.8440503896268886
4660.0 0.8396372323231805
4662.0 0.8388868535179445
4664.0 0.8388060242252868
4666.0 0.8330849273173958
4668.0 0.8289354895330944
4670.0 0.8223061253072887
4672.0 0.8193474602685207
4674.0 0.8141616442924511
4676.0 0.8069780064828941
4678.0 0.8007268825655901
4680.0 0.7967623175516038
4682.0 0.7950855152187616
4684.0 0.7919045665474739
4686.0 0.7868939994706073
4688.0 0.7806142942812956
4690.0 0.7778789971272316
4692.0 0.7735858208495565
4694.0 0.7658619108144956
4696.0 0.7576045095966404
4698.0 0.7537342778026564
4700.0 0.7530791456933449
4702.0 0.7482062624699914
4704.0 0.7421907584013876
4706.0 0.7341062275108089
4708.0 0.7310994215509352
4710.0 0.7270050288548882
4712.0 0.7230709905278893
4714.0 0.7213801257239989
4716.0 0.7224726944266477
4718.0 0.7213916583594171
4720.0 0.718052053610517
4722.0 0.7147514192783856
4724.0 0.7120776774170161
4726.0 0.7121144519750983
4728.0 0.7142518759355019
4730.0 0.7171707227247308
4732.0 0.718992474917535
4734.0 0.7209665966729883
4736.0 0.7183854658238403
4738.0 0.7187042568805653
4740.0 0.7210860841229085
4742.0 0.7215733675124639
4744.0 0.7255851276262427
4746.0 0.7269935047666854
4748.0 0.728358262125281
4750.0 0.7293210812035804
4752.0 0.7300836383382789
4754.0 0.7334320163019987
4756.0 0.7318647076639986
4758.0 0.7343339337705796
4760.0 0.7344843855763088
4762.0 0.7311721778563852
4764.0 0.7354176646278101
4766.0 0.7385583653492536
4768.0 0.7409688292263727
4770.0 0.744110913488062
4772.0 0.7423819685541116
4774.0 0.7413836250852579
4776.0 0.7371013939366742
4778.0 0.7331735900697646
4780.0 0.7323416135239853
4782.0 0.726788676891869
4784.0 0.7213082722714317
4786.0 0.719027503925678
4788.0 0.7200383403298429
4790.0 0.7152317089590589
4792.0 0.7028767330254749
4794.0 0.6952577664749136
4796.0 0.6916228609503372
4798.0 0.6829450336536802
4800.0 0.6755218323105222
4802.0 0.671143794234337
4804.0 0.6618182834228804
4806.0 0.6522069851176161
4808.0 0.6430207319864564
4810.0 0.6322688328024451
4812.0 0.6229392093668289
4814.0 0.6148901780540846
4816.0 0.6108033408241648
4818.0 0.6046613763411793
4820.0 0.5992959219744093
4822.0 0.5965916574127693
4824.0 0.5923124843315519
4826.0 0.5888799234391368
4828.0 0.5850787213062438
4830.0 0.5802420762997746
4832.0 0.5778359745137105
4834.0 0.5755764383388758
4836.0 0.5708757501499665
4838.0 0.5645773596835414
4840.0 0.5639962925682018
4842.0 0.5626779308333557
4844.0 0.5598330595426034
4846.0 0.5552914153557538
4848.0 0.5523899527656895
4850.0 0.5505746544863781
4852.0 0.552683737719285
4854.0 0.5522084430039025
4856.0 0.549818726548832
4858.0 0.5477317679580902
4860.0 0.5478873939059044
4862.0 0.5493489199690403
4864.0 0.5520010967492142
4866.0 0.5529023663167382
4868.0 0.5530075383394354
4870.0 0.5568229916520406
4872.0 0.5616198563453169
4874.0 0.5595519837490519
4876.0 0.5570343063009012
4878.0 0.5586970301003145
4880.0 0.5624018983554759
4882.0 0.5638520642852994
4884.0 0.5639107894790265
4886.0 0.5671424353106141
4888.0 0.5684586414966579
4890.0 0.5675004526315399
4892.0 0.5662472275947914
4894.0 0.5678773613726215
4896.0 0.5711098463055898
4898.0 0.5740924603318337
4900.0 0.5737532200866431
4902.0 0.5755231921202505
4904.0 0.5759733622355683
4906.0 0.578485647690111
4908.0 0.5813917530770891
4910.0 0.5799346918493161
4912.0 0.5775820477836765
4914.0 0.5796145326274269
4916.0 0.5832025052073722
4918.0 0.587707443565914
4920.0 0.5875469030866894
4922.0 0.5842061156248352
4924.0 0.5824894405266207
4926.0 0.5823032711630507
4928.0 0.5835590735734394
4930.0 0.5833111172560852
4932.0 0.5876701431517163
4934.0 0.5884925340619194
4936.0 0.5855868645836585
4938.0 0.5815259989065754
4940.0 0.5773287788806407
4942.0 0.5747962090927068
4944.0 0.5720799912521345
4946.0 0.5734584988978567
4948.0 0.5721730254331201
4950.0 0.5714635772978606
4952.0 0.566588887008076
4954.0 0.5673247584345398
4956.0 0.567227160232458
4958.0 0.5709262207880758
4960.0 0.5740751679993146
4962.0 0.5738032831222476
4964.0 0.572266869529463
4966.0 0.5724672057545783
4968.0 0.5736096515155286
4970.0 0.5771840502496697
4972.0 0.5782876470936255
4974.0 0.5776478362900264
4976.0 0.5794190150953019
4978.0 0.5816470052886014
4980.0 0.5848617491034871
4982.0 0.5877357835253928
4984.0 0.5893608705146408
4986.0 0.5873871047367821
4988.0 0.5870249248996185
4990.0 0.5894894390840029
4992.0 0.5933468894195557
4994.0 0.5949073828375925
4996.0 0.5974669794383513
4998.0 0.6007287233868865
5000.0 0.601830820040029
5002.0 0.6075367227357483
5004.0 0.6154676733309126
5006.0 0.6187079263861195
5008.0 0.6196477431464988
5010.0 0.6223236348854405
5012.0 0.6273188216577174
5014.0 0.6322169152348409
5016.0 0.6305868289854224
5018.0 0.6328348256821494
5020.0 0.6383756515919788
5022.0 0.6423154765869645
5024.0 0.6452590400487704
5026.0 0.6484585837542107
5028.0 0.6521695125378604
5030.0 0.6565177495262069
5032.0 0.6599329313784892
5034.0 0.6645921800684853
5036.0 0.6700277514915898
5038.0 0.6775928230531001
5040.0 0.6837609933363152
5042.0 0.6883807553135266
5044.0 0.6925556322362466
5046.0 0.6986196919442957
5048.0 0.7047283237461426
5050.0 0.7056499076907606
5052.0 0.7069761803037313
5054.0 0.7141991654647855
5056.0 0.7195728703686717
5058.0 0.7234374079435094
5060.0 0.7280346002708606
5062.0 0.7317968782155773
5064.0 0.736750076571407
5066.0 0.7363893097106196
5068.0 0.7360944340421349
5070.0 0.7394610008018025
5072.0 0.7416877006251383
5074.0 0.7446304352068368
5076.0 0.7468270466048214
5078.0 0.748113612271427
5080.0 0.7465658985768909
5082.0 0.7471204147368982
5084.0 0.7513184711176921
5086.0 0.752585967455533
5088.0 0.7480511110247701
5090.0 0.7470568118279086
5092.0 0.7481528819142561
5094.0 0.7511994556541367
5096.0 0.749608845430394
5098.0 0.7556438891110839
5100.0 0.7518957061835576
5102.0 0.7480447845507912
5104.0 0.747066429232986
5106.0 0.7470901163663615
5108.0 0.7509278406952166
5110.0 0.7548673066392629
5112.0 0.760913136641398
5114.0 0.7600296524664402
5116.0 0.7645447089228659
5118.0 0.7621160635717282
5120.0 0.7600115824791202
5122.0 0.7701256220132854
5124.0 0.7754239795827144
5126.0 0.7808941152350771
5128.0 0.7857623652630203
5130.0 0.7688514321354963
5132.0 0.7676907900596608
5134.0 0.767182538724312
5136.0 0.7715496559389065
5138.0 0.773913005216007
5140.0 0.7753028750673028
5142.0 0.7785282121286887
5144.0 0.7817403961412488
5146.0 0.7805145187444719
5148.0 0.7800966953651056
5150.0 0.7821642813009503
5152.0 0.78561028879195
5154.0 0.7885675270028679
5156.0 0.7908277454468144
5158.0 0.7920030789601904
5160.0 0.7918283793221153
5162.0 0.7910455260776574
5164.0 0.7938229137738626
5166.0 0.7949710995676481
5168.0 0.7962645052640337
5170.0 0.7947271001665572
5172.0 0.7898452288532234
5174.0 0.7882204455212759
5176.0 0.7843371104723014
5178.0 0.783262220599257
5180.0 0.7822394461331376
5182.0 0.7800763001791247
5184.0 0.7765190911464082
5186.0 0.7722726278097934
5188.0 0.7695822686436061
5190.0 0.7645442747797061
5192.0 0.757960350909988
5194.0 0.753115767704418
5196.0 0.746175534566243
5198.0 0.739086673853339
5200.0 0.7362655968078808
5202.0 0.7318449623702676
5204.0 0.7266379583402555
5206.0 0.7187144161620929
5208.0 0.712804538055878
5210.0 0.7073937423381379
5212.0 0.7009055631145489
5214.0 0.6943633491545227
5216.0 0.6892304649417563
5218.0 0.6876139894859878
5220.0 0.6881968288665495
5222.0 0.6866588472463788
5224.0 0.6808631636460123
5226.0 0.6737491031137288
5228.0 0.6671457932759055
5230.0 0.6612363953370769
5232.0 0.660826176401101
5234.0 0.6567031035514685
5236.0 0.654149717474025
5238.0 0.6563358105899956
5240.0 0.6510655422026632
5242.0 0.6523088236369288
5244.0 0.6560315541148156
5246.0 0.654654704883092
5248.0 0.6549263173191276
5250.0 0.6508323482467927
5252.0 0.6496635554690205
5254.0 0.6541359284691914
5256.0 0.6553003503424982
5258.0 0.6567407690099546
5260.0 0.657163440110073
5262.0 0.65737701195794
5264.0 0.6575863683751765
5266.0 0.6600013985153954
5268.0 0.6599879297776459
5270.0 0.6595574638977614
5272.0 0.6601728392899249
5274.0 0.6594163356990246
5276.0 0.6579952312147633
5278.0 0.6580650008042265
5280.0 0.6593436997514377
5282.0 0.6590196615331918
5284.0 0.6587553172058785
5286.0 0.659338796864745
5288.0 0.6588419624713825
5290.0 0.6580159031021096
5292.0 0.6571334324984243
5294.0 0.6562295293934777
5296.0 0.6555384453032053
5298.0 0.6562317813741193
5300.0 0.6592321446966277
5302.0 0.6599931815462166
5304.0 0.6571938642797893
5306.0 0.6577432066962419
5308.0 0.6586121013815407
5310.0 0.6546620611107432
5312.0 0.6547786490521371
5314.0 0.6571998766305678
5316.0 0.6557996485745733
5318.0 0.6549723185519151
5320.0 0.6568867199646088
5322.0 0.6555206514158883
5324.0 0.6575789012329196
5326.0 0.6592194456836897
5328.0 0.6556953262297657
5330.0 0.6581610937608925
5332.0 0.6575417275144161
5334.0 0.6570099950302721
5336.0 0.6579507142836695
5338.0 0.6551903462440153
5340.0 0.6530196259458789
5342.0 0.6529924384793492
5344.0 0.6517991737832389
5346.0 0.6505836215927355
5348.0 0.6496553013223854
5350.0 0.6478781111671884
5352.0 0.6456373758389828
5354.0 0.6440432533943661
5356.0 0.6465872187861678
5358.0 0.6449599862197877
5360.0 0.6432003076910182
5362.0 0.6400381940563586
5364.0 0.6390355259112149
5366.0 0.6403833419674582
5368.0 0.6391986681768047
5370.0 0.6351948824059429
5372.0 0.6316103424030625
5374.0 0.631300921129701
5376.0 0.627963346011551
5378.0 0.6236399061966653
5380.0 0.6232863943465278
5382.0 0.6196159740536331
5384.0 0.6166032211197129
5386.0 0.6127365198461148
5388.0 0.6083816806295714
5390.0 0.6035493883444095
5392.0 0.5993396117385155
5394.0 0.599438750490483
5396.0 0.5994687476748505
5398.0 0.5940647485155456
5400.0 0.5901180135011161
5402.0 0.5864901759220988
5404.0 0.5831642142384088
5406.0 0.5807791595023772
5408.0 0.5806700297138411
5410.0 0.5789729301636204
5412.0 0.5780357846393505
5414.0 0.5737889868079871
5416.0 0.5720297691389027
5418.0 0.5713295118737731
5420.0 0.5737269848753351
5422.0 0.5740162875066628
5424.0 0.5744547966414794
5426.0 0.5749681826552914
5428.0 0.5761057457410493
5430.0 0.5768306438590066
5432.0 0.5793581178215967
5434.0 0.5796337555344946
5436.0 0.5801628442634806
5438.0 0.5832344299463297
5440.0 0.5850025450773929
5442.0 0.5866815962675997
5444.0 0.5907497664706265
5446.0 0.5944772527131499
5448.0 0.597419314238118
5450.0 0.5967842498361149
5452.0 0.5984496628769937
5454.0 0.6033255960827827
5456.0 0.6084838381202193
5458.0 0.6088766254140231
5460.0 0.6097177913132146
5462.0 0.6116253141136699
5464.0 0.6142070554615948
5466.0 0.6157099488856066
5468.0 0.6129795812999559
5470.0 0.6122365780556277
5472.0 0.6133625102758884
5474.0 0.6156628510295576
5476.0 0.6152594438289414
5478.0 0.6136695038432408
5480.0 0.6137877306356958
5482.0 0.6123140936171166
5484.0 0.6130612875902801
5486.0 0.6119992096664127
5488.0 0.6117234557742075
5490.0 0.6110091110594139
5492.0 0.6098732309647205
5494.0 0.6097361188665118
5496.0 0.6086476842986572
5498.0 0.6059981263809094
5500.0 0.6049523432173538
5502.0 0.6031266585301606
5504.0 0.5996688289384988
5506.0 0.5985802700409469
5508.0 0.5974445905647361
5510.0 0.600732185132801
5512.0 0.6039293387974692
5514.0 0.6062914034258079
5516.0 0.6073386520062015
5518.0 0.6078315661237874
5520.0 0.6061235987756115
5522.0 0.6033799854724712
5524.0 0.6070617971349446
5526.0 0.6128572024242103
5528.0 0.6125431732748879
5530.0 0.6183168564622405
5532.0 0.6198793229437554
5534.0 0.6179507539651249
5536.0 0.6156135180448262
5538.0 0.6106427695161528
5540.0 0.6085338802068382
5542.0 0.6048801669915738
5544.0 0.6060946708169793
5546.0 0.6129170575796339
5548.0 0.6148631913049019
5550.0 0.6113242098373922
5552.0 0.6103735409491363
5554.0 0.6099262988662555
5556.0 0.6085696392411519
5558.0 0.6060293162377492
5560.0 0.6050968646687027
5562.0 0.6035793692292314
5564.0 0.6041008337780014
5566.0 0.6049769468922074
5568.0 0.6044049755057976
5570.0 0.6033993487993117
5572.0 0.6009882133227324
5574.0 0.5997078817349714
5576.0 0.5987993002322827
5578.0 0.5983524581280744
5580.0 0.5962062830970261
5582.0 0.5926766432247663
5584.0 0.5910189619543118
5586.0 0.5877450525437099
5588.0 0.5861640530259804
5590.0 0.5805820838675319
5592.0 0.57676317604724
5594.0 0.5754247519356125
5596.0 0.5762533189119525
5598.0 0.5728912102946683
5600.0 0.5699109310818314
5602.0 0.5706346373284505
5604.0 0.5707872398757907
5606.0 0.5707625167543892
5608.0 0.5707567260380597
5610.0 0.570230574633112
5612.0 0.5692435777746088
5614.0 0.5672207818739786
5616.0 0.5637428806912231
5618.0 0.5629863336556381
5620.0 0.562753667205385
5622.0 0.5620910093714531
5624.0 0.5613502233537682
5626.0 0.5613431784070501
5628.0 0.562008157795454
5630.0 0.5607531636923627
5632.0 0.557768140617346
5634.0 0.556197442985834
5636.0 0.5517233763126405
5638.0 0.5498442877222809
5640.0 0.5479411534702245
5642.0 0.5462698161501072
5644.0 0.5448176903924193
5646.0 0.5436742459004331
5648.0 0.5412697300818546
5650.0 0.537726982456985
5652.0 0.5383489569451386
5654.0 0.5365869521533958
5656.0 0.5344352126167948
5658.0 0.5353563343699121
5660.0 0.5361799491134173
5662.0 0.5359273497058574
5664.0 0.5347528483585245
5666.0 0.5319420619155701
5668.0 0.529622735882064
5670.0 0.529695439395172
5672.0 0.5285627412147942
5674.0 0.5259324449557382
5676.0 0.5246842410730206
5678.0 0.5238349990981851
5680.0 0.5243318006989467
5682.0 0.5212246241831071
5684.0 0.5193334634695675
5686.0 0.5197195964373137
5688.0 0.5211722810628538
5690.0 0.5169047833055462
5692.0 0.5160064649644902
5694.0 0.5149069556448226
5696.0 0.5136517354250817
5698.0 0.5136266741582489
5700.0 0.512159867485254
5702.0 0.5125260800516211
5704.0 0.5143364653058617
5706.0 0.5148747344165981
5708.0 0.5158765719667855
5710.0 0.5153012915221395
5712.0 0.5152490215805351
5714.0 0.5145181113204411
5716.0 0.5135121921685093
5718.0 0.5147947294985341
5720.0 0.5141907394255741
5722.0 0.5156461974430194
5724.0 0.5172176942144527
5726.0 0.5168823752035198
5728.0 0.5162736094716439
5730.0 0.5170809021168996
5732.0 0.5180715232018287
5734.0 0.5197446629975837
5736.0 0.5212729976502225
5738.0 0.5225517591306033
5740.0 0.5231645365659915
5742.0 0.5238167282168054
5744.0 0.5290526204636673
5746.0 0.5307875498736072
5748.0 0.5331742514343423
5750.0 0.5351044603302013
5752.0 0.5373031102980471
5754.0 0.5373592237433006
5756.0 0.5399080245878225
5758.0 0.5391915262074528
5760.0 0.5447850931595138
5762.0 0.5482571912795737
5764.0 0.5495117760907996
5766.0 0.5478104311115756
5768.0 0.5502150818824821
5770.0 0.5528510489279717
5772.0 0.5544666523294278
5774.0 0.5541345620709512
5776.0 0.5510069258240007
5778.0 0.5528580969339156
5780.0 0.5569298847915058
5782.0 0.5578988743244994
5784.0 0.5585952652856263
5786.0 0.5593784557205579
5788.0 0.5627006116723284
5790.0 0.5653451839624799
5792.0 0.5677425697853425
5794.0 0.5678812630765999
5796.0 0.568068601434695
5798.0 0.5660374802589431
5800.0 0.5666597331339412
5802.0 0.5674016921385702
5804.0 0.5676101052820741
5806.0 0.5712973665057665
5808.0 0.5727623432462288
5810.0 0.5704266082865658
5812.0 0.5679812701340404
5814.0 0.5676658057480624
5816.0 0.5675785278125387
5818.0 0.5694014771402939
5820.0 0.5700900558702983
5822.0 0.5729228923087907
5824.0 0.572530266009989
5826.0 0.573835128449163
5828.0 0.572728613697928
5830.0 0.5679347895363341
5832.0 0.5623272351789584
5834.0 0.5571585324103214
5836.0 0.5556166686788212
5838.0 0.5533016828185933
5840.0 0.545511085150332
5842.0 0.5367109190167495
5844.0 0.5338181027303361
5846.0 0.5382834901884435
5848.0 0.543101634591142
5850.0 0.5457699511303881
5852.0 0.5523054940776394
5854.0 0.5559064272821442
5856.0 0.561368564272747
5858.0 0.5656602258650854
5860.0 0.5671063737080422
5862.0 0.5652087222878261
5864.0 0.5620884428782604
5866.0 0.5615674970204445
5868.0 0.5604305665821706
5870.0 0.5573973403860918
5872.0 0.5559142601251311
5874.0 0.5543091943818531
5876.0 0.5523428811785032
5878.0 0.5539478927973074
5880.0 0.5539365497797719
5882.0 0.5526674850974734
5884.0 0.5516223173743197
5886.0 0.5524669400191671
5888.0 0.5537652498495078
5890.0 0.5522816956117491
5892.0 0.5481261201758567
5894.0 0.54417511862399
5896.0 0.5436899914745087
5898.0 0.5420866922694715
5900.0 0.5420819603022794
5902.0 0.5447644660628186
5904.0 0.5422452524707603
5906.0 0.5435303132625076
5908.0 0.5427544657788119
5910.0 0.5439905520960419
5912.0 0.5428957442919803
5914.0 0.5422672145348868
5916.0 0.5407001465073604
5918.0 0.5379578920412741
5920.0 0.5343724301040111
5922.0 0.535481124110955
5924.0 0.5373995243527978
5926.0 0.5362038332361042
5928.0 0.5357466846016525
5930.0 0.5351700100903787
5932.0 0.5313543845186742
5934.0 0.5305912883397892
5936.0 0.5301357005801199
5938.0 0.5307876416645936
5940.0 0.5299335594333424
5942.0 0.5277776865020818
5944.0 0.5271938304438313
5946.0 0.5258760445619959
5948.0 0.5221927886196615
5950.0 0.5217472832059443
5952.0 0.521372259276677
5954.0 0.5172056492632939
5956.0 0.5176428101602633
5958.0 0.5193853586171604
5960.0 0.5184223785616179
5962.0 0.5138159677423562
5964.0 0.5110476381886289
5966.0 0.5105370516156572
5968.0 0.508953704730742
5970.0 0.509714015700783
5972.0 0.5075000207777223
5974.0 0.5071155134292156
5976.0 0.5039000518474618
5978.0 0.5038331815231584
5980.0 0.5018794455972433
5982.0 0.5015094378448047
5984.0 0.49892503683680944
5986.0 0.4922649673929009
5988.0 0.49087215836270864
5990.0 0.4881044458202949
5992.0 0.48573377178145916
5994.0 0.484006441572755
5996.0 0.481906676940872
5998.0 0.4805904316369878
6000.0 0.48009307492738557
6002.0 0.4774439144949718
6004.0 0.4722211975404434
6006.0 0.47177834670378377
6008.0 0.4704012868818336
6010.0 0.4664301643497723
6012.0 0.4609803587769162
6014.0 0.45675199464312743
6016.0 0.4560033981112325
6018.0 0.45427345970209615
6020.0 0.44906066793363425
6022.0 0.4469465782622926
6024.0 0.44265791582460445
6026.0 0.44084504686535947
6028.0 0.43944471666641943
6030.0 0.4370119347229026
6032.0 0.43463615566292496
6034.0 0.43294198791088123
6036.0 0.43039815739817017
6038.0 0.42737984870323004
6040.0 0.4232260632836264
6042.0 0.42155904905895986
6044.0 0.4141471278277087
6046.0 0.41226275859544176
6048.0 0.4097337848923602
6050.0 0.4022898731842053
6052.0 0.39551207030648133
6054.0 0.387775529591992
6056.0 0.38212837681800943
6058.0 0.3758248564357386
6060.0 0.36763912908991153
6062.0 0.36142053169975075
6064.0 0.35555481816956935
6066.0 0.3486496588101234
6068.0 0.34163940257066583
6070.0 0.33708355021090686
6072.0 0.331422508756064
6074.0 0.32484653024457344
6076.0 0.3190638769793301
6078.0 0.31564100857504557
6080.0 0.31183126968087177
6082.0 0.30671396336851214
6084.0 0.3029050074510157
6086.0 0.3011877656978732
6088.0 0.2990384990919343
6090.0 0.29454404166901094
6092.0 0.29015442171640793
6094.0 0.28752576930484164
6096.0 0.2864962154870872
6098.0 0.2859961262310443
6100.0 0.283490297702966
6102.0 0.2834332233631251
6104.0 0.28240207902654224
6106.0 0.28158227186782747
6108.0 0.28084614932754215
6110.0 0.2786107313617918
6112.0 0.280243292258937
6114.0 0.28345016035165754
6116.0 0.28514583640036956
6118.0 0.28707304506008396
6120.0 0.29022191380347057
6122.0 0.2922001414073931
6124.0 0.2946578401713268
6126.0 0.2959112066754025
6128.0 0.29903670279649136
6130.0 0.3030750749284216
6132.0 0.3084145186128911
6134.0 0.3123137927037539
6136.0 0.31527832130372163
6138.0 0.3185123098462785
6140.0 0.32063844785444495
6142.0 0.3224412910382039
6144.0 0.32612923843330577
6146.0 0.3301982912322952
6148.0 0.33419649328428597
6150.0 0.3369325415373504
6152.0 0.3382849839575885
6154.0 0.3406608707237853
6156.0 0.342764078951172
6158.0 0.34362080987343696
6160.0 0.34657512162193477
6162.0 0.34911506304883094
6164.0 0.3517831573560724
6166.0 0.3536884897841955
6168.0 0.35525406726768927
6170.0 0.35669385711098095
6172.0 0.35922012081351823
6174.0 0.35825820420172244
6176.0 0.35983587261627675
6178.0 0.3642358826464938
6180.0 0.3659950345952891
6182.0 0.3664527449639911
6184.0 0.3685297292748187
6186.0 0.3695743894438751
6188.0 0.3698502376335486
6190.0 0.37198619723812903
6192.0 0.37380598901603995
6194.0 0.3741663761780645
6196.0 0.37159458833492215
6198.0 0.37311636936086773
6200.0 0.37734798030533184
6202.0 0.378197967018537
6204.0 0.3792711312574396
6206.0 0.3823396957238639
6208.0 0.38176981288119644
6210.0 0.3790748095211652
6212.0 0.3786898897957503
6214.0 0.3790611120289948
6216.0 0.37955682071130475
6218.0 0.37579180055013445
6220.0 0.37408163663339744
6222.0 0.37432044265313125
6224.0 0.3743646786033024
6226.0 0.37628468648624186
6228.0 0.37825518639656003
6230.0 0.37796337024129706
6232.0 0.37889490697987854
6234.0 0.3796698058821244
6236.0 0.38289832281522784
6238.0 0.3818292915294593
6240.0 0.38090304577571593
6242.0 0.3854397608197021
6244.0 0.38402700026558595
6246.0 0.3825790229903915
6248.0 0.38253642688141415
6250.0 0.3819830565295065
6252.0 0.38206247355498213
6254.0 0.38305681680446224
6256.0 0.3834871625241354
6258.0 0.3835677716270499
6260.0 0.3824884331201714
6262.0 0.38333159213555135
6264.0 0.3830553359986345
6266.0 0.3836370799929371
6268.0 0.3840383890021266
6270.0 0.3837984505292828
6272.0 0.3824146644112899
6274.0 0.38079200949706743
6276.0 0.3812059728353361
6278.0 0.3830049819747674
6280.0 0.38683908020099084
6282.0 0.38501418063510934
6284.0 0.38129298752163426
6286.0 0.3782257117589896
6288.0 0.37627038730940326
6290.0 0.37482665163321377
6292.0 0.3764366594762139
6294.0 0.3783414933218233
6296.0 0.3763943088991456
6298.0 0.3767650571735451
6300.0 0.37855485420048673
6302.0 0.3747794523377266
6304.0 0.3718470532272342
6306.0 0.37028689993701414
6308.0 0.37102447715011366
6310.0 0.37018774035851604
6312.0 0.36650836379551816
6314.0 0.36549039538101524
6316.0 0.36599973771871946
6318.0 0.36553140002533013
6320.0 0.3665872316182784
6322.0 0.3663850320651463
6324.0 0.3655550121467897
6326.0 0.3648943196849692
6328.0 0.36415341602208867
6330.0 0.36422431487137846
6332.0 0.3631336402731768
6334.0 0.36221418154871976
6336.0 0.3632497112315692
6338.0 0.3636746558953179
6340.0 0.3619825532388557
6342.0 0.36266181912167905
6344.0 0.36270871328163357
6346.0 0.36319209675498776
6348.0 0.3641113757494336
6350.0 0.3635291282612975
6352.0 0.36380704292836474
6354.0 0.3641917521388829
6356.0 0.36183719660831354
6358.0 0.36040799582387845
6360.0 0.3596884760891914
6362.0 0.359888728088827
6364.0 0.3613699465877386
6366.0 0.361552508995127
6368.0 0.36142621865944946
6370.0 0.3624561959354205
6372.0 0.3609385296275638
6374.0 0.3602300973323737
6376.0 0.36034257704882117
6378.0 0.36091218751530624
6380.0 0.36351317295583574
6382.0 0.36229684161743936
6384.0 0.36216157718265124
6386.0 0.3610730347394874
6388.0 0.35951274870146305
6390.0 0.35954154594453025
6392.0 0.3609250539768971
6394.0 0.3601072299335993
6396.0 0.35833901006560714
6398.0 0.35803295014862224
6400.0 0.3586312699987698
6402.0 0.3583277715758715
6404.0 0.3568938384844089
6406.0 0.3570229306658178
6408.0 0.3562683360622444
6410.0 0.35599330441320753
6412.0 0.3549696763170154
6414.0 0.3546373937481762
6416.0 0.35294671325234184
6418.0 0.3525148181902997
6420.0 0.3501547213268469
6422.0 0.3465282843661498
6424.0 0.3459643161115948
6426.0 0.3476636986356573
6428.0 0.34802013989885827
6430.0 0.34859062757385334
6432.0 0.34914268814705746
6434.0 0.34813773612313864
6436.0 0.3509954556382529
6438.0 0.35299970290520566
6440.0 0.3523319663612447
6442.0 0.35217387260210653
6444.0 0.3518451154661923
6446.0 0.3510163415137128
6448.0 0.35227831208961835
6450.0 0.35217746912772135
6452.0 0.35269057456910496
6454.0 0.3527028851514319
6456.0 0.3512580871176347
6458.0 0.3501128364196225
6460.0 0.3486834818868276
6462.0 0.3482094199285676
6464.0 0.3463062817138681
6466.0 0.34534094194012566
6468.0 0.3449560417570343
6470.0 0.34750017803539524
6472.0 0.3467068952719148
6474.0 0.3471380328071219
6476.0 0.3490039353388743
6478.0 0.3468373174802159
6480.0 0.3451105019857266
6482.0 0.3450837129004623
6484.0 0.34473448958928005
6486.0 0.342411651927838
6488.0 0.3409351266614407
6490.0 0.3396617762500393
6492.0 0.3379772992536685
6494.0 0.33559522598213903
6496.0 0.336845885430461
6498.0 0.3366072525992892
6500.0 0.33434009279292914
6502.0 0.3327599682789539
6504.0 0.3334169982124245
6506.0 0.33372204224131213
6508.0 0.33403368803501504
6510.0 0.3353308485067542
6512.0 0.3358286339450812
6514.0 0.3343226001870037
6516.0 0.3340342971346044
6518.0 0.3346766917375572
6520.0 0.33310905641587696
6522.0 0.3301312377680166
6524.0 0.3282977039753178
6526.0 0.32906332370824376
6528.0 0.3295273114666598
6530.0 0.3268963510879874
6532.0 0.3255001543463968
6534.0 0.3260087886553417
6536.0 0.32515557319146665
6538.0 0.3249840729345578
6540.0 0.32397337690309364
6542.0 0.3220351644480969
6544.0 0.3228332220741075
6546.0 0.32265625268974446
6548.0 0.3178049794254915
6550.0 0.3173613805211768
6552.0 0.31840492315947516
6554.0 0.31589789677915786
6556.0 0.3146593878922898
6558.0 0.31475556886204153
6560.0 0.3134866691470483
6562.0 0.31233867682578126
6564.0 0.31264382575345157
6566.0 0.31176204697076465
6568.0 0.31165849293988984
6570.0 0.3118034730702397
6572.0 0.31000157049418275
6574.0 0.3097499189753901
6576.0 0.30843487392937036
6578.0 0.3063747507303344
6580.0 0.3029761195873828
6582.0 0.30102025335960436
6584.0 0.3005304530384904
6586.0 0.30041286977915566
6588.0 0.3005304485823454
6590.0 0.29916925571752234
6592.0 0.2978230729646764
6594.0 0.29717983702214257
6596.0 0.2964039113083449
6598.0 0.2945167152320451
6600.0 0.2938723095809725
6602.0 0.294143578956592
6604.0 0.2929676240797376
6606.0 0.2905612628756731
6608.0 0.2903687485345014
6610.0 0.2913702239435839
6612.0 0.2905315423998781
6614.0 0.28839184921710836
6616.0 0.28902388994507067
6618.0 0.2878310132522579
6620.0 0.2881565010033565
6622.0 0.28507320488755905
6624.0 0.28383511561200375
6626.0 0.28394745670904037
6628.0 0.2828163856381034
6630.0 0.279999481501521
6632.0 0.2780284169065132
6634.0 0.27825939513115544
6636.0 0.27741234460931197
6638.0 0.2757772561305176
6640.0 0.27458308079039123
6642.0 0.2727912390115438
6644.0 0.27067526840015355
6646.0 0.2692919529695974
6648.0 0.26649096239394415
6650.0 0.265730485932654
6652.0 0.26644054293826946
6654.0 0.26355654756027497
6656.0 0.261909012565147
6658.0 0.26111260814867077
6660.0 0.2605256556359511
6662.0 0.26000672769871286
6664.0 0.2611020777549288
6666.0 0.25982891302112415
6668.0 0.25714578006851635
6670.0 0.25577246262757525
6672.0 0.25428400982768296
6674.0 0.2533077613199608
6676.0 0.25380209597780484
6678.0 0.2533795014738554
6680.0 0.2513445630541526
6682.0 0.2501460610853975
6684.0 0.2490912745757191
6686.0 0.24582792953719254
6688.0 0.24425306687969822
6690.0 0.24391650380925414
6692.0 0.24384339158238255
6694.0 0.24446701168221438
6696.0 0.2432974853548734
6698.0 0.24206389963386304
6700.0 0.23906653218903698
6702.0 0.23693551352251435
6704.0 0.23631927923125773
6706.0 0.23517728585374162
6708.0 0.23585436764313855
6710.0 0.2364357699246633
6712.0 0.23525591210472083
6714.0 0.23433726283593628
6716.0 0.2337416376511172
6718.0 0.2344300692813476
6720.0 0.23321328920034357
6722.0 0.23232452273519594
6724.0 0.23112300511932188
6726.0 0.2299891182805809
6728.0 0.22867571907935297
6730.0 0.22802404886233063
6732.0 0.22800760128265374
6734.0 0.22959331039132377
6736.0 0.23015784228135225
6738.0 0.22846629963715434
6740.0 0.2265458733982491
6742.0 0.2250417461916232
6744.0 0.225805490831589
6746.0 0.22540462868522337
6748.0 0.22451938938988794
6750.0 0.2242111121603519
6752.0 0.22364839725190794
6754.0 0.22330458349294388
6756.0 0.22347227201013137
6758.0 0.2235348891219978
6760.0 0.22234875858959463
6762.0 0.22230117058676588
6764.0 0.2236485534587275
6766.0 0.22086977391588603
6768.0 0.21921885661822496
6770.0 0.21967841347123104
6772.0 0.21782354011244393
6774.0 0.21686655152509507
6776.0 0.2176184512572196
6778.0 0.21782549450051064
6780.0 0.2167001051452802
6782.0 0.21665521594180417
6784.0 0.21624940778563637
6786.0 0.21794195043112663
6788.0 0.2182233130103206
6790.0 0.21811651958735898
6792.0 0.21661630270689708
6794.0 0.2141583973572253
6796.0 0.21472406599748708
6798.0 0.21493232810073706
6800.0 0.2134083437765376
6802.0 0.21003254445402955
6804.0 0.20318732747790427
6806.0 0.19735042275618409
6808.0 0.19538117374460195
6810.0 0.19252621374231904
6812.0 0.19023626585884384
6814.0 0.19268685551069897
6816.0 0.19608138177129494
6818.0 0.19967916429880259
6820.0 0.20218839165977526
6822.0 0.20129427209501582
6824.0 0.19846175756363948
6826.0 0.19792177846119016
6828.0 0.19901914073821117
6830.0 0.20002573881242486
6832.0 0.19764021007996088
6834.0 0.19912303367191447
6836.0 0.1989478641135034
6838.0 0.19684949590819734
6840.0 0.19617575149887226
6842.0 0.19704064898195975
6844.0 0.19679074535975025
6846.0 0.20007877823799128
6848.0 0.2012366814169231
6850.0 0.20344338788959623
6852.0 0.20175249460672254
6854.0 0.20656793952707803
6856.0 0.20688749806658588
6858.0 0.20406267547285095
6860.0 0.20534837206001785
6862.0 0.20357396003413908
6864.0 0.20192950762080603
6866.0 0.20026850942371485
6868.0 0.1956933672983497
6870.0 0.1953570349506046
6872.0 0.1963766020367742
6874.0 0.19818736890813327
6876.0 0.19707763414026838
6878.0 0.19710757195975478
6880.0 0.1946697317129208
6882.0 0.19483750219395907
6884.0 0.19797217315490204
6886.0 0.19703435760239832
6888.0 0.19726610998502028
6890.0 0.19647692753503285
6892.0 0.19658176564114932
6894.0 0.1972728965162098
6896.0 0.19783502405679035
6898.0 0.19769182443981573
6900.0 0.19544294548450605
6902.0 0.19484176970877592
6904.0 0.1956612470998207
6906.0 0.19759686862887685
6908.0 0.1998895960127464
6910.0 0.20038612299461525
6912.0 0.19922979075980426
6914.0 0.19904510126228767
6916.0 0.19877101919435833
6918.0 0.19669983566860952
6920.0 0.19510730782414054
6922.0 0.19294820550831163
6924.0 0.19522922905814316
6926.0 0.19548901105001712
6928.0 0.19494776586120546
6930.0 0.19398322965433587
6932.0 0.1919135394187494
6934.0 0.19026490925031445
6936.0 0.18877172938635142
6938.0 0.19075771709351003
6940.0 0.1907866288021637
6942.0 0.18989073258968744
6944.0 0.18841145127266945
6946.0 0.18715578059082752
6948.0 0.18520489592627642
6950.0 0.18638584849759476
6952.0 0.1872148206529985
6954.0 0.18838619613696994
6956.0 0.1893014390705003
6958.0 0.18667821513316346
6960.0 0.1841542103549129
6962.0 0.18201433466429293
6964.0 0.18171240401148714
6966.0 0.1831525085286998
6968.0 0.18359774461488734
6970.0 0.18293755252650984
6972.0 0.18143859396175918
6974.0 0.18067486078730313
6976.0 0.18243468050725345
6978.0 0.1842063290808609
6980.0 0.18358112408797997
6982.0 0.18439551926580916
6984.0 0.18285906529131155
6986.0 0.18320135557270087
6988.0 0.18490698832992958
6990.0 0.1857830453585906
6992.0 0.18482005402060606
6994.0 0.1825961006900091
6996.0 0.18183963656953353
6998.0 0.17972791497961169
7000.0 0.1799526192116888
7002.0 0.18016281277360047
7004.0 0.17771373961067966
7006.0 0.1762717358073756
7008.0 0.1760356889499753
7010.0 0.17752402693965602
7012.0 0.17808320088420618
7014.0 0.1801359684412126
7016.0 0.18083531195517544
7018.0 0.1805659063223921
7020.0 0.18122793803359322
7022.0 0.17953394331043213
7024.0 0.17642024440968115
7026.0 0.17451306245734916
7028.0 0.1744253034428637
7030.0 0.1742262339108791
7032.0 0.17320390134012675
7034.0 0.173852149709471
7036.0 0.1742272997422004
7038.0 0.17545710564096234
7040.0 0.17517654250879672
7042.0 0.1743137067980814
7044.0 0.17539417396380905
7046.0 0.1745454847587798
7048.0 0.17309889300955686
7050.0 0.17189228933362805
7052.0 0.17256477734725634
7054.0 0.1742285166243331
7056.0 0.17541717404324333
7058.0 0.1737149122811785
7060.0 0.17194814122070645
7062.0 0.17090761295180484
7064.0 0.17073860097580323
7066.0 0.17058197708562306
7068.0 0.17073267992278335
7070.0 0.1728520813125091
7072.0 0.17318050711036861
7074.0 0.17180191429569236
7076.0 0.1730441773655469
7078.0 0.17366309120417378
7080.0 0.17506161335425238
7082.0 0.17582325518533862
7084.0 0.1745719426955315
7086.0 0.17449707777230086
7088.0 0.17453781647343994
7090.0 0.1740694984167394
7092.0 0.1731210763432864
7094.0 0.17201063376583098
7096.0 0.17106357490905907
7098.0 0.1710495909420039
7100.0 0.1705475340019312
7102.0 0.1713528203574638
7104.0 0.17032087314554498
7106.0 0.1667195912883806
7108.0 0.1638515256115052
7110.0 0.1637345990347988
7112.0 0.16402149814658373
7114.0 0.16274004317736954
7116.0 0.16215552681890658
7118.0 0.16142353355924471
7120.0 0.16020274121699093
7122.0 0.15644213680855382
7124.0 0.155695618436147
7126.0 0.15674124605843004
7128.0 0.15854850978202112
7130.0 0.15930476891478426
7132.0 0.1590863395618627
7134.0 0.1588686288823985
7136.0 0.15959775630907416
7138.0 0.16139461743374728
7140.0 0.16105816268342063
7142.0 0.16352814051188502
7144.0 0.16227197374179472
7146.0 0.162053124186486
7148.0 0.16377071838941995
7150.0 0.16620887734002857
7152.0 0.16884339594328915
7154.0 0.16968364348965678
7156.0 0.16930998491902227
7158.0 0.16917392948374216
7160.0 0.16981548929932744
7162.0 0.1696079401196704
7164.0 0.16887717397885554
7166.0 0.16725411979229987
7168.0 0.167137387263594
7170.0 0.16552541012072922
7172.0 0.16390675074826866
7174.0 0.16343010894342372
7176.0 0.1638347245533424
7178.0 0.16257739653437664
7180.0 0.162358039747494
7182.0 0.1623677689246841
7184.0 0.16245285475033275
7186.0 0.16493433322600298
7188.0 0.16522396832896555
7190.0 0.1638289309816553
7192.0 0.16432886672927596
7194.0 0.16418940000664647
7196.0 0.16413444438069894
7198.0 0.1654560793034424
7200.0 0.16500324456286633
7202.0 0.16388017999877114
7204.0 0.1631526344315662
7206.0 0.1607788894790136
7208.0 0.15803368992674388
7210.0 0.1575186082177049
7212.0 0.15852905803921835
7214.0 0.16155130561224976
7216.0 0.16574111871555097
7218.0 0.16702709742252456
7220.0 0.16569456965787505
7222.0 0.16470245596970412
7224.0 0.1640611670415955
7226.0 0.16893958323619793
7228.0 0.1705519674056486
7230.0 0.16837265978063995
7232.0 0.16597437609760166
7234.0 0.16423860433850798
7236.0 0.1647281163310986
7238.0 0.16380671264887836
7240.0 0.16305340055345188
7242.0 0.1618302304075588
7244.0 0.15906607088773303
7246.0 0.15934874266187016
7248.0 0.15912919835238687
7250.0 0.15829824424929037
7252.0 0.15763910572841627
7254.0 0.15917549256407007
7256.0 0.1602495980593311
7258.0 0.16279430844467982
7260.0 0.16443495840101086
7262.0 0.16294186626291435
7264.0 0.16242560740177547
7266.0 0.16134407003333665
7268.0 0.1607696142952465
7270.0 0.16141527385383947
7272.0 0.16069126942595513
7274.0 0.16040494911387948
7276.0 0.1605194124880939
7278.0 0.1599190022090976
7280.0 0.16034479465241047
7282.0 0.15987386850377142
7284.0 0.1593389136705823
7286.0 0.1574215265320406
7288.0 0.154777275074155
7290.0 0.1539721493223805
7292.0 0.15635125977221742
7294.0 0.15524086984695365
7296.0 0.15485017434292345
7298.0 0.1553297578742012
7300.0 0.153990704927999
7302.0 0.15502044101830173
7304.0 0.15538621511801934
7306.0 0.15527090101437038
7308.0 0.1545133528485011
7310.0 0.15539172361584247
7312.0 0.15589108550519193
7314.0 0.15353706351800395
7316.0 0.15198605420872474
7318.0 0.15232354857453026
7320.0 0.15405789087840444
7322.0 0.15599619911982218
7324.0 0.15467054947291445
7326.0 0.1546459835975925
7328.0 0.154799000583479
7330.0 0.15463570191656487
7332.0 0.15303295103453426
7334.0 0.15207405701910687
7336.0 0.15265689354676767
7338.0 0.1524754255888451
7340.0 0.15448047688065
7342.0 0.15504411501372975
7344.0 0.15396767856704816
7346.0 0.15234051328653594
7348.0 0.15454426525116352
7350.0 0.15574192922250693
7352.0 0.15436106126432114
7354.0 0.1539798880149717
7356.0 0.15342175889147172
7358.0 0.15076993407308706
7360.0 0.1502088246161725
7362.0 0.15071511900165557
7364.0 0.15025718033933946
7366.0 0.1514432330649724
7368.0 0.15090830873864172
7370.0 0.15109680538938747
7372.0 0.15123234846906958
7374.0 0.15016642339847472
7376.0 0.14983777709258625
7378.0 0.1517563876923534
7380.0 0.15127530554206167
7382.0 0.15043620848451472
7384.0 0.15044651113328592
7386.0 0.14937464588241328
7388.0 0.14960678563310434
7390.0 0.15009775774621054
7392.0 0.14911975268417033
7394.0 0.14991316944060695
7396.0 0.14976664759142902
7398.0 0.1484653908068488
7400.0 0.14833280999762416
7402.0 0.148426206666082
7404.0 0.14843802500842204
7406.0 0.14864573417198212
7408.0 0.14860520441496064
7410.0 0.14791039592511074
7412.0 0.14688003927050575
7414.0 0.14574446458078766
7416.0 0.14564894442637197
7418.0 0.14477837445739877
7420.0 0.14322211875129492
7422.0 0.14313344150162224
7424.0 0.14366287941078645
7426.0 0.1433228303850112
7428.0 0.14408340786011686
7430.0 0.14328205279433306
7432.0 0.14301898581338773
7434.0 0.14347808569715992
7436.0 0.14398059205226105
7438.0 0.142979222959242
7440.0 0.14301002522861123
7442.0 0.14256426257047927
7444.0 0.14257984187834866
7446.0 0.14228471722157385
7448.0 0.14215263091232036
7450.0 0.14291619410476405
7452.0 0.14329629645445632
7454.0 0.14230653607743252
7456.0 0.14049938692387876
7458.0 0.14052197291632068
7460.0 0.14158389998642626
7462.0 0.14123157770343733
7464.0 0.14024119274000782
7466.0 0.13949275291277857
7468.0 0.13940055143167276
7470.0 0.13804810574765272
7472.0 0.13706544783643682
7474.0 0.13713848901104272
7476.0 0.13831411191711404
7478.0 0.13886553395569556
7480.0 0.13773005722881443
7482.0 0.13851741423332867
7484.0 0.13862507348418782
7486.0 0.13835672939456012
7488.0 0.13820291276222182
7490.0 0.13792847950945414
7492.0 0.13778568434426858
7494.0 0.13731387300047454
7496.0 0.1371046391687783
7498.0 0.1361236786662684
7500.0 0.13619689418960482
7502.0 0.1364763038297063
7504.0 0.13691380048854127
7506.0 0.13753282366329656
7508.0 0.1371859517757822
7510.0 0.13690482443271446
7512.0 0.1367817917472398
7514.0 0.136696118857965
7516.0 0.136792872369281
7518.0 0.1367617525252675
7520.0 0.13601185376366245
7522.0 0.1359079928815973
7524.0 0.13560041910938309
7526.0 0.13495299567996738
7528.0 0.13332845250779693
7530.0 0.1321195358793633
7532.0 0.13043898199072695
7534.0 0.12961852875113763
7536.0 0.12895304355457055
7538.0 0.12845123034341985
7540.0 0.12820095865918954
7542.0 0.12839948321503936
7544.0 0.1283894410742199
7546.0 0.13007630349306223
7548.0 0.13022602033375508
7550.0 0.13141860969965583
7552.0 0.13132971165655996
7554.0 0.1311880390797204
7556.0 0.13075848167499818
7558.0 0.13015979691795934
7560.0 0.1299069714272496
7562.0 0.12968862194425235
7564.0 0.13000481414026477
7566.0 0.13062847384960455
7568.0 0.13152324120998335
7570.0 0.13193202257728115
7572.0 0.13219466068998706
7574.0 0.1321478992030081
7576.0 0.13209820627000113
7578.0 0.13196928863486976
7580.0 0.13232595526618818
7582.0 0.13269880384168198
7584.0 0.13337933305805078
7586.0 0.1337034866513463
7588.0 0.13398673544791412
7590.0 0.13412862630432604
7592.0 0.13413831278060379
7594.0 0.13441686774255235
7596.0 0.13428052498189463
7598.0 0.13464629843951312
7600.0 0.1345903469575547
7602.0 0.1348996939855276
7604.0 0.13513242264747188
7606.0 0.1354071811512711
7608.0 0.13583496259505468
7610.0 0.13652496467269287
7612.0 0.13693664952667
7614.0 0.13740970623126886
7616.0 0.13769209863470783
7618.0 0.1377089228210488
7620.0 0.1370932017636366
7622.0 0.13709189693567625
7624.0 0.13758804508628306
7626.0 0.13785502315467957
7628.0 0.13932878924440903
7630.0 0.13937915065658313
7632.0 0.13938289414540952
7634.0 0.13918869481656057
7636.0 0.13909655218262482
7638.0 0.13908890314197764
7640.0 0.13905722032671353
7642.0 0.13970666818692784
7644.0 0.14005274981203522
7646.0 0.14033532527751238
7648.0 0.14040417246272405
7650.0 0.13994290916644872
7652.0 0.14010981895732277
7654.0 0.140168589307901
7656.0 0.14018105473419853
7658.0 0.1405533737129212
7660.0 0.1408201109004413
7662.0 0.14135526292140313
7664.0 0.14133505739682964
7666.0 0.14127685164433654
7668.0 0.14058924405412165
7670.0 0.140128039601349
7672.0 0.13991067403856025
7674.0 0.13985196704607525
7676.0 0.14018590678829593
7678.0 0.14034963624250069
7680.0 0.140854300629481
7682.0 0.14100681129741285
7684.0 0.14095129580678178
7686.0 0.1409260658693175
7688.0 0.14091945919258317
7690.0 0.14143253456426005
7692.0 0.1418864808307055
7694.0 0.14195255988147396
7696.0 0.14204128129307086
7698.0 0.14194862940116162
7700.0 0.14209453873214753
7702.0 0.1419651079329464
7704.0 0.14206606314832687
7706.0 0.14173951281315303
7708.0 0.14182714725554701
7710.0 0.14250929251127134
7712.0 0.14251987599431398
7714.0 0.14224218103624278
7716.0 0.1417986484361126
7718.0 0.1414468269867228
7720.0 0.1411763666902981
7722.0 0.14107456262979054
7724.0 0.1417862225074879
7726.0 0.14205948028733265
7728.0 0.14289576199233073
7730.0 0.1427176950996612
7732.0 0.1417563310163506
7734.0 0.1416542606954531
7736.0 0.14091894248844228
7738.0 0.14109340959742128
7740.0 0.1413770297360541
7742.0 0.14133129822320126
7744.0 0.14129067136045256
7746.0 0.140625471427139
7748.0 0.14039471875391693
7750.0 0.1387088738936969
7752.0 0.13818415161632674
7754.0 0.13819045101064278
7756.0 0.1409733335223854
7758.0 0.14098000681824954
7760.0 0.1409376056963782
7762.0 0.14088308520412
7764.0 0.14082856471186178
7766.0 0.1407740442196037
7768.0 0.1407195237273454
7770.0 0.1406650032350873
7772.0 0.14061048274282914
7774.0 0.14055596225057096
7776.0 0.1405014417583128
7778.0 0.14044692126605465
7780.0 0.14039240077379647
7782.0 0.1403378802815383
7784.0 0.14028335978928008
7786.0 0.1402288392970219
7788.0 0.14017431880476372
7790.0 0.14011979831250557
7792.0 0.1400652778202474
7794.0 0.14001075732798926
7796.0 0.13995623683573105
7798.0 0.13990171634347284
7800.0 0.14001727185006904
7802.0 0.1400690741562718
7804.0 0.1400718890793932
7806.0 0.14005099677371274
7808.0 0.13996682950227948
7810.0 0.13980048385612445
7812.0 0.13972554004734036
7814.0 0.13974766550720621
7816.0 0.13974985643179968
7818.0 0.139663114575569
7820.0 0.13952444979396747
7822.0 0.13938817099115874
7824.0 0.1393687382028753
7826.0 0.13937234214929647
7828.0 0.13940726287938435
7830.0 0.13937764543817333
7832.0 0.13925369243227648
7834.0 0.13905676841212591
7836.0 0.13891108084308226
7838.0 0.138962415054636
7840.0 0.13910622787588514
7842.0 0.13920623086208053
7844.0 0.1391227165835672
7846.0 0.13886000322532158
7848.0 0.13857258056620025
7850.0 0.13831642875913316
7852.0 0.13815430488526206
7854.0 0.138051961009833
7856.0 0.1379587239045446
7858.0 0.1379478293716595
7860.0 0.1380384845443916
7862.0 0.13797379504279128
7864.0 0.13775958048333153
7866.0 0.13753257715857778
7868.0 0.13724832554127536
7870.0 0.1368776943608776
7872.0 0.13655640408205674
7874.0 0.13642416849488448
7876.0 0.13630239285093781
7878.0 0.13612269628639576
7880.0 0.13596218583680988
7882.0 0.13578009816897776
7884.0 0.13555237771570364
7886.0 0.13534421523442391
7888.0 0.13514002964360078
7890.0 0.13492935770952225
7892.0 0.13476393407783827
7894.0 0.13464928725946787
7896.0 0.13452395047696888
7898.0 0.1343065638582093
7900.0 0.1340415311191026
7902.0 0.1336971301424838
7904.0 0.1332702650650091
7906.0 0.13288302643784783
7908.0 0.13255000945442577
7910.0 0.13221428464317594
7912.0 0.13181684918955772
7914.0 0.1313564352192911
7916.0 0.13088066539143456
7918.0 0.1303951038303717
7920.0 0.12988381640490274
7922.0 0.12940265377968466
7924.0 0.12903464920306357
7926.0 0.1288118409247018
7928.0 0.12865307338300908
7930.0 0.12852695087180738
7932.0 0.1284039510569515
7934.0 0.12818981086969924
7936.0 0.12791739461520535
7938.0 0.1276781406243709
7940.0 0.1275163916483881
7942.0 0.12741620748201124
7944.0 0.1273618059631894
7946.0 0.12736194964507327
7948.0 0.12746127924886252
7950.0 0.12761629486505482
7952.0 0.12768622400924567
7954.0 0.12763018378693158
7956.0 0.12752295717457038
7958.0 0.1273750306237869
7960.0 0.12723690282548436
7962.0 0.12716158860519514
7964.0 0.12719276803490417
7966.0 0.1273654145837143
7968.0 0.12757328393111017
7970.0 0.12765854000391166
7972.0 0.1275819751592407
7974.0 0.12752326296742686
7976.0 0.12754189112817851
7978.0 0.1276333921238248
7980.0 0.12779873425897362
7982.0 0.12797696196038308
7984.0 0.12810278577258885
7986.0 0.12821278706912817
7988.0 0.12831584668335072
7990.0 0.12831707097211256
7992.0 0.1283211012620111
7994.0 0.12838986685369316
7996.0 0.1284670755882558
7998.0 0.12848786899740855
8000.0 0.12849247432064442
8002.0 0.12857057808485436
8004.0 0.12868681929641393
8006.0 0.12878464331087008
8008.0 0.12881122698762532
8010.0 0.12879360066108733
8012.0 0.12874928069727895
8014.0 0.12864242027136144
8016.0 0.1284935564814706
8018.0 0.12828852606536442
8020.0 0.12803832330252538
8022.0 0.12774375397574603
8024.0 0.1274498650585465
8026.0 0.12721228651157282
8028.0 0.1270214964601968
8030.0 0.12686360083944606
8032.0 0.1267101233952191
8034.0 0.1265933307057909
8036.0 0.12655968660888717
8038.0 0.12662818637764423
8040.0 0.1267988446073647
8042.0 0.12697903301824578
8044.0 0.12705607808108027
8046.0 0.12707424783708468
8048.0 0.1271389601641358
8050.0 0.12717027397726713
8052.0 0.12716328358361323
8054.0 0.1271795372971883
8056.0 0.12724291629885554
8058.0 0.1272746506771813
8060.0 0.1273837227972828
8062.0 0.12752130413821613
8064.0 0.12757717558346748
8066.0 0.1276488981122352
8068.0 0.12771443417158088
8070.0 0.12770540745941894
8072.0 0.12768559662166745
8074.0 0.12775361692873138
8076.0 0.1278499861524685
8078.0 0.12802909808606253
8080.0 0.1281697008242953
8082.0 0.1281876781311098
8084.0 0.12813156648766835
8086.0 0.12811769190535063
8088.0 0.12806579293409492
8090.0 0.12804558847646536
8092.0 0.1280493893800992
8094.0 0.12805034595298537
8096.0 0.12813130781425006
8098.0 0.12816144788213849
8100.0 0.12815623467689682
8102.0 0.12810444756233308
8104.0 0.12815488543620052
8106.0 0.1282342197239585
8108.0 0.1282418651081664
8110.0 0.12816993609188893
8112.0 0.12809676246931254
8114.0 0.12802890068779038
8116.0 0.12791704295082246
8118.0 0.12782214603729516
8120.0 0.12775633499927555
8122.0 0.12761186508026437
8124.0 0.12745956210261514
8126.0 0.12725474714923452
8128.0 0.12704818095788048
8130.0 0.1268578999961739
8132.0 0.12661410508637497
8134.0 0.12626365711169774
8136.0 0.1258853484029782
8138.0 0.12559013958477955
8140.0 0.12530798798624523
8142.0 0.12510112022635922
8144.0 0.12502895751297308
8146.0 0.1250525250972785
8148.0 0.12510093207984657
8150.0 0.12506402096626376
8152.0 0.12490381736491277
8154.0 0.12461316659829338
8156.0 0.12431388722891881
8158.0 0.12410208448717122
8160.0 0.12403083495406733
8162.0 0.12405784326876997
8164.0 0.12401853353958915
8166.0 0.12395889886366826
8168.0 0.12390572364872025
8170.0 0.12387692362827142
8172.0 0.12379803465050247
8174.0 0.1235975961941867
8176.0 0.12339449921055834
8178.0 0.12336270462579114
8180.0 0.12343772265821516
8182.0 0.12342724276688807
8184.0 0.12330459333963252
8186.0 0.12315906829228969
8188.0 0.12306013838707663
8190.0 0.12299789725666647
8192.0 0.1229629822824413
8194.0 0.1229565317382399
8196.0 0.12303205498590734
8198.0 0.12316319139171412
8200.0 0.12321859180285946
8202.0 0.12314287737285229
8204.0 0.12306483067258743
8206.0 0.12311449292232482
8208.0 0.12326594550340829
8210.0 0.12350691783007697
8212.0 0.12377511787822416
8214.0 0.12396205346858341
8216.0 0.12405958568429717
8218.0 0.12410561587512213
8220.0 0.12411748667934748
8222.0 0.12415383480337085
8224.0 0.12428269243347034
8226.0 0.12444272979612646
8228.0 0.1245423972889904
8230.0 0.12461390493985107
8232.0 0.12472575309303775
8234.0 0.12492286176763814
8236.0 0.12506079890509975
8238.0 0.12508020439841996
8240.0 0.12515330740188366
8242.0 0.12539582164116844
8244.0 0.1256329360820068
8246.0 0.12567247317093452
8248.0 0.12567537031307516
8250.0 0.1257079999705139
8252.0 0.1256767488337192
8254.0 0.12556427761311273
8256.0 0.12541595335202985
8258.0 0.1252930536916766
8260.0 0.12521822894804296
8262.0 0.12519259113836828
8264.0 0.12516217547047842
8266.0 0.12511149944591524
8268.0 0.1250960291309278
8270.0 0.12515090366079754
8272.0 0.12528268400376058
8274.0 0.1255010048476784
8276.0 0.12555476554363224
8278.0 0.12529005672662102
8280.0 0.12469962541827662
8282.0 0.12443849505683426
8284.0 0.12453395988783435
8286.0 0.12468393322289284
8288.0 0.12483783376032793
8290.0 0.12496255810755424
8292.0 0.12497704989013035
8294.0 0.1249538019494592
8296.0 0.12494628526243576
8298.0 0.12493213373512457
8300.0 0.12494405300358558
8302.0 0.12498264514694062
8304.0 0.12501363148473
8306.0 0.12495228453372285
8308.0 0.12494522584416405
8310.0 0.1250008947347125
8312.0 0.12502196991297437
8314.0 0.12502972879808028
8316.0 0.1250831603456439
8318.0 0.12510358530477286
8320.0 0.1251690132208306
8322.0 0.12535108992266497
8324.0 0.1254083138709693
8326.0 0.12534682312344628
8328.0 0.1254667926752363
8330.0 0.12570274472046183
8332.0 0.1258519517361688
8334.0 0.1260192245893013
8336.0 0.12623364892334044
8338.0 0.12636096247980538
8340.0 0.1265074816695428
8342.0 0.12687052181195438
8344.0 0.1273336086144305
8346.0 0.12754894082130275
8348.0 0.12750587393431548
8350.0 0.1274937672260152
8352.0 0.1276452167866712
8354.0 0.12799116597963983
8356.0 0.12852363587050636
8358.0 0.12915256952554532
8360.0 0.12943989378563586
8362.0 0.1293887952047936
8364.0 0.12924239670521012
8366.0 0.1290112369898264
8368.0 0.12864636054552267
8370.0 0.12842216095904851
8372.0 0.12836406875195433
8374.0 0.12843244139379306
8376.0 0.12858028420807072
8378.0 0.1286918050562332
8380.0 0.12877219714709162
8382.0 0.1288443612851711
8384.0 0.12894512704852842
8386.0 0.12912021208185237
8388.0 0.12932663184280194
8390.0 0.12949163271996877
8392.0 0.12960303499685705
8394.0 0.1296901640940446
8396.0 0.12975219030446522
8398.0 0.12988805160121147
8400.0 0.13011634413468356
8402.0 0.1303014910985348
8404.0 0.1304315871322421
8406.0 0.130558481639661
8408.0 0.13069828029581737
8410.0 0.13088845061027535
8412.0 0.13117925498592076
8414.0 0.13147128441490366
8416.0 0.13179134095831474
8418.0 0.13222700946421984
8420.0 0.13267423658239688
8422.0 0.13299522437477618
8424.0 0.1332647739375159
8426.0 0.13350361472832403
8428.0 0.13366856989080678
8430.0 0.13381365150635768
8432.0 0.1339856405209999
8434.0 0.1342273272786275
8436.0 0.13452638935780475
8438.0 0.13479748192638297
8440.0 0.1349215183737141
8442.0 0.13498117955758934
8444.0 0.13507496840350713
8446.0 0.13519685640826754
8448.0 0.13539538574743332
8450.0 0.13568129627333417
8452.0 0.1359871541267505
8454.0 0.13627585423863328
8456.0 0.13658321883023056
8458.0 0.13683556909952319
8460.0 0.13699404364172232
8462.0 0.13713626724137853
8464.0 0.13729992151955836
8466.0 0.13744497171298362
8468.0 0.13760296409454686
8470.0 0.13775867714525528
8472.0 0.13784461372655626
8474.0 0.13792917691046705
8476.0 0.1380737148595248
8478.0 0.13824921668972887
8480.0 0.13833605742276692
8482.0 0.13829136450120255
8484.0 0.13817676288147382
8486.0 0.1380460247061126
8488.0 0.13797306708366028
8490.0 0.13798937860935848
8492.0 0.13806208665853112
8494.0 0.13809958466691186
8496.0 0.13805985482751465
8498.0 0.13805381230426736
8500.0 0.13811552560599213
8502.0 0.13823579952151055
8504.0 0.138366665690358
8506.0 0.13840791887440798
8508.0 0.13830663251440217
8510.0 0.1381908123211064
8512.0 0.13812962425988673
8514.0 0.13812363768598773
8516.0 0.13812515280369847
8518.0 0.1381143228692005
8520.0 0.13809467575668607
8522.0 0.13807309173922586
8524.0 0.13815022683809663
8526.0 0.13827921578293575
8528.0 0.1384170097176727
8530.0 0.13852367415003675
8532.0 0.13871043823189744
8534.0 0.13883277660682525
8536.0 0.1387753466147088
8538.0 0.13863583100675006
8540.0 0.13853172273249928
8542.0 0.13844619602996128
8544.0 0.13841412862571684
8546.0 0.13852994187341483
8548.0 0.1385343191476396
8550.0 0.13841773827655704
8552.0 0.13828857178590395
8554.0 0.1381767782009937
8556.0 0.1380311772047877
8558.0 0.1379922222712703
8560.0 0.13800327133744797
8562.0 0.13794486422836605
8564.0 0.13783126399284076
8566.0 0.13776197693116665
8568.0 0.13773196531563198
8570.0 0.13771060214207662
8572.0 0.13765174647094502
8574.0 0.13752244954060344
8576.0 0.13735786066617986
8578.0 0.1371046696524868
8580.0 0.13702335229747373
8582.0 0.1371165874692349
8584.0 0.13713581800246852
8586.0 0.13710933583979718
8588.0 0.13723492605471477
8590.0 0.1372865347626676
8592.0 0.13727697335408653
8594.0 0.13742473183331017
8596.0 0.13758383213692832
8598.0 0.1377076701272921
8600.0 0.13789145931881763
8602.0 0.13800904677958037
8604.0 0.13807210332157796
8606.0 0.1381001467039158
8608.0 0.138344554200476
8610.0 0.13870512588800163
8612.0 0.1387844617370721
8614.0 0.13858613425519184
8616.0 0.1384532606328341
8618.0 0.13842757859060112
8620.0 0.13840753454037125
8622.0 0.1382983276084792
8624.0 0.13813022208888076
8626.0 0.13800628362800896
8628.0 0.13794351138417063
8630.0 0.13783431340415903
8632.0 0.13770798091924466
8634.0 0.1376925205709448
8636.0 0.13770809688171615
8638.0 0.1377049904381855
8640.0 0.13776982427065051
8642.0 0.13790398546645144
8644.0 0.13801135119551716
8646.0 0.13807177873624843
8648.0 0.13805714793239834
8650.0 0.13807655827198825
8652.0 0.1382285708735163
8654.0 0.13844912584338354
8656.0 0.1386128773215044
8658.0 0.1387456320238935
8660.0 0.13894576444713416
8662.0 0.1391757446924719
8664.0 0.13943106266516617
8666.0 0.1397082392516705
8668.0 0.13991116715572724
8670.0 0.13994189512641964
8672.0 0.13988261849641256
8674.0 0.13978479339589286
8676.0 0.13969469598599377
8678.0 0.13971576041801614
8680.0 0.13974457294722192
8682.0 0.1397383651671022
8684.0 0.13977373497779041
8686.0 0.1397669324624722
8688.0 0.13957430945141444
8690.0 0.1393193634263617
8692.0 0.1392202425214721
8694.0 0.13931450551152955
8696.0 0.1394853362298657
8698.0 0.13956631572329278
8700.0 0.1395532344186102
8702.0 0.13950848849686215
8704.0 0.13945092264283748
8706.0 0.1394169369753723
8708.0 0.13949122320167312
8710.0 0.13956952571989542
8712.0 0.1395749136385742
8714.0 0.13946749822834703
8716.0 0.1392196905952717
8718.0 0.13898128111722804
8720.0 0.13895324403151274
8722.0 0.13901927060517488
8724.0 0.13903813709349003
8726.0 0.1390722095354727
8728.0 0.13907158113200035
8730.0 0.1390236340896372
8732.0 0.1390542875250484
8734.0 0.1391701553439232
8736.0 0.13929324410792943
8738.0 0.13943911243610638
8740.0 0.13963603804530933
8742.0 0.13981561935108086
8744.0 0.13993817874551187
8746.0 0.1400603900616365
8748.0 0.14021139795261853
8750.0 0.14033570839391107
8752.0 0.14039747104551847
8754.0 0.140407149166059
8756.0 0.14035384894511083
8758.0 0.14024297125227045
8760.0 0.1401513191667971
8762.0 0.14006548988480103
8764.0 0.14003442269455144
8766.0 0.13999016480354565
8768.0 0.13998231489871008
8770.0 0.1400468128092587
8772.0 0.1400029384400723
8774.0 0.13993040129686674
8776.0 0.1399350939343151
8778.0 0.1399873001992586
8780.0 0.1399172044500945
8782.0 0.13975706040021285
8784.0 0.13981306178022884
8786.0 0.1401141875617321
8788.0 0.14046022205668937
8790.0 0.14080462960851273
8792.0 0.14080641722506868
8794.0 0.14041227340087922
8796.0 0.14006048066539756
8798.0 0.13989661540267714
8800.0 0.13985424332008797
8802.0 0.1397256279962111
8804.0 0.13945090023366516
8806.0 0.13914239547694982
8808.0 0.13890389221400062
8810.0 0.13883498347426865
8812.0 0.138883115415697
8814.0 0.13891206339309323
8816.0 0.1387951123257955
8818.0 0.13870320136357972
8820.0 0.13857497766876167
8822.0 0.13832992289474577
8824.0 0.13809574493143406
8826.0 0.13791325700584034
8828.0 0.1379013338876785
8830.0 0.13804319569690304
8832.0 0.1381097998178111
8834.0 0.13808980929335116
8836.0 0.1381499993824499
8838.0 0.13816085652770882
8840.0 0.13799793085098
8842.0 0.13793102829714532
8844.0 0.13811560872742706
8846.0 0.13839100651012412
8848.0 0.13873401814592512
8850.0 0.1392583763980451
8852.0 0.13932831103825746
8854.0 0.13867368777616074
8856.0 0.1380119563516571
8858.0 0.13757190439321418
8860.0 0.13726191813737082
8862.0 0.13712427143148354
8864.0 0.13728889912803652
8866.0 0.13759128811487745
8868.0 0.1377905126476726
8870.0 0.13782286513084308
8872.0 0.1378326284054445
8874.0 0.1377428587543034
8876.0 0.13744282627184595
8878.0 0.1371237317229036
8880.0 0.13703793379832094
8882.0 0.13713969214033894
8884.0 0.13736303460737256
8886.0 0.13773818756244166
8888.0 0.13776092786425145
8890.0 0.13726205227186225
8892.0 0.13665748507311087
8894.0 0.13641438755701166
8896.0 0.13647028007067552
8898.0 0.13647994230598848
8900.0 0.13634155964171946
8902.0 0.1361420854815699
8904.0 0.1362004026086425
8906.0 0.13631587816860288
8908.0 0.1361736188353637
8910.0 0.1359351112227047
8912.0 0.13580602179925771
8914.0 0.13557189644293413
8916.0 0.13519488464937174
8918.0 0.13505830994449577
8920.0 0.13508479944842397
8922.0 0.1350372065477868
8924.0 0.1350136696610102
8926.0 0.1351522035160453
8928.0 0.1352113607252674
8930.0 0.13507221262286676
8932.0 0.13496340295786077
8934.0 0.13500264307524687
8936.0 0.13510303684391414
8938.0 0.13511425662824258
8940.0 0.13494669578067817
8942.0 0.13470077059782934
8944.0 0.13447418302261532
8946.0 0.1342856848818507
8948.0 0.1341444632995404
8950.0 0.13403139358946375
8952.0 0.13392264503031856
8954.0 0.13388077794328979
8956.0 0.13398387280111598
8958.0 0.1341051323781531
8960.0 0.1341111869649351
8962.0 0.13404092381473093
8964.0 0.13394404123982445
8966.0 0.13379942034157027
8968.0 0.1335791382024972
8970.0 0.13331786463307885
8972.0 0.13317900805454183
8974.0 0.13321797539352903
8976.0 0.13324643960511823
8978.0 0.13314999152884455
8980.0 0.1330079819013281
8982.0 0.13291810591038325
8984.0 0.13275125117611525
8986.0 0.13252335019568187
8988.0 0.1323612032814536
8990.0 0.1323100987082689
8992.0 0.13238521559167352
8994.0 0.13245645992500937
8996.0 0.13238270363726806
8998.0 0.13216921792271533
9000.0 0.1320020308668733
9002.0 0.13193587941395427
9004.0 0.13191323589624374
9006.0 0.13193955519099865
9008.0 0.131962025642827
9010.0 0.1318168208103048
9012.0 0.1315994192369735
9014.0 0.1315029183686688
9016.0 0.13153499476590896
9018.0 0.13145104635826976
9020.0 0.13120541232265576
9022.0 0.13102146166930873
9024.0 0.13093671705002197
9026.0 0.13095900362971594
9028.0 0.13108221991917096
9030.0 0.1312368474154326
9032.0 0.1312798136220832
9034.0 0.13116311900854777
9036.0 0.1311158300703746
9038.0 0.13126230120845364
9040.0 0.13137054298190995
9042.0 0.13125299304728277
9044.0 0.13102312541457786
9046.0 0.13082252957171106
9048.0 0.13065670544549937
9050.0 0.13058833489284963
9052.0 0.13066067609834708
9054.0 0.13071776829829349
9056.0 0.130739641697269
9058.0 0.13060116109409547
9060.0 0.13028728744460796
9062.0 0.1299164005076615
9064.0 0.12976043941097784
9066.0 0.12973381707461704
9068.0 0.1298091228892148
9070.0 0.1301044991584442
9072.0 0.13029538990202144
9074.0 0.1302772530014742
9076.0 0.13019697096515284
9078.0 0.13008971012544762
9080.0 0.1297143458614481
9082.0 0.12958781664461202
9084.0 0.12980074845223827
9086.0 0.1300238036355938
9088.0 0.13024526012151313
9090.0 0.1303721827534682
9092.0 0.13030675662823102
9094.0 0.1302790337315423
9096.0 0.13026921150441875
9098.0 0.13017299429912457
9100.0 0.1301757884876323
9102.0 0.1303219002492045
9104.0 0.13041544567273944
9106.0 0.1304258976101878
9108.0 0.1304002835779522
9110.0 0.13042287744015343
9112.0 0.13047603652941692
9114.0 0.13042530334328423
9116.0 0.13028321246883193
9118.0 0.13025499165233964
9120.0 0.13024692731559465
9122.0 0.1302944796085774
9124.0 0.13059924114571672
9126.0 0.13100896688558752
9128.0 0.1311422415220663
9130.0 0.13112708583079818
9132.0 0.13127526117550103
9134.0 0.13149643645216588
9136.0 0.1315036494380201
9138.0 0.1313459448912389
9140.0 0.1312688137106055
9142.0 0.13139387925045215
9144.0 0.13163734600831384
9146.0 0.13181388077632267
9148.0 0.13196011772176539
9150.0 0.1320998816958867
9152.0 0.13223819048262675
9154.0 0.1323731599154094
9156.0 0.13256727422357945
9158.0 0.13267218381618118
9160.0 0.13236070908385894
9162.0 0.1318461503333661
9164.0 0.13156878765778016
9166.0 0.13144060675388058
9168.0 0.13146660462258358
9170.0 0.13158108376505223
9172.0 0.13161136137014742
9174.0 0.13156541651071196
9176.0 0.13153860095524367
9178.0 0.1314757470943547
9180.0 0.13137877628527997
9182.0 0.13135608570952398
9184.0 0.1313906378827198
9186.0 0.1314270880204277
9188.0 0.1314629370453948
9190.0 0.1314848382937825
9192.0 0.13142418429226801
9194.0 0.1313071823332435
9196.0 0.13123191351058963
9198.0 0.13117968176183645
9200.0 0.13107990332189923
9202.0 0.13102130834929743
9204.0 0.13103590372962265
9206.0 0.13102723131694308
9208.0 0.13097815709633637
9210.0 0.1309357950764312
9212.0 0.13088139563267467
9214.0 0.13076083613333842
9216.0 0.13062351451021695
9218.0 0.13050388693598025
9220.0 0.1303660919211559
9222.0 0.13023216093771686
9224.0 0.1301620562992154
9226.0 0.1302135976730602
9228.0 0.13037572812232456
9230.0 0.13053690788526798
9232.0 0.13055902366926125
9234.0 0.13039206090202995
9236.0 0.13031647558022477
9238.0 0.13054372490859398
9240.0 0.13076205173606406
9242.0 0.13054910599690941
9244.0 0.13014762726869283
9246.0 0.12984587014623344
9248.0 0.1294462252249473
9250.0 0.12906369777654636
9252.0 0.12899158836060534
9254.0 0.1293000127248225
9256.0 0.12978023715524784
9258.0 0.13027805307361753
9260.0 0.13048689084016105
9262.0 0.13008550884543743
9264.0 0.12972957834592122
9266.0 0.129632019207113
9268.0 0.12952967573462434
9270.0 0.12944795232658368
9272.0 0.12972909200670188
9274.0 0.12994744953854534
9276.0 0.12990969143985664
9278.0 0.12977951910479163
9280.0 0.129385339520172
9282.0 0.12883266249363076
9284.0 0.1286431686723578
9286.0 0.12910629056868658
9288.0 0.1294674182487918
9290.0 0.12944085794688148
9292.0 0.129340883389259
9294.0 0.12930499246154406
9296.0 0.12899328086703873
9298.0 0.1285144031159172
9300.0 0.1278700298790762
9302.0 0.12723927386103798
9304.0 0.12685224187872196
9306.0 0.12699774875331146
9308.0 0.12764447527182504
9310.0 0.1288867878491792
9312.0 0.1295942925624272
9314.0 0.12971097574344959
9316.0 0.12968634463776135
9318.0 0.12971767548271337
9320.0 0.12973131710699845
9322.0 0.12977628268542404
9324.0 0.12982947667792813
9326.0 0.12976558057425452
9328.0 0.12977048897994978
9330.0 0.12965397560349218
9332.0 0.12930385746929587
9334.0 0.12897116134470496
9336.0 0.1289521565218351
9338.0 0.12897865141653828
9340.0 0.1291155722807633
9342.0 0.12925865176209766
9344.0 0.1291676411877275
9346.0 0.12905636431482012
9348.0 0.12890121411988034
9350.0 0.12833421442545218
9352.0 0.12809461747128098
9354.0 0.12862118783527984
9356.0 0.1291421422043884
9358.0 0.12926785970497834
9360.0 0.12925285190438146
9362.0 0.1287307873434715
9364.0 0.12749345946240145
9366.0 0.1268871267159971
9368.0 0.1270825071224519
9370.0 0.12759345748634385
9372.0 0.12833812922170715
9374.0 0.12927068159192057
9376.0 0.1297659164440365
9378.0 0.12990381215606697
9380.0 0.13007322464749008
9382.0 0.1302593116915586
9384.0 0.13034458425007572
9386.0 0.13027539360492624
9388.0 0.12982409792386804
9390.0 0.12920107466241265
9392.0 0.12852339330279777
9394.0 0.1281062809491977
9396.0 0.1277994511405192
9398.0 0.12750640780677974
9400.0 0.12723936600938954
9402.0 0.12717042794281802
9404.0 0.1275308839599942
9406.0 0.12811834920597956
9408.0 0.12851103950647433
9410.0 0.128845439253752
9412.0 0.12897315667211742
9414.0 0.12889402125517166
9416.0 0.12877470880052486
9418.0 0.1286150736207277
9420.0 0.1284849387847414
9422.0 0.12868140613721313
9424.0 0.12902381982117625
9426.0 0.12908786712178408
9428.0 0.12902625367177167
9430.0 0.1289743419265553
9432.0 0.12882666865119502
9434.0 0.12868313232044037
9436.0 0.12859536032898294
9438.0 0.12849874660108537
9440.0 0.12835971581705602
9442.0 0.12829373449402767
9444.0 0.12850475384184792
9446.0 0.12885558093169283
9448.0 0.12911331235815351
9450.0 0.12922386820422693
9452.0 0.12923861162107006
9454.0 0.12908914975014535
9456.0 0.12890848411663797
9458.0 0.1289129623182861
9460.0 0.12898279932982343
9462.0 0.12900761075147132
9464.0 0.12899565100649993
9466.0 0.12904717618771971
9468.0 0.1292690335317393
9470.0 0.1295015709309601
9472.0 0.1297518819145269
9474.0 0.1298327263715749
9476.0 0.1292818037269527
9478.0 0.12829859219014825
9480.0 0.12768166046113483
9482.0 0.12775479964455735
9484.0 0.12804444290556194
9486.0 0.12829590590388695
9488.0 0.12847366135909702
9490.0 0.12853058815756238
9492.0 0.12837574250822442
9494.0 0.1281213510089137
9496.0 0.1279718454329292
9498.0 0.1279039741607053
9500.0 0.12785464131363558
9502.0 0.12781485884369015
9504.0 0.12783068071403525
9506.0 0.12775915353232745
9508.0 0.12763174828189244
9510.0 0.12753758661290993
9512.0 0.12753607367981395
9514.0 0.12754571609088047
9516.0 0.1274717924398956
9518.0 0.12736720915392463
9520.0 0.12730040539408086
9522.0 0.12704537895489865
9524.0 0.1267253653707984
9526.0 0.12673064097512657
9528.0 0.12700377552856848
9530.0 0.12713538943369768
9532.0 0.12715744083048094
9534.0 0.12716131036735348
9536.0 0.12718994805419231
9538.0 0.12718892611972957
9540.0 0.12716636413512014
9542.0 0.1268491530841088
9544.0 0.12634898118312296
9546.0 0.12605678462637
9548.0 0.1262008159536936
9550.0 0.1266568103650149
9552.0 0.12707036165583627
9554.0 0.12713386581216404
9556.0 0.1268037640001445
9558.0 0.12654924730885897
9560.0 0.12652567381245633
9562.0 0.12657316795325396
9564.0 0.12655775796512944
9566.0 0.12649095276313652
9568.0 0.12651295643578894
9570.0 0.12670884882098873
9572.0 0.1268907317084813
9574.0 0.12704760959963246
9576.0 0.12701878731794886
9578.0 0.12677794387655533
9580.0 0.1264391077355734
9582.0 0.12619376296719034
9584.0 0.1261171426705359
9586.0 0.12621640805959236
9588.0 0.12626540100258865
9590.0 0.1260981756538653
9592.0 0.1259741143611598
9594.0 0.1258866931916282
9596.0 0.12601082120251939
9598.0 0.1261001393179412
9600.0 0.12621365604023188
9602.0 0.12620004886681307
9604.0 0.1260065308750855
9606.0 0.12584226890950664
9608.0 0.1255270998905935
9610.0 0.12546719978589574
9612.0 0.12565819617997084
9614.0 0.12584867741764774
9616.0 0.1259486240699286
9618.0 0.1259722063294283
9620.0 0.12587851650817758
9622.0 0.12573237035979862
9624.0 0.12565525467510996
9626.0 0.1256852361346299
9628.0 0.1256214155620238
9630.0 0.12523003289291018
9632.0 0.12506544510108272
9634.0 0.1253255838925389
9636.0 0.12558461237781335
9638.0 0.1257259999130633
9640.0 0.12594881647485226
9642.0 0.12619910445591562
9644.0 0.12629978016212184
9646.0 0.1261453944533756
9648.0 0.12579999679950768
9650.0 0.12559036704298288
9652.0 0.12550406057920444
9654.0 0.12540165711292137
9656.0 0.1252377661133774
9658.0 0.1249794532173345
9660.0 0.12474367733872825
9662.0 0.1246265302088884
9664.0 0.1245387602488873
9666.0 0.12456563157073515
9668.0 0.12484447293594704
9670.0 0.12517378041119248
9672.0 0.12539061301949606
9674.0 0.12529346986624795
9676.0 0.12507594427722807
9678.0 0.12491008010107096
9680.0 0.12489910434240445
9682.0 0.12501663464343585
9684.0 0.12489670123843293
9686.0 0.12458056966792638
9688.0 0.12442105772532862
9690.0 0.12444568370268017
9692.0 0.1245730431245604
9694.0 0.1246746520287643
9696.0 0.12468863150079057
9698.0 0.12451394410012787
9700.0 0.12443392984983687
9702.0 0.12474111152639235
9704.0 0.1251779586192059
9706.0 0.1254858222854873
9708.0 0.12571663526462665
9710.0 0.12570393226360543
9712.0 0.1254235553355847
9714.0 0.12539811647566604
9716.0 0.12595656287044255
9718.0 0.12647137699824987
9720.0 0.12650639918424775
9722.0 0.12629094295121168
9724.0 0.125983620902443
9726.0 0.12568832274013667
9728.0 0.12550132540731873
9730.0 0.1255164257556674
9732.0 0.1254162929266533
9734.0 0.12493573754685404
9736.0 0.12446887764972543
9738.0 0.12436326124065991
9740.0 0.12448711833342788
9742.0 0.12464414975499827
9744.0 0.1248793170070236
9746.0 0.1249916989328182
9748.0 0.12486446747166854
9750.0 0.12476933968954952
9752.0 0.12485545776492478
9754.0 0.12496593416264087
9756.0 0.12503027794444652
9758.0 0.12511237716889703
9760.0 0.12517523980311293
9762.0 0.1251614498802152
9764.0 0.12517265481222567
9766.0 0.12525933416600277
9768.0 0.12546929493404294
9770.0 0.12585424853809704
9772.0 0.12626701412225882
9774.0 0.12648267811887556
9776.0 0.1266339409391596
9778.0 0.12663063509469763
9780.0 0.12643381678604418
9782.0 0.12625149093428997
9784.0 0.12613015528749266
9786.0 0.1257870056272005
9788.0 0.1255884230817088
9790.0 0.12552550477150654
9792.0 0.12543877153453742
9794.0 0.12545619910810538
9796.0 0.1256384496146699
9798.0 0.12603741559342274
9800.0 0.12621152929933777
9802.0 0.12616975693482396
9804.0 0.12630413249253683
9806.0 0.12611915043448022
9808.0 0.125556607017989
9810.0 0.1252096675992351
9812.0 0.12522934266418054
9814.0 0.12529784431354787
9816.0 0.12555775842084613
9818.0 0.1258941605054308
9820.0 0.12566316099117406
9822.0 0.12494556316076313
9824.0 0.1244808648487354
9826.0 0.12447326822712314
9828.0 0.12488308914538503
9830.0 0.12572654424981206
9832.0 0.12645623509692405
9834.0 0.12673148153636898
9836.0 0.1268690047783174
9838.0 0.12670988944664852
9840.0 0.12641263129740574
9842.0 0.12634276380164763
9844.0 0.12630295165570152
9846.0 0.12626236812605643
9848.0 0.1266881395015611
9850.0 0.12697202003897495
9852.0 0.12674287612992322
9854.0 0.1265322887156722
9856.0 0.1264245038175231
9858.0 0.126496313445169
9860.0 0.1268191622721211
9862.0 0.12705022167688984
9864.0 0.12693229906930714
9866.0 0.12694879519848173
9868.0 0.1273215103840356
9870.0 0.1275752420973648
9872.0 0.12775405229441855
9874.0 0.12766836513490357
9876.0 0.1272656127920457
9878.0 0.12637773494455615
9880.0 0.12582869707669558
9882.0 0.1259123260861294
9884.0 0.12609662144499884
9886.0 0.1263571327583848
9888.0 0.1267287042390044
9890.0 0.1269152901823658
9892.0 0.12680779091342476
9894.0 0.12686053578156484
9896.0 0.12737164437882395
9898.0 0.12792824906712258
9900.0 0.12811764565776343
9902.0 0.12814035520308487
9904.0 0.12825932686110292
9906.0 0.12862302016326096
9908.0 0.12870110598126336
9910.0 0.12839970080516955
9912.0 0.1279837380265272
9914.0 0.12759790651108635
9916.0 0.12727858785452453
9918.0 0.12717072477909638
9920.0 0.12742364719754296
9922.0 0.127618108441951
9924.0 0.12757094551978923
9926.0 0.1274613267908961
9928.0 0.12727972818789843
9930.0 0.12711968715788158
9932.0 0.1273668765045335
9934.0 0.12770773591265575
9936.0 0.12776733698740003
9938.0 0.12748676229495462
9940.0 0.1269816475098647
9942.0 0.12648944463585823
9944.0 0.1260180460135715
9946.0 0.1254988287032326
9948.0 0.12529812694115808
9950.0 0.12615963949965928
9952.0 0.12734158210867969
9954.0 0.1276772884269278
9956.0 0.12745321808499438
9958.0 0.1270608425215309
9960.0 0.12678852330587145
9962.0 0.12695984298329846
9964.0 0.12753982853223791
9966.0 0.12793458278798897
9968.0 0.1280169618932503
9970.0 0.12808864615935978
9972.0 0.12808055011277697
9974.0 0.12800311960331368
9976.0 0.1280550858274522
9978.0 0.12814055582127476
9980.0 0.12812752425554172
9982.0 0.12805866815807898
9984.0 0.1278920840290945
9986.0 0.12764015559977693
9988.0 0.1274735413293693
9990.0 0.12746600523863982
9992.0 0.12751833834790863
9994.0 0.12754871872620133
9996.0 0.12701881672791446
9998.0 0.1262662660357725
