# z obs_date
# 0 52280
3580.0 0.15155630542871054
3582.0 0.16673020481893566
3584.0 0.16907025148207117
3586.0 0.17196850163055358
3588.0 0.17116623860202615
3590.0 0.16539551968600477
3592.0 0.192062188405414
3594.0 0.18880787164811547
3596.0 0.18659002407555064
3598.0 0.19328789204475702
3600.0 0.2009768071721918
3602.0 0.20954198170782218
3604.0 0.20653752264789205
3606.0 0.20610819508321884
3608.0 0.2284121139549289
3610.0 0.2279140689296669
3612.0 0.23898221296482164
3614.0 0.2404397232101611
3616.0 0.23466039021818824
3618.0 0.25137992823491356
3620.0 0.2621499602461148
3622.0 0.2420309263480976
3624.0 0.21928947647671096
3626.0 0.24251103926650658
3628.0 0.24794181645509508
3630.0 0.24914126121250887
3632.0 0.24749056433845315
3634.0 0.2413369690151427
3636.0 0.2311687213021421
3638.0 0.23786851318453836
3640.0 0.22831344235832945
3642.0 0.21692567872271626
3644.0 0.2029097628129873
3646.0 0.2073561209871099
3648.0 0.2089400860828522
3650.0 0.19878499262079888
3652.0 0.20349320074555408
3654.0 0.21021048539068102
3656.0 0.21553550906976499
3658.0 0.22620419289554394
3660.0 0.23363869650373997
3662.0 0.23186918729938355
3664.0 0.22147642564870493
3666.0 0.21478726569674148
3668.0 0.22796070948543362
3670.0 0.226745262834908
3672.0 0.2208496798294478
3674.0 0.23025558402826854
3676.0 0.23974723655043986
3678.0 0.23364055575301199
3680.0 0.24318381047107956
3682.0 0.25377972361284057
3684.0 0.2593262016616255
3686.0 0.2559165487870188
3688.0 0.2553497171709053
3690.0 0.2625174427527675
3692.0 0.25307789370824024
3694.0 0.2552177387981297
3696.0 0.2629409992800351
3698.0 0.2640198899054969
3700.0 0.2677350320149638
3702.0 0.2658170675332754
3704.0 0.2600275191943276
3706.0 0.26790925203025173
3708.0 0.2671452574282407
3710.0 0.260844194029551
3712.0 0.2592641076421538
3714.0 0.25729456398081035
3716.0 0.26181322348353336
3718.0 0.2602751202986617
3720.0 0.25118328033645304
3722.0 0.2563297669354115
3724.0 0.2861377894151704
3726.0 0.32539841570972056
3728.0 0.3452450480752999
3730.0 0.31544540142569555
3732.0 0.26943056919636665
3734.0 0.24728586487722415
3736.0 0.22832785652102824
3738.0 0.22296042493409898
3740.0 0.22757853019523103
3742.0 0.21921392431148717
3744.0 0.20888200641564153
3746.0 0.1976881426623951
3748.0 0.1879681215714491
3750.0 0.1822240567777189
3752.0 0.1748420004254681
3754.0 0.17383091723306326
3756.0 0.16999635905957497
3758.0 0.16264797617706053
3760.0 0.1468840472885287
3762.0 0.14136780530621978
3764.0 0.14777388827861337
3766.0 0.1435737636874727
3768.0 0.12814536506222388
3770.0 0.12065340485389754
3772.0 0.11334743946179668
3774.0 0.11006490468667872
3776.0 0.10473793367860952
3778.0 0.1005559542198938
3780.0 0.09933806581567753
3782.0 0.09466865454576087
3784.0 0.09358163696448216
3786.0 0.08855938551234745
3788.0 0.08099556970704201
3790.0 0.08532461939581774
3792.0 0.08487562265450936
3794.0 0.08277379532526334
3796.0 0.08211617253763981
3798.0 0.07922303291454791
3800.0 0.07679087506224506
3802.0 0.07535946129646791
3804.0 0.07697090756461968
3806.0 0.08752966420121053
3808.0 0.09436290566641627
3810.0 0.093388534774858
3812.0 0.09492611948069234
3814.0 0.09944800929649962
3816.0 0.09839177193007889
3818.0 0.0995816707043856
3820.0 0.10133394248989387
3822.0 0.10424792468339769
3824.0 0.10402870924372501
3826.0 0.11002643171027482
3828.0 0.11457790606492399
3830.0 0.11820268653798933
3832.0 0.11838263818653029
3834.0 0.11802859446264712
3836.0 0.11797807970113365
3838.0 0.11603628257668205
3840.0 0.11649644861392909
3842.0 0.12326501598415478
3844.0 0.12832425506955242
3846.0 0.1354448619336625
3848.0 0.1345523563983716
3850.0 0.13901673167502185
3852.0 0.13102526783503876
3854.0 0.12491362837693243
3856.0 0.13292490979366514
3858.0 0.13851603993682798
3860.0 0.14264672443337104
3862.0 0.136238663884001
3864.0 0.12642727937323994
3866.0 0.13055758735100875
3868.0 0.14850646463515735
3870.0 0.15425891747911327
3872.0 0.13713248714893175
3874.0 0.13134779671248833
3876.0 0.13542805407368325
3878.0 0.1407566770693373
3880.0 0.14367316780784609
3882.0 0.1394710416360358
3884.0 0.1350021039607693
3886.0 0.139034596795755
3888.0 0.14812462437320773
3890.0 0.15828917751576882
3892.0 0.1668705416457817
3894.0 0.17110578863166387
3896.0 0.16571077881641672
3898.0 0.16906412374019303
3900.0 0.17490448736352718
3902.0 0.1964657935125176
3904.0 0.20923654271621636
3906.0 0.21067330905337625
3908.0 0.21513747109759324
3910.0 0.22361373269676343
3912.0 0.2287200386188091
3914.0 0.22999439221734536
3916.0 0.24011055894874236
3918.0 0.24578801166912204
3920.0 0.2623867960224505
3922.0 0.2639392561984777
3924.0 0.27963232672640753
3926.0 0.3002574385755023
3928.0 0.30974122730207343
3930.0 0.30997719464383827
3932.0 0.31149054741013565
3934.0 0.30888352055209667
3936.0 0.31654689431758476
3938.0 0.32167536846379907
3940.0 0.31689928841286463
3942.0 0.30640527858108835
3944.0 0.30770477231112314
3946.0 0.3012481471342461
3948.0 0.29764546096433425
3950.0 0.28939294139846844
3952.0 0.28244478985207266
3954.0 0.275901717225979
3956.0 0.27455134329897574
3958.0 0.2667773567904699
3960.0 0.262308485243319
3962.0 0.2713073316018061
3964.0 0.2793687522687297
3966.0 0.2805725356962654
3968.0 0.27428512551627326
3970.0 0.27340865991472096
3972.0 0.2756815001853119
3974.0 0.2768097899923285
3976.0 0.2799321418650206
3978.0 0.29022584251689565
3980.0 0.3110490339866543
3982.0 0.3227724675637828
3984.0 0.3265599258106193
3986.0 0.3356544373079034
3988.0 0.3482787275010153
3990.0 0.3538387786643703
3992.0 0.3702716238725747
3994.0 0.3810764620115832
3996.0 0.3903575941356923
3998.0 0.3968599422074226
4000.0 0.40539906238582585
4002.0 0.4051932561510035
4004.0 0.4195515176429896
4006.0 0.4341383911833006
4008.0 0.4356457382609432
4010.0 0.4335911975637262
4012.0 0.44460839036371613
4014.0 0.4498358080514962
4016.0 0.45811073095019017
4018.0 0.4641822696809123
4020.0 0.4707535651747291
4022.0 0.4698805376350092
4024.0 0.4779863994935967
4026.0 0.48237055355545794
4028.0 0.4773360351908492
4030.0 0.4732409357975534
4032.0 0.465617944971434
4034.0 0.45261596174023894
4036.0 0.45140698608969954
4038.0 0.4492579388991228
4040.0 0.4390403493007178
4042.0 0.43502938666196983
4044.0 0.43453615059226824
4046.0 0.43617549799137756
4048.0 0.4328986842521036
4050.0 0.42333681825888253
4052.0 0.4142972896312185
4054.0 0.4101540148161478
4056.0 0.3993789798376232
4058.0 0.3957097251142301
4060.0 0.40674745447464145
4062.0 0.3944839058236399
4064.0 0.37916990375577964
4066.0 0.3779356366035241
4068.0 0.38581203413829884
4070.0 0.3812840321518512
4072.0 0.36802123382472074
4074.0 0.3602616675073824
4076.0 0.3648206833681412
4078.0 0.3644418321309866
4080.0 0.36001968508224613
4082.0 0.3595520526148875
4084.0 0.36297709138160333
4086.0 0.354218737484652
4088.0 0.35860850250940624
4090.0 0.3682674473479359
4092.0 0.3713045122886158
4094.0 0.36583163519250783
4096.0 0.3756392222734739
4098.0 0.38443288683241034
4100.0 0.38819361006747144
4102.0 0.39403331028091515
4104.0 0.4009694068258235
4106.0 0.40051204971046545
4108.0 0.4145192558326876
4110.0 0.42292529994282635
4112.0 0.4290591498746632
4114.0 0.42926107119910556
4116.0 0.4445750623083052
4118.0 0.44920556372705983
4120.0 0.4390115184226299
4122.0 0.43958138402627933
4124.0 0.44840636000424705
4126.0 0.4577272464359489
4128.0 0.449385357345412
4130.0 0.454830008343737
4132.0 0.4480071012791425
4134.0 0.45428300562449836
4136.0 0.4489840651880607
4138.0 0.45097161742943087
4140.0 0.45494733611684096
4142.0 0.46978451960437645
4144.0 0.4603421670353728
4146.0 0.46165351224390944
4148.0 0.4779474998548297
4150.0 0.4874810356833289
4152.0 0.4858400943224966
4154.0 0.48927765532120815
4156.0 0.4858409256852703
4158.0 0.48660393706574945
4160.0 0.4914497530715233
4162.0 0.4885353971796187
4164.0 0.48627981770600187
4166.0 0.47473002067511605
4168.0 0.4654236874145371
4170.0 0.469535046031792
4172.0 0.46223334408323824
4174.0 0.4557676678252729
4176.0 0.4488497611041492
4178.0 0.4408542260762338
4180.0 0.4342300142033294
4182.0 0.41717769314725717
4184.0 0.41765364921568987
4186.0 0.41021097145195334
4188.0 0.4013012509319616
4190.0 0.38890503004143223
4192.0 0.3811224140450349
4194.0 0.3759823103314837
4196.0 0.38615490109863687
4198.0 0.3659697507199947
4200.0 0.36772837183734053
4202.0 0.3637840678013433
4204.0 0.36340291389670853
4206.0 0.36825673961180583
4208.0 0.36536778710410117
4210.0 0.36807125746621167
4212.0 0.3674833574576707
4214.0 0.37023731132736615
4216.0 0.38049341567642064
4218.0 0.3935656123416832
4220.0 0.40684814745809333
4222.0 0.41647252170494825
4224.0 0.41834060524837
4226.0 0.4268876976351074
4228.0 0.4334497835849033
4230.0 0.437434031595172
4232.0 0.44511362701314305
4234.0 0.44121730392926584
4236.0 0.4394250756933197
4238.0 0.43976249573082227
4240.0 0.43746488664151106
4242.0 0.444453191328883
4244.0 0.44395331275491384
4246.0 0.4351173401629728
4248.0 0.4330815119918546
4250.0 0.4439951972306135
4252.0 0.43891959816091486
4254.0 0.430094433376199
4256.0 0.42756283951997814
4258.0 0.4245889177041335
4260.0 0.4220320185371739
4262.0 0.42047545271156284
4264.0 0.42072009688768575
4266.0 0.42391245387073395
4268.0 0.42658786556379974
4270.0 0.4202615185045802
4272.0 0.4232086885098962
4274.0 0.4293496142990747
4276.0 0.42569060100348616
4278.0 0.42601493096322335
4280.0 0.4250399150141382
4282.0 0.42376000293044286
4284.0 0.4182434396792
4286.0 0.4214544584574704
4288.0 0.42316230691723594
4290.0 0.4185940107856187
4292.0 0.40554613586890564
4294.0 0.4007579691229561
4296.0 0.4011787264855807
4298.0 0.3984399431868288
4300.0 0.3906159241076923
4302.0 0.383058318858239
4304.0 0.3775142773972222
4306.0 0.37725406219879454
4308.0 0.37352323251047764
4310.0 0.3598594798299623
4312.0 0.344725655951728
4314.0 0.34606326186570385
4316.0 0.3407524305982513
4318.0 0.329177941187045
4320.0 0.33223317865133817
4322.0 0.3302447740158979
4324.0 0.32367781430068227
4326.0 0.3211803266182533
4328.0 0.3274063734121008
4330.0 0.33275797057049844
4332.0 0.33404447126716913
4334.0 0.33544226060990756
4336.0 0.3344939951572938
4338.0 0.33658364014498715
4340.0 0.3497753945262134
4342.0 0.34646967741795287
4344.0 0.335817240395195
4346.0 0.3429508748075665
4348.0 0.3488843965627447
4350.0 0.35782644452123186
4352.0 0.3447078778676031
4354.0 0.3437108628438611
4356.0 0.3482562864476963
4358.0 0.34267340690803305
4360.0 0.33928281924641174
4362.0 0.3331629214109271
4364.0 0.3261747046069581
4366.0 0.31781382492592897
4368.0 0.3058947525684749
4370.0 0.29833063607407273
4372.0 0.2897272080197197
4374.0 0.27704137404701246
4376.0 0.2705416234289327
4378.0 0.26978734406201793
4380.0 0.2594157422816147
4382.0 0.2517381463445515
4384.0 0.2503300569593015
4386.0 0.2520614290085287
4388.0 0.2554779914633127
4390.0 0.25158080216919554
4392.0 0.2471113709973118
4394.0 0.24867524387943266
4396.0 0.2495859262763151
4398.0 0.24725285896811658
4400.0 0.2475925023606684
4402.0 0.2465759493290137
4404.0 0.2502952468891118
4406.0 0.25724226749198614
4408.0 0.26010675527100197
4410.0 0.2666874890854287
4412.0 0.27586790324834193
4414.0 0.2846458244978128
4416.0 0.2954508182152405
4418.0 0.30601636924130077
4420.0 0.31581304656186066
4422.0 0.3269440138122729
4424.0 0.3339767962355477
4426.0 0.33922867621006864
4428.0 0.3451839834041398
4430.0 0.34993027227708073
4432.0 0.36166335527161986
4434.0 0.37582028260999345
4436.0 0.3855339120784065
4438.0 0.3889112992358727
4440.0 0.3962664769083078
4442.0 0.41160551899879777
4444.0 0.4184950200712784
4446.0 0.42372943609300234
4448.0 0.42790986530538333
4450.0 0.43439461705005084
4452.0 0.4350966474009926
4454.0 0.43983685929881594
4456.0 0.44123387760022714
4458.0 0.4442892765601495
4460.0 0.4487890123168511
4462.0 0.45222127151684427
4464.0 0.45476215708314516
4466.0 0.46194959243682837
4468.0 0.4725775163367798
4470.0 0.48044735062173316
4472.0 0.48290771009066147
4474.0 0.4857951432816818
4476.0 0.48730188074165964
4478.0 0.4886157295646173
4480.0 0.49452345055236335
4482.0 0.49823554589295416
4484.0 0.5005981831412042
4486.0 0.5014960641644949
4488.0 0.4998542442687259
4490.0 0.49570854607950676
4492.0 0.492015176623512
4494.0 0.48525188898574373
4496.0 0.4915796181562382
4498.0 0.4928922913675261
4500.0 0.48696595823467864
4502.0 0.4849153960563322
4504.0 0.48181878785972637
4506.0 0.48450160147893256
4508.0 0.4875617170304752
4510.0 0.4842534814340387
4512.0 0.4780491933717266
4514.0 0.47938712047877785
4516.0 0.4880820066475617
4518.0 0.48579992333883915
4520.0 0.48296274157706326
4522.0 0.4818623979754744
4524.0 0.48732933122476596
4526.0 0.4871860648681723
4528.0 0.4808894833714389
4530.0 0.47903684730900614
4532.0 0.4823414047074288
4534.0 0.4854008812745868
4536.0 0.4866662224475911
4538.0 0.4851535549817457
4540.0 0.4908794010549647
4542.0 0.49206600818996354
4544.0 0.493092177995266
4546.0 0.4958294127236363
4548.0 0.5022249515542326
4550.0 0.502754041258303
4552.0 0.5006856769238552
4554.0 0.5003939418896836
4556.0 0.502596787898062
4558.0 0.506580400006183
4560.0 0.5148743110966696
4562.0 0.5201333349467125
4564.0 0.5221787133176428
4566.0 0.5224551819475172
4568.0 0.5261078959908986
4570.0 0.5313127949227466
4572.0 0.5274717767504652
4574.0 0.5295972821633189
4576.0 0.5363881034916114
4578.0 0.5351542835821678
4580.0 0.5405120646391474
4582.0 0.54515000486436
4584.0 0.5414232379351974
4586.0 0.5370342961466568
4588.0 0.536527784427316
4590.0 0.5352507816198289
4592.0 0.5319962623056269
4594.0 0.539010919280448
4596.0 0.5431027918873652
4598.0 0.5402074931888065
4600.0 0.5384311294987572
4602.0 0.5422802116750817
4604.0 0.5395628436131832
4606.0 0.5357797583667921
4608.0 0.5342520856312313
4610.0 0.5289632362148833
4612.0 0.5193083518368469
4614.0 0.5105209018009527
4616.0 0.507058699618634
4618.0 0.5061715284409822
4620.0 0.5030495281219405
4622.0 0.4944838532039961
4624.0 0.48573262705176773
4626.0 0.4761853227910118
4628.0 0.4664878867788158
4630.0 0.45723974737799344
4632.0 0.45002052339390264
4634.0 0.44618507334953733
4636.0 0.4409797118054359
4638.0 0.43084052703249925
4640.0 0.425259518459408
4642.0 0.4246756385807158
4644.0 0.42523722393092056
4646.0 0.4248316307133379
4648.0 0.42291606332915876
4650.0 0.42354765429459
4652.0 0.42283920473113895
4654.0 0.42851958383720157
4656.0 0.4305356229727075
4658.0 0.4303696448991382
4660.0 0.43257981295798714
4662.0 0.4348833277852977
4664.0 0.4366687270825714
4666.0 0.4328707338896691
4668.0 0.4341640775376779
4670.0 0.4387184923078153
4672.0 0.4393071319348402
4674.0 0.43269851645146945
4676.0 0.4305867690668655
4678.0 0.43168628367581857
4680.0 0.42435324215794157
4682.0 0.42156730419374094
4684.0 0.4186276125608
4686.0 0.4137532980759209
4688.0 0.40590004599409246
4690.0 0.39265390033922576
4692.0 0.3781598433502568
4694.0 0.36685569274014435
4696.0 0.3596230388324886
4698.0 0.349088022222476
4700.0 0.34187849513153296
4702.0 0.3344822568435457
4704.0 0.3291898456545225
4706.0 0.33313589602072
4708.0 0.338565641515879
4710.0 0.34500079586693577
4712.0 0.3564263009361982
4714.0 0.3667643664628727
4716.0 0.3807266554120086
4718.0 0.3977917160846924
4720.0 0.4141896248612336
4722.0 0.43251250089362386
4724.0 0.4464236336472514
4726.0 0.45565084401564554
4728.0 0.47065504011484166
4730.0 0.4810605272917299
4732.0 0.4852806788525594
4734.0 0.49127805615598386
4736.0 0.5031752973636068
4738.0 0.5136350588232949
4740.0 0.5150570354397838
4742.0 0.5226367439773383
4744.0 0.5374198429866781
4746.0 0.547194766791031
4748.0 0.5550944738687731
4750.0 0.5582329328256749
4752.0 0.5602271004216639
4754.0 0.5661776726989424
4756.0 0.5585133653267577
4758.0 0.5597191899151901
4760.0 0.5615985651418897
4762.0 0.5580948140250624
4764.0 0.5520517346158041
4766.0 0.5485384307674372
4768.0 0.5466552719792455
4770.0 0.5441491264153849
4772.0 0.5387925861906584
4774.0 0.5341675332143956
4776.0 0.5326779038223872
4778.0 0.5283593052715658
4780.0 0.5283243527174304
4782.0 0.5338001902317004
4784.0 0.5376419088432178
4786.0 0.5352659687204302
4788.0 0.5287678843412414
4790.0 0.5312897112244209
4792.0 0.5432736614030257
4794.0 0.5401577176771403
4796.0 0.5324589523380083
4798.0 0.5301914601758502
4800.0 0.5322314466311113
4802.0 0.5220471962621208
4804.0 0.5123551284806218
4806.0 0.5089785652701253
4808.0 0.49945779380916455
4810.0 0.49198522879817785
4812.0 0.4817258560784038
4814.0 0.474221840555892
4816.0 0.4588276501706358
4818.0 0.4512829503596903
4820.0 0.44268405616614825
4822.0 0.42786402270402135
4824.0 0.41832306777478806
4826.0 0.4083403460994466
4828.0 0.3952435518506558
4830.0 0.3939122256958613
4832.0 0.39110254139189077
4834.0 0.3884081557811614
4836.0 0.38571378168189485
4838.0 0.3830194158644758
4840.0 0.38032503267556783
4842.0 0.3776306652441219
4844.0 0.3749362836692406
4846.0 0.372241914623768
4848.0 0.36954753466291207
4850.0 0.3668531605636466
4852.0 0.364158789096353
4854.0 0.36146441155731945
4856.0 0.35877003847599886
4858.0 0.35607566255099216
4860.0 0.35338128845172556
4862.0 0.3506869129485841
4864.0 0.3479925394453986
4866.0 0.34529816232822985
4868.0 0.3426037904390712
4870.0 0.339920946777514
4872.0 0.3354949793963366
4874.0 0.32489861271167164
4876.0 0.3115699124648492
4878.0 0.29740236768618494
4880.0 0.280743804373693
4882.0 0.26780782043422263
4884.0 0.2597045384713496
4886.0 0.25773070453982294
4888.0 0.2537237769642014
4890.0 0.2521870020679432
4892.0 0.24743771217471527
4894.0 0.24838287948844542
4896.0 0.2420601956263864
4898.0 0.24367988946839894
4900.0 0.24509849403840334
4902.0 0.245044939619446
4904.0 0.24842409029416912
4906.0 0.25377948665118477
4908.0 0.24872787563921844
4910.0 0.2463258549251215
4912.0 0.25123608655263824
4914.0 0.25647444653643797
4916.0 0.26704928431847647
4918.0 0.27787451350587694
4920.0 0.28041812691609097
4922.0 0.28562150240406114
4924.0 0.29412555359498377
4926.0 0.3026299477772273
4928.0 0.3119335561356798
4930.0 0.3218931748819696
4932.0 0.3327326007508511
4934.0 0.34509046137599414
4936.0 0.35744832479008426
4938.0 0.36980618562708206
4940.0 0.3821640550369779
4942.0 0.3945219098781711
4944.0 0.40687977050331464
4946.0 0.41923764890981663
4948.0 0.4315954947544025
4950.0 0.4439533791567102
4952.0 0.45631121900549576
4954.0 0.4686691094036031
4956.0 0.48102694325658046
4958.0 0.4933848038817232
4960.0 0.5057427032764424
4962.0 0.5181005281328128
4964.0 0.5304584335233347
4966.0 0.5428162523839009
4968.0 0.5551741130090444
4970.0 0.5675320273961737
4972.0 0.5778745072627948
4974.0 0.5802154612915855
4976.0 0.5931811174516003
4978.0 0.6085571107772513
4980.0 0.6200329432915004
4982.0 0.6296462981666427
4984.0 0.6424788408322847
4986.0 0.6529711427732964
4988.0 0.6684876897405498
4990.0 0.683585897352266
4992.0 0.6875312235103125
4994.0 0.6913939797004494
4996.0 0.695256736441489
4998.0 0.6991194920005721
5000.0 0.7029869361115477
5002.0 0.7068543793608606
5004.0 0.7107171355509958
5006.0 0.7145798918915918
5008.0 0.71844264785112
5010.0 0.7223054040315677
5012.0 0.7261681601512426
5014.0 0.7300309161715428
5016.0 0.7338936724513647
5018.0 0.7377564286415021
5020.0 0.7416191844215048
5022.0 0.7454819409416251
5024.0 0.7493446965614801
5026.0 0.7532074532417474
5028.0 0.7570702094318845
5030.0 0.7621935532758467
5032.0 0.7617978210280784
5034.0 0.7585369085052598
5036.0 0.7568869362011985
5038.0 0.7571767004890609
5040.0 0.7517797860110662
5042.0 0.7471984493042207
5044.0 0.7442498444963569
5046.0 0.7406065937308163
5048.0 0.7339805138696986
5050.0 0.7345451588730348
5052.0 0.7333936357842997
5054.0 0.7295885842303287
5056.0 0.7272937921400009
5058.0 0.7231736292554377
5060.0 0.719799962064586
5062.0 0.7194949749476753
5064.0 0.7075707682941029
5066.0 0.6991842572328072
5068.0 0.6986845730551381
5070.0 0.6923351245041734
5072.0 0.6844445664854292
5074.0 0.672089429627739
5076.0 0.6629239772916484
5078.0 0.6630344803495899
5080.0 0.6628671765492863
5082.0 0.6531389279116293
5084.0 0.6435682645534784
5086.0 0.640589397138715
5088.0 0.634233026234411
5090.0 0.6334157647801442
5092.0 0.6283897556114729
5094.0 0.62224475219872
5096.0 0.6149380848749714
5098.0 0.6119031694985392
5100.0 0.6039353495551992
5102.0 0.6000766342710941
5104.0 0.6001276871843371
5106.0 0.5897791821359666
5108.0 0.5784972045986355
5110.0 0.5730006728087005
5112.0 0.5671657355598982
5114.0 0.5633469412516052
5116.0 0.5642032961718889
5118.0 0.5505019470980009
5120.0 0.539782992448229
5122.0 0.536808365002423
5124.0 0.5340942240435712
5126.0 0.534928591356696
5128.0 0.5373435934965265
5130.0 0.5352875738274508
5132.0 0.5361866192206927
5134.0 0.5436301695051542
5136.0 0.5483202307356548
5138.0 0.5490194085831575
5140.0 0.5491306421957829
5142.0 0.5497108943326051
5144.0 0.551119965959734
5146.0 0.553717952983036
5148.0 0.5540409952985803
5150.0 0.5522239338355797
5152.0 0.5488060906007585
5154.0 0.5458288118292447
5156.0 0.5449753657835692
5158.0 0.5466958318819087
5160.0 0.5500210421404299
5162.0 0.5539596521592811
5164.0 0.5506711676283212
5166.0 0.5477445570851202
5168.0 0.5526182320235626
5170.0 0.5549202811843366
5172.0 0.5588090603066216
5174.0 0.5637557873196157
5176.0 0.5640567181590679
5178.0 0.5616141974904841
5180.0 0.561810649751416
5182.0 0.56396405134075
5184.0 0.5623678964132919
5186.0 0.5536228570912811
5188.0 0.5523918669078995
5190.0 0.5534171459145625
5192.0 0.5515137192621541
5194.0 0.5536923053948722
5196.0 0.554390339960761
5198.0 0.5565042070164973
5200.0 0.5519454113395624
5202.0 0.553381186868535
5204.0 0.5520359589149031
5206.0 0.554959286498328
5208.0 0.5520779322884183
5210.0 0.5542824309164192
5212.0 0.5464608388219002
5214.0 0.5485227058976966
5216.0 0.5497009834365056
5218.0 0.5481425817495037
5220.0 0.5503817527763537
5222.0 0.5491692280997869
5224.0 0.5479770781018034
5226.0 0.5461814109941661
5228.0 0.5416430261288877
5230.0 0.5405658904050459
5232.0 0.5348757508383838
5234.0 0.5300402887338884
5236.0 0.5322554825596154
5238.0 0.5350633096854237
5240.0 0.5373472938335676
5242.0 0.5417500202619474
5244.0 0.5473140792511442
5246.0 0.5508516102661253
5248.0 0.5543400743868097
5250.0 0.5561530316696599
5252.0 0.5525365969635098
5254.0 0.5465875701591879
5256.0 0.553643171672518
5258.0 0.5599225643956584
5260.0 0.5583192970128839
5262.0 0.5491759681246807
5264.0 0.5455970128429775
5266.0 0.5483109333445016
5268.0 0.5436763989596819
5270.0 0.5466744251373502
5272.0 0.5450309641890421
5274.0 0.5343558445015911
5276.0 0.5365609031894041
5278.0 0.5423876753578063
5280.0 0.5475289737022712
5282.0 0.5481198777359647
5284.0 0.553398703080471
5286.0 0.563406398643436
5288.0 0.5604853868419424
5290.0 0.5561269634469621
5292.0 0.5582643290430852
5294.0 0.5609676665990325
5296.0 0.5662894275852228
5298.0 0.5626862332096068
5300.0 0.5542906522302736
5302.0 0.5531058932271955
5304.0 0.559432214095928
5306.0 0.5628815546086641
5308.0 0.5631346666291391
5310.0 0.5650231902092259
5312.0 0.5684404858685856
5314.0 0.5697254184950118
5316.0 0.5680546558015883
5318.0 0.5656368019708878
5320.0 0.5668223998755648
5322.0 0.5695885914740989
5324.0 0.5674085400473904
5326.0 0.5631781648195738
5328.0 0.5629979359477957
5330.0 0.5651939056461438
5332.0 0.5620690358070148
5334.0 0.559519551714576
5336.0 0.5650716423245926
5338.0 0.5662543674464552
5340.0 0.5644865852007491
5342.0 0.5618517209475102
5344.0 0.5637676142732551
5346.0 0.5687902265737075
5348.0 0.5697212593192359
5350.0 0.57508117470651
5352.0 0.5793676670984735
5354.0 0.5780348106931966
5356.0 0.5757229998605519
5358.0 0.5769776715289096
5360.0 0.5782117734563272
5362.0 0.5770019906596693
5364.0 0.5769433814975807
5366.0 0.5840208105052862
5368.0 0.5879865222917449
5370.0 0.5832629072328563
5372.0 0.5781995024535183
5374.0 0.5835410312894831
5376.0 0.5926467142336999
5378.0 0.5958372015467936
5380.0 0.5958637435291206
5382.0 0.5967056415827933
5384.0 0.5969293052116282
5386.0 0.5993363235867454
5388.0 0.6050580464129879
5390.0 0.6081244997904124
5392.0 0.6082401641796401
5394.0 0.6097865887823148
5396.0 0.6122832830419846
5398.0 0.6157829026541062
5400.0 0.6197607389902721
5402.0 0.61819302781714
5404.0 0.6180034945418853
5406.0 0.6207072236615414
5408.0 0.6250321728746455
5410.0 0.6256138473644401
5412.0 0.6201661072750083
5414.0 0.6176066541887348
5416.0 0.622837518826469
5418.0 0.6237497102784016
5420.0 0.6189875100153259
5422.0 0.6170257628564232
5424.0 0.6113005086094941
5426.0 0.6054086632980155
5428.0 0.6050918809884812
5430.0 0.6018101260871453
5432.0 0.6058141386122321
5434.0 0.6090279151441788
5436.0 0.5991726866695019
5438.0 0.5989795529251768
5440.0 0.6069450801353493
5442.0 0.6097308812901027
5444.0 0.6029060781987727
5446.0 0.6014723500852744
5448.0 0.5998677372898624
5450.0 0.5930462672821549
5452.0 0.5940437650104297
5454.0 0.5966256922892383
5456.0 0.5948391116749813
5458.0 0.593993682049768
5460.0 0.5977602417554317
5462.0 0.5992787061575864
5464.0 0.5979600669030621
5466.0 0.6039122138075299
5468.0 0.6183989807362674
5470.0 0.627022526122964
5472.0 0.6291061304586861
5474.0 0.6328567854283842
5476.0 0.6353660765415372
5478.0 0.6321242486678241
5480.0 0.6349993971291501
5482.0 0.6389072808691207
5484.0 0.6436422582675043
5486.0 0.6486775429607595
5488.0 0.6499668788363567
5490.0 0.6548940017753652
5492.0 0.6624713603803584
5494.0 0.6709970425024526
5496.0 0.680804549165722
5498.0 0.6869286928368723
5500.0 0.6949743628252202
5502.0 0.7004862707446169
5504.0 0.7120567206787608
5506.0 0.719870899343768
5508.0 0.7303003754551726
5510.0 0.7381270949132535
5512.0 0.7460732062330815
5514.0 0.7523601400412087
5516.0 0.7603574513840937
5518.0 0.7720340843650215
5520.0 0.7780543847117005
5522.0 0.7752864149707642
5524.0 0.7761699265400241
5526.0 0.78173596879823
5528.0 0.7831319185150543
5530.0 0.7892894232843857
5532.0 0.791212182184098
5534.0 0.7872912293562613
5536.0 0.7883012430496881
5538.0 0.7903164302048731
5540.0 0.789506125473217
5542.0 0.7903741697091101
5544.0 0.789681598662203
5546.0 0.7810916809720316
5548.0 0.7702467684108296
5550.0 0.7626270372164801
5552.0 0.760353608030119
5554.0 0.7620426591671725
5556.0 0.7498989160549073
5558.0 0.7383881547632273
5560.0 0.7364276200385352
5562.0 0.7379006995519172
5564.0 0.7333592791796546
5566.0 0.7252720563852301
5568.0 0.7259342639378137
5570.0 0.7285374507024535
5572.0 0.7218057580960996
5574.0 0.711788906026493
5576.0 0.7085353309725458
5578.0 0.7117682158333398
5580.0 0.7113874082938606
5582.0 0.7074062668058436
5584.0 0.692386571156364
5586.0 0.6887636651625766
5588.0 0.6769685121150603
5590.0 0.6620352597145793
5592.0 0.6513797916979264
5594.0 0.6470094025859504
5596.0 0.6477417663907994
5598.0 0.6442456513638023
5600.0 0.6429844411005432
5602.0 0.6457704600209415
5604.0 0.642995082258435
5606.0 0.6369183812336197
5608.0 0.6337120420408289
5610.0 0.6288603839176578
5612.0 0.6265157701525446
5614.0 0.6225887112340305
5616.0 0.6190310720748757
5618.0 0.6196326602143825
5620.0 0.619280898318395
5622.0 0.6178949243428935
5624.0 0.6192614934177755
5626.0 0.6194983164245975
5628.0 0.6152038318085424
5630.0 0.6129670718170637
5632.0 0.6152925673135669
5634.0 0.6197766844009349
5636.0 0.6221791293025593
5638.0 0.6150210047172907
5640.0 0.6146684126226369
5642.0 0.6168867852685609
5644.0 0.618105118881208
5646.0 0.6170747782342743
5648.0 0.6154287370956847
5650.0 0.6215300147258861
5652.0 0.6234218227058855
5654.0 0.622190253212322
5656.0 0.6142433712665536
5658.0 0.6155761804487355
5660.0 0.6205342585758146
5662.0 0.6225244039713824
5664.0 0.6164261344200137
5666.0 0.6075624073351197
5668.0 0.5999845025904526
5670.0 0.6058718063584247
5672.0 0.6112943561593956
5674.0 0.6052340508657598
5676.0 0.5947787982250503
5678.0 0.5926699352591798
5680.0 0.5970407863523268
5682.0 0.5970536241433233
5684.0 0.5867794418911799
5686.0 0.5738519406043535
5688.0 0.5647587102456808
5690.0 0.5599984834738789
5692.0 0.5534013061502219
5694.0 0.5483512824475661
5696.0 0.5431612382382808
5698.0 0.5303915210341587
5700.0 0.5151240919144883
5702.0 0.5020143819298603
5704.0 0.48845034178334623
5706.0 0.4742481493570093
5708.0 0.4527966206386052
5710.0 0.4264489389063024
5712.0 0.4074033981899153
5714.0 0.3880953240987036
5716.0 0.3716869124814203
5718.0 0.3509623215791292
5720.0 0.3297249644520582
5722.0 0.3118178054095831
5724.0 0.29675540432749675
5726.0 0.2943485479164894
5728.0 0.2813260421738331
5730.0 0.2667303537741532
5732.0 0.258150696114495
5734.0 0.25150115226247416
5736.0 0.244545444813508
5738.0 0.2378771596558403
5740.0 0.23546498933909452
5742.0 0.23525458301487034
5744.0 0.23200633349480215
5746.0 0.22724713997581578
5748.0 0.22352838748727494
5750.0 0.22509580841301172
5752.0 0.2335937670174638
5754.0 0.2383661163068961
5756.0 0.23487237682015677
5758.0 0.2360675494157591
5760.0 0.24276673627866346
5762.0 0.24750823440738987
5764.0 0.25071835114573293
5766.0 0.2514111311285779
5768.0 0.25142271755256973
5770.0 0.25777334292091947
5772.0 0.26720100788919326
5774.0 0.2791600779542068
5776.0 0.293158042436725
5778.0 0.3031742687402588
5780.0 0.3074963052286273
5782.0 0.3124472998073686
5784.0 0.3246146921724867
5786.0 0.3440933580757072
5788.0 0.361282982913224
5790.0 0.37027630884787016
5792.0 0.3863366065039808
5794.0 0.40506372637511234
5796.0 0.42011736005349454
5798.0 0.43756293710242317
5800.0 0.4586008571073777
5802.0 0.46807172868089325
5804.0 0.4832386797146203
5806.0 0.5062911265247486
5808.0 0.5266354525573672
5810.0 0.5475518841946626
5812.0 0.5570365260682733
5814.0 0.5757793898002862
5816.0 0.5974901630882051
5818.0 0.6170089749715114
5820.0 0.6324451435730741
5822.0 0.6520032472307222
5824.0 0.6756547122509423
5826.0 0.690386982666584
5828.0 0.6934723477752567
5830.0 0.7167510692837278
5832.0 0.7406720419954151
5834.0 0.7499585069036429
5836.0 0.7630511624710544
5838.0 0.7790762618330012
5840.0 0.7866142282562916
5842.0 0.7949904541354442
5844.0 0.8017903013826392
5846.0 0.8145291284409303
5848.0 0.8293809455436943
5850.0 0.8452913281567183
5852.0 0.8595358575142193
5854.0 0.8725145336954443
5856.0 0.8834167524296748
5858.0 0.8927968742611474
5860.0 0.9121243666597835
5862.0 0.9230225608278749
5864.0 0.9259223255368246
5866.0 0.9282514568763092
5868.0 0.9328061608165743
5870.0 0.9361151695613187
5872.0 0.9388378913361218
5874.0 0.941560595895528
5876.0 0.9442833087700501
5878.0 0.947006032299216
5880.0 0.9497323606917176
5882.0 0.9524628774221721
5884.0 0.9551855902966934
5886.0 0.9579082940581484
5888.0 0.9606310166309037
5890.0 0.9633537215615552
5892.0 0.9660764429651123
5894.0 0.9687991490649632
5896.0 0.9715218692993208
5898.0 0.974244582173844
5900.0 0.9769672900280572
5902.0 0.9796900085080525
5904.0 0.9824127175314642
5906.0 0.9851354348422617
5908.0 0.9877780763657037
5910.0 0.9905526288254415
5912.0 1.0
5914.0 0.9822207311156863
5916.0 0.96904833213297
5918.0 0.9648021220515751
5920.0 0.961241439374782
5922.0 0.9520529529426449
5924.0 0.9461532263611981
5926.0 0.9401567845295282
5928.0 0.9326029869012282
5930.0 0.929486188430219
5932.0 0.9259371656037595
5934.0 0.9236236586042224
5936.0 0.9206834069495263
5938.0 0.9167389257253742
5940.0 0.9059758406903776
5942.0 0.8905837681981024
5944.0 0.8875444722158693
5946.0 0.8854357181631534
5948.0 0.8818775381852181
5950.0 0.8741643341084334
5952.0 0.8603617049764665
5954.0 0.8501287407420913
5956.0 0.8425817938062532
5958.0 0.8313153333435246
5960.0 0.8246888666537813
5962.0 0.8240066753849887
5964.0 0.8191103835201688
5966.0 0.8075968603034755
5968.0 0.7912880816677061
5970.0 0.7813450794361545
5972.0 0.7863588812013493
5974.0 0.7809638392668409
5976.0 0.7774126261632676
5978.0 0.7693495766703995
5980.0 0.7595868838581461
5982.0 0.746122189017482
5984.0 0.7323851815444403
5986.0 0.7214110655752798
5988.0 0.7181868729712498
5990.0 0.7137080860136343
5992.0 0.7051855195732571
5994.0 0.6990095399475935
5996.0 0.6933709967004136
5998.0 0.685436416548008
6000.0 0.6776844213798338
6002.0 0.6721695050048134
6004.0 0.6654084939970332
6006.0 0.6637600354626176
6008.0 0.6563691124005707
6010.0 0.6505433436875735
6012.0 0.6504484919075479
6014.0 0.6400685201697436
6016.0 0.627664605868564
6018.0 0.6227363983344724
6020.0 0.6256805978128369
6022.0 0.6238130258016239
6024.0 0.616069757536978
6026.0 0.6104478451367928
6028.0 0.6015863274414665
6030.0 0.5943727832543712
6032.0 0.5945550684156193
6034.0 0.5828645603306121
6036.0 0.5754666372086736
6038.0 0.5796271341784636
6040.0 0.5775853722989425
6042.0 0.5713707808393609
6044.0 0.568647041019088
6046.0 0.5688288706093733
6048.0 0.5685221900697409
6050.0 0.5620865217933553
6052.0 0.5552419858156549
6054.0 0.5517447619893335
6056.0 0.5556398536215656
6058.0 0.5592825347176293
6060.0 0.558047882965372
6062.0 0.5513826217948364
6064.0 0.5478604818097298
6066.0 0.545132026488589
6068.0 0.5398930826780182
6070.0 0.5408373762980452
6072.0 0.5418118094439045
6074.0 0.5357048557981641
6076.0 0.5318076343882839
6078.0 0.5300411655087452
6080.0 0.537514411232037
6082.0 0.5377167236684439
6084.0 0.5319031230816967
6086.0 0.5308398072421457
6088.0 0.5305182144111193
6090.0 0.5253901293597026
6092.0 0.5235133606805135
6094.0 0.5307033908735219
6096.0 0.5358640088642572
6098.0 0.5355452668694576
6100.0 0.5349928162654609
6102.0 0.532843319299277
6104.0 0.5345077750766494
6106.0 0.5357786979705316
6108.0 0.5387172051102277
6110.0 0.5406231214019094
6112.0 0.5374038746464717
6114.0 0.5365789817919443
6116.0 0.5393430989369861
6118.0 0.5482907704416072
6120.0 0.5529226223613092
6122.0 0.5523515140187369
6124.0 0.5493164691769195
6126.0 0.5415512266216868
6128.0 0.5385702631030763
6130.0 0.5383994325259448
6132.0 0.5382242677515466
6134.0 0.5389100311702755
6136.0 0.5381630213375282
6138.0 0.5371300879944929
6140.0 0.5385142272239825
6142.0 0.5344850614963033
6144.0 0.5322556146386651
6146.0 0.5300882429057182
6148.0 0.5297762692528274
6150.0 0.5271045361410948
6152.0 0.5194493993803513
6154.0 0.5188981603122292
6156.0 0.5182903244876889
6158.0 0.5172651735443373
6160.0 0.5185700262871361
6162.0 0.5184833682667611
6164.0 0.5165943300621239
6166.0 0.5138682022214743
6168.0 0.5160391935249911
6170.0 0.5150357768120924
6172.0 0.5162257458780022
6174.0 0.5196287224614113
6176.0 0.5172225128062634
6178.0 0.515113794755336
6180.0 0.5117987003871872
6182.0 0.5135300078002124
6184.0 0.5129828712057718
6186.0 0.514074739533295
6188.0 0.5161360032193705
6190.0 0.5146956009712813
6192.0 0.5160030398845522
6194.0 0.5168317823472901
6196.0 0.5186977738902725
6198.0 0.5208866289610778
6200.0 0.5185771145078529
6202.0 0.5204408308105515
6204.0 0.5313652475037779
6206.0 0.5347317441388748
6208.0 0.5365444075792253
6210.0 0.5384531995639968
6212.0 0.5356326155759
6214.0 0.5363129162979545
6216.0 0.5396002862284762
6218.0 0.5404842510822067
6220.0 0.5416663292095927
6222.0 0.5420912018834689
6224.0 0.5419711036222805
6226.0 0.5429987267217845
6228.0 0.5449464642913604
6230.0 0.5485583395618351
6232.0 0.5485296102703663
6234.0 0.5541217160436018
6236.0 0.5532942732642603
6238.0 0.552088292074358
6240.0 0.5551099574730399
6242.0 0.5557535921666772
6244.0 0.5581930640336886
6246.0 0.5612702728797704
6248.0 0.5647728255571814
6250.0 0.5613666944476234
6252.0 0.5602240463911854
6254.0 0.5581600159426328
6256.0 0.5563167483642747
6258.0 0.5581491429073888
6260.0 0.5508851047988361
6262.0 0.5358959615172363
6264.0 0.5349461062197111
6266.0 0.5274999498525159
6268.0 0.5153599823985425
6270.0 0.504898466157906
6272.0 0.49803710297008236
6274.0 0.4898745608994882
6276.0 0.47535222460954535
6278.0 0.4631439703491821
6280.0 0.4575805426545584
6282.0 0.44782079225071986
6284.0 0.4331714743340602
6286.0 0.42388244153155935
6288.0 0.4179702057091818
6290.0 0.4096168816869405
6292.0 0.4008633160117668
6294.0 0.397333814000395
6296.0 0.38450445389913807
6298.0 0.36192439520466285
6300.0 0.34464101021480553
6302.0 0.33281980280358536
6304.0 0.322919105665
6306.0 0.3081748167751694
6308.0 0.2893090595490966
6310.0 0.28056545895604545
6312.0 0.26707044688826603
6314.0 0.25628001559212216
6316.0 0.2487347081720585
6318.0 0.23353765209435642
6320.0 0.217871346231188
6322.0 0.20686152466452326
6324.0 0.20084413436058057
6326.0 0.1913842193025325
6328.0 0.18982429129851064
6330.0 0.18870772730411375
6332.0 0.17409437291019997
6334.0 0.168572965368983
6336.0 0.16944875769262338
6338.0 0.16870883986057975
6340.0 0.16318614454197367
6342.0 0.16075179260411232
6344.0 0.15912858175847394
6346.0 0.16182928446371325
6348.0 0.16480341508358975
6350.0 0.17081138743403937
6352.0 0.17318485446821788
6354.0 0.17973914003077593
6356.0 0.19113772133464405
6358.0 0.20042257916662207
6360.0 0.21476467809092764
6362.0 0.22992218075447104
6364.0 0.24309991790125887
6366.0 0.26333618156998667
6368.0 0.2888975306101746
6370.0 0.31232854099267876
6372.0 0.33709708018717044
6374.0 0.35834853248727494
6376.0 0.3799226060933977
6378.0 0.40010642388876405
6380.0 0.419179620150144
6382.0 0.4360760477514792
6384.0 0.4520492884254406
6386.0 0.46411924031619517
6388.0 0.4738468473939753
6390.0 0.48984071148531283
6392.0 0.502912548018831
6394.0 0.513206251614921
6396.0 0.5226333206619559
6398.0 0.5278273249776665
6400.0 0.5322442143080585
6402.0 0.5366611017075956
6404.0 0.5410779911752985
6406.0 0.5454948784375252
6408.0 0.5499117680425384
6410.0 0.5543295339607922
6412.0 0.5587468845179383
6414.0 0.563163774101684
6416.0 0.5675806613851788
6418.0 0.5719975508316136
6420.0 0.5764144391622175
6422.0 0.5808313266517443
6424.0 0.5852482158921468
6426.0 0.5896651035189843
6428.0 0.5940819926220763
6430.0 0.5984988803862257
6432.0 0.6029157693520057
6434.0 0.6073326576826087
6436.0 0.612776764452824
6438.0 0.6120272762688694
6440.0 0.6132021347185959
6442.0 0.6153698312240743
6444.0 0.6128727641324517
6446.0 0.6154406437574532
6448.0 0.616960392181453
6450.0 0.6125481721322791
6452.0 0.6147235430387105
6454.0 0.616448247092958
6456.0 0.6173055325547784
6458.0 0.6249956656885675
6460.0 0.6291727378624355
6462.0 0.6296208953444126
6464.0 0.6260380799089124
6466.0 0.6255409956310268
6468.0 0.6301924045577745
6470.0 0.6313647679831275
6472.0 0.6292227441190369
6474.0 0.631630290470265
6476.0 0.6359663492381634
6478.0 0.634912652418404
6480.0 0.6383134602989843
6482.0 0.646340594837776
6484.0 0.6475998146267512
6486.0 0.6393720478423347
6488.0 0.6371002944162037
6490.0 0.6245460632113097
6492.0 0.6164175124803736
6494.0 0.6067532175385341
6496.0 0.5924180072541251
6498.0 0.581005966124136
6500.0 0.5723619131942179
6502.0 0.5592107249469005
6504.0 0.5520922894932021
6506.0 0.5361028953147482
6508.0 0.5281943995634193
6510.0 0.5120318649638108
6512.0 0.5001599495574119
6514.0 0.48976747626693984
6516.0 0.4820020268945708
6518.0 0.47274300201749214
6520.0 0.4676371217265974
6522.0 0.459102255415775
6524.0 0.4475295208436898
6526.0 0.4446760395954089
6528.0 0.43986620032503826
6530.0 0.4347054963883132
6532.0 0.4299595301008525
6534.0 0.42518659672192655
6536.0 0.44734826812952977
6538.0 0.44426637385052703
6540.0 0.4208028114208411
6542.0 0.417119376412241
6544.0 0.4186535178786961
6546.0 0.42282236227778025
6548.0 0.4278383052415145
6550.0 0.43285428734136966
6552.0 0.43787022715996576
6554.0 0.442886212404958
6556.0 0.4479021757237994
6558.0 0.45291811082316485
6560.0 0.45793297088797125
6562.0 0.46291931894839233
6564.0 0.46793528226723224
6566.0 0.47295127054166697
6568.0 0.47796720733082226
6570.0 0.4829831924601175
6572.0 0.4879991323944141
6574.0 0.493015114378569
6576.0 0.4980310574580004
6578.0 0.5030470207768417
6580.0 0.508062998041768
6582.0 0.5130789458404308
6584.0 0.5180949199602187
6586.0 0.5225398311782321
6588.0 0.5367604075245976
6590.0 0.5441353143109582
6592.0 0.5512042685143133
6594.0 0.5568620680073592
6596.0 0.5604484359551283
6598.0 0.5725325556342021
6600.0 0.5830820255851569
6602.0 0.5872139016212469
6604.0 0.593236437097524
6606.0 0.6018499801479564
6608.0 0.6134987485416653
6610.0 0.625204481645682
6612.0 0.638702828342217
6614.0 0.6501514468165213
6616.0 0.651797146915112
6618.0 0.6540271571680384
6620.0 0.6559760382706181
6622.0 0.6595620244318104
6624.0 0.6750686542875677
6626.0 0.6802626387016363
6628.0 0.6802781925566233
6630.0 0.6925729119224847
6632.0 0.6929449491437863
6634.0 0.6990272834552924
6636.0 0.6998569800397686
6638.0 0.7054303351592255
6640.0 0.7146812379290229
6642.0 0.7213890506222682
6644.0 0.7203145028184882
6646.0 0.7252181427111497
6648.0 0.7251998099759979
6650.0 0.7179416178612663
6652.0 0.7173414919506568
6654.0 0.7339699317526532
6656.0 0.7374676400111392
6658.0 0.7358133992216291
6660.0 0.7404285865153779
6662.0 0.7503708076576959
6664.0 0.7473450169775961
6666.0 0.7543321705387048
6668.0 0.763543547332779
6670.0 0.7594309508241038
6672.0 0.7613251897310662
6674.0 0.7663267463833723
6676.0 0.7680688606371597
6678.0 0.759076389145259
6680.0 0.7570838969287612
6682.0 0.7589853500905547
6684.0 0.7509359368691245
6686.0 0.7436752491891893
6688.0 0.7543634574034942
6690.0 0.763696947199406
6692.0 0.7611930640335784
6694.0 0.7556507150833873
6696.0 0.7490038349014871
6698.0 0.7449348469132219
6700.0 0.7409362451805105
6702.0 0.7354416111582656
6704.0 0.7293503679577583
6706.0 0.7228087699695017
6708.0 0.7257929943698666
6710.0 0.718904763961273
6712.0 0.70504864381149
6714.0 0.7066300779132443
6716.0 0.704354248524164
6718.0 0.7069175018196155
6720.0 0.7059037495787792
6722.0 0.6868368076482572
6724.0 0.673230259123786
6726.0 0.6724426294675979
6728.0 0.6687708313754528
6730.0 0.6616160600782546
6732.0 0.6505100631526544
6734.0 0.6478087620021995
6736.0 0.6443869628783391
6738.0 0.6339671573215947
6740.0 0.6311283977605766
6742.0 0.6268801751834486
6744.0 0.6201606242863966
6746.0 0.6164172641104141
6748.0 0.6057213005828418
6750.0 0.5980804985262141
6752.0 0.591134210026755
6754.0 0.5856581899470223
6756.0 0.5896789430596753
6758.0 0.5840815830295512
6760.0 0.5789872730992406
6762.0 0.5736878821260909
6764.0 0.5683885009068824
6766.0 0.5630891083122614
6768.0 0.5577897287145207
6770.0 0.5524903430241012
6772.0 0.547190947996492
6774.0 0.5418915708317418
6776.0 0.5365921741826621
6778.0 0.5312927986393824
6780.0 0.5259934129489624
6782.0 0.5206940138668928
6784.0 0.5153946407566031
6786.0 0.5100952400530627
6788.0 0.5047862110361062
6790.0 0.4994806322641507
6792.0 0.49418124657373075
6794.0 0.4888818732844994
6796.0 0.4835824743813708
6798.0 0.47821206362148827
6800.0 0.4734609695382546
6802.0 0.4731253894632622
6804.0 0.47143800936901836
6806.0 0.463926005485378
6808.0 0.45444003002623007
6810.0 0.4524025027720571
6812.0 0.4477163375171792
6814.0 0.4418452063159458
6816.0 0.4397891027930065
6818.0 0.4384079137267171
6820.0 0.43968154846764484
6822.0 0.4396069945029317
6824.0 0.4387878067554711
6826.0 0.4303069304243702
6828.0 0.4217292664126031
6830.0 0.4199431182408224
6832.0 0.41481427831491263
6834.0 0.40918512718320293
6836.0 0.41058927832672376
6838.0 0.4072117482385736
6840.0 0.4052202285498658
6842.0 0.40419530995464825
6844.0 0.3983955851403567
6846.0 0.39535749215914934
6848.0 0.39677511183095426
6850.0 0.39312827587167964
6852.0 0.3878228416431233
6854.0 0.3821432350145892
6856.0 0.3857341194619444
6858.0 0.38663922904205594
6860.0 0.380581343150388
6862.0 0.37799157614874274
6864.0 0.37733429350955144
6866.0 0.3654650311568786
6868.0 0.35856185678924724
6870.0 0.3537180225839842
6872.0 0.34818370491877526
6874.0 0.35028018927120674
6876.0 0.34738580270564257
6878.0 0.3388901708798722
6880.0 0.3348826355686917
6882.0 0.33068396978130377
6884.0 0.3251338056891432
6886.0 0.32073386103011275
6888.0 0.3144038842000168
6890.0 0.3040746091392791
6892.0 0.3035182606244873
6894.0 0.30052210822991665
6896.0 0.29070253875645674
6898.0 0.28300139511534245
6900.0 0.28036677144013017
6902.0 0.280651983226891
6904.0 0.2785008468031062
6906.0 0.27367689511298815
6908.0 0.26770588080493485
6910.0 0.2656306002684231
6912.0 0.26978669591707427
6914.0 0.2697078661928853
6916.0 0.2626051165101088
6918.0 0.26528126141206165
6920.0 0.27145983668191925
6922.0 0.26971218494666205
6924.0 0.27259144513830946
6926.0 0.27989271931265836
6928.0 0.2854745466622618
6930.0 0.2868337154869896
6932.0 0.29723464449915643
6934.0 0.30867069075403647
6936.0 0.31597821281839045
6938.0 0.32755904891107857
6940.0 0.3392435917767788
6942.0 0.3513692534715787
6944.0 0.3649907736155501
6946.0 0.37272022384267806
6948.0 0.3887375254205558
6950.0 0.4031864752675043
6952.0 0.4155020871462563
6954.0 0.4281568061783241
6956.0 0.4342682933888885
6958.0 0.44742669320142925
6960.0 0.467119127517892
6962.0 0.4827191793691332
6964.0 0.4943076618634349
6966.0 0.5108653019665377
6968.0 0.526558991307554
6970.0 0.5369763488591673
6972.0 0.5457720240894888
6974.0 0.5587552104172262
6976.0 0.5776570013719514
6978.0 0.5973583447677945
6980.0 0.610647915236182
6982.0 0.6231100807437079
6984.0 0.6324957179986709
6986.0 0.6380454519058104
6988.0 0.6490307188403762
6990.0 0.6630150363842456
6992.0 0.6781265781285094
6994.0 0.6898503345819422
6996.0 0.6978687502470099
6998.0 0.7045316129469807
7000.0 0.7143120201478264
7002.0 0.7307378062130618
7004.0 0.7432974225667394
7006.0 0.7449390323036438
7008.0 0.7486477976153579
7010.0 0.757533542241247
7012.0 0.7656166954096268
7014.0 0.777388782214147
7016.0 0.7816238631858314
7018.0 0.7873661466464063
7020.0 0.7860042559799361
7022.0 0.7872423530407138
7024.0 0.7946699460983238
7026.0 0.7974417319102555
7028.0 0.7929081037853639
7030.0 0.7919942438567634
7032.0 0.7913832382750947
7034.0 0.7944564275862086
7036.0 0.7998244565341148
7038.0 0.8068076645522216
7040.0 0.8196992735525485
7042.0 0.8285280952900795
7044.0 0.8227721039882219
7046.0 0.8317137562915347
7048.0 0.8454611224072385
7050.0 0.848424043632141
7052.0 0.857692970427195
7054.0 0.8689626274498266
7056.0 0.8734831227267519
7058.0 0.8811398839212692
7060.0 0.8889201203393934
7062.0 0.8890384078144117
7064.0 0.8866468962693073
7066.0 0.8854585369380755
7068.0 0.8862547662036822
7070.0 0.8863421689557881
7072.0 0.8882122911868925
7074.0 0.8880684241805643
7076.0 0.8955481125248648
7078.0 0.8989182042452659
7080.0 0.8946131487493441
7082.0 0.8875615176299085
7084.0 0.8797358560040126
7086.0 0.8634677308835791
7088.0 0.8493665276710466
7090.0 0.8372315396551777
7092.0 0.8323997199507909
7094.0 0.834249455349266
7096.0 0.8210882835219189
7098.0 0.8265842203454694
7100.0 0.814973280369085
7102.0 0.8001895647602905
7104.0 0.8034876809551852
7106.0 0.7828613187255593
7108.0 0.7666300485441124
7110.0 0.7685607700686894
7112.0 0.7645061614748887
7114.0 0.7491643419929257
7116.0 0.7389633516760993
7118.0 0.7287579121001739
7120.0 0.7192759892444982
7122.0 0.7111319965086786
7124.0 0.7007405881230077
7126.0 0.6917014135839787
7128.0 0.6866704121307566
7130.0 0.6810985001831907
7132.0 0.6685763991309528
7134.0 0.6582894508055919
7136.0 0.6521505353285932
7138.0 0.6457966795969382
7140.0 0.6384056126497945
7142.0 0.6237467318929661
7144.0 0.6143223019181122
7146.0 0.6019577208681766
7148.0 0.5990997125675533
7150.0 0.5920676753218743
7152.0 0.5794044700748368
7154.0 0.5701105771546672
7156.0 0.5632842208160292
7158.0 0.5553198202081332
7160.0 0.5482904364346133
7162.0 0.5553244440510856
7164.0 0.5668607152435485
7166.0 0.5668261112719907
7168.0 0.554492051436021
7170.0 0.545687301971935
7172.0 0.5470962423368044
7174.0 0.5552848415629082
7176.0 0.5454159484270895
7178.0 0.5447714772311122
7180.0 0.5541054005783663
7182.0 0.562384656914074
7184.0 0.5671417241590109
7186.0 0.5750582532356531
7188.0 0.5873949891612479
7190.0 0.597892479381199
7192.0 0.6008848758262668
7194.0 0.6037809623513912
7196.0 0.6111846719106483
7198.0 0.6124646462074932
7200.0 0.61322370147225
7202.0 0.6185365083180665
7204.0 0.6239990889212386
7206.0 0.6275600490535359
7208.0 0.6300890283191928
7210.0 0.6294342076270566
7212.0 0.6325399099463994
7214.0 0.6420378948636651
7216.0 0.6379848930711598
7218.0 0.6396211752165453
7220.0 0.6582539972268384
7222.0 0.6656939750170341
7224.0 0.6617433550623997
7226.0 0.6626777770707765
7228.0 0.6580974056385095
7230.0 0.6665574470802785
7232.0 0.691750069569366
7234.0 0.6962456734587634
7236.0 0.6877847538120605
7238.0 0.7009197296065792
7240.0 0.7023732139378994
7242.0 0.7041726306115033
7244.0 0.7034071065276346
7246.0 0.7031237693696447
7248.0 0.7012958000952784
7250.0 0.7048900569394796
7252.0 0.7233708468883582
7254.0 0.7290415076905988
7256.0 0.7373363321641148
7258.0 0.7510056086545983
7260.0 0.7369184408372089
7262.0 0.7438068182186656
7264.0 0.7583300877964987
7266.0 0.7622236207777191
7268.0 0.7767641698272776
7270.0 0.774348982582051
7272.0 0.7773870612674866
7274.0 0.7778387310940735
7276.0 0.7800963335680476
7278.0 0.7904057652962733
7280.0 0.7993401519578941
7282.0 0.8088939486135066
7284.0 0.8134179231344321
7286.0 0.8093117895593799
7288.0 0.8194742006998464
7290.0 0.8278191452644563
7292.0 0.8243971275042977
7294.0 0.8190810399525267
7296.0 0.838864300844235
7298.0 0.8352988383439102
7300.0 0.8347579533910119
7302.0 0.8388755647386908
7304.0 0.8340153220431398
7306.0 0.8237998286395459
7308.0 0.8132001441525775
7310.0 0.8034168787820606
7312.0 0.7975579349594933
7314.0 0.7952461324234595
7316.0 0.8016190706821195
7318.0 0.8059858547086188
7320.0 0.8012661296678106
7322.0 0.7974566435404655
7324.0 0.7995111730475585
7326.0 0.7881350665988314
7328.0 0.7787240573931399
7330.0 0.7781204690379135
7332.0 0.7646460774274519
7334.0 0.7577148908565374
7336.0 0.7558207320620153
7338.0 0.7407782155034055
7340.0 0.7357676703635653
7342.0 0.7365400064897248
7344.0 0.7268611724780335
7346.0 0.724656252300456
7348.0 0.7238042866024286
7350.0 0.7142226499589737
7352.0 0.7102114849345791
7354.0 0.7058987229647599
7356.0 0.6851220658573045
7358.0 0.6854109225315128
7360.0 0.6723596420662
7362.0 0.660935381574208
7364.0 0.6445299950724764
7366.0 0.6420357150487406
7368.0 0.6392874270474668
7370.0 0.6348919492130564
7372.0 0.631358193784662
7374.0 0.6270025892287996
7376.0 0.6277003179146315
7378.0 0.6130292058630245
7380.0 0.6048973578957825
7382.0 0.6033798092489054
7384.0 0.6100350335026903
7386.0 0.5987518624941467
7388.0 0.6042276560342577
7390.0 0.5990674223317839
7392.0 0.5947133331266087
7394.0 0.5811260841959879
7396.0 0.5687641061144743
7398.0 0.5709298907027329
7400.0 0.5615766325226971
7402.0 0.5545544071191475
7404.0 0.5529971377114296
7406.0 0.5417496266551383
7408.0 0.5398626888212873
7410.0 0.5472004436718764
7412.0 0.5328113976501145
7414.0 0.528828895454307
7416.0 0.5257959162070394
7418.0 0.5214394673504571
7420.0 0.5233655421362471
7422.0 0.5317298932415908
7424.0 0.5266407579876886
7426.0 0.5244238590808177
7428.0 0.5158166173343841
7430.0 0.5177063089976875
7432.0 0.5137746959661047
7434.0 0.5138102829755399
7436.0 0.521749611804883
7438.0 0.5165689443179894
7440.0 0.5100196146035636
7442.0 0.5080257247804024
7444.0 0.5052398201929181
7446.0 0.5019786651853917
7448.0 0.49440826316661474
7450.0 0.492658080681465
7452.0 0.49545765361780836
7454.0 0.48612612826815055
7456.0 0.48473919537242705
7458.0 0.4799703390100182
7460.0 0.47393197681428506
7462.0 0.47216907960942345
7464.0 0.4809082915768546
7466.0 0.4983560083081961
7468.0 0.4921929131284268
7470.0 0.4814048560084446
7472.0 0.4765871101820938
7474.0 0.47902874105199256
7476.0 0.47757392912199853
7478.0 0.4726558987717352
7480.0 0.467226232956704
7482.0 0.4654252697948298
7484.0 0.47694984188331907
7486.0 0.47271472277392346
7488.0 0.4688077649955532
7490.0 0.4699807802710926
7492.0 0.46819382161928386
7494.0 0.46571616015638523
7496.0 0.46323850373549186
7498.0 0.4607608496935582
7500.0 0.4582808492490851
7502.0 0.45580085289773903
7504.0 0.4533231947626788
7506.0 0.45084553834178465
7508.0 0.44836788097201236
7510.0 0.445890224833914
7512.0 0.44341256613326324
7514.0 0.4409349113260432
7516.0 0.43845725129451457
7518.0 0.43597959781817186
7520.0 0.4335019413972781
7522.0 0.4310242793687885
7524.0 0.42854662788940734
7526.0 0.42606896453003945
7528.0 0.4235913143815363
7530.0 0.42111365796064215
7532.0 0.4186359926043139
7534.0 0.4161583444527712
7536.0 0.41368067776556583
7538.0 0.4112030309449008
7540.0 0.40872536292681605
7542.0 0.40624771743702986
7544.0 0.4037632918230174
7546.0 0.4012793946590253
7548.0 0.3988017491421832
7550.0 0.3963240811511545
7552.0 0.39384642473026055
7554.0 0.39136877721645746
7556.0 0.3888911112223894
7558.0 0.3864134623777083
7560.0 0.3839357977145189
7562.0 0.3814581475389597
7564.0 0.3789804842066477
7566.0 0.3770287228110902
7568.0 0.3697489825009331
7570.0 0.3512037211157192
7572.0 0.34797617945580345
7574.0 0.35135390710566244
7576.0 0.3356389006637012
7578.0 0.3304251437520035
7580.0 0.34810506713520006
7582.0 0.3363482357409703
7584.0 0.31811260480217457
7586.0 0.3187073959863285
7588.0 0.3292911744342456
7590.0 0.33139693665471864
7592.0 0.3266752574809161
7594.0 0.3597384354058614
7596.0 0.33548510048038144
7598.0 0.33804703107900763
7600.0 0.34527619577477986
7602.0 0.33965541071226013
7604.0 0.3284498523669189
7606.0 0.3296246027996023
7608.0 0.3454522621390536
7610.0 0.33909265542534067
7612.0 0.3291007946143934
7614.0 0.31088289270376607
7616.0 0.3241247100939294
7618.0 0.31326028369897374
7620.0 0.33308314280237755
7622.0 0.32283862901990323
7624.0 0.3260234598687663
7626.0 0.3170860136640729
7628.0 0.30331120520991284
7630.0 0.3194179553862964
7632.0 0.30705858265851643
7634.0 0.3114009561245507
7636.0 0.3270179468188053
7638.0 0.32314190334111625
7640.0 0.32529889993291894
7642.0 0.3186934394584412
7644.0 0.33053015789313606
7646.0 0.32346481761852625
7648.0 0.3254427570051063
7650.0 0.3334948149275529
7652.0 0.3296838871459065
7654.0 0.3287791857549041
7656.0 0.3379718149094023
7658.0 0.34219520919956853
7660.0 0.3429788364456875
7662.0 0.3481216577683528
7664.0 0.3515602667397867
7666.0 0.3540975863201161
7668.0 0.3513886658012034
7670.0 0.3465940689778985
7672.0 0.3434129732031796
7674.0 0.34600538022832455
7676.0 0.35081907437388776
7678.0 0.3574271365811968
7680.0 0.3624325371522734
7682.0 0.36591184782337516
7684.0 0.3564836277267557
7686.0 0.36101594062451187
7688.0 0.3600368051268783
7690.0 0.3593100845913288
7692.0 0.3646836911586059
7694.0 0.36398699435904885
7696.0 0.361909881080746
7698.0 0.34990986544300595
7700.0 0.3473284413724585
7702.0 0.3457395030109918
7704.0 0.3475631619926198
7706.0 0.3526683968775058
7708.0 0.3545282802511857
7710.0 0.35533507542454174
7712.0 0.3495727005080337
7714.0 0.3517394104632638
7716.0 0.36005544845903575
7718.0 0.35938049905195074
7720.0 0.3673323784365759
7722.0 0.36179995851456276
7724.0 0.3659360754853453
7726.0 0.3739714911782226
7728.0 0.3729083813838964
7730.0 0.38520835519818875
7732.0 0.3846384523576186
7734.0 0.3621883033766661
7736.0 0.36596627459314174
7738.0 0.3719259602133348
7740.0 0.3797928943505265
7742.0 0.37816835991880904
7744.0 0.3695939658121216
7746.0 0.3667233950317553
7748.0 0.37968731260319893
7750.0 0.38712054430239534
7752.0 0.3908741340794778
7754.0 0.39889358392932733
7756.0 0.40296920340437153
7758.0 0.3979129818083517
7760.0 0.3974824680564601
7762.0 0.39665871593267293
7764.0 0.39583495000131974
7766.0 0.3950111988297467
7768.0 0.3941874405165679
7770.0 0.3933627999829914
7772.0 0.3925306240457657
7774.0 0.39170685677504435
7776.0 0.39088310599062565
7778.0 0.3900593396721188
7780.0 0.38923558135893993
7782.0 0.3884118291457387
7784.0 0.38758806425601383
7786.0 0.3867643110905985
7788.0 0.38594054715308806
7790.0 0.38511679303545826
7792.0 0.3842930300501619
7794.0 0.3834692717369829
7796.0 0.3826455161905714
7798.0 0.3862416386497204
7800.0 0.3974760761745436
7802.0 0.39881441632452075
7804.0 0.3876368755795149
7806.0 0.38425826116573186
7808.0 0.38114690019194253
7810.0 0.3727305432861982
7812.0 0.3673660890664468
7814.0 0.3732535394833641
7816.0 0.3735820040388588
7818.0 0.37088141705528377
7820.0 0.3746920419563736
7822.0 0.37337883929217636
7824.0 0.37132692752501684
7826.0 0.375636646571202
7828.0 0.36688727505409446
7830.0 0.353419605072814
7832.0 0.3543677827215555
7834.0 0.35152429887946063
7836.0 0.34938443716813666
7838.0 0.3472563910181387
7840.0 0.33504114578816785
7842.0 0.3359275089750752
7844.0 0.33156053353672155
7846.0 0.33425549536133053
7848.0 0.3435656288487208
7850.0 0.34335037559558695
7852.0 0.3405245408056308
7854.0 0.33566750968034575
7856.0 0.33757077118268486
7858.0 0.3438387259946071
7860.0 0.3447177797777965
7862.0 0.33100986351907286
7864.0 0.32824000319921703
7866.0 0.33537809880622915
7868.0 0.33762181703541244
7870.0 0.3312846337041798
7872.0 0.3282464823859914
7874.0 0.325315100929584
7876.0 0.3259850659499158
7878.0 0.33101046743623425
7880.0 0.32324896138572895
7882.0 0.31170708941218345
7884.0 0.3138032919652945
7886.0 0.31750070811608994
7888.0 0.3190781993855826
7890.0 0.3224914201818285
7892.0 0.3212338570644183
7894.0 0.30490050864077906
7896.0 0.3002603697337124
7898.0 0.3136224933642873
7900.0 0.3210504098223222
7902.0 0.3234775310750233
7904.0 0.3175523559836269
7906.0 0.31324507550361386
7908.0 0.32046454357281084
7910.0 0.3286464476031511
7912.0 0.3231014037847248
7914.0 0.30757464072740026
7916.0 0.31143681848390725
7918.0 0.3178716150859994
7920.0 0.31096787629209716
7922.0 0.31318812636216964
7924.0 0.3096314324615893
7926.0 0.31188335966743164
7928.0 0.30792201821297094
7930.0 0.3007638072342691
7932.0 0.3055534568164779
7934.0 0.3003297863856271
7936.0 0.29941528609056
7938.0 0.30085205902451423
7940.0 0.3007770999191252
7942.0 0.3060458435982383
7944.0 0.3026028961866201
7946.0 0.29550897610796506
7948.0 0.2970249340079811
7950.0 0.2999412220391907
7952.0 0.2977689623839391
7954.0 0.29186008718957424
7956.0 0.29538977991611454
7958.0 0.29858324813836623
7960.0 0.2955817001397864
7962.0 0.2945135153609247
7964.0 0.2930335577124575
7966.0 0.29231919959927855
7968.0 0.2953034731201085
7970.0 0.29891053530610384
7972.0 0.2985364068502785
7974.0 0.2988546669152215
7976.0 0.2981861456165569
7978.0 0.2938100042697713
7980.0 0.2955122879794723
7982.0 0.29143239836598195
7984.0 0.29142473189203427
7986.0 0.29398544554504363
7988.0 0.29354168563052147
7990.0 0.2955925979499014
7992.0 0.2948655875363436
7994.0 0.28836166401761554
7996.0 0.28989021903191226
7998.0 0.2981000207721453
8000.0 0.29815987957988566
8002.0 0.29338325281257494
8004.0 0.29557361749139693
8006.0 0.29714246092050456
8008.0 0.2945918086658383
8010.0 0.2898824865077429
8012.0 0.28628044595771274
8014.0 0.2915940643981216
8016.0 0.29448577890715094
8018.0 0.2927039538880407
8020.0 0.29131531726407706
8022.0 0.29309176200089515
8024.0 0.29114286869550454
8026.0 0.2900502774482835
8028.0 0.29330188006820407
8030.0 0.28987608628863054
8032.0 0.28586724335664
8034.0 0.28992836270407507
8036.0 0.29161708957969246
8038.0 0.2954267852717813
8040.0 0.29387308722453714
8042.0 0.2920618345219908
8044.0 0.2943841093892168
8046.0 0.29121283350893734
8048.0 0.2848510703120272
8050.0 0.28455516458128444
8052.0 0.28310413653417876
8054.0 0.2769771678846907
8056.0 0.2812785656037633
8058.0 0.28394055579468036
8060.0 0.28292073124934236
8062.0 0.28415756724117186
8064.0 0.28930702449433515
8066.0 0.29077613090892435
8068.0 0.28616853729132063
8070.0 0.2800760847191079
8072.0 0.2761276185483217
8074.0 0.2715243857027763
8076.0 0.2846939430882099
8078.0 0.28210456917884946
8080.0 0.2806857602199551
8082.0 0.27686774973498507
8084.0 0.27278021493689925
8086.0 0.2779082162826016
8088.0 0.2855032335108915
8090.0 0.2820655257814433
8092.0 0.2721995108113671
8094.0 0.27783652923327884
8096.0 0.2825115904599407
8098.0 0.2807828119378078
8100.0 0.2792738416196496
8102.0 0.28036730537603366
8104.0 0.27277611529003154
8106.0 0.26864991516481107
8108.0 0.26950057661752247
8110.0 0.262755529614527
8112.0 0.2602943595532979
8114.0 0.2606103585346623
8116.0 0.25818477456782024
8118.0 0.26118963070282164
8120.0 0.26731797280189096
8122.0 0.2684227558348456
8124.0 0.2666715920044265
8126.0 0.2701401045183883
8128.0 0.2750157514751377
8130.0 0.2655467878662105
8132.0 0.2608092554640471
8134.0 0.2666649223694328
8136.0 0.2656693741977686
8138.0 0.25701161153823965
8140.0 0.253731444593843
8142.0 0.2489106208519739
8144.0 0.25180250733689424
8146.0 0.24853064212216602
8148.0 0.2516164535179371
8150.0 0.2651789286378826
8152.0 0.25136257221940955
8154.0 0.253520029570828
8156.0 0.2601417124661941
8158.0 0.262102507126633
8160.0 0.26401690618649915
8162.0 0.2613737091401921
8164.0 0.2548864436831993
8166.0 0.2501996554332089
8168.0 0.24734346291710518
8170.0 0.25052396029779034
8172.0 0.2526386081084127
8174.0 0.2578389624348142
8176.0 0.2543552192388986
8178.0 0.25586662796404874
8180.0 0.259419725902502
8182.0 0.25753868069883523
8184.0 0.2557336394447091
8186.0 0.2518017997276464
8188.0 0.2529259803321553
8190.0 0.25129602848331123
8192.0 0.24819436145393764
8194.0 0.24747707955107642
8196.0 0.2594734598994129
8198.0 0.263882996198238
8200.0 0.26154453658198784
8202.0 0.2602684695197492
8204.0 0.25353687328471247
8206.0 0.24753825072185381
8208.0 0.24618498513991285
8210.0 0.24296367153958345
8212.0 0.24516056406806278
8214.0 0.254602829564117
8216.0 0.2651001188230427
8218.0 0.2748288769669127
8220.0 0.27612798910179776
8222.0 0.2617772630197948
8224.0 0.2564149321004637
8226.0 0.2636049173838995
8228.0 0.2652394248507501
8230.0 0.26794038188932284
8232.0 0.2706556608528459
8234.0 0.2702351229952769
8236.0 0.2692700382243601
8238.0 0.2656836324973828
8240.0 0.2578609634618056
8242.0 0.26783055973728465
8244.0 0.2689585639719135
8246.0 0.2630836339151149
8248.0 0.2629148966031035
8250.0 0.2601520264315906
8252.0 0.25071053147088307
8254.0 0.2511394258199057
8256.0 0.25580085664947194
8258.0 0.255093533045897
8260.0 0.2637356436354994
8262.0 0.25499513053742784
8264.0 0.24454671758442195
8266.0 0.26210118287694123
8268.0 0.26801587243754943
8270.0 0.2703106779266713
8272.0 0.26359143440867516
8274.0 0.2521193382855449
8276.0 0.24397816251173468
8278.0 0.23915092517350411
8280.0 0.25171689855149626
8282.0 0.2503097246420975
8284.0 0.25202041234018413
8286.0 0.2577354597670828
8288.0 0.25412550841424597
8290.0 0.25263144266356263
8292.0 0.25353410294371936
8294.0 0.2504622650974274
8296.0 0.24936678221763936
8298.0 0.2539232564288371
8300.0 0.25509109699974586
8302.0 0.25468932977523495
8304.0 0.2566687894476055
8306.0 0.25071081507446785
8308.0 0.2584865823383828
8310.0 0.25479397558228134
8312.0 0.25674928286750964
8314.0 0.24975358093660896
8316.0 0.2406005642450737
8318.0 0.25868196728932613
8320.0 0.24625460351170317
8322.0 0.241911377280216
8324.0 0.2669172658783518
8326.0 0.27532511886380134
8328.0 0.24838953881600342
8330.0 0.2502402277372033
8332.0 0.2600818375536752
8334.0 0.24911659821267435
8336.0 0.25473054800954237
8338.0 0.26285088618379115
8340.0 0.26925946351996244
8342.0 0.2775705196197446
8344.0 0.2756757114983965
8346.0 0.2602541238441787
8348.0 0.25000625584949
8350.0 0.2651734807534176
8352.0 0.2737601257007223
8354.0 0.26320562384671875
8356.0 0.26142824268575954
8358.0 0.26745770681948733
8360.0 0.2862272698441179
8362.0 0.26980268657735684
8364.0 0.25943571682465427
8366.0 0.2558645575919768
8368.0 0.2520280517027544
8370.0 0.25292488694734977
8372.0 0.2560335028360019
8374.0 0.25788243830227764
8376.0 0.2615463610305663
8378.0 0.25283877932836335
8380.0 0.2618112750961851
8382.0 0.2934318862892698
8384.0 0.30071855978838335
8386.0 0.30434908522461185
8388.0 0.30496066159233753
8390.0 0.3043419720968323
8392.0 0.30071468811982327
8394.0 0.3003782024765369
8396.0 0.3086848144541872
8398.0 0.314374466947926
8400.0 0.31537845256067654
8402.0 0.31977220808151663
8404.0 0.32965880037864836
8406.0 0.3259517362929416
8408.0 0.31255845371953084
8410.0 0.3272429353361425
8412.0 0.33758521639498135
8414.0 0.33752338309055924
8416.0 0.34695200096965956
8418.0 0.3551083856286333
8420.0 0.3516906485175408
8422.0 0.3503911113674447
8424.0 0.35151984439694156
8426.0 0.355353303087687
8428.0 0.3730940346025038
8430.0 0.3767063310247202
8432.0 0.38391444921053114
8434.0 0.38571492947119235
8436.0 0.3893828469101069
8438.0 0.38965967357613446
8440.0 0.39916988763721867
8442.0 0.3946012610139114
8444.0 0.4021788808942779
8446.0 0.4115443404176201
8448.0 0.39062865934311725
8450.0 0.39231080160176535
8452.0 0.4036052383246464
8454.0 0.40913851468301077
8456.0 0.4309211726226197
8458.0 0.416654700640179
8460.0 0.4252024008187935
8462.0 0.42683688553484705
8464.0 0.44341833918290186
8466.0 0.44441134198869864
8468.0 0.45053962569643613
8470.0 0.45739069913787345
8472.0 0.45981759336705463
8474.0 0.4771017889807854
8476.0 0.49483786342740227
8478.0 0.4999750001530237
8480.0 0.5000102558803555
8482.0 0.4973378668722624
8484.0 0.5082286215326921
8486.0 0.5157855992989658
8488.0 0.5133936648575708
8490.0 0.5241932575997285
8492.0 0.5277646507291708
8494.0 0.5228453475700047
8496.0 0.5349158907798233
8498.0 0.5447876567491728
8500.0 0.5569376653985177
8502.0 0.5618305297809694
8504.0 0.5662686546591543
8506.0 0.5692684833808691
8508.0 0.5786493112841237
8510.0 0.586965229469714
8512.0 0.601662230972601
8514.0 0.6018599430775137
8516.0 0.6017300097198746
8518.0 0.6028875843853327
8520.0 0.6001489210055274
8522.0 0.6145495959853758
8524.0 0.6100561472806465
8526.0 0.5958964436515167
8528.0 0.5922498318751795
8530.0 0.600281341498533
8532.0 0.6054923958051693
8534.0 0.6056724188032051
8536.0 0.6140630776373598
8538.0 0.6119145665493212
8540.0 0.6169001601210983
8542.0 0.6137364966752604
8544.0 0.6175777043300692
8546.0 0.6276973179970814
8548.0 0.6154277707356978
8550.0 0.6147698716071738
8552.0 0.6120148952025753
8554.0 0.6188988237399505
8556.0 0.6196835080628826
8558.0 0.605761930574726
8560.0 0.6065430543857393
8562.0 0.6026131309540051
8564.0 0.5969217403028446
8566.0 0.5960404288262827
8568.0 0.5824882781062848
8570.0 0.5771649200031475
8572.0 0.5867504761282674
8574.0 0.5846315124561453
8576.0 0.5718889038906799
8578.0 0.5745890590372765
8580.0 0.5705937665501191
8582.0 0.5749043606784432
8584.0 0.5696636414402135
8586.0 0.5779792590794997
8588.0 0.5835893592756847
8590.0 0.5785157722951019
8592.0 0.5751907107537938
8594.0 0.5847519428539221
8596.0 0.602108796404788
8598.0 0.5967764126254632
8600.0 0.5903207564517077
8602.0 0.6099782439990541
8604.0 0.6055270274211285
8606.0 0.6088193006321414
8608.0 0.6066850109509448
8610.0 0.6079187199976058
8612.0 0.6064533638432196
8614.0 0.6154343418263101
8616.0 0.6054248617948474
8618.0 0.6051768678961801
8620.0 0.6216865649467723
8622.0 0.6171844030266523
8624.0 0.6202190081106503
8626.0 0.6252022835992493
8628.0 0.630721996948392
8630.0 0.6390879603503725
8632.0 0.6391465453637164
8634.0 0.6419765638147882
8636.0 0.6424975561062332
8638.0 0.6420311361161378
8640.0 0.6419052659175368
8642.0 0.6432608014258479
8644.0 0.6573987432568068
8646.0 0.6640951822230489
8648.0 0.6688708271609041
8650.0 0.666760615214879
8652.0 0.6671803134759285
8654.0 0.6769648713417883
8656.0 0.6770815243758951
8658.0 0.6744564736258789
8660.0 0.6857124091372491
8662.0 0.6825369549960295
8664.0 0.6732976030209745
8666.0 0.6964170334474228
8668.0 0.71571000200385
8670.0 0.7030070800176716
8672.0 0.7017356382363765
8674.0 0.7148008939806956
8676.0 0.7126030449228331
8678.0 0.7120395520811371
8680.0 0.7116867250362502
8682.0 0.6965536128834883
8684.0 0.6905999470905904
8686.0 0.6792043270979268
8688.0 0.6613736153033252
8690.0 0.6512171775222843
8692.0 0.6572798675616737
8694.0 0.6445360163732116
8696.0 0.6211291799374286
8698.0 0.6238328050195698
8700.0 0.6262031530787178
8702.0 0.6217861889225024
8704.0 0.6152394222567594
8706.0 0.6157697942903397
8708.0 0.620552049314448
8710.0 0.6142670038350907
8712.0 0.6027133815663935
8714.0 0.6022334735062231
8716.0 0.6043127237624502
8718.0 0.5981277354511305
8720.0 0.6067793847648022
8722.0 0.6056554237123948
8724.0 0.5854420767056125
8726.0 0.5749892253164332
8728.0 0.5723900841487255
8730.0 0.57387818575268
8732.0 0.5745193996183251
8734.0 0.5654717914786492
8736.0 0.5639627775406184
8738.0 0.5407266098844058
8740.0 0.5295284352771971
8742.0 0.542063710321108
8744.0 0.5390823069669607
8746.0 0.5297256186647579
8748.0 0.5385412333056239
8750.0 0.5387910953562489
8752.0 0.5363512065553085
8754.0 0.527980802469752
8756.0 0.5400590568376291
8758.0 0.5337870866553208
8760.0 0.5152136262285869
8762.0 0.5123493632173087
8764.0 0.5052553483714117
8766.0 0.4864052791427936
8768.0 0.4856443374176453
8770.0 0.47603958539476227
8772.0 0.48972962200384673
8774.0 0.49434482788237855
8776.0 0.4910140607294759
8778.0 0.4920730699558865
8780.0 0.48690261104768057
8782.0 0.4841982885641279
8784.0 0.4836186679941939
8786.0 0.4815320732671233
8788.0 0.4760388222545248
8790.0 0.4772730304044922
8792.0 0.47512910994910584
8794.0 0.47320738478844804
8796.0 0.45404577847830385
8798.0 0.42814680829574975
8800.0 0.4360563221360866
8802.0 0.4389096462860517
8804.0 0.4281445314793526
8806.0 0.4117566267579541
8808.0 0.4151249917285246
8810.0 0.42761909142656396
8812.0 0.42250583936676417
8814.0 0.4282707276647108
8816.0 0.405060950249075
8818.0 0.40787166966493216
8820.0 0.42721426317972305
8822.0 0.4173993792887973
8824.0 0.3940836613938432
8826.0 0.38548211453436254
8828.0 0.40179775263935497
8830.0 0.3967360955711596
8832.0 0.3786536969127111
8834.0 0.37992966378426024
8836.0 0.39172139008835677
8838.0 0.3882784735426139
8840.0 0.38601336637664413
8842.0 0.4025999784460036
8844.0 0.4251005110650529
8846.0 0.4100073768355745
8848.0 0.38022781543306283
8850.0 0.38498715122028837
8852.0 0.3844877318689159
8854.0 0.3653529215153784
8856.0 0.35824815919749575
8858.0 0.36016731952173414
8860.0 0.3616321971860045
8862.0 0.34976500324337434
8864.0 0.3219541480077072
8866.0 0.32191610423461176
8868.0 0.3413954544278468
8870.0 0.327682451201599
8872.0 0.32348082761173924
8874.0 0.329528301579973
8876.0 0.33471010428924075
8878.0 0.33317520777201975
8880.0 0.3374325795331457
8882.0 0.3369472559101663
8884.0 0.3220935051122999
8886.0 0.32597683156989576
8888.0 0.34492898630762925
8890.0 0.33713183996196044
8892.0 0.33169419656205645
8894.0 0.3288474265567678
8896.0 0.3417475252099724
8898.0 0.33121970114934757
8900.0 0.33438051348652903
8902.0 0.31252355926464226
8904.0 0.2880161376321311
8906.0 0.3153157017527688
8908.0 0.3158507924350094
8910.0 0.303492182169492
8912.0 0.32036272165994195
8914.0 0.31710257128963465
8916.0 0.30653469193507177
8918.0 0.30937239179350423
8920.0 0.3228942577234407
8922.0 0.3221656413517824
8924.0 0.31507057046825887
8926.0 0.3199916429063422
8928.0 0.3189874329497364
8930.0 0.311124211217243
8932.0 0.2909452990489355
8934.0 0.29312042817014666
8936.0 0.30996145298519434
8938.0 0.3007480384617804
8940.0 0.29933626379232764
8942.0 0.30958803814000135
8944.0 0.30174383316236913
8946.0 0.28655859347322093
8948.0 0.2851075874016011
8950.0 0.2997046557628187
8952.0 0.3193767253723519
8954.0 0.3221090297661843
8956.0 0.30585465970951475
8958.0 0.31757006006074445
8960.0 0.3252305718356036
8962.0 0.3181343958400009
8964.0 0.29022139637749966
8966.0 0.29028437790250966
8968.0 0.29305103082534545
8970.0 0.30868833642828813
8972.0 0.30675542977380343
8974.0 0.30391666616062946
8976.0 0.3102238253479225
8978.0 0.31867895196492146
8980.0 0.31364752585891215
8982.0 0.28728832287094935
8984.0 0.28263425286455485
8986.0 0.2998754896540337
8988.0 0.3154088840777875
8990.0 0.31701652267521874
8992.0 0.3353096022528137
8994.0 0.33049822524990047
8996.0 0.32915479336253206
8998.0 0.31441548906736827
9000.0 0.29467863239304315
9002.0 0.2970227620258829
9004.0 0.29797888473737877
9006.0 0.2952609106693592
9008.0 0.29153642762146487
9010.0 0.2977075763434268
9012.0 0.30006485752496836
9014.0 0.29768523520588636
9016.0 0.2971700924734483
9018.0 0.2980763697218383
9020.0 0.27179838028873476
9022.0 0.28421805857868465
9024.0 0.30127777034371317
9026.0 0.28466842024237055
9028.0 0.29484413524847725
9030.0 0.3089164132911276
9032.0 0.2967591048318506
9034.0 0.29210757770459705
9036.0 0.29713244041441367
9038.0 0.31148905399044835
9040.0 0.3258104219318262
9042.0 0.328667245038417
9044.0 0.3222677983092201
9046.0 0.31360742000745856
9048.0 0.3179429371661704
9050.0 0.3262193508100624
9052.0 0.34338742592539034
9054.0 0.3184021817764928
9056.0 0.3035775204521146
9058.0 0.32220920476509446
9060.0 0.33761969447146545
9062.0 0.3223228738910148
9064.0 0.33132485176150894
9066.0 0.3411059022721419
9068.0 0.32323513116720454
9070.0 0.3002236317415654
9072.0 0.30728993333719695
9074.0 0.3296439729772027
9076.0 0.33510321189893294
9078.0 0.33337359371738673
9080.0 0.3305981927342279
9082.0 0.299835325904182
9084.0 0.30392025396115085
9086.0 0.3192611176947849
9088.0 0.3239281203278994
9090.0 0.3191379565010045
9092.0 0.30677590316441483
9094.0 0.2815030536843096
9096.0 0.2863234445263307
9098.0 0.28910939313687406
9100.0 0.2857629576351863
9102.0 0.28038254404518287
9104.0 0.29160083682336424
9106.0 0.27298268078001753
9108.0 0.2714914097337582
9110.0 0.30532073721747977
9112.0 0.30409468231726766
9114.0 0.30694059932323603
9116.0 0.31631794544473235
9118.0 0.31445841500726573
9120.0 0.30759847287398423
9122.0 0.32148809303985326
9124.0 0.3129102820011691
9126.0 0.28953972467837147
9128.0 0.3034254113821886
9130.0 0.31287232702794904
9132.0 0.31984456963718666
9134.0 0.31059739142225595
9136.0 0.30737364486872754
9138.0 0.31278487028318563
9140.0 0.30137807816124523
9142.0 0.2800639040406949
9144.0 0.2558959907349232
9146.0 0.26688307202709016
9148.0 0.25796663873230147
9150.0 0.27597828830431
9152.0 0.2744009617313876
9154.0 0.2724803635079555
9156.0 0.29902470034941164
9158.0 0.279469185964852
9160.0 0.2599580750291135
9162.0 0.2670321367047697
9164.0 0.3044116349712467
9166.0 0.29009823277571756
9168.0 0.2684825129184408
9170.0 0.3007733595125527
9172.0 0.309932768176351
9174.0 0.3127178108581347
9176.0 0.30894298626648703
9178.0 0.29810018948017836
9180.0 0.29120776512208496
9182.0 0.28532503830430256
9184.0 0.2849454109301503
9186.0 0.2890450505001165
9188.0 0.30643126443140173
9190.0 0.303832579740773
9192.0 0.30473018065152035
9194.0 0.31327822490096496
9196.0 0.33479395213494023
9198.0 0.3285618925750541
9200.0 0.31514938542056403
9202.0 0.3315202621962442
9204.0 0.34083175942075533
9206.0 0.3538616749456868
9208.0 0.3615832045722545
9210.0 0.35567890051162676
9212.0 0.3481632278656756
9214.0 0.3373819780131517
9216.0 0.3344722135147556
9218.0 0.33870771264246025
9220.0 0.32321777377924454
9222.0 0.3138389039285781
9224.0 0.3375550760294039
9226.0 0.3364407839281434
9228.0 0.3309584805268537
9230.0 0.3348168347314636
9232.0 0.34243829232746553
9234.0 0.33820416618163585
9236.0 0.32776904331216106
9238.0 0.3319693019785793
9240.0 0.3368825244600781
9242.0 0.3439636360473771
9244.0 0.3519170670314472
9246.0 0.341767649333174
9248.0 0.34260560485109354
9250.0 0.3395647563387748
9252.0 0.34240396871069284
9254.0 0.34137141456390946
9256.0 0.3417800389096178
9258.0 0.3431120457429037
9260.0 0.35359741658098487
9262.0 0.3404073891161172
9264.0 0.3472674840312916
9266.0 0.36151096029629115
9268.0 0.35486131709488206
9270.0 0.3497595587556721
9272.0 0.34462582631998917
9274.0 0.3410888524598526
9276.0 0.36253433652571565
9278.0 0.37381555308267606
9280.0 0.3688560456940625
9282.0 0.3615253250083618
9284.0 0.3058609055368778
9286.0 0.29784429339469737
9288.0 0.32504479131010394
9290.0 0.3159312674422392
9292.0 0.2686587497929834
9294.0 0.28870894238044154
9296.0 0.3164332564773991
9298.0 0.3029894666521417
9300.0 0.2941566495514699
9302.0 0.2863077396222142
9304.0 0.28350719559376175
9306.0 0.3064528640483455
9308.0 0.2888451478912026
9310.0 0.28727977591461223
9312.0 0.2739857735707772
9314.0 0.29951206974404015
9316.0 0.29251449219951736
9318.0 0.280101667799896
9320.0 0.2607015445137463
9322.0 0.3175347559208761
9324.0 0.3559565768755091
9326.0 0.34067021766361594
9328.0 0.3038934213233719
9330.0 0.2902394834057314
9332.0 0.29438309508329313
9334.0 0.304542881162892
9336.0 0.3206074426767015
9338.0 0.3717788692527752
9340.0 0.3265340189103329
9342.0 0.3385364600128304
9344.0 0.3609540947426629
9346.0 0.3268603418545659
9348.0 0.3161239305678172
9350.0 0.31173716037890575
9352.0 0.2554945517182199
9354.0 0.24258490831710966
9356.0 0.21442266589686568
9358.0 0.2883825263196346
9360.0 0.3418240629298463
9362.0 0.2924526040120725
9364.0 0.2701829633825901
9366.0 0.33938867335928175
9368.0 0.328807615228349
9370.0 0.294153299560029
9372.0 0.2859685877985324
9374.0 0.27974583936095476
9376.0 0.3047518425464281
9378.0 0.3412211296705583
9380.0 0.3209286199849821
9382.0 0.294848527359066
9384.0 0.3063233017241653
9386.0 0.33018051865402953
9388.0 0.32090715875486087
9390.0 0.3199224950122077
9392.0 0.3128965671307359
9394.0 0.3129328751647901
9396.0 0.3440711485102749
9398.0 0.3470130526732377
9400.0 0.3495086567811787
9402.0 0.3398128883943717
9404.0 0.33489205762454677
9406.0 0.3796472554533016
9408.0 0.36519365041593826
9410.0 0.3346152345252329
9412.0 0.30773923183450047
9414.0 0.2702431795846708
9416.0 0.27853970891793883
9418.0 0.2951887639196264
9420.0 0.28897179842326587
9422.0 0.28812921549801074
9424.0 0.3111834925301362
9426.0 0.319342553233182
9428.0 0.2719087056062072
9430.0 0.25093190413113425
9432.0 0.27936128727971093
9434.0 0.3355339923989775
9436.0 0.3197293139386443
9438.0 0.27855683825787114
9440.0 0.29939546411001594
9442.0 0.31844644997397564
9444.0 0.32372957218588033
9446.0 0.33577423390211375
9448.0 0.36284469329948876
9450.0 0.3344480926588581
9452.0 0.31981831883511597
9454.0 0.3479579627048582
9456.0 0.2935069639275413
9458.0 0.30543540917921796
9460.0 0.39798057146473553
9462.0 0.34713455717809333
9464.0 0.3330181952444615
9466.0 0.30610594870462593
9468.0 0.2509760835962091
9470.0 0.24387987480144616
9472.0 0.27320681439902256
9474.0 0.2508034225186334
9476.0 0.2298383033120755
9478.0 0.2662308753283582
9480.0 0.298219989371558
9482.0 0.26299552297201834
9484.0 0.2693465697341825
9486.0 0.2820220402888382
9488.0 0.272773289745678
9490.0 0.2758272985622854
9492.0 0.2585550337675532
9494.0 0.259065877879367
9496.0 0.2849773285971339
9498.0 0.27982774846531727
9500.0 0.27532492894335364
9502.0 0.2847173307565993
9504.0 0.2686823008051087
9506.0 0.26177888465479066
9508.0 0.2706324943538552
9510.0 0.2692160243908346
9512.0 0.26530373806428925
9514.0 0.2756150966776151
9516.0 0.27547682022837827
9518.0 0.2623837124586879
9520.0 0.2626282339297975
9522.0 0.28267307104256956
9524.0 0.3020245903430433
9526.0 0.29415168794061286
9528.0 0.2687698773824529
9530.0 0.2703606748327315
9532.0 0.27590431904617285
9534.0 0.2819023683485702
9536.0 0.26777017786200247
9538.0 0.23809458974051068
9540.0 0.23301114321534708
9542.0 0.2342447605475767
9544.0 0.24073707416587783
9546.0 0.25319790792071195
9548.0 0.262486202604145
9550.0 0.27773634846432066
9552.0 0.27809072893988235
9554.0 0.2774908466441387
9556.0 0.28259774393949316
9558.0 0.2875869674630833
9560.0 0.28731673892940696
9562.0 0.2802405878088108
9564.0 0.2694323297843307
9566.0 0.2689456423910721
9568.0 0.2765735680844428
9570.0 0.2757448749925022
9572.0 0.26853466176680807
9574.0 0.2619588008078377
9576.0 0.2573762314731397
9578.0 0.260481322956147
9580.0 0.26181689277565406
9582.0 0.26042170091448774
9584.0 0.2663666953940851
9586.0 0.25621460494810716
9588.0 0.251436279585636
9590.0 0.2583219575927107
9592.0 0.25697000877415027
9594.0 0.25041826060371486
9596.0 0.24966416123333007
9598.0 0.2590816216071484
9600.0 0.2644702990623741
9602.0 0.26694892052099073
9604.0 0.27593124682239584
9606.0 0.2780615207735891
9608.0 0.27203939112314873
9610.0 0.26789144199311754
9612.0 0.2785146736862993
9614.0 0.2896252044039101
9616.0 0.2829617766384779
9618.0 0.27321548387665
9620.0 0.27066353133190124
9622.0 0.26937230347029484
9624.0 0.26924460681101736
9626.0 0.26719122006857765
9628.0 0.26125362870767754
9630.0 0.2571407839953414
9632.0 0.2633645963129888
9634.0 0.2638898904213954
9636.0 0.25757013357478653
9638.0 0.25296450551475264
9640.0 0.2609764212090697
9642.0 0.26280786595593675
9644.0 0.24719883111734087
9646.0 0.22922451241064587
9648.0 0.2328612307311686
9650.0 0.24887810872698832
9652.0 0.2549167977200313
9654.0 0.25353544678009926
9656.0 0.2525969737275571
9658.0 0.25480010194114255
9660.0 0.2489281895566898
9662.0 0.23263560755741544
9664.0 0.23934706608521533
9666.0 0.2523632890557743
9668.0 0.24565714779595899
9670.0 0.23932127045002263
9672.0 0.2458510884748314
9674.0 0.2503898229978799
9676.0 0.24501163503078638
9678.0 0.25119229153127653
9680.0 0.2523041237397819
9682.0 0.24844850372141666
9684.0 0.2630825286622479
9686.0 0.2619957082420474
9688.0 0.2489634728907877
9690.0 0.243368132116907
9692.0 0.24463868930951113
9694.0 0.2615076436901381
9696.0 0.2642230352000784
9698.0 0.25655620181545263
9700.0 0.26184812302580873
9702.0 0.2694406856736848
9704.0 0.2642160252484267
9706.0 0.24751521436143023
9708.0 0.23515795702080156
9710.0 0.23106860233306883
9712.0 0.23298561564937145
9714.0 0.22842066997004631
9716.0 0.23566861549706286
9718.0 0.23484918250655498
9720.0 0.24377994566456443
9722.0 0.24455329956026092
9724.0 0.2322978743749339
9726.0 0.23907980591387756
9728.0 0.23947286296109419
9730.0 0.22804719846087196
9732.0 0.22234330961043008
9734.0 0.23367691607515145
9736.0 0.24229103777577238
9738.0 0.23869857211364562
9740.0 0.2440193119829104
9742.0 0.244282928283761
9744.0 0.23986392915477675
9746.0 0.22950866155346036
9748.0 0.23150934454299069
9750.0 0.2272249620851277
9752.0 0.21791417146214082
9754.0 0.22334848060282128
9756.0 0.22793638472890593
9758.0 0.22350993070309513
9760.0 0.22060930595106307
9762.0 0.2210199670998702
9764.0 0.22158402789159437
9766.0 0.2281782878383801
9768.0 0.21078827857338264
9770.0 0.21582475600501758
9772.0 0.22260291199119375
9774.0 0.23164749783433705
9776.0 0.22453775453230393
9778.0 0.22125387784272335
9780.0 0.21726803507191875
9782.0 0.22057572246751656
9784.0 0.22416344904915148
9786.0 0.23441294607367208
9788.0 0.2432346732877758
9790.0 0.23839968793548857
9792.0 0.22156704033973423
9794.0 0.22726609673364126
9796.0 0.21732651146772147
9798.0 0.21048655518247705
9800.0 0.22114279177288496
9802.0 0.2297509699055381
9804.0 0.23445619310445545
9806.0 0.23093005914604395
9808.0 0.22102257501422445
9810.0 0.21308488830235156
9812.0 0.229939900788494
9814.0 0.2252596132298752
9816.0 0.23716540046787773
9818.0 0.24324123894743815
9820.0 0.2396502554741471
9822.0 0.23668766029133703
9824.0 0.24719859992297538
9826.0 0.23498425941697063
9828.0 0.23014476105119916
9830.0 0.22114141833044096
9832.0 0.2193620946354003
9834.0 0.21814576551339054
9836.0 0.2252058711201465
9838.0 0.23792925476900045
9840.0 0.23204565461468507
9842.0 0.2222146864992074
9844.0 0.23755467351619472
9846.0 0.2542957636121574
9848.0 0.249356077283878
9850.0 0.21663629015453206
9852.0 0.20887541496370002
9854.0 0.21706852451272043
9856.0 0.23644776768414824
9858.0 0.23115881407858763
9860.0 0.24207287163662342
9862.0 0.23207162230406225
9864.0 0.2319600579255052
9866.0 0.23297884700707566
9868.0 0.24484016132712574
9870.0 0.21797834423446144
9872.0 0.20020538251805617
9874.0 0.2160004273132156
9876.0 0.23791107727159644
9878.0 0.20773505619317484
9880.0 0.21030835796876898
9882.0 0.214000237119864
9884.0 0.2019791952294884
9886.0 0.2073712171594664
9888.0 0.2058774701411579
9890.0 0.22492659227296913
9892.0 0.2223285318863304
9894.0 0.21072450145501967
9896.0 0.20915808925235907
9898.0 0.20974474196648113
9900.0 0.20976063325884264
9902.0 0.2097594670151203
9904.0 0.2097314700798026
9906.0 0.20972618641432017
9908.0 0.20975177476977303
9910.0 0.20976140417690228
9912.0 0.2097325808596247
9914.0 0.20968722815619215
9916.0 0.20966783765414235
9918.0 0.2096625885725306
9920.0 0.2096730217120408
9922.0 0.2097151095265699
9924.0 0.2097432700211117
9926.0 0.20974149634016123
9928.0 0.2097270707390193
9930.0 0.20972609752196886
9932.0 0.20973475649868636
9934.0 0.20973644770605981
9936.0 0.20973373865153708
9938.0 0.2097297355300375
9940.0 0.20971763669749194
9942.0 0.2097096811408003
9944.0 0.20973440680861638
9946.0 0.20980604730382307
9948.0 0.2098112487062998
9950.0 0.20974304100826732
9952.0 0.20970317167168245
9954.0 0.2097040017694511
9956.0 0.20972549482515143
9958.0 0.20975450361994893
9960.0 0.20980035041167577
9962.0 0.20983657824094268
9964.0 0.2098901989773581
9966.0 0.2099038689448177
9968.0 0.20986493158680727
9970.0 0.20980191910569504
9972.0 0.20974308085037532
9974.0 0.2096699734363973
9976.0 0.20962942438162274
9978.0 0.20960848789877212
9980.0 0.20960435953367865
9982.0 0.20962125643392868
9984.0 0.209650700545089
9986.0 0.20968652545500996
9988.0 0.20973910357142836
9990.0 0.20975259311142966
9992.0 0.209725600034757
9994.0 0.20971529376205716
9996.0 0.20972243315613404
9998.0 0.20973116792814211
