# z obs_date
# 0 52280
3580.0 0.6567874759803427
3582.0 0.6495980442857754
3584.0 0.6481117310246408
3586.0 0.6441934681214307
3588.0 0.6372987202918515
3590.0 0.6382855804667749
3592.0 0.6350765816893036
3594.0 0.6421373709905224
3596.0 0.6298696363675442
3598.0 0.6309470449307694
3600.0 0.6192187991447781
3602.0 0.6194363114349085
3604.0 0.6261082613720411
3606.0 0.6139635238480646
3608.0 0.6123205662015334
3610.0 0.6171299549286681
3612.0 0.6206064726152121
3614.0 0.6228287514996999
3616.0 0.6161906264823711
3618.0 0.6191471703448137
3620.0 0.6166478461024276
3622.0 0.6227316861083599
3624.0 0.6216657220295985
3626.0 0.6277608705609736
3628.0 0.6331844327058141
3630.0 0.6248777076160454
3632.0 0.6263118324405655
3634.0 0.6300023706558147
3636.0 0.6351351978400686
3638.0 0.6367217820175384
3640.0 0.6415863550306073
3642.0 0.6481699032629855
3644.0 0.6524524540284243
3646.0 0.6548487240375875
3648.0 0.6422106587357151
3650.0 0.6461609817906826
3652.0 0.6550416406021442
3654.0 0.6719165736228871
3656.0 0.6697234016252234
3658.0 0.6668294212491759
3660.0 0.6685120373421749
3662.0 0.671051415836364
3664.0 0.6786605425469522
3666.0 0.6956779081867842
3668.0 0.6986327827346835
3670.0 0.697661390701493
3672.0 0.6947325543871175
3674.0 0.698842166197399
3676.0 0.6962576641670714
3678.0 0.6939389223569847
3680.0 0.6956612904392009
3682.0 0.6975524048767193
3684.0 0.6897163141273195
3686.0 0.6910574137650468
3688.0 0.6778681633375236
3690.0 0.6615921551734353
3692.0 0.6480970146213632
3694.0 0.6402452989032142
3696.0 0.6297099324522903
3698.0 0.6189386326784773
3700.0 0.6016912136196367
3702.0 0.5881387083179745
3704.0 0.5865742137291449
3706.0 0.5699711665602396
3708.0 0.5669896654565617
3710.0 0.5552338135280236
3712.0 0.5556270270193138
3714.0 0.5476984746757165
3716.0 0.5399707343087907
3718.0 0.5351852622057847
3720.0 0.5286380594783051
3722.0 0.5311799069866471
3724.0 0.5321201287482507
3726.0 0.5365613640885372
3728.0 0.5346026698832695
3730.0 0.532982947673006
3732.0 0.5260586683439702
3734.0 0.5255645599990016
3736.0 0.5187827704222026
3738.0 0.5277868681333673
3740.0 0.5270894701730797
3742.0 0.5307775727176438
3744.0 0.5296888712193247
3746.0 0.5165057312347912
3748.0 0.5066552712611874
3750.0 0.5061034463761025
3752.0 0.4979613885535689
3754.0 0.48847175897151
3756.0 0.4776801685566948
3758.0 0.4614868417989467
3760.0 0.4603880501814117
3762.0 0.4500371962441128
3764.0 0.44222174880745324
3766.0 0.43369226078555034
3768.0 0.42458494105854366
3770.0 0.42020102653009256
3772.0 0.41137290861114945
3774.0 0.39959302045503853
3776.0 0.39299870726494024
3778.0 0.3850228673683044
3780.0 0.3878199181647505
3782.0 0.38680883624968787
3784.0 0.3714689035332641
3786.0 0.36857741786835696
3788.0 0.36853235009674157
3790.0 0.36046329370499136
3792.0 0.36097580961480247
3794.0 0.3632396052813852
3796.0 0.35817814384719576
3798.0 0.355244472039843
3800.0 0.3480702890303011
3802.0 0.35008749535521994
3804.0 0.35430012945161865
3806.0 0.35599319477274327
3808.0 0.35540920177382496
3810.0 0.35927391243800955
3812.0 0.36376006692564605
3814.0 0.3673545486171484
3816.0 0.372443189677456
3818.0 0.38111614525288895
3820.0 0.39004616142268445
3822.0 0.3994990236736144
3824.0 0.41145068593403245
3826.0 0.4220700896991727
3828.0 0.43061268527556873
3830.0 0.4427010843023364
3832.0 0.45319125525964465
3834.0 0.4651404394430174
3836.0 0.47872508407342507
3838.0 0.49384444575137876
3840.0 0.5081072433299524
3842.0 0.5205872131189493
3844.0 0.5349190757376155
3846.0 0.5508383755010744
3848.0 0.5638328372953187
3850.0 0.5763298222630763
3852.0 0.5929845618414729
3854.0 0.6057861006377573
3856.0 0.6213450870569991
3858.0 0.6387663380334403
3860.0 0.653577709430933
3862.0 0.6682613852327915
3864.0 0.6838492394637279
3866.0 0.7030983845384995
3868.0 0.7182790311609588
3870.0 0.7299638682728142
3872.0 0.7404341373539338
3874.0 0.7575968962445121
3876.0 0.7753462030382486
3878.0 0.7839038903003844
3880.0 0.7942958730494631
3882.0 0.8050740217583103
3884.0 0.8161826542998987
3886.0 0.8298369226183947
3888.0 0.8356438078542305
3890.0 0.8382008080952545
3892.0 0.8445165215369184
3894.0 0.8529622318601544
3896.0 0.8662206882153685
3898.0 0.8755490324472331
3900.0 0.8764309195907978
3902.0 0.8838329896547937
3904.0 0.8979137442126404
3906.0 0.9050438060643358
3908.0 0.9016957986100758
3910.0 0.9064766971759247
3912.0 0.9145638436798321
3914.0 0.918943173852165
3916.0 0.9277491224862028
3918.0 0.9313111602779572
3920.0 0.9014406055679732
3922.0 0.899348584583901
3924.0 0.9328927782678451
3926.0 0.9537220646574311
3928.0 0.9626120470185331
3930.0 0.9306467526671296
3932.0 0.8567080990896079
3934.0 0.8675921210658059
3936.0 0.9480275068444283
3938.0 0.9869615894946507
3940.0 0.9898522102972471
3942.0 0.9927867124941414
3944.0 0.9970105950085155
3946.0 0.9990288653096735
3948.0 1.0
3950.0 0.996316541511036
3952.0 0.9943714176623859
3954.0 0.9777852820730589
3956.0 0.9608110935655487
3958.0 0.9654324101324604
3960.0 0.965126115090474
3962.0 0.9588045534760342
3964.0 0.9417260719929698
3966.0 0.888901026495338
3968.0 0.8569365536872204
3970.0 0.8798457129267753
3972.0 0.8932972329672945
3974.0 0.8923565039712181
3976.0 0.8853611878164114
3978.0 0.8747804622822403
3980.0 0.8691944994163735
3982.0 0.8606373253476876
3984.0 0.8506669816162282
3986.0 0.8425811409451646
3988.0 0.8322908520040432
3990.0 0.8215463267858061
3992.0 0.8162374870083473
3994.0 0.804897907247468
3996.0 0.8020035543963255
3998.0 0.7954713645050326
4000.0 0.7940432137604189
4002.0 0.7892649612856544
4004.0 0.779490355647936
4006.0 0.7768827944542099
4008.0 0.77647756903408
4010.0 0.774669470407401
4012.0 0.7734361032766963
4014.0 0.7794780212062872
4016.0 0.7792964440073514
4018.0 0.7761796837661652
4020.0 0.7744398246676377
4022.0 0.7830213476803216
4024.0 0.7873325998335222
4026.0 0.7883717895157674
4028.0 0.7861608349951885
4030.0 0.7912076056768361
4032.0 0.794565023637996
4034.0 0.8039074106531482
4036.0 0.806698760105239
4038.0 0.8091830028837353
4040.0 0.8186285875340215
4042.0 0.8211655587685962
4044.0 0.8265231954908778
4046.0 0.8308546056514345
4048.0 0.8358048214537958
4050.0 0.8405502766101701
4052.0 0.8460431433649284
4054.0 0.8461661263683427
4056.0 0.8485204261263662
4058.0 0.8543408641099899
4060.0 0.8582633330168419
4062.0 0.8612804841669713
4064.0 0.8655637785025134
4066.0 0.8566961175834864
4068.0 0.853867410065554
4070.0 0.86048093954975
4072.0 0.857510432917312
4074.0 0.8585295182912192
4076.0 0.8521357271998534
4078.0 0.8515837541949068
4080.0 0.8539787062376546
4082.0 0.8565262095375383
4084.0 0.849798264163736
4086.0 0.8519595615589729
4088.0 0.8548103777812822
4090.0 0.8522084227655675
4092.0 0.8484611418364
4094.0 0.844158843773175
4096.0 0.8377688500849338
4098.0 0.8272772743905015
4100.0 0.8243673510426635
4102.0 0.8193572543019547
4104.0 0.8162508731222421
4106.0 0.8167711909671269
4108.0 0.805295254821082
4110.0 0.8065540303016335
4112.0 0.8028552937215656
4114.0 0.8052699439619297
4116.0 0.7984202466707454
4118.0 0.7988247259093769
4120.0 0.7915568897618638
4122.0 0.7881059095888082
4124.0 0.7850316179904236
4126.0 0.7814025111707479
4128.0 0.7774703367033139
4130.0 0.7815072300666227
4132.0 0.7745510370568734
4134.0 0.7713532211963547
4136.0 0.7747973490884381
4138.0 0.7732855489812234
4140.0 0.7696494685660228
4142.0 0.7704115473505012
4144.0 0.7666101407180368
4146.0 0.769657719697357
4148.0 0.7716657886518332
4150.0 0.7744202557891413
4152.0 0.7687812888251709
4154.0 0.7786971559171907
4156.0 0.7724443686912353
4158.0 0.7780314753446554
4160.0 0.7777551381654343
4162.0 0.7787215677714513
4164.0 0.7847858002928826
4166.0 0.7849843892618761
4168.0 0.7802298416106778
4170.0 0.7852729830405433
4172.0 0.7838850187237356
4174.0 0.7822332219783736
4176.0 0.7855598204643671
4178.0 0.7850986416623563
4180.0 0.7762624070230777
4182.0 0.7804483428297462
4184.0 0.7764350247566165
4186.0 0.776259720805896
4188.0 0.7710372807378175
4190.0 0.7699175682925633
4192.0 0.7645107526214822
4194.0 0.7618069552193867
4196.0 0.7572967058079224
4198.0 0.7486791066579277
4200.0 0.7524289675900969
4202.0 0.7441147414442522
4204.0 0.7446731809414524
4206.0 0.7419002124910902
4208.0 0.7297651862383365
4210.0 0.7266042627395267
4212.0 0.7198421543937444
4214.0 0.7183735871190474
4216.0 0.7120499044724483
4218.0 0.7112637265468412
4220.0 0.7086579923940515
4222.0 0.6980670665443423
4224.0 0.69527856392083
4226.0 0.6906352625285025
4228.0 0.6934820438389215
4230.0 0.6876218122015442
4232.0 0.6921212848211337
4234.0 0.6876099882316108
4236.0 0.6788010511033993
4238.0 0.673425816681716
4240.0 0.6745055025413632
4242.0 0.6694629178775958
4244.0 0.6664967327519993
4246.0 0.6680919694395603
4248.0 0.6599059694754124
4250.0 0.6574441545710097
4252.0 0.6542093330561123
4254.0 0.6546682264367493
4256.0 0.6479753837195893
4258.0 0.6454444680411453
4260.0 0.6423279717258223
4262.0 0.646118104859352
4264.0 0.6409825490058764
4266.0 0.6419106312479882
4268.0 0.6348161333485312
4270.0 0.6321203831008443
4272.0 0.6257735044374526
4274.0 0.6265535910184744
4276.0 0.6255545153637717
4278.0 0.622807219310036
4280.0 0.6316507738048944
4282.0 0.632234983380009
4284.0 0.6287699758535256
4286.0 0.6305189635008173
4288.0 0.6279959221726351
4290.0 0.6191868836015322
4292.0 0.6313330086896831
4294.0 0.626425807557333
4296.0 0.6268861825801352
4298.0 0.6241661648936149
4300.0 0.6214887189002408
4302.0 0.6170701603470138
4304.0 0.6204075032495543
4306.0 0.6231878993354091
4308.0 0.6247943770830404
4310.0 0.6254547432036747
4312.0 0.6286798225975225
4314.0 0.6287656091595614
4316.0 0.6293053855535566
4318.0 0.6299984516378824
4320.0 0.6269308821560525
4322.0 0.6302229572993032
4324.0 0.6228102229657531
4326.0 0.6229011640499243
4328.0 0.6196761089253908
4330.0 0.6212574795962149
4332.0 0.6246295018382578
4334.0 0.6180253371983244
4336.0 0.6115865276486655
4338.0 0.6056507494353233
4340.0 0.6091965638788406
4342.0 0.6105795942904436
4344.0 0.6040877133702439
4346.0 0.5982033572180278
4348.0 0.6029876671967861
4350.0 0.597368432725707
4352.0 0.5929620605368395
4354.0 0.5889412638440065
4356.0 0.5922309270410321
4358.0 0.5930481154376007
4360.0 0.5924119172888925
4362.0 0.5846233552784116
4364.0 0.5833758043845184
4366.0 0.5813083101187326
4368.0 0.5810062851435932
4370.0 0.5761931246195621
4372.0 0.5707931487792964
4374.0 0.5594779680193068
4376.0 0.5576095110344073
4378.0 0.5576184177141672
4380.0 0.5531951971911493
4382.0 0.5497145224623509
4384.0 0.5418240136414817
4386.0 0.5410889440051759
4388.0 0.5433134402689859
4390.0 0.5386520048165506
4392.0 0.5369947450845598
4394.0 0.5303175408125116
4396.0 0.528652027470181
4398.0 0.5245410189991393
4400.0 0.5211212869478886
4402.0 0.5142266003556828
4404.0 0.5140405401037719
4406.0 0.5089274947091711
4408.0 0.5086891643172282
4410.0 0.5100236228358023
4412.0 0.5071760854557256
4414.0 0.5035036117524077
4416.0 0.49999016581360467
4418.0 0.5009275860704098
4420.0 0.5039489316760155
4422.0 0.5043725715721883
4424.0 0.5039825025000809
4426.0 0.503793669449741
4428.0 0.506691407657401
4430.0 0.5073684206996459
4432.0 0.509129291578523
4434.0 0.5115147660528323
4436.0 0.5180730470599898
4438.0 0.5240531980739042
4440.0 0.5274676074848581
4442.0 0.5295425624992803
4444.0 0.5318655131935169
4446.0 0.5417694614191224
4448.0 0.5463378292901706
4450.0 0.5506736322960222
4452.0 0.5574582252430974
4454.0 0.564761118971043
4456.0 0.5692372345873492
4458.0 0.5738489448882902
4460.0 0.5785766592918198
4462.0 0.5844286575221901
4464.0 0.5900254774895313
4466.0 0.5930129425089278
4468.0 0.5940680602624907
4470.0 0.6010414112808434
4472.0 0.6121208224570167
4474.0 0.6216773069677821
4476.0 0.623947061692213
4478.0 0.6286184743849542
4480.0 0.6325915251359219
4482.0 0.6346094937917989
4484.0 0.6401959794307719
4486.0 0.6460174698006703
4488.0 0.6542820887399238
4490.0 0.6579913123620099
4492.0 0.6611828295824433
4494.0 0.6671990717954611
4496.0 0.6718068435207746
4498.0 0.6787873490616091
4500.0 0.6776800236993327
4502.0 0.6764632980931796
4504.0 0.6831696845664622
4506.0 0.6898259903180614
4508.0 0.6967306294141004
4510.0 0.7011443947805261
4512.0 0.7015453067586329
4514.0 0.7079901895820929
4516.0 0.7152063739331498
4518.0 0.718943856105414
4520.0 0.7231775717937683
4522.0 0.7303885020585997
4524.0 0.7334174398297303
4526.0 0.7333752974507717
4528.0 0.7404966107822015
4530.0 0.7497513712240853
4532.0 0.7572153551076438
4534.0 0.7637479815497109
4536.0 0.7707099316925897
4538.0 0.7801027587465851
4540.0 0.7856444518648618
4542.0 0.7903058699035284
4544.0 0.7964828024332644
4546.0 0.8003964920662124
4548.0 0.8060742585123092
4550.0 0.8134363268162854
4552.0 0.8189739262283251
4554.0 0.8258185415220807
4556.0 0.8337123756760269
4558.0 0.8399224725207195
4560.0 0.8453755014203884
4562.0 0.8503386991593368
4564.0 0.8534092066028446
4566.0 0.860276202172694
4568.0 0.8645130649287274
4570.0 0.8643031600042911
4572.0 0.870564124226365
4574.0 0.8783506275574944
4576.0 0.884360023333545
4578.0 0.8902258939623254
4580.0 0.8893950650693621
4582.0 0.8875471443065794
4584.0 0.8923645373485642
4586.0 0.8965596784327418
4588.0 0.9008947897620293
4590.0 0.9035633348640898
4592.0 0.9039416739704016
4594.0 0.9077134124294042
4596.0 0.9129169130109488
4598.0 0.9152231216130622
4600.0 0.9149963726863745
4602.0 0.9157669928208905
4604.0 0.9161926235611557
4606.0 0.9183967274691667
4608.0 0.922259844845888
4610.0 0.9226526534578012
4612.0 0.9195203617056253
4614.0 0.9170456085007307
4616.0 0.910167464052644
4618.0 0.9038950328045557
4620.0 0.9017624025235783
4622.0 0.8997296786336842
4624.0 0.8952150466045437
4626.0 0.8888145708868996
4628.0 0.8820866629756713
4630.0 0.8737142205429589
4632.0 0.8659971924207154
4634.0 0.8574299130493864
4636.0 0.8486800012051061
4638.0 0.8404184913732698
4640.0 0.8340313292929706
4642.0 0.8269633254123955
4644.0 0.8131873966365909
4646.0 0.8027525259399425
4648.0 0.7935014288810182
4650.0 0.7861791335569762
4652.0 0.7749488750264217
4654.0 0.7636585001465384
4656.0 0.7560969015304868
4658.0 0.746188184472541
4660.0 0.733425360741382
4662.0 0.7257904567602325
4664.0 0.712478989705296
4666.0 0.7028565753175241
4668.0 0.692545228229779
4670.0 0.6863930491526923
4672.0 0.6775586705307306
4674.0 0.6688136717575675
4676.0 0.6634561753544331
4678.0 0.6573923310158338
4680.0 0.6535443116580086
4682.0 0.6502890171125607
4684.0 0.6468240704821133
4686.0 0.6426170816370456
4688.0 0.6352942967009272
4690.0 0.6315278421684722
4692.0 0.6283241721426824
4694.0 0.6247461788126402
4696.0 0.6197023732899642
4698.0 0.6165192112887024
4700.0 0.6082122118151315
4702.0 0.6042789519124667
4704.0 0.5992719946455757
4706.0 0.594511689329463
4708.0 0.5915778875221561
4710.0 0.5877714369435879
4712.0 0.58429290407593
4714.0 0.5804943320139283
4716.0 0.5768452392156428
4718.0 0.573682994376686
4720.0 0.5659094700826808
4722.0 0.559723933499576
4724.0 0.5504746143380306
4726.0 0.5470407958671953
4728.0 0.5414708671391151
4730.0 0.5344214150702872
4732.0 0.5279791116179311
4734.0 0.5261796943912582
4736.0 0.5234278164888954
4738.0 0.5236664448095751
4740.0 0.5169950524056494
4742.0 0.5100617703894704
4744.0 0.5071055535885489
4746.0 0.5051875909556797
4748.0 0.5058648122402573
4750.0 0.504543205402818
4752.0 0.5026605361512142
4754.0 0.5043819562117842
4756.0 0.49953107305147065
4758.0 0.5011342108670587
4760.0 0.5008161245123621
4762.0 0.4969954357496407
4764.0 0.49893940144677956
4766.0 0.5024913338446646
4768.0 0.5062977116372971
4770.0 0.5041571694656373
4772.0 0.5129149079473121
4774.0 0.5182390844764498
4776.0 0.5196879005674423
4778.0 0.5242688031516038
4780.0 0.5270611057256078
4782.0 0.5304274422346115
4784.0 0.5310292368954089
4786.0 0.53598097705831
4788.0 0.5371042618819906
4790.0 0.5440470507187966
4792.0 0.5486734836425369
4794.0 0.5499477871208804
4796.0 0.5531936579054535
4798.0 0.5538647208922913
4800.0 0.5504478142392676
4802.0 0.5539982873485781
4804.0 0.5538435523043838
4806.0 0.5539351555470545
4808.0 0.5515503208740109
4810.0 0.5492542345568455
4812.0 0.5454665980484344
4814.0 0.5451827490970077
4816.0 0.541907530584698
4818.0 0.5378869051057574
4820.0 0.5349225579275354
4822.0 0.5267449224699225
4824.0 0.5239261310545634
4826.0 0.5185011410529689
4828.0 0.509951918121799
4830.0 0.5111476983458648
4832.0 0.5096451913808885
4834.0 0.5074697107704099
4836.0 0.5052942301599297
4838.0 0.5031187495494505
4840.0 0.500943268938971
4842.0 0.49876778832849283
4844.0 0.496592307718013
4846.0 0.4944168271075335
4848.0 0.49224134649705453
4850.0 0.4900658658865754
4852.0 0.4878903852760965
4854.0 0.4857149046656162
4856.0 0.48353942405513733
4858.0 0.48136394344465816
4860.0 0.4791884628341799
4862.0 0.47701298222369976
4864.0 0.47483750161322036
4866.0 0.47266202100274124
4868.0 0.4704865403922629
4870.0 0.46831105978178283
4872.0 0.47052923921658873
4874.0 0.472675324955728
4876.0 0.4766857707046953
4878.0 0.4786493074333767
4880.0 0.48574602922613574
4882.0 0.4855448714881496
4884.0 0.4927624098521196
4886.0 0.49696220995880913
4888.0 0.5076930277684005
4890.0 0.5087965718372601
4892.0 0.5138619271186565
4894.0 0.5208591602945395
4896.0 0.5322110469715883
4898.0 0.5366042593778954
4900.0 0.5439171085320319
4902.0 0.5499935275837812
4904.0 0.563830109375678
4906.0 0.5724837317030655
4908.0 0.5715306729793513
4910.0 0.5810345104969793
4912.0 0.5852892361348759
4914.0 0.5929572903156541
4916.0 0.6008864254210093
4918.0 0.6072575640049616
4920.0 0.612914914678091
4922.0 0.6168562521582421
4924.0 0.6223615211008077
4926.0 0.6255797278361217
4928.0 0.6278007750756249
4930.0 0.6289759440485135
4932.0 0.6252731760729383
4934.0 0.6215704080973662
4936.0 0.6178676401217923
4938.0 0.6141648721462183
4940.0 0.6104621041706448
4942.0 0.6067593361950693
4944.0 0.6030565682194973
4946.0 0.5993538002439235
4948.0 0.5956510322683496
4950.0 0.5919482642927744
4952.0 0.5882454963172019
4954.0 0.5845427283416285
4956.0 0.5808399603660546
4958.0 0.5771371923904792
4960.0 0.573434424414907
4962.0 0.5697316564393339
4964.0 0.5660288884637595
4966.0 0.5623261204881854
4968.0 0.5586233525126103
4970.0 0.5550990271278367
4972.0 0.5534586654253416
4974.0 0.543342516177156
4976.0 0.536921408005489
4978.0 0.5332808357349589
4980.0 0.52962803405118
4982.0 0.5176687994869632
4984.0 0.5195027388923404
4986.0 0.5113929424628685
4988.0 0.5052956137389638
4990.0 0.5069388391550654
4992.0 0.5058035388368681
4994.0 0.5046682385186705
4996.0 0.5035329382004737
4998.0 0.5023976378822765
5000.0 0.5012623375640793
5002.0 0.5001270372458813
5004.0 0.49899173692768484
5006.0 0.4978564366094878
5008.0 0.49672113629129094
5010.0 0.4955858359730921
5012.0 0.4944505356548955
5014.0 0.4933152353366988
5016.0 0.4921799350185015
5018.0 0.49104463470030413
5020.0 0.48990933438210676
5022.0 0.4887740340639097
5024.0 0.48763873374571265
5026.0 0.48650343342751534
5028.0 0.4853681331093182
5030.0 0.48402218324770635
5032.0 0.48195197423299674
5034.0 0.4821516793906184
5036.0 0.48191337880462426
5038.0 0.48605860896340713
5040.0 0.4839404788378086
5042.0 0.48511666325186825
5044.0 0.4883321315974471
5046.0 0.49489153062815805
5048.0 0.49687685244783614
5050.0 0.4996726357739481
5052.0 0.495469717051641
5054.0 0.4994099437029385
5056.0 0.5030510226799035
5058.0 0.5065817719477672
5060.0 0.5050952956982764
5062.0 0.5105979463159213
5064.0 0.5087792232142845
5066.0 0.5100581004610353
5068.0 0.5127504316983794
5070.0 0.5127838395606342
5072.0 0.5149703070858056
5074.0 0.5164327098000053
5076.0 0.5177124529056851
5078.0 0.5209052560491915
5080.0 0.5236432229977542
5082.0 0.5239118739963196
5084.0 0.5267836385178838
5086.0 0.5277007301315881
5088.0 0.5295357574844667
5090.0 0.5316368717055804
5092.0 0.5342880356937444
5094.0 0.534217146944232
5096.0 0.5326981946953802
5098.0 0.5360588772989622
5100.0 0.535774236366697
5102.0 0.537572906302107
5104.0 0.5352127603531509
5106.0 0.5344622399624962
5108.0 0.5335394412171214
5110.0 0.5353780190433207
5112.0 0.532387151247955
5114.0 0.5382057488870416
5116.0 0.5407601501294526
5118.0 0.5389971136575912
5120.0 0.5411552298519139
5122.0 0.5396771803135866
5124.0 0.5384237098462817
5126.0 0.5375577376136317
5128.0 0.532624651351275
5130.0 0.5340580578864068
5132.0 0.5383640848325222
5134.0 0.5400165605181837
5136.0 0.5376525409621643
5138.0 0.5388811016788633
5140.0 0.5378869188777282
5142.0 0.5375744948910864
5144.0 0.5395722118703742
5146.0 0.5389370960433656
5148.0 0.5394253197912643
5150.0 0.5399314375598655
5152.0 0.541278781957753
5154.0 0.546725529267755
5156.0 0.5483621677952645
5158.0 0.5518325706996694
5160.0 0.5550851220929058
5162.0 0.5576873326252975
5164.0 0.562349028616484
5166.0 0.5608482037049308
5168.0 0.5584618771526018
5170.0 0.5588713436254673
5172.0 0.5627901066534648
5174.0 0.570917811232261
5176.0 0.5750672581368866
5178.0 0.5800562844698084
5180.0 0.5826762640179779
5182.0 0.5810433981245952
5184.0 0.5813927296044629
5186.0 0.5863572294799547
5188.0 0.5949083643269504
5190.0 0.599595384839578
5192.0 0.6001413193784143
5194.0 0.6025544496696378
5196.0 0.6049746733604118
5198.0 0.6088608671915965
5200.0 0.6150205537344849
5202.0 0.6201940845026503
5204.0 0.6180514929225749
5206.0 0.6160342730472331
5208.0 0.6162606925310681
5210.0 0.620747659913606
5212.0 0.6274244690298959
5214.0 0.628834935231028
5216.0 0.6270530709129795
5218.0 0.6283583138404647
5220.0 0.6300180025751074
5222.0 0.6288609769966447
5224.0 0.6249250626821063
5226.0 0.624326298529276
5228.0 0.624019140053692
5230.0 0.6241577882712857
5232.0 0.6231049309774768
5234.0 0.6189765504451579
5236.0 0.6152201521372297
5238.0 0.6156244964072215
5240.0 0.6130907793476827
5242.0 0.6109184079320992
5244.0 0.608607983335372
5246.0 0.6086537598837737
5248.0 0.6069476984501455
5250.0 0.6009711580256405
5252.0 0.5955845230890473
5254.0 0.5956960891026394
5256.0 0.595546020275159
5258.0 0.5918914589430283
5260.0 0.5870090703740413
5262.0 0.584204184269382
5264.0 0.5846654193392503
5266.0 0.581206268998405
5268.0 0.5768483835044135
5270.0 0.5759615761836518
5272.0 0.5783471362468343
5274.0 0.5806413078656567
5276.0 0.5803717377693312
5278.0 0.5825820546810333
5280.0 0.5829257788548288
5282.0 0.5789653935918526
5284.0 0.5773754622052781
5286.0 0.5809837522326534
5288.0 0.5843480539205644
5290.0 0.5826311977664486
5292.0 0.5787666710875372
5294.0 0.5783487216297041
5296.0 0.5776990065533203
5298.0 0.5795466691544688
5300.0 0.5811272588468555
5302.0 0.5819189708740041
5304.0 0.5837119739154395
5306.0 0.5826561299802868
5308.0 0.5802190609030875
5310.0 0.5790836864863703
5312.0 0.5802562937289104
5314.0 0.5811933847354877
5316.0 0.5848675374777438
5318.0 0.5848888309306407
5320.0 0.5845345420679107
5322.0 0.5838017442996816
5324.0 0.5793936364902207
5326.0 0.580865508520744
5328.0 0.5807944768731985
5330.0 0.5795081758697481
5332.0 0.5844712438680765
5334.0 0.5887027748757632
5336.0 0.5829782677905622
5338.0 0.5769009694391756
5340.0 0.5753426971214416
5342.0 0.5764191086813861
5344.0 0.5809406316426359
5346.0 0.5812911152185325
5348.0 0.5810029219881807
5350.0 0.5806236008476221
5352.0 0.5778632062451325
5354.0 0.5814590769712781
5356.0 0.5834057740756791
5358.0 0.5800535164519249
5360.0 0.5811948274325194
5362.0 0.5809858287703308
5364.0 0.5782303735840566
5366.0 0.5792221375756171
5368.0 0.582108043448039
5370.0 0.5798182909603173
5372.0 0.5782311558691603
5374.0 0.5828464384451137
5376.0 0.5843080389681045
5378.0 0.5885524154398095
5380.0 0.5894994318478621
5382.0 0.5895172305525791
5384.0 0.5918033523421606
5386.0 0.5907473807064247
5388.0 0.5912397698721585
5390.0 0.591399179752453
5392.0 0.5894165961120885
5394.0 0.5891973033235256
5396.0 0.588048159151617
5398.0 0.5902206997436593
5400.0 0.5944905108747992
5402.0 0.5940930032500452
5404.0 0.5920344549112466
5406.0 0.590392062404613
5408.0 0.5895652462038224
5410.0 0.5908288029355647
5412.0 0.5904617088076068
5414.0 0.5909171940674934
5416.0 0.5913861865132597
5418.0 0.5907872969318897
5420.0 0.5907509880038411
5422.0 0.5921450695803472
5424.0 0.5914932769880212
5426.0 0.5907528434055722
5428.0 0.5906189963179619
5430.0 0.5893150235641587
5432.0 0.5892356568232341
5434.0 0.5891650966822971
5436.0 0.5899799413386552
5438.0 0.591235590076853
5440.0 0.5918390574275549
5442.0 0.5904324498710257
5444.0 0.5900063066879268
5446.0 0.5910554695014224
5448.0 0.5908948960228064
5450.0 0.590632779663165
5452.0 0.5914845531838567
5454.0 0.5923240898735906
5456.0 0.5944557809859958
5458.0 0.5958825489059195
5460.0 0.5981891398154374
5462.0 0.5990115593899731
5464.0 0.5996274489208361
5466.0 0.6017543998387184
5468.0 0.6053071854272013
5470.0 0.6075940208173694
5472.0 0.6089243577842781
5474.0 0.6089097012992893
5476.0 0.6079696366967828
5478.0 0.6084611005419357
5480.0 0.6097119676923263
5482.0 0.6108515798164931
5484.0 0.613668510924213
5486.0 0.6173585557962705
5488.0 0.6205445963013849
5490.0 0.6230620850408306
5492.0 0.6270071001596638
5494.0 0.6307880909708685
5496.0 0.6333886639847448
5498.0 0.6351606971354676
5500.0 0.6369603370422167
5502.0 0.6390618762337092
5504.0 0.6408916395238107
5506.0 0.6419304628095892
5508.0 0.6421667245187938
5510.0 0.6430979818582759
5512.0 0.6449733850833437
5514.0 0.6479103155446233
5516.0 0.6495867672351927
5518.0 0.6489501821520526
5520.0 0.6478915263013268
5522.0 0.6475572300986802
5524.0 0.6486022035249832
5526.0 0.6496555190129453
5528.0 0.6499485255567371
5530.0 0.6498273551931044
5532.0 0.6494966864139297
5534.0 0.6496680824873559
5536.0 0.6499436558491585
5538.0 0.6481834711011302
5540.0 0.6429942567600757
5542.0 0.6398087609594288
5544.0 0.6407214865247393
5546.0 0.6425210190899091
5548.0 0.6434967688035029
5550.0 0.6434063960669055
5552.0 0.6421771018612177
5554.0 0.640705363192701
5556.0 0.6399993973407058
5558.0 0.6396292412889102
5560.0 0.6377739812778289
5562.0 0.6346908514932007
5564.0 0.6318490855638395
5566.0 0.6301161127591851
5568.0 0.6294536003208419
5570.0 0.6288162810865427
5572.0 0.6278036935212231
5574.0 0.6260873098123164
5576.0 0.6240232142902165
5578.0 0.6217486292969049
5580.0 0.6193255110367433
5582.0 0.6166377037068015
5584.0 0.6139888909200157
5586.0 0.6111840689573673
5588.0 0.6086769716577707
5590.0 0.6064304084159726
5592.0 0.604433342865094
5594.0 0.602744925875885
5596.0 0.6003670847120384
5598.0 0.5974183818903923
5600.0 0.5943033678059382
5602.0 0.5919239725798167
5604.0 0.5898359710883283
5606.0 0.5873467332533977
5608.0 0.5849604989829685
5610.0 0.5824317054108408
5612.0 0.5787807253382484
5614.0 0.5745369375039727
5616.0 0.5711083334034135
5618.0 0.5679340646636777
5620.0 0.5642059606509349
5622.0 0.5605438038889239
5624.0 0.5575731335146658
5626.0 0.553886111263425
5628.0 0.5499232695044867
5630.0 0.5468056316859045
5632.0 0.5432101921298843
5634.0 0.5386813972524356
5636.0 0.5337036311473629
5638.0 0.5292957595053124
5640.0 0.5244582393842082
5642.0 0.5200530227665808
5644.0 0.5164191626165826
5646.0 0.5128555814877014
5648.0 0.509300616727138
5650.0 0.5057119486689707
5652.0 0.5016113870742988
5654.0 0.49672354675368946
5656.0 0.4931476166154341
5658.0 0.4914664608679459
5660.0 0.4886872887516518
5662.0 0.4837230454518997
5664.0 0.4785354989304732
5666.0 0.4760320332827077
5668.0 0.47573561339027626
5670.0 0.4761530319427971
5672.0 0.4777715885140127
5674.0 0.4767261678186866
5676.0 0.47421992116884865
5678.0 0.47177978874506665
5680.0 0.469093080606668
5682.0 0.46709262997589845
5684.0 0.4659774217026398
5686.0 0.46521865442768073
5688.0 0.4638187407015537
5690.0 0.46244637886500034
5692.0 0.4611553531756794
5694.0 0.4595440589118166
5696.0 0.4579059278385249
5698.0 0.45587247312264617
5700.0 0.4538026071615426
5702.0 0.4530429303891302
5704.0 0.45344621117778544
5706.0 0.4527241580617285
5708.0 0.45112672235356704
5710.0 0.4497069758399965
5712.0 0.4486453620942199
5714.0 0.4485326297736899
5716.0 0.44928098739437466
5718.0 0.45059626897782795
5720.0 0.4518443783229632
5722.0 0.4531715350544663
5724.0 0.4536102042432831
5726.0 0.45386816128303653
5728.0 0.4542591190226674
5730.0 0.454546286569206
5732.0 0.4550411656810741
5734.0 0.4564198645073956
5736.0 0.45840666785530404
5738.0 0.4605388169716793
5740.0 0.46285945645161575
5742.0 0.4656821986552874
5744.0 0.46910974266231087
5746.0 0.47197742348738936
5748.0 0.4735066080590491
5750.0 0.47475823116572546
5752.0 0.47755346021384104
5754.0 0.48146765380392953
5756.0 0.4851196610831736
5758.0 0.4889336278665472
5760.0 0.4922139552411224
5762.0 0.4942797913625971
5764.0 0.4964932396514707
5766.0 0.5001538045216757
5768.0 0.5045105635020828
5770.0 0.5072446550636555
5772.0 0.508986435570198
5774.0 0.5122060713565914
5776.0 0.5160742464394099
5778.0 0.5190068599846707
5780.0 0.5209201943948578
5782.0 0.5230068083938012
5784.0 0.5273992593927886
5786.0 0.5334263023528865
5788.0 0.538549422373433
5790.0 0.5423696684915735
5792.0 0.5453879219077149
5794.0 0.5484108554499136
5796.0 0.5510752979910228
5798.0 0.5534862352933232
5800.0 0.5565536179164983
5802.0 0.561133953389574
5804.0 0.566220992662202
5806.0 0.5694661946761148
5808.0 0.572094312318298
5810.0 0.5757557486426876
5812.0 0.5804312981737648
5814.0 0.5852616575446951
5816.0 0.5887898365673163
5818.0 0.5908439867281683
5820.0 0.5922559380662962
5822.0 0.5935695487303289
5824.0 0.5958760160248239
5826.0 0.5994262221046178
5828.0 0.6021223769461395
5830.0 0.6027480892418732
5832.0 0.6030254751306217
5834.0 0.604483904212747
5836.0 0.6063447294892315
5838.0 0.6077709830858319
5840.0 0.609420296887652
5842.0 0.6104751524457738
5844.0 0.6107010891010707
5846.0 0.6104471238740037
5848.0 0.6098760775592807
5850.0 0.6087073398998494
5852.0 0.6073218266250202
5854.0 0.605889765602779
5856.0 0.6044453936245741
5858.0 0.6034504579136477
5860.0 0.6027642692569618
5862.0 0.6013044567292871
5864.0 0.5990125068884903
5866.0 0.5966723936899673
5868.0 0.5948506727714037
5870.0 0.5936882819143537
5872.0 0.5925258910573045
5874.0 0.591363500200255
5876.0 0.5902011093432048
5878.0 0.5890387184861555
5880.0 0.5878763276291052
5882.0 0.5867139367720564
5884.0 0.5855515459150067
5886.0 0.5843891550579567
5888.0 0.5832267642009071
5890.0 0.582064373343858
5892.0 0.5809019824868084
5894.0 0.5797395916297586
5896.0 0.5785772007727084
5898.0 0.5774148099156595
5900.0 0.5762524190586094
5902.0 0.57509002820156
5904.0 0.5739276373445102
5906.0 0.5727652464874606
5908.0 0.5720604072548162
5910.0 0.5713359220301364
5912.0 0.5688792360623437
5914.0 0.5654658167327163
5916.0 0.5620150371631478
5918.0 0.5587519786603458
5920.0 0.5560851614232915
5922.0 0.553391712886676
5924.0 0.5500625337426988
5926.0 0.5460379856009181
5928.0 0.5420959578067321
5930.0 0.5394560478328011
5932.0 0.5379997400800157
5934.0 0.5373666133221984
5936.0 0.5364779464487004
5938.0 0.5343973100763486
5940.0 0.5315985668659189
5942.0 0.5287641795293005
5944.0 0.5263010199068714
5946.0 0.5240549621641574
5948.0 0.5216086929804126
5950.0 0.5187738884854113
5952.0 0.5153552110740315
5954.0 0.5116018478301901
5956.0 0.508413559802834
5958.0 0.5057850067268918
5960.0 0.5029703731896451
5962.0 0.5001001382034898
5964.0 0.4976787172108451
5966.0 0.4956298694933358
5968.0 0.4931817391902693
5970.0 0.4898687921948224
5972.0 0.4868413868943393
5974.0 0.48514184938183075
5976.0 0.4840743874649098
5978.0 0.4824812111208118
5980.0 0.4801148620880011
5982.0 0.47782845941757773
5984.0 0.4760140189003247
5986.0 0.474647051025139
5988.0 0.4736738810020498
5990.0 0.4722864703631697
5992.0 0.47063535599042483
5994.0 0.4691476498582644
5996.0 0.46780369588973775
5998.0 0.4667637208450996
6000.0 0.4656701049561109
6002.0 0.4639688613765298
6004.0 0.46184230183209185
6006.0 0.4598427863077503
6008.0 0.4583714154597709
6010.0 0.4576459471089608
6012.0 0.45750749742274477
6014.0 0.4571911556760211
6016.0 0.4561305579766815
6018.0 0.45521752445197977
6020.0 0.45540377990354486
6022.0 0.4558166737781831
6024.0 0.455547183036912
6026.0 0.45497740978148976
6028.0 0.4542350540174446
6030.0 0.4530444089614659
6032.0 0.45170995742713055
6034.0 0.4506690776877903
6036.0 0.4496188749463619
6038.0 0.4483397790412722
6040.0 0.44682883875290075
6042.0 0.4444409394303923
6044.0 0.4412630879964786
6046.0 0.4388706528100664
6048.0 0.43808340037863913
6050.0 0.4365486248373735
6052.0 0.4331032474617248
6054.0 0.42909832145036103
6056.0 0.4247089408153558
6058.0 0.42029583942204884
6060.0 0.4169288561097386
6062.0 0.4143896986336612
6064.0 0.4109568580527228
6066.0 0.40661740332479135
6068.0 0.4019716320007201
6070.0 0.3964866770032489
6072.0 0.3907332605574666
6074.0 0.38526588354861663
6076.0 0.380057828875229
6078.0 0.3749884664805272
6080.0 0.37012307311300996
6082.0 0.36526183329299605
6084.0 0.359978694331822
6086.0 0.35427683708440755
6088.0 0.3489379521509514
6090.0 0.3439175522661953
6092.0 0.33881381387142906
6094.0 0.3337130140113604
6096.0 0.32874276686995824
6098.0 0.3237688442240943
6100.0 0.31973904015316107
6102.0 0.3167929868951831
6104.0 0.3141502707304397
6106.0 0.31164532556684554
6108.0 0.3088670388213394
6110.0 0.3059361413930509
6112.0 0.30340307303732444
6114.0 0.3016129277689179
6116.0 0.3002589160663746
6118.0 0.29840820788100614
6120.0 0.2961040765190815
6122.0 0.2939120678858259
6124.0 0.2920841007659128
6126.0 0.29064828343308247
6128.0 0.2894157117769489
6130.0 0.2883953837684162
6132.0 0.2867897795079713
6134.0 0.28415749813777713
6136.0 0.2819435055063824
6138.0 0.2796288923270157
6140.0 0.27768252486741096
6142.0 0.277577359102055
6144.0 0.2791074697571
6146.0 0.2800009206630196
6148.0 0.2796805797954874
6150.0 0.27944042841560673
6152.0 0.27916730774557386
6154.0 0.2788333855568299
6156.0 0.2791066628108596
6158.0 0.27981654284444846
6160.0 0.2804642912710198
6162.0 0.2810542067312882
6164.0 0.2827769753888574
6166.0 0.2855851469869462
6168.0 0.28828242080059857
6170.0 0.2911836034507783
6172.0 0.29427895484569944
6174.0 0.29730319507966607
6176.0 0.2999834946315332
6178.0 0.3025674754095084
6180.0 0.30500317530901455
6182.0 0.30830818568715607
6184.0 0.31221423789870495
6186.0 0.31619143947003364
6188.0 0.3206170259266535
6190.0 0.32499389879411616
6192.0 0.32918199144960747
6194.0 0.3331602745160479
6196.0 0.337469645602928
6198.0 0.34187371274746114
6200.0 0.3455855375400482
6202.0 0.34882555326387654
6204.0 0.35202178747247526
6206.0 0.3559641848357963
6208.0 0.36031163908460295
6210.0 0.36377703523005434
6212.0 0.3659731905175617
6214.0 0.36814253090007304
6216.0 0.3706810093393687
6218.0 0.3735639810191
6220.0 0.3766443228368682
6222.0 0.3794621268505497
6224.0 0.3816465357946951
6226.0 0.38338107798093357
6228.0 0.38499737091594777
6230.0 0.3863036958553567
6232.0 0.38845257300906544
6234.0 0.39182838360294797
6236.0 0.39462925696637197
6238.0 0.3962282829745974
6240.0 0.3973841275621004
6242.0 0.3981415380974785
6244.0 0.3980752331328475
6246.0 0.3979105453261654
6248.0 0.3984357624906627
6250.0 0.39928845474981156
6252.0 0.4002604448066276
6254.0 0.40143011955263047
6256.0 0.4025205994829842
6258.0 0.4036746566226807
6260.0 0.40495627584260235
6262.0 0.40651288643504807
6264.0 0.4079698731058261
6266.0 0.4096552702707326
6268.0 0.41055506905904515
6270.0 0.4111515198087537
6272.0 0.4118429359211438
6274.0 0.4124062614693659
6276.0 0.4131060925754638
6278.0 0.41412492610200896
6280.0 0.4150046863805836
6282.0 0.41507259111626404
6284.0 0.4155379225356772
6286.0 0.4157851995673126
6288.0 0.4154630034898696
6290.0 0.41559778637278955
6292.0 0.41729004838692213
6294.0 0.4201557089546511
6296.0 0.4223190858334523
6298.0 0.4242243668504659
6300.0 0.42644603105497836
6302.0 0.42794229369986636
6304.0 0.42861278283931853
6306.0 0.42934662776620625
6308.0 0.429939307551174
6310.0 0.4305683622510875
6312.0 0.43109455088024506
6314.0 0.4315582597369331
6316.0 0.43203929162836724
6318.0 0.4324271188333831
6320.0 0.43312755282076515
6322.0 0.43432326968954854
6324.0 0.4360733251003423
6326.0 0.4373027846351164
6328.0 0.4381360431681823
6330.0 0.43945297861978855
6332.0 0.44103501335397927
6334.0 0.4426708328180524
6336.0 0.4444009689090962
6338.0 0.44533377001671
6340.0 0.4454031667965655
6342.0 0.4458482036942456
6344.0 0.44661191696123514
6346.0 0.4471086052388117
6348.0 0.44737463370136166
6350.0 0.4476427705932256
6352.0 0.4482166184266046
6354.0 0.448930019336779
6356.0 0.4502302820499669
6358.0 0.4520310106735577
6360.0 0.4533612566867266
6362.0 0.45404213391653503
6364.0 0.45403910887671933
6366.0 0.45523156102485096
6368.0 0.4580990307140834
6370.0 0.4607694956506257
6372.0 0.4626462256141265
6374.0 0.4628521424899665
6376.0 0.46171967171627243
6378.0 0.4614031386604052
6380.0 0.4639685071927079
6382.0 0.46804098680111983
6384.0 0.47047839241366696
6386.0 0.4720049022015167
6388.0 0.47408163757096167
6390.0 0.4754717872176498
6392.0 0.4752482459222464
6394.0 0.47415169739897917
6396.0 0.47559717138209306
6398.0 0.47711050456041687
6400.0 0.4786238377387407
6402.0 0.4801371709170648
6404.0 0.48165050409538923
6406.0 0.48316383727371304
6408.0 0.4846771704520371
6410.0 0.48619050363036104
6412.0 0.48770383680868523
6414.0 0.48921716998700976
6416.0 0.49073050316533334
6418.0 0.49224383634365726
6420.0 0.4937571695219814
6422.0 0.4952705027003061
6424.0 0.4967838358786297
6426.0 0.49829716905695404
6428.0 0.49981050223527784
6430.0 0.5013238354136024
6432.0 0.5028371685919261
6434.0 0.5043505017702499
6436.0 0.5057225475759853
6438.0 0.5062964042520314
6440.0 0.5069588836232999
6442.0 0.5078593267454128
6444.0 0.5083580413894877
6446.0 0.5081045912075134
6448.0 0.5080754751780747
6450.0 0.5071405710568618
6452.0 0.5048498722057163
6454.0 0.5028970674133195
6456.0 0.5020302970594182
6458.0 0.5021525886939301
6460.0 0.5037826810882784
6462.0 0.5066382108204633
6464.0 0.5078895807367347
6466.0 0.5075505543863708
6468.0 0.5068508362164422
6470.0 0.5064960314916855
6472.0 0.5068288365738153
6474.0 0.5076589024689953
6476.0 0.5087734898124935
6478.0 0.5096165432501091
6480.0 0.510380688198722
6482.0 0.5109606138876975
6484.0 0.510693033139488
6486.0 0.5099711736635655
6488.0 0.5086394413700515
6490.0 0.5064322835780992
6492.0 0.5039169110700785
6494.0 0.5015082287171491
6496.0 0.4993124971941642
6498.0 0.49787773132784285
6500.0 0.4981074673025026
6502.0 0.4997923092722485
6504.0 0.501815482507121
6506.0 0.5036150684504614
6508.0 0.5046691659031576
6510.0 0.5036210328460945
6512.0 0.5007940811871294
6514.0 0.49824089735376637
6516.0 0.49657468323668685
6518.0 0.4952513920776675
6520.0 0.4940079338180486
6522.0 0.4929647689377938
6524.0 0.491996310706201
6526.0 0.49061194350589193
6528.0 0.488516319718783
6530.0 0.48667711533089353
6532.0 0.4849957301397429
6534.0 0.4832189772509249
6536.0 0.48181338883577574
6538.0 0.4807043024095215
6540.0 0.4794110700079146
6542.0 0.47802623041565984
6544.0 0.47671557301725065
6546.0 0.47490182854420515
6548.0 0.47308808407115954
6550.0 0.47127433959811366
6552.0 0.46946059512506744
6554.0 0.467646850652021
6556.0 0.46583310617897555
6558.0 0.46401936170593
6560.0 0.46220561723288367
6562.0 0.46039187275983723
6564.0 0.4585781282867919
6566.0 0.456764383813746
6568.0 0.45495063934069996
6570.0 0.45313689486765396
6572.0 0.45132315039460763
6574.0 0.44950940592156213
6576.0 0.4476956614485168
6578.0 0.4458819169754703
6580.0 0.44406817250242386
6582.0 0.44225442802937853
6584.0 0.4404406835563328
6586.0 0.43781482561426643
6588.0 0.43338162642012756
6590.0 0.42853527933648355
6592.0 0.4237918387276957
6594.0 0.41913289048844155
6596.0 0.41619157998326684
6598.0 0.4143586568923455
6600.0 0.41248053680714997
6602.0 0.41060660607783694
6604.0 0.4083306522825714
6606.0 0.4054725643345188
6608.0 0.40238263853013145
6610.0 0.39902313415373564
6612.0 0.39498190547653533
6614.0 0.3907212557144457
6616.0 0.38748582905886225
6618.0 0.38571156241105425
6620.0 0.38453377062209787
6622.0 0.38253056535263225
6624.0 0.3793852737015454
6626.0 0.3757763563072361
6628.0 0.37194901203401126
6630.0 0.3682808751568753
6632.0 0.36556469576217243
6634.0 0.3635595019994274
6636.0 0.3616611921687248
6638.0 0.3597858264226846
6640.0 0.35770399771175165
6642.0 0.35490382488823075
6644.0 0.35163449080622
6646.0 0.3483800576137964
6648.0 0.34550182356718034
6650.0 0.3435041364652439
6652.0 0.3422491704140819
6654.0 0.34080424009922206
6656.0 0.33844050581597723
6658.0 0.3354429791457118
6660.0 0.33225547044898257
6662.0 0.3292440728164275
6664.0 0.3267575127382753
6666.0 0.32462908721385986
6668.0 0.32275963281772324
6670.0 0.32136746535344074
6672.0 0.3205426943951969
6674.0 0.3198086713601249
6676.0 0.3185437809703461
6678.0 0.3171529667998762
6680.0 0.31602171316838634
6682.0 0.3143410132177747
6684.0 0.31211590014567536
6686.0 0.31027031480572803
6688.0 0.30887175474376405
6690.0 0.30753191110161127
6692.0 0.3065974888602491
6694.0 0.3058383923524687
6696.0 0.3046121941481804
6698.0 0.3034013449530146
6700.0 0.3026525397117749
6702.0 0.3020636027809227
6704.0 0.3012776696669137
6706.0 0.3001048321329327
6708.0 0.29921697263420516
6710.0 0.2993334130229518
6712.0 0.29976797591882076
6714.0 0.30008448708255964
6716.0 0.2999784450864421
6718.0 0.2987571378955251
6720.0 0.2966840831093461
6722.0 0.294995289697438
6724.0 0.29369256773358426
6726.0 0.29256321848446926
6728.0 0.29222410695083945
6730.0 0.29183746070580735
6732.0 0.2908259325327158
6734.0 0.2895885143012339
6736.0 0.2881566923426618
6738.0 0.2864413031053075
6740.0 0.2849667022900319
6742.0 0.2838902092307413
6744.0 0.28289798525041476
6746.0 0.28205686889405573
6748.0 0.28123378560746864
6750.0 0.28041613935003873
6752.0 0.279713518136199
6754.0 0.27880540770920015
6756.0 0.2773198683427708
6758.0 0.27653594172427
6760.0 0.2761807317104497
6762.0 0.27569119609408477
6764.0 0.27520166047771943
6766.0 0.27471212486135466
6768.0 0.27422258924498966
6770.0 0.27373305362862455
6772.0 0.2732435180122596
6774.0 0.2727539823958945
6776.0 0.2722644467795297
6778.0 0.2717749111631648
6780.0 0.2712853755467997
6782.0 0.27079583993043466
6784.0 0.2703063043140697
6786.0 0.2698167686977049
6788.0 0.26932723308133955
6790.0 0.26883769746497455
6792.0 0.2683481618486098
6794.0 0.2678586262322448
6796.0 0.2673690906158798
6798.0 0.2668795549995146
6800.0 0.266088057644181
6802.0 0.2651613268269272
6804.0 0.2647273684643975
6806.0 0.2651331366256655
6808.0 0.26534803217733693
6810.0 0.26517034720471006
6812.0 0.2647730401065673
6814.0 0.2638859929557253
6816.0 0.2626441935116549
6818.0 0.2616168295322995
6820.0 0.2609456691655211
6822.0 0.26067087694149943
6824.0 0.260984832583428
6826.0 0.2613715593072109
6828.0 0.261388674379828
6830.0 0.2610613055460562
6832.0 0.2608526403803676
6834.0 0.2609982383884284
6836.0 0.2611753126708772
6838.0 0.26148707166456553
6840.0 0.26139661055753316
6842.0 0.25957637375644316
6844.0 0.25727739172874525
6846.0 0.2558156345125274
6848.0 0.25471169531454685
6850.0 0.25353506092554823
6852.0 0.253131634578028
6854.0 0.25325906833976247
6856.0 0.2545712510788317
6858.0 0.2561336422654516
6860.0 0.2572765269473301
6862.0 0.25794167053359823
6864.0 0.25794829418063636
6866.0 0.2572332958236398
6868.0 0.2561892864416091
6870.0 0.25517285737285195
6872.0 0.2544428516532513
6874.0 0.2542923088377642
6876.0 0.254243061199858
6878.0 0.25419784818779295
6880.0 0.25368504632735495
6882.0 0.25236008621849493
6884.0 0.2510622664572173
6886.0 0.2511754174497404
6888.0 0.25283713828186266
6890.0 0.25438488977341267
6892.0 0.2551398632107275
6894.0 0.2553306592548479
6896.0 0.2557750612839814
6898.0 0.25640606263102156
6900.0 0.25679177703632294
6902.0 0.25658300055716626
6904.0 0.2560942329913121
6906.0 0.2552509309815376
6908.0 0.25445543453442176
6910.0 0.25406037160628586
6912.0 0.25406660833405936
6914.0 0.2544947969612472
6916.0 0.25512365924503694
6918.0 0.2558329359421556
6920.0 0.25619780200299314
6922.0 0.2564256558943504
6924.0 0.2574190071404298
6926.0 0.25819963986266165
6928.0 0.25780745336285965
6930.0 0.2568427250140443
6932.0 0.25602998379296954
6934.0 0.2555474933412549
6936.0 0.255126191323399
6938.0 0.2546991157289371
6940.0 0.254767942013177
6942.0 0.2548022893898055
6944.0 0.2551082412894369
6946.0 0.25595520987765924
6948.0 0.25656895395520807
6950.0 0.25623493596865304
6952.0 0.25531137484574196
6954.0 0.2546611809006661
6956.0 0.254204496813981
6958.0 0.2538777467065177
6960.0 0.25338508088510986
6962.0 0.25270710627843657
6964.0 0.25197225989385613
6966.0 0.25155328226491935
6968.0 0.2511567913856983
6970.0 0.25082281026780523
6972.0 0.2500896296658922
6974.0 0.24897511081037813
6976.0 0.24869153349266157
6978.0 0.24916275880538327
6980.0 0.2493566754674331
6982.0 0.24894235891936806
6984.0 0.2486686904306619
6986.0 0.24835748861198365
6988.0 0.2474076638882395
6990.0 0.24699480084434036
6992.0 0.24683070035119237
6994.0 0.24616641280717733
6996.0 0.24560579848235697
6998.0 0.24565251122434134
7000.0 0.2456867841853519
7002.0 0.24466151576095033
7004.0 0.24347532097771452
7006.0 0.24319842234498693
7008.0 0.2434900982796784
7010.0 0.2438925108521764
7012.0 0.24357806826578352
7014.0 0.2424842088761986
7016.0 0.24136805113811372
7018.0 0.24119677310246457
7020.0 0.2417884512750282
7022.0 0.2418248286762175
7024.0 0.2417859151830331
7026.0 0.24159614091138115
7028.0 0.24084140926444078
7030.0 0.24032189665984488
7032.0 0.24062232856826488
7034.0 0.240968184633637
7036.0 0.24112123728285814
7038.0 0.24210768226056004
7040.0 0.24253985967678074
7042.0 0.2422962194863588
7044.0 0.24221723358130387
7046.0 0.24241179135035207
7048.0 0.24239413274665816
7050.0 0.24241517865876785
7052.0 0.2426747034403707
7054.0 0.24298097737510546
7056.0 0.24362105569236758
7058.0 0.24322022140901312
7060.0 0.2423629055651956
7062.0 0.24202496749218996
7064.0 0.24167113140932298
7066.0 0.24099996237230847
7068.0 0.24144522577189462
7070.0 0.2427900271806918
7072.0 0.2428441223979755
7074.0 0.24210478798772975
7076.0 0.24215174349379606
7078.0 0.24287642512942753
7080.0 0.24345960742013856
7082.0 0.24356870086410026
7084.0 0.24384780047184337
7086.0 0.24410336209097647
7088.0 0.24356943115645974
7090.0 0.24363439722594718
7092.0 0.24412752086592282
7094.0 0.244804077366108
7096.0 0.24574366451148782
7098.0 0.24664620048920088
7100.0 0.24731619370336047
7102.0 0.24792880953669333
7104.0 0.24798076942137096
7106.0 0.24744835853174604
7108.0 0.24722275291464343
7110.0 0.2475988224400604
7112.0 0.24783752994678662
7114.0 0.24758906063249972
7116.0 0.24709572338661884
7118.0 0.24726452559479983
7120.0 0.24804589345305214
7122.0 0.24900278266805242
7124.0 0.25011476203099686
7126.0 0.25043986350317116
7128.0 0.2503950740485802
7130.0 0.2503027106934109
7132.0 0.25020298562332616
7134.0 0.2500179413494328
7136.0 0.24995755817321474
7138.0 0.25032440622463353
7140.0 0.2508891189030093
7142.0 0.25121167497741986
7144.0 0.25140897295696574
7146.0 0.25189424273791955
7148.0 0.25241961151400005
7150.0 0.2524781218575067
7152.0 0.25319813743441366
7154.0 0.25440792886323244
7156.0 0.25550999114802264
7158.0 0.2561190057824791
7160.0 0.25644977606651126
7162.0 0.25679335663368075
7164.0 0.2577368335467617
7166.0 0.25908318074050246
7168.0 0.25982342093065713
7170.0 0.2593803815591709
7172.0 0.2587526239091797
7174.0 0.2583087790514174
7176.0 0.2586586686843058
7178.0 0.2601230482635378
7180.0 0.2620467743374362
7182.0 0.26344917714621674
7184.0 0.2639264733929257
7186.0 0.2633782733204178
7188.0 0.2622055709734589
7190.0 0.2615896138851785
7192.0 0.26186941500404415
7194.0 0.2631401378348792
7196.0 0.2646750351365738
7198.0 0.2657745311631213
7200.0 0.2658795851605523
7202.0 0.2657394373008299
7204.0 0.26532956992048734
7206.0 0.26502606117505234
7208.0 0.2649820104621185
7210.0 0.26507924511560266
7212.0 0.2654351763048013
7214.0 0.2659556658425537
7216.0 0.26656211769353294
7218.0 0.26714554956544506
7220.0 0.267264374662821
7222.0 0.26592503475189094
7224.0 0.2638940067814459
7226.0 0.2619275000425877
7228.0 0.26073577175399043
7230.0 0.260493828966799
7232.0 0.2607805813690876
7234.0 0.26094303846315464
7236.0 0.26124233062651
7238.0 0.26097866085279664
7240.0 0.2603926230094515
7242.0 0.26018266068256124
7244.0 0.2605031484423832
7246.0 0.26155245589045417
7248.0 0.26312033548632485
7250.0 0.26411056764561475
7252.0 0.2640970797414452
7254.0 0.2632011460380364
7256.0 0.261717347890038
7258.0 0.2606487708904066
7260.0 0.2601871379369617
7262.0 0.26006970359168197
7264.0 0.2593294792307204
7266.0 0.2573065548334205
7268.0 0.25539424701239904
7270.0 0.25459669981787564
7272.0 0.25511405126820874
7274.0 0.2559860770870768
7276.0 0.2564000711378589
7278.0 0.25589972654997456
7280.0 0.25488900333145176
7282.0 0.2538403399552079
7284.0 0.2524890179518598
7286.0 0.25169658428900205
7288.0 0.25230190938926206
7290.0 0.2537814122772857
7292.0 0.25483688284962025
7294.0 0.25461166931699536
7296.0 0.2531106041721003
7298.0 0.25099307557679157
7300.0 0.24872493299302686
7302.0 0.2468357036340251
7304.0 0.2464127868501814
7306.0 0.24674140584904525
7308.0 0.24651675968445133
7310.0 0.24569546332908662
7312.0 0.24596649532792553
7314.0 0.24809915612910136
7316.0 0.25029257288551315
7318.0 0.25112474792775874
7320.0 0.2510292169842892
7322.0 0.24967776220272359
7324.0 0.2474276342362627
7326.0 0.24592445110200972
7328.0 0.24572504791183739
7330.0 0.24637286960102242
7332.0 0.2478102170757043
7334.0 0.2492802360931446
7336.0 0.24982532923123943
7338.0 0.249558813079568
7340.0 0.24856672499126226
7342.0 0.24724961017305286
7344.0 0.24684480071375076
7346.0 0.24765842472762825
7348.0 0.24835157013596282
7350.0 0.24851703189130323
7352.0 0.24828063345211634
7354.0 0.24743778871434327
7356.0 0.2467623812576418
7358.0 0.2471519037936164
7360.0 0.24866536253996593
7362.0 0.25078902117599045
7364.0 0.2529331778812478
7366.0 0.25439317280089013
7368.0 0.2545898724075174
7370.0 0.25431558787628994
7372.0 0.25476736999162075
7374.0 0.25565354091181525
7376.0 0.25600330270527855
7378.0 0.2557856429330482
7380.0 0.25553297589460194
7382.0 0.25552452776883494
7384.0 0.2556966128745444
7386.0 0.25580960460320146
7388.0 0.25594725415555303
7390.0 0.25634425133393735
7392.0 0.2568660041548817
7394.0 0.25730705180883884
7396.0 0.25761742295550505
7398.0 0.2581333430358206
7400.0 0.2590689630149991
7402.0 0.2601478549024472
7404.0 0.2611773507741747
7406.0 0.26190157630085026
7408.0 0.26213574157677993
7410.0 0.26207344805284755
7412.0 0.2622252767143757
7414.0 0.26254302060309165
7416.0 0.2623200136759911
7418.0 0.2614677174721072
7420.0 0.2604877904315485
7422.0 0.25979121216501905
7424.0 0.25928798720066315
7426.0 0.25900755095505523
7428.0 0.2588547157822656
7430.0 0.25871349994878656
7432.0 0.25916613493501406
7434.0 0.2594294121183941
7436.0 0.25864171362253496
7438.0 0.2572816982495483
7440.0 0.2557753345602253
7442.0 0.2543826663104248
7444.0 0.2533552735565574
7446.0 0.2526395782608732
7448.0 0.2515465446186703
7450.0 0.2498616621262892
7452.0 0.24814870106593515
7454.0 0.24657737684109995
7456.0 0.2451738213122803
7458.0 0.24392778188416062
7460.0 0.2427399958613071
7462.0 0.2411929962950931
7464.0 0.23908236521349288
7466.0 0.23696653246846186
7468.0 0.23498071623903544
7470.0 0.23329608577669123
7472.0 0.23195980748909967
7474.0 0.23068230635147524
7476.0 0.22930009062361326
7478.0 0.2280388705186449
7480.0 0.22687071862396962
7482.0 0.22524706400911396
7484.0 0.223178442573163
7486.0 0.2211958149039385
7488.0 0.21976844983736502
7490.0 0.218952090670463
7492.0 0.21864288356979547
7494.0 0.21850127081666562
7496.0 0.21835965806353594
7498.0 0.2182180453104062
7500.0 0.2180764325572765
7502.0 0.21793481980414672
7504.0 0.21779320705101707
7506.0 0.2176515942978873
7508.0 0.21750998154475765
7510.0 0.21736836879162794
7512.0 0.21722675603849817
7514.0 0.21708514328536857
7516.0 0.21694353053223875
7518.0 0.21680191777910904
7520.0 0.21666030502597938
7522.0 0.21651869227284964
7524.0 0.21637707951971993
7526.0 0.21623546676659017
7528.0 0.21609385401346054
7530.0 0.2159522412603306
7532.0 0.2158106285072011
7534.0 0.21566901575407132
7536.0 0.21552740300094167
7538.0 0.21538579024781176
7540.0 0.21524417749468225
7542.0 0.21510256474155248
7544.0 0.21496095198842277
7546.0 0.21481933923529306
7548.0 0.21467772648216338
7550.0 0.21453611372903358
7552.0 0.21439450097590382
7554.0 0.21425288822277413
7556.0 0.21411127546964448
7558.0 0.21396966271651485
7560.0 0.21382804996338506
7562.0 0.2136864372102553
7564.0 0.21354482445712558
7566.0 0.2144211635393222
7568.0 0.2141878049316856
7570.0 0.2133834231962433
7572.0 0.21392242132606173
7574.0 0.21568620547565903
7576.0 0.21934546076654007
7578.0 0.22454998178428134
7580.0 0.22863811345436155
7582.0 0.22912158921120757
7584.0 0.22732914225497303
7586.0 0.22550286540258682
7588.0 0.22542117035312612
7590.0 0.22661230215378259
7592.0 0.22846268315947305
7594.0 0.2313161871417579
7596.0 0.23328702369835905
7598.0 0.23369727521102357
7600.0 0.23373840587521
7602.0 0.23332605402065246
7604.0 0.23391025768228474
7606.0 0.23616812713719587
7608.0 0.23800066796949063
7610.0 0.23883629594519004
7612.0 0.23912600190692487
7614.0 0.2398998667858014
7616.0 0.24078623462877125
7618.0 0.24124860604234702
7620.0 0.24121799242085976
7622.0 0.2405260382966409
7624.0 0.2399224739982169
7626.0 0.2403041137341875
7628.0 0.24202043229042555
7630.0 0.24425708129783705
7632.0 0.24673484091870526
7634.0 0.2487664969706004
7636.0 0.2496971578361607
7638.0 0.2501908624149789
7640.0 0.2506885401432648
7642.0 0.25101410924925077
7644.0 0.2502530103557769
7646.0 0.24894241147515475
7648.0 0.24871126370267088
7650.0 0.24874501414635256
7652.0 0.2491316112346645
7654.0 0.2501395222143323
7656.0 0.251048528524479
7658.0 0.2516830398909956
7660.0 0.25177124829479103
7662.0 0.2516099627368497
7664.0 0.25084229275156833
7666.0 0.25072292727925266
7668.0 0.25188788189949624
7670.0 0.2533618422189386
7672.0 0.25443917818686435
7674.0 0.2553546166119364
7676.0 0.2556270950721596
7678.0 0.25497427281447516
7680.0 0.2543005830378707
7682.0 0.25433497599302873
7684.0 0.2550917332661692
7686.0 0.25599004490071936
7688.0 0.2572868226511888
7690.0 0.25880666407280273
7692.0 0.25913826952339974
7694.0 0.2571042245384339
7696.0 0.25428470100298206
7698.0 0.25174110681941764
7700.0 0.24908932890111674
7702.0 0.24799608371659046
7704.0 0.24888379234616212
7706.0 0.24935184701157861
7708.0 0.24933926961387462
7710.0 0.24958176070160482
7712.0 0.24936266034877155
7714.0 0.24870447503880072
7716.0 0.24920017979767053
7718.0 0.2510397163683503
7720.0 0.2531313305513147
7722.0 0.2558175687978623
7724.0 0.257808998040462
7726.0 0.25814480396714407
7728.0 0.2565227368652243
7730.0 0.2546097180825172
7732.0 0.2529066671187386
7734.0 0.251281300208562
7736.0 0.2511372290402689
7738.0 0.25168835050986366
7740.0 0.25058952776384535
7742.0 0.24894110963243837
7744.0 0.24820819055636206
7746.0 0.2487107867396531
7748.0 0.2494988305796032
7750.0 0.25062971406848233
7752.0 0.2510884295915227
7754.0 0.2509168831413335
7756.0 0.25043091747102686
7758.0 0.24956037764451305
7760.0 0.24917613972059546
7762.0 0.24879190179667776
7764.0 0.24840766387276036
7766.0 0.24802342594884283
7768.0 0.24763918802492535
7770.0 0.2472549501010076
7772.0 0.24687071217709008
7774.0 0.24648647425317263
7776.0 0.2461022363292551
7778.0 0.24571799840533748
7780.0 0.24533376048141975
7782.0 0.2449495225575024
7784.0 0.24456528463358487
7786.0 0.24418104670966737
7788.0 0.24379680878574958
7790.0 0.24341257086183216
7792.0 0.24302833293791462
7794.0 0.24264409501399706
7796.0 0.24225985709007938
7798.0 0.2416617115517188
7800.0 0.23878427583010073
7802.0 0.23590635867055204
7804.0 0.23317104764558355
7806.0 0.2321747478655935
7808.0 0.23277481693244084
7810.0 0.23458930583969495
7812.0 0.23661844712124538
7814.0 0.23745400676956024
7816.0 0.2375239097802144
7818.0 0.23750098530783662
7820.0 0.23583674475566496
7822.0 0.23282565443219647
7824.0 0.2306164507084999
7826.0 0.23023958812633896
7828.0 0.22991832264976098
7830.0 0.22911437136392634
7832.0 0.22779343545568495
7834.0 0.22544773436339374
7836.0 0.22265675805850832
7838.0 0.22106597347497497
7840.0 0.22063475557436713
7842.0 0.2215863802723384
7844.0 0.22284970326505316
7846.0 0.2238024548512989
7848.0 0.223826502579446
7850.0 0.22292249481511722
7852.0 0.22177146361268268
7854.0 0.22048722393475273
7856.0 0.21980850264765203
7858.0 0.21909670154060965
7860.0 0.21794078354317872
7862.0 0.21726544636050302
7864.0 0.21698806806281762
7866.0 0.21600034111109156
7868.0 0.21440943679616395
7870.0 0.21252050600555905
7872.0 0.21023915784392927
7874.0 0.20869571569562764
7876.0 0.20896496838016326
7878.0 0.2107093612698116
7880.0 0.21268202665652466
7882.0 0.2149701993217877
7884.0 0.216684400000947
7886.0 0.21753365045427528
7888.0 0.21662708222723662
7890.0 0.21360775981832933
7892.0 0.20918593624479334
7894.0 0.2046766371405799
7896.0 0.2006593326358135
7898.0 0.19941239573238323
7900.0 0.20023881499526738
7902.0 0.20127655622066556
7904.0 0.2020456616999043
7906.0 0.202170641015726
7908.0 0.2014401338595894
7910.0 0.2001432090505288
7912.0 0.19892306186990746
7914.0 0.1975247319786115
7916.0 0.19684321569261495
7918.0 0.19708807047283514
7920.0 0.19794552532886786
7922.0 0.19912279673747793
7924.0 0.19944464142008977
7926.0 0.19822209995622345
7928.0 0.1964503582511079
7930.0 0.19534492152253147
7932.0 0.19483339697868307
7934.0 0.19561260708490666
7936.0 0.19755072285013722
7938.0 0.1988859400388851
7940.0 0.19896310062841996
7942.0 0.19722955792669555
7944.0 0.19323895578659434
7946.0 0.18870520366409016
7948.0 0.18663915912831222
7950.0 0.18687017865683023
7952.0 0.18864210828279124
7954.0 0.19092174947437882
7956.0 0.19192372377865285
7958.0 0.19127042403406447
7960.0 0.19045229524226806
7962.0 0.19126853131083496
7964.0 0.1932862356235827
7966.0 0.19490885142696734
7968.0 0.19506856911521653
7970.0 0.1931375400097934
7972.0 0.19014957503740812
7974.0 0.1872242317010273
7976.0 0.18508589102227277
7978.0 0.18402266811242246
7980.0 0.18396381885042506
7982.0 0.1844074834768464
7984.0 0.18561758630926095
7986.0 0.18730511855240442
7988.0 0.18791001465631982
7990.0 0.18674612567834453
7992.0 0.185384844185137
7994.0 0.1853872061205514
7996.0 0.18613925692004385
7998.0 0.18691925672550758
8000.0 0.18718952459246632
8002.0 0.18611224540370708
8004.0 0.1838469170633642
8006.0 0.18152081774657816
8008.0 0.18022391213235964
8010.0 0.17986440024178432
8012.0 0.17951909228451055
8014.0 0.17954735775241595
8016.0 0.18000521560384738
8018.0 0.18043618338389497
8020.0 0.18105616363939675
8022.0 0.18226499054327028
8024.0 0.18362708468789507
8026.0 0.18453425047665184
8028.0 0.18487696127929068
8030.0 0.18413783571668046
8032.0 0.1829130533804051
8034.0 0.18254123960350785
8036.0 0.18272078949839754
8038.0 0.1826327380655156
8040.0 0.18218064482206264
8042.0 0.18128571933588913
8044.0 0.17975649113565126
8046.0 0.17821819816466675
8048.0 0.17750110907057942
8050.0 0.1776557026192088
8052.0 0.178428588960449
8054.0 0.1793462221157297
8056.0 0.17971868408958294
8058.0 0.1794767353954983
8060.0 0.17912783017544162
8062.0 0.17902759310141542
8064.0 0.1791476299379696
8066.0 0.1791743065214019
8068.0 0.17904410499086007
8070.0 0.1791139992394223
8072.0 0.17914317084456077
8074.0 0.17918936231475732
8076.0 0.17988744415901878
8078.0 0.18047110154939205
8080.0 0.17994470139844929
8082.0 0.17896966333425274
8084.0 0.17823424249434117
8086.0 0.17799235693183707
8088.0 0.17827355444837245
8090.0 0.17861185351396125
8092.0 0.1783789058816114
8094.0 0.17690399226045947
8096.0 0.1753947046954843
8098.0 0.1754152317447949
8100.0 0.17639848603134847
8102.0 0.17724182310789946
8104.0 0.1775505014968974
8106.0 0.17705636779455822
8108.0 0.17530792236223253
8110.0 0.1735654283124472
8112.0 0.1729236612823099
8114.0 0.17281476354496175
8116.0 0.17290979261784314
8118.0 0.17306282608958787
8120.0 0.17288573614733996
8122.0 0.17204529355543632
8124.0 0.170818025495944
8126.0 0.16962236111949253
8128.0 0.16832614513186359
8130.0 0.16671093083132635
8132.0 0.16477181677727645
8134.0 0.16274115518541862
8136.0 0.16054742502709296
8138.0 0.15834439287479268
8140.0 0.1572350660419103
8142.0 0.15641210943186012
8144.0 0.15470752773330634
8146.0 0.15263059815781083
8148.0 0.15028468113236287
8150.0 0.14780060315941507
8152.0 0.14629864734827147
8154.0 0.14667597694559972
8156.0 0.1465540538586865
8158.0 0.1434550061096593
8160.0 0.13882418531631688
8162.0 0.13378838386492747
8164.0 0.12931207687295856
8166.0 0.12622475559429558
8168.0 0.12441254173399353
8170.0 0.12319806305549262
8172.0 0.12216185112127116
8174.0 0.12038271690874505
8176.0 0.11782636178760339
8178.0 0.11548153617106188
8180.0 0.11351587432103952
8182.0 0.11168651716970608
8184.0 0.10996704163283148
8186.0 0.10846939851773484
8188.0 0.1071860276469066
8190.0 0.10603275348660435
8192.0 0.10543987717339771
8194.0 0.10569338827291341
8196.0 0.10610249594445695
8198.0 0.1061513961540802
8200.0 0.10583228741444871
8202.0 0.10514241852575675
8204.0 0.10412241233989139
8206.0 0.10328819990815238
8208.0 0.102590147953346
8210.0 0.10215551025566867
8212.0 0.10217374271807775
8214.0 0.10240162412677033
8216.0 0.10240791658959306
8218.0 0.10216975723326094
8220.0 0.10175041852398302
8222.0 0.1011087633043307
8224.0 0.1007564940191892
8226.0 0.10091397719699438
8228.0 0.1012813227840267
8230.0 0.10139218011413646
8232.0 0.10117354713774994
8234.0 0.10090681918568138
8236.0 0.10080224555315552
8238.0 0.10085102668679907
8240.0 0.10085824067421026
8242.0 0.10074430438770855
8244.0 0.10014123431539942
8246.0 0.10001367246240346
8248.0 0.1011276663711316
8250.0 0.1028748252488546
8252.0 0.10431937165940482
8254.0 0.10507833549349889
8256.0 0.10551889440147005
8258.0 0.10571631503794474
8260.0 0.10562747179689234
8262.0 0.10522488978227741
8264.0 0.10459807561560455
8266.0 0.10388216610782622
8268.0 0.10352513866455414
8270.0 0.10437198139595218
8272.0 0.10602034895583319
8274.0 0.10642703507853168
8276.0 0.105843086618652
8278.0 0.10515974671432965
8280.0 0.1041072982352806
8282.0 0.10340952806749489
8284.0 0.10438127504850987
8286.0 0.10646998632687434
8288.0 0.10732054256121297
8290.0 0.1063791239628272
8292.0 0.10551810282711271
8294.0 0.10517069162995228
8296.0 0.10531355741014416
8298.0 0.10589347488263696
8300.0 0.10685815754604056
8302.0 0.10765645401890489
8304.0 0.10797164714983234
8306.0 0.10807216447506446
8308.0 0.10779900535577296
8310.0 0.10883679094846016
8312.0 0.11184527749026997
8314.0 0.11530392497367986
8316.0 0.11813655141770445
8318.0 0.11922437534109238
8320.0 0.11780750478623256
8322.0 0.11484825612938553
8324.0 0.11157864295957325
8326.0 0.10795086683917729
8328.0 0.10548212317602945
8330.0 0.10447787958348297
8332.0 0.10446084997954085
8334.0 0.10536394624494233
8336.0 0.10703345825612691
8338.0 0.10912406218843329
8340.0 0.11173779155728043
8342.0 0.11280092931656337
8344.0 0.11202416910956903
8346.0 0.11153870969911502
8348.0 0.11219471418219279
8350.0 0.11390493280043532
8352.0 0.11654178177972613
8354.0 0.11908893108141623
8356.0 0.11998264256362359
8358.0 0.11951197244415798
8360.0 0.11873472190974887
8362.0 0.11742591765977921
8364.0 0.11759592607764913
8366.0 0.12018315316129695
8368.0 0.12387426248456283
8370.0 0.12733336797994227
8372.0 0.13105792907143232
8374.0 0.1312034118475059
8376.0 0.12728657840234597
8378.0 0.12307316904348141
8380.0 0.11922508898302968
8382.0 0.1175068913195856
8384.0 0.1195952205659626
8386.0 0.12398193515036343
8388.0 0.12708933041231274
8390.0 0.12922851811284142
8392.0 0.1305955957396557
8394.0 0.13144562369979435
8396.0 0.13340426035590766
8398.0 0.13665305815174641
8400.0 0.14007443311990478
8402.0 0.14281037679059239
8404.0 0.14425813141547564
8406.0 0.1438353554709087
8408.0 0.14140785030385358
8410.0 0.13918008076596103
8412.0 0.1368925451302615
8414.0 0.1363164170652162
8416.0 0.13885659093027833
8418.0 0.14358046389301413
8420.0 0.1482580052549812
8422.0 0.15338363922577683
8424.0 0.15632605540400601
8426.0 0.15711411724311933
8428.0 0.15717508332033478
8430.0 0.1570966445544114
8432.0 0.15826247231028356
8434.0 0.1610025390515184
8436.0 0.16402455299138266
8438.0 0.16668504353579958
8440.0 0.1686003983597237
8442.0 0.16878195509210442
8444.0 0.1676483085148418
8446.0 0.16811405222499873
8448.0 0.17085044061572877
8450.0 0.17496762857719889
8452.0 0.1789311456216696
8454.0 0.18241763514357243
8456.0 0.18557836961994228
8458.0 0.18832808974966397
8460.0 0.19164102998015822
8462.0 0.19561411807957704
8464.0 0.19938052622702762
8466.0 0.20262632208101125
8468.0 0.205330252475544
8470.0 0.20588221110210422
8472.0 0.20436560762485473
8474.0 0.20521754860636396
8476.0 0.20784573116584612
8478.0 0.20968897340365866
8480.0 0.21065420769618481
8482.0 0.21121284679753624
8484.0 0.21080576135128756
8486.0 0.210280782399683
8488.0 0.2109367334764338
8490.0 0.21261499702974063
8492.0 0.21383221673837458
8494.0 0.21463095579282607
8496.0 0.2155084159758288
8498.0 0.21702865196643745
8500.0 0.21895106455336277
8502.0 0.22048296750308038
8504.0 0.2218188319508977
8506.0 0.22364636698745138
8508.0 0.2262666873983211
8510.0 0.22864795148913775
8512.0 0.23049124321277362
8514.0 0.231538111636387
8516.0 0.2321952252548147
8518.0 0.2327514835407105
8520.0 0.2341331883497894
8522.0 0.2355235594728982
8524.0 0.23616957085229873
8526.0 0.236311630681969
8528.0 0.2360166095232947
8530.0 0.23496376867016797
8532.0 0.23384173994327212
8534.0 0.23322728026887335
8536.0 0.23270601027150237
8538.0 0.23215364050950277
8540.0 0.2313062225477907
8542.0 0.23042950749911115
8544.0 0.2296152231940127
8546.0 0.22905140952224726
8548.0 0.22920882749691945
8550.0 0.2301803732770052
8552.0 0.23157001408270558
8554.0 0.23339978173469794
8556.0 0.23555467732979762
8558.0 0.23798357444141593
8560.0 0.23954637586730296
8562.0 0.24042092613424348
8564.0 0.2411651193891109
8566.0 0.2419151791119286
8568.0 0.24234662532456003
8570.0 0.24338974140114297
8572.0 0.2448506054337973
8574.0 0.24529196164495587
8576.0 0.24489300424414862
8578.0 0.24427362500892147
8580.0 0.24353623733789445
8582.0 0.2427305495898184
8584.0 0.2419856990146702
8586.0 0.24167665355965226
8588.0 0.24242354444396386
8590.0 0.24388920334602346
8592.0 0.24479640312031622
8594.0 0.2450873897962746
8596.0 0.24511851534948936
8598.0 0.24513102593068611
8600.0 0.2453365335684802
8602.0 0.24592869697439582
8604.0 0.24672042798298158
8606.0 0.24665133892490737
8608.0 0.2462675701186666
8610.0 0.2460068959183868
8612.0 0.24572823605282662
8614.0 0.24598047970859083
8616.0 0.24668876476517504
8618.0 0.2477624280046064
8620.0 0.24958001519907133
8622.0 0.25186641457622405
8624.0 0.2540243217148641
8626.0 0.2559056953895752
8628.0 0.2573533792390258
8630.0 0.2585050453539354
8632.0 0.25885679318618265
8634.0 0.2570490689961492
8636.0 0.2541529040771463
8638.0 0.252460310889688
8640.0 0.25115011304771756
8642.0 0.24978160778606864
8644.0 0.2485460200238912
8646.0 0.24807073095061835
8648.0 0.2488070088248979
8650.0 0.2499970200760357
8652.0 0.2506466376017367
8654.0 0.25112617420907424
8656.0 0.25123791565111336
8658.0 0.25085408593837233
8660.0 0.25003860270310724
8662.0 0.2490278313907177
8664.0 0.2483743534440306
8666.0 0.2490279511420369
8668.0 0.25071010358044143
8670.0 0.2525288936231762
8672.0 0.25445615802466465
8674.0 0.2559720650477338
8676.0 0.25707943043405956
8678.0 0.25824162578963455
8680.0 0.25992572205140646
8682.0 0.26165519353406796
8684.0 0.2629333199784478
8686.0 0.264046645271411
8688.0 0.2641145374474688
8690.0 0.2631478639023804
8692.0 0.26215989888794894
8694.0 0.2616178122628792
8696.0 0.2614820938542037
8698.0 0.26167583248161297
8700.0 0.2619491796664417
8702.0 0.2614262762499313
8704.0 0.26077516382756866
8706.0 0.2604205626443057
8708.0 0.2600303205339204
8710.0 0.25969907853727664
8712.0 0.26001150329399353
8714.0 0.2606940231433295
8716.0 0.26100235296315777
8718.0 0.26073031754079884
8720.0 0.2599268532954842
8722.0 0.2593114159443089
8724.0 0.2600108413611353
8726.0 0.2620006376554225
8728.0 0.26542542491059157
8730.0 0.2703854990361703
8732.0 0.274594043640153
8734.0 0.2761892395616632
8736.0 0.2759529783590428
8738.0 0.2729959684412046
8740.0 0.26796954324652816
8742.0 0.2632263693070957
8744.0 0.2597489932772875
8746.0 0.25801414993314903
8748.0 0.25778421279658903
8750.0 0.2576147523676583
8752.0 0.2564494570197557
8754.0 0.25467134274218595
8756.0 0.2520316713269055
8758.0 0.24941209622284183
8760.0 0.24900669850116078
8762.0 0.25088971288770373
8764.0 0.2528798452953995
8766.0 0.25380025388202937
8768.0 0.25413702745093625
8770.0 0.2542077117580719
8772.0 0.2543111624271885
8774.0 0.2549351865384529
8776.0 0.2561706174551141
8778.0 0.2581930983793701
8780.0 0.26099995709240653
8782.0 0.2627283903360161
8784.0 0.26226077948071796
8786.0 0.26076776085417586
8788.0 0.25841554753880375
8790.0 0.2565843341588459
8792.0 0.2584010159335779
8794.0 0.26346472514121233
8796.0 0.26783486029683
8798.0 0.2697364098949772
8800.0 0.26820791261652116
8802.0 0.2616113624195268
8804.0 0.253666360281624
8806.0 0.24808499479818433
8808.0 0.24450236445562945
8810.0 0.2426388342518086
8812.0 0.24239149778426888
8814.0 0.2424810342958852
8816.0 0.24183571672424836
8818.0 0.24180661746546267
8820.0 0.2439370039825595
8822.0 0.24692918048696122
8824.0 0.24852770895222723
8826.0 0.24860932487309087
8828.0 0.2481678436323834
8830.0 0.2478140050637324
8832.0 0.2483854327473842
8834.0 0.250116537298017
8836.0 0.25194075683926415
8838.0 0.25317573224173634
8840.0 0.2525185546452445
8842.0 0.24832056349352216
8844.0 0.2416678117729662
8846.0 0.23596480455407406
8848.0 0.2320822131160939
8850.0 0.23149058573354678
8852.0 0.23574281566564928
8854.0 0.24139361203810256
8856.0 0.24667278375960663
8858.0 0.2495765739657804
8860.0 0.2456002011434947
8862.0 0.2345750415037958
8864.0 0.2239495430755103
8866.0 0.21568046583853748
8868.0 0.21163472513597933
8870.0 0.21453478137529666
8872.0 0.22070433665564615
8874.0 0.22652805364689121
8876.0 0.2305408084800292
8878.0 0.23071922986777169
8880.0 0.2265502142794364
8882.0 0.22322459627290187
8884.0 0.22285737460734556
8886.0 0.22491713399282934
8888.0 0.22988944905884395
8890.0 0.23458082671432862
8892.0 0.23468675384036425
8894.0 0.22992313926931984
8896.0 0.2229659520031754
8898.0 0.21413069640391824
8900.0 0.207708493424847
8902.0 0.20545587988789146
8904.0 0.2053815218874761
8906.0 0.20647112411729163
8908.0 0.20846867523375454
8910.0 0.2106502222609081
8912.0 0.21258283381348847
8914.0 0.21383934736458804
8916.0 0.21431143639092815
8918.0 0.2133638034287213
8920.0 0.2100456902298137
8922.0 0.20731870182075593
8924.0 0.20823491178811945
8926.0 0.21192973299764228
8928.0 0.2151303384165711
8930.0 0.21750946436381205
8932.0 0.2158317149428704
8934.0 0.20833102447539645
8936.0 0.20082532562554026
8938.0 0.19613052268788078
8940.0 0.19345475303656376
8942.0 0.19324251052396502
8944.0 0.1957202919605529
8946.0 0.19707725880694063
8948.0 0.19631024495611474
8950.0 0.19599535737599896
8952.0 0.19691631017859126
8954.0 0.19884501965590537
8956.0 0.202111405155593
8958.0 0.20594539612783394
8960.0 0.20797064894282974
8962.0 0.20739696369750873
8964.0 0.2057192638366352
8966.0 0.2031234069671686
8968.0 0.20198536107705703
8970.0 0.20348280053939843
8972.0 0.20503327772312402
8974.0 0.20383471369012726
8976.0 0.1999925672331078
8978.0 0.1969394448449035
8980.0 0.1948526979070559
8982.0 0.1939322576740686
8984.0 0.1948530514833043
8986.0 0.19660425417870464
8988.0 0.19789017726301364
8990.0 0.19855063095567915
8992.0 0.199403105483314
8994.0 0.2011347889279936
8996.0 0.20091110356226355
8998.0 0.19852219918483863
9000.0 0.19574873630396816
9002.0 0.19217379874215607
9004.0 0.1893487451982076
9006.0 0.18882417570885066
9008.0 0.1903445453594891
9010.0 0.19121476103476637
9012.0 0.19146651031616618
9014.0 0.190953812075465
9016.0 0.18932482872667625
9018.0 0.1886420929391225
9020.0 0.19002963648948037
9022.0 0.1911943917271705
9024.0 0.1899953465228089
9026.0 0.18705667922302624
9028.0 0.1860696950387858
9030.0 0.1877648280977371
9032.0 0.18891928988922066
9034.0 0.18856300929423667
9036.0 0.18824124315494498
9038.0 0.18862483746446346
9040.0 0.18877774931884134
9042.0 0.18900404959808467
9044.0 0.1900436348538006
9046.0 0.18948107296698713
9048.0 0.18684045570015634
9050.0 0.18524271861909272
9052.0 0.1846875821904901
9054.0 0.18455820734910183
9056.0 0.1850457422884833
9058.0 0.18570643838255602
9060.0 0.1858721263809455
9062.0 0.18584213443914374
9064.0 0.18543842218001563
9066.0 0.1845477518132066
9068.0 0.18409354171860923
9070.0 0.1840446295196529
9072.0 0.18432936613388803
9074.0 0.18493313545556642
9076.0 0.1854968343055382
9078.0 0.18500481863792043
9080.0 0.18346251924146814
9082.0 0.1822182680183108
9084.0 0.18118725314374282
9086.0 0.18047622312159797
9088.0 0.1801200276415223
9090.0 0.17993277426261148
9092.0 0.18039851602486132
9094.0 0.18127085575857538
9096.0 0.18154333018296517
9098.0 0.18145963554643135
9100.0 0.18217882121385504
9102.0 0.18378174406873696
9104.0 0.18447175608472927
9106.0 0.1837721690845572
9108.0 0.18205956898178988
9110.0 0.18036519984733831
9112.0 0.17866530604383782
9114.0 0.17784559992606716
9116.0 0.17804287102816413
9118.0 0.17850144576881677
9120.0 0.17866567248411364
9122.0 0.1789224132297883
9124.0 0.1805890695134014
9126.0 0.18312101820968565
9128.0 0.18273944750835258
9130.0 0.18019006017867378
9132.0 0.17741211440327165
9134.0 0.17385403565119925
9136.0 0.17159249914854613
9138.0 0.1716398993194057
9140.0 0.17323128261465612
9142.0 0.1742666999122393
9144.0 0.1758744362355121
9146.0 0.17618220083387556
9148.0 0.1744774842243206
9150.0 0.17319923240654123
9152.0 0.17308852833499486
9154.0 0.17330774148714995
9156.0 0.1724951043152668
9158.0 0.17189069873962626
9160.0 0.1723216608754801
9162.0 0.17353687723806194
9164.0 0.1737929171342201
9166.0 0.17368670320622057
9168.0 0.1738616466953686
9170.0 0.17374380772279835
9172.0 0.17334522350656084
9174.0 0.17417317683998926
9176.0 0.17602848873452154
9178.0 0.17670497056360185
9180.0 0.1760632814907229
9182.0 0.17646427575418094
9184.0 0.17775679090654797
9186.0 0.17860662227060128
9188.0 0.17908104134222608
9190.0 0.1798637278565155
9192.0 0.18120980968853254
9194.0 0.18326824983636444
9196.0 0.18464336652369515
9198.0 0.18494221736563052
9200.0 0.18494353016895165
9202.0 0.1855863435433967
9204.0 0.18609798361799448
9206.0 0.18437053659802558
9208.0 0.18122626956113824
9210.0 0.17905438128823117
9212.0 0.17730180722054445
9214.0 0.17586913946876453
9216.0 0.17445670808948735
9218.0 0.17318010420419575
9220.0 0.17270981013038805
9222.0 0.17269589390253887
9224.0 0.1726494853501716
9226.0 0.17311129183843343
9228.0 0.1722471605131017
9230.0 0.16929245871316684
9232.0 0.16800046254623424
9234.0 0.16916819865910632
9236.0 0.17133556028946184
9238.0 0.17324084423777444
9240.0 0.17524700155519526
9242.0 0.17526553737473044
9244.0 0.1733506804582641
9246.0 0.1721962708047082
9248.0 0.17143603981829508
9250.0 0.17134545014371386
9252.0 0.17136637293861287
9254.0 0.17124729471680744
9256.0 0.17076042984860726
9258.0 0.1703084291833178
9260.0 0.17080628140080936
9262.0 0.17246031663162312
9264.0 0.1727914948986778
9266.0 0.1716379616398253
9268.0 0.1712132375866853
9270.0 0.17295293585845917
9272.0 0.17640391544129835
9274.0 0.1805302728614868
9276.0 0.18556738001357068
9278.0 0.1887563219645871
9280.0 0.19096049383105979
9282.0 0.18954920959530502
9284.0 0.18345329478948175
9286.0 0.1765655919467751
9288.0 0.17261274059600784
9290.0 0.17070660029934567
9292.0 0.1738494992433368
9294.0 0.1814257680917267
9296.0 0.18224008729474012
9298.0 0.17834638688284093
9300.0 0.1739165379328473
9302.0 0.16928174267235557
9304.0 0.1657833160209297
9306.0 0.16478156602277566
9308.0 0.1652492263916274
9310.0 0.16496132577316938
9312.0 0.1646341601039145
9314.0 0.16477604141322508
9316.0 0.16580619128600285
9318.0 0.16682704385916233
9320.0 0.1676195494307869
9322.0 0.16858984212195224
9324.0 0.16802740362669
9326.0 0.16618378228889913
9328.0 0.16749434621026565
9330.0 0.17137301569894695
9332.0 0.1731550787440578
9334.0 0.17185098659275622
9336.0 0.1708925776236013
9338.0 0.17176818621425133
9340.0 0.17379873258253808
9342.0 0.17823090516056217
9344.0 0.18435420629874705
9346.0 0.18823194221179926
9348.0 0.18799356683943458
9350.0 0.18083793342776264
9352.0 0.1693269196108583
9354.0 0.15751767014614798
9356.0 0.15194159322242462
9358.0 0.15019831361361957
9360.0 0.1520449342944768
9362.0 0.15597175892810655
9364.0 0.15742973589047707
9366.0 0.15716512193452628
9368.0 0.15927949418661252
9370.0 0.1647909644805539
9372.0 0.169940122506517
9374.0 0.1723226844677013
9376.0 0.17345371310496238
9378.0 0.1723795760439349
9380.0 0.16927982767826735
9382.0 0.16708195701380077
9384.0 0.16704120292660377
9386.0 0.16857652093125253
9388.0 0.17122228543482798
9390.0 0.17405537928613993
9392.0 0.17325900488283327
9394.0 0.16969863833422244
9396.0 0.16583947641337074
9398.0 0.16235294160026806
9400.0 0.16087543362552512
9402.0 0.16374685633598482
9404.0 0.16877130115242375
9406.0 0.17143024882012925
9408.0 0.17373423605206098
9410.0 0.17816088918698988
9412.0 0.18020127969792551
9414.0 0.17323133716628117
9416.0 0.16238595267692357
9418.0 0.1551202137133859
9420.0 0.1538788516876762
9422.0 0.1563775419570563
9424.0 0.1606055828408688
9426.0 0.16565530047460578
9428.0 0.170699424557712
9430.0 0.1750428526249079
9432.0 0.175013911728837
9434.0 0.1707671088304496
9436.0 0.1662472772276592
9438.0 0.1636657227990099
9440.0 0.16317098261587704
9442.0 0.16621950521376053
9444.0 0.17106173828012827
9446.0 0.1753722662941918
9448.0 0.17657688009964687
9450.0 0.17369357492622664
9452.0 0.1688735699247272
9454.0 0.16362525326203378
9456.0 0.15928339380042555
9458.0 0.15656733195206832
9460.0 0.15486854166165642
9462.0 0.15393188141018488
9464.0 0.1575772369348652
9466.0 0.16511219368208435
9468.0 0.1726480799236332
9470.0 0.18007001568947448
9472.0 0.1828134015939001
9474.0 0.17348742273502435
9476.0 0.16085061225037536
9478.0 0.15316145170917533
9480.0 0.1493461851197518
9482.0 0.15130900630964414
9484.0 0.15900731527172748
9486.0 0.1674549621171377
9488.0 0.17353123503955353
9490.0 0.1757945962531213
9492.0 0.1715935862850999
9494.0 0.16542622031950951
9496.0 0.1614201925819256
9498.0 0.15961558127867842
9500.0 0.15954765730643303
9502.0 0.1604013748958714
9504.0 0.1604439344449026
9506.0 0.15675092556021603
9508.0 0.15393358793122994
9510.0 0.1571368262363654
9512.0 0.16293053522540818
9514.0 0.16869930210712106
9516.0 0.17473173875863784
9518.0 0.17741401967638085
9520.0 0.17320772412435886
9522.0 0.16843637043853135
9524.0 0.1684291348142694
9526.0 0.16936132014744626
9528.0 0.16905119447216657
9530.0 0.16904970396191943
9532.0 0.16823735391559017
9534.0 0.16478694321360565
9536.0 0.16043711345062103
9538.0 0.15660239033357726
9540.0 0.15320728792349123
9542.0 0.14986407490450113
9544.0 0.1459143699193529
9546.0 0.14148876810997488
9548.0 0.13778153278725774
9550.0 0.13710879677606305
9552.0 0.14023549072722413
9554.0 0.14393081920643716
9556.0 0.14721199217676656
9558.0 0.1487011357738919
9560.0 0.14747514119613106
9562.0 0.1457602083616825
9564.0 0.1454561138260621
9566.0 0.14654599228771092
9568.0 0.14750387551726774
9570.0 0.14765443500767167
9572.0 0.14765166761152582
9574.0 0.1472085172522774
9576.0 0.1464057688102575
9578.0 0.14626953651858035
9580.0 0.14680215307700353
9582.0 0.14672776091661996
9584.0 0.14570516191502547
9586.0 0.14439836694204544
9588.0 0.1428154452187132
9590.0 0.14099673174082894
9592.0 0.13935723754097512
9594.0 0.13734560460418896
9596.0 0.13421972587770087
9598.0 0.13126315541098432
9600.0 0.12924427911227088
9602.0 0.12700444105400702
9604.0 0.12660166262677017
9606.0 0.13068374065043487
9608.0 0.13397045587450146
9610.0 0.13347087600452012
9612.0 0.1319982116738651
9614.0 0.1313789661695368
9616.0 0.13152835259890097
9618.0 0.13248854146884226
9620.0 0.13477344674080946
9622.0 0.13592395521324657
9624.0 0.13410707940433556
9626.0 0.1323525768674806
9628.0 0.1326638513911505
9630.0 0.13401168390310506
9632.0 0.134508609614092
9634.0 0.13400783584787043
9636.0 0.13233115161579403
9638.0 0.12901626543208664
9640.0 0.12663857834326714
9642.0 0.12589809454778736
9644.0 0.12541930592882772
9646.0 0.1253379681594682
9648.0 0.12572889826083927
9650.0 0.12592945590544025
9652.0 0.12674460723533182
9654.0 0.1270114076695158
9656.0 0.12501459261063164
9658.0 0.12295252547467693
9660.0 0.12345304134007432
9662.0 0.12491684270087455
9664.0 0.12490746016874305
9666.0 0.12421586587889608
9668.0 0.12482289715870372
9670.0 0.1271595803541643
9672.0 0.12789467504005472
9674.0 0.12706309608033883
9676.0 0.12634310424315295
9678.0 0.12542436908171176
9680.0 0.12601053217721744
9682.0 0.12880169235663108
9684.0 0.13253130145419062
9686.0 0.13313203029161955
9688.0 0.13068284471951275
9690.0 0.12775198658121106
9692.0 0.12338266298585383
9694.0 0.1200995107453203
9696.0 0.11926348215716327
9698.0 0.11999431813268259
9700.0 0.1219155178827237
9702.0 0.12567268628296477
9704.0 0.12606037456446448
9706.0 0.12178871040664564
9708.0 0.11928698390817727
9710.0 0.11946377191981744
9712.0 0.12124777495268192
9714.0 0.12325009777956965
9716.0 0.12511316314881082
9718.0 0.12567025771227722
9720.0 0.12499678524224715
9722.0 0.12478071867465483
9724.0 0.12506721724343348
9726.0 0.12542091858229434
9728.0 0.12595654152534091
9730.0 0.12630240131470294
9732.0 0.12524592189868422
9734.0 0.1228325162308892
9736.0 0.12351944115729951
9738.0 0.1281659610807121
9740.0 0.13187161383454715
9742.0 0.13386574079844007
9744.0 0.13490751723877126
9746.0 0.13589425694468363
9748.0 0.13750527404249138
9750.0 0.13984616939282746
9752.0 0.14274011220914548
9754.0 0.14443581066601982
9756.0 0.14533753487205964
9758.0 0.14518206162735448
9760.0 0.14488023993299795
9762.0 0.14332838932081737
9764.0 0.1404007964697912
9766.0 0.1370164500651193
9768.0 0.13610482663500373
9770.0 0.137708098792555
9772.0 0.1379703369214848
9774.0 0.13656841456132596
9776.0 0.13509803309420604
9778.0 0.13573968475935905
9780.0 0.13735299488371583
9782.0 0.13807002370234933
9784.0 0.13835822611856516
9786.0 0.13834640190037495
9788.0 0.1371176103537626
9790.0 0.1377168641813838
9792.0 0.1409365852261353
9794.0 0.14379484475107468
9796.0 0.1445011778891002
9798.0 0.1438808984894034
9800.0 0.142485382336169
9802.0 0.13815330000174436
9804.0 0.138214775524329
9806.0 0.1450103989402957
9808.0 0.15029709934645938
9810.0 0.1501010215873296
9812.0 0.14864031080504597
9814.0 0.1479086420735016
9816.0 0.1463879809530975
9818.0 0.14560472763792048
9820.0 0.14854388634805435
9822.0 0.14924838614618963
9824.0 0.14519527795734333
9826.0 0.1445556170464144
9828.0 0.15078778010238245
9830.0 0.15916453124461338
9832.0 0.16085481334275537
9834.0 0.15843384141048097
9836.0 0.15499997665525392
9838.0 0.14622005779590577
9840.0 0.14090633272017275
9842.0 0.1442287016461142
9844.0 0.1478721430258087
9846.0 0.14778780695488578
9848.0 0.14819415872096525
9850.0 0.1513995587594858
9852.0 0.15628110197773745
9854.0 0.15672477387300546
9856.0 0.1530697280823737
9858.0 0.1509074224738699
9860.0 0.1531772730582758
9862.0 0.1557683538367933
9864.0 0.15471573748845294
9866.0 0.15153047957354573
9868.0 0.15321882778203175
9870.0 0.15984351095622493
9872.0 0.16157201622708464
9874.0 0.15592881680544646
9876.0 0.15403786530666258
9878.0 0.1612875762063372
9880.0 0.16883860281247579
9882.0 0.16413330141177782
9884.0 0.1501071830603604
9886.0 0.14644458352245474
9888.0 0.14965921015366931
9890.0 0.1522251246715732
9892.0 0.1500750341823134
9894.0 0.14817473242014834
9896.0 0.15161879397223624
9898.0 0.15786417042127274
9900.0 0.16096479774491643
9902.0 0.16278119663762708
9904.0 0.16667231093974852
9906.0 0.16746096345478112
9908.0 0.16395329187907703
9910.0 0.16220664308096103
9912.0 0.16046511964442717
9914.0 0.15706487137296282
9916.0 0.1528084162026243
9918.0 0.1523741134363088
9920.0 0.15275347533944098
9922.0 0.1529313357093896
9924.0 0.15554878116479265
9926.0 0.15763741257224329
9928.0 0.1602229008618292
9930.0 0.16308544107379533
9932.0 0.1604621925030121
9934.0 0.1514418333336823
9936.0 0.1470491741274945
9938.0 0.14629737513955648
9940.0 0.1444632333514842
9942.0 0.1428512210423956
9944.0 0.14294053446743704
9946.0 0.1432805780399159
9948.0 0.14285034442616484
9950.0 0.1442673698238909
9952.0 0.14894602084420108
9954.0 0.1544123590775239
9956.0 0.1581462468459369
9958.0 0.16167829164418304
9960.0 0.1658924796741217
9962.0 0.16833914254543383
9964.0 0.16848981195853419
9966.0 0.1677339945433215
9968.0 0.16549735014861724
9970.0 0.159854140751821
9972.0 0.1550544390222324
9974.0 0.1498499314957753
9976.0 0.14762413888542952
9978.0 0.15385974560982915
9980.0 0.1625438294553775
9982.0 0.1625903918234903
9984.0 0.15712540340880407
9986.0 0.15345409441345845
9988.0 0.14986732690291832
9990.0 0.1474797262171755
9992.0 0.14566668077362976
9994.0 0.14498057869075825
9996.0 0.14548364465647393
9998.0 0.14650344889415567
