# z obs_date
# 0 52280
3580.0 0.22763449697947838
3582.0 0.24641511461512272
3584.0 0.2583455402580161
3586.0 0.22801650826120398
3588.0 0.2255280795188331
3590.0 0.24608036859967383
3592.0 0.24059578927971245
3594.0 0.22172892982726083
3596.0 0.22332854273356864
3598.0 0.22294060527949047
3600.0 0.2280052874271174
3602.0 0.24155431750289394
3604.0 0.23591177369385088
3606.0 0.22670972924088487
3608.0 0.25965940574743607
3610.0 0.2543042826948765
3612.0 0.24149164625044153
3614.0 0.2391442664276418
3616.0 0.23323137423528795
3618.0 0.26537239513266253
3620.0 0.23243193868130707
3622.0 0.23019431733014978
3624.0 0.2446889202391808
3626.0 0.2528352112395863
3628.0 0.2435384325054595
3630.0 0.23546306680520912
3632.0 0.2492978491431587
3634.0 0.24011586475883961
3636.0 0.2294348638098322
3638.0 0.2286879167775732
3640.0 0.22329938329440513
3642.0 0.23726958646099047
3644.0 0.21963801998323015
3646.0 0.22158594639931142
3648.0 0.2333561277872981
3650.0 0.22480323964162147
3652.0 0.2091130072388531
3654.0 0.2194427829368306
3656.0 0.23041364269898099
3658.0 0.22479228962077943
3660.0 0.2424375793570194
3662.0 0.22778770284512925
3664.0 0.2223507266707957
3666.0 0.23276152501824948
3668.0 0.2107884434802236
3670.0 0.21656439972502897
3672.0 0.21476382817431505
3674.0 0.2093802030429175
3676.0 0.22961156895657933
3678.0 0.22860629452137785
3680.0 0.2195997802112612
3682.0 0.22373067085043669
3684.0 0.2260271807185797
3686.0 0.24167680813008569
3688.0 0.22650661772481823
3690.0 0.24385877445212129
3692.0 0.23485869795632455
3694.0 0.23106950881584057
3696.0 0.21432488878351635
3698.0 0.22530593944100477
3700.0 0.2268070009971039
3702.0 0.2377242828117177
3704.0 0.24507660302371637
3706.0 0.23614453975118072
3708.0 0.22262425123601073
3710.0 0.23491225335396398
3712.0 0.2334828309814886
3714.0 0.22210864733240532
3716.0 0.22331674352109634
3718.0 0.2301812664861869
3720.0 0.22087537054031708
3722.0 0.23113934499415556
3724.0 0.23469309239448083
3726.0 0.2256200366596591
3728.0 0.22458262186424055
3730.0 0.24341670066342522
3732.0 0.24147038172770388
3734.0 0.2573778615336071
3736.0 0.24388726420489076
3738.0 0.23887047829938096
3740.0 0.2282978803157081
3742.0 0.22482734149144332
3744.0 0.24738456359483385
3746.0 0.2342340112098445
3748.0 0.23968096238070438
3750.0 0.244214012573637
3752.0 0.2562772098971722
3754.0 0.2519287373933924
3756.0 0.23228267720998103
3758.0 0.2524755108655961
3760.0 0.26004713204434254
3762.0 0.24080497036189763
3764.0 0.25394023647811476
3766.0 0.25006082515474326
3768.0 0.25867307550253665
3770.0 0.25318045278213874
3772.0 0.25378111009167487
3774.0 0.2530197799298096
3776.0 0.26325448700912113
3778.0 0.26615174541875425
3780.0 0.26475277537924524
3782.0 0.2466877708048345
3784.0 0.2504389382712501
3786.0 0.25238723234600213
3788.0 0.26004720643059603
3790.0 0.27251388283624284
3792.0 0.27344829847077273
3794.0 0.2580628497394601
3796.0 0.2675339541016784
3798.0 0.2652109374881456
3800.0 0.2995598349424655
3802.0 0.27567693957074424
3804.0 0.27967342850148885
3806.0 0.2652092542063289
3808.0 0.2822195755725401
3810.0 0.3092854761117619
3812.0 0.27940743685982133
3814.0 0.2730461077235746
3816.0 0.27439564332830524
3818.0 0.28020449326214114
3820.0 0.27394085204612756
3822.0 0.2898532540725809
3824.0 0.2955653670050863
3826.0 0.2923064100999538
3828.0 0.2887427158700175
3830.0 0.284521308645869
3832.0 0.30480701120274106
3834.0 0.3098356362148432
3836.0 0.3009488836209035
3838.0 0.2949564709947307
3840.0 0.2895589110589453
3842.0 0.30985919776989923
3844.0 0.29241521322970215
3846.0 0.2924435859005333
3848.0 0.299467474092732
3850.0 0.2929911567678453
3852.0 0.306662196211113
3854.0 0.30392069378974956
3856.0 0.3079524274892399
3858.0 0.3035855466954223
3860.0 0.2945787693331524
3862.0 0.3097203381414082
3864.0 0.30053887023491077
3866.0 0.301302147992566
3868.0 0.31124410036516575
3870.0 0.3193853686510652
3872.0 0.31553043708421397
3874.0 0.30902943951558065
3876.0 0.31214497642994515
3878.0 0.31204828103601046
3880.0 0.31455107112587705
3882.0 0.30117789283281904
3884.0 0.30414659846599046
3886.0 0.2893906204803889
3888.0 0.30048690550425483
3890.0 0.31418479738601296
3892.0 0.31318304227585325
3894.0 0.3064175896888314
3896.0 0.30670045909214566
3898.0 0.31030060523725456
3900.0 0.3052145988973318
3902.0 0.31665803149774013
3904.0 0.30706588393291345
3906.0 0.3157454320637126
3908.0 0.33560462571476457
3910.0 0.318997588047106
3912.0 0.31584387871515646
3914.0 0.3088855283128142
3916.0 0.3190923950622465
3918.0 0.311824243523539
3920.0 0.3142708728663302
3922.0 0.3205283939660637
3924.0 0.31794428978624223
3926.0 0.3171098798245639
3928.0 0.32216927368558324
3930.0 0.3164691174446334
3932.0 0.3052614915343166
3934.0 0.3055393006226452
3936.0 0.30591588580437395
3938.0 0.3138658749428896
3940.0 0.30624612051018973
3942.0 0.32361251165223404
3944.0 0.3259393904274771
3946.0 0.325937606399939
3948.0 0.32973275229862786
3950.0 0.3157919487647071
3952.0 0.3247660137621893
3954.0 0.31828966825081373
3956.0 0.3342342173144642
3958.0 0.32914434549854993
3960.0 0.3417722266879594
3962.0 0.34217902887100987
3964.0 0.324441346775613
3966.0 0.32561721596944476
3968.0 0.32185877328159274
3970.0 0.3298360171363022
3972.0 0.3349830568303195
3974.0 0.3466398076143333
3976.0 0.3379592855274905
3978.0 0.3445143687292635
3980.0 0.33953280061886104
3982.0 0.33621554410331467
3984.0 0.3348319967111357
3986.0 0.3337240237683662
3988.0 0.3277745530570044
3990.0 0.34248258587314717
3992.0 0.32552781838552947
3994.0 0.341007411638683
3996.0 0.3353601246365614
3998.0 0.34080777606398854
4000.0 0.3344873110302454
4002.0 0.32690938051721863
4004.0 0.33508281629793857
4006.0 0.34163544311727034
4008.0 0.3358401458798481
4010.0 0.3309593986334381
4012.0 0.3391687006674805
4014.0 0.3376180599434568
4016.0 0.34684027700130154
4018.0 0.34896371132741194
4020.0 0.3419066159861133
4022.0 0.3286873243590024
4024.0 0.3313511416097167
4026.0 0.3374168136060668
4028.0 0.34195804126468227
4030.0 0.3455990540239732
4032.0 0.33480535344593476
4034.0 0.34169971662596327
4036.0 0.34740840171946075
4038.0 0.34335463976926744
4040.0 0.3420361239648457
4042.0 0.34080053708067687
4044.0 0.3393647907095231
4046.0 0.345018763133416
4048.0 0.32971245640093405
4050.0 0.3327089854677933
4052.0 0.32840527174274037
4054.0 0.34735930527961045
4056.0 0.34395472306451724
4058.0 0.3456644210097207
4060.0 0.34701168613915834
4062.0 0.34369113954651204
4064.0 0.3351713505086443
4066.0 0.33229536873922255
4068.0 0.33867336054355623
4070.0 0.3519709048845167
4072.0 0.35170994131577943
4074.0 0.35373584883425574
4076.0 0.34243015740965455
4078.0 0.34504195166527063
4080.0 0.34467955204818707
4082.0 0.34673955291693664
4084.0 0.3432224370279894
4086.0 0.3271996455521229
4088.0 0.3312166935532116
4090.0 0.32600473982572997
4092.0 0.340421038396097
4094.0 0.34325378605324103
4096.0 0.34233880684066176
4098.0 0.3433974609000077
4100.0 0.33721528352322244
4102.0 0.33978314437723106
4104.0 0.3398666510025768
4106.0 0.32969249982488874
4108.0 0.3468666423716901
4110.0 0.3498979128344982
4112.0 0.3442926487163879
4114.0 0.3509876384847084
4116.0 0.34457659209053904
4118.0 0.33575899946646287
4120.0 0.3460172483954264
4122.0 0.3434061396428319
4124.0 0.35225691468728415
4126.0 0.3499863664219647
4128.0 0.35221135781235935
4130.0 0.35103985009004984
4132.0 0.3463202841107155
4134.0 0.35140305895333074
4136.0 0.3511231928820048
4138.0 0.354693846219724
4140.0 0.34443646360809
4142.0 0.3648255684554521
4144.0 0.35781067489070284
4146.0 0.34873965832276893
4148.0 0.3494740184960823
4150.0 0.3449158485578343
4152.0 0.35471602160865084
4154.0 0.34626706503752686
4156.0 0.35264020146439956
4158.0 0.3510811607316884
4160.0 0.34754275309867855
4162.0 0.35199777712444086
4164.0 0.36512645727482307
4166.0 0.37520374644812077
4168.0 0.3586013518489317
4170.0 0.3490433341758855
4172.0 0.35131151586444
4174.0 0.35522575369803855
4176.0 0.34355065887692865
4178.0 0.3454868961140149
4180.0 0.34380330144402294
4182.0 0.34461904835028473
4184.0 0.3449825559154835
4186.0 0.340986914734374
4188.0 0.35253585161742024
4190.0 0.35347006898505445
4192.0 0.3535659022773953
4194.0 0.34646973070694925
4196.0 0.36351263008457374
4198.0 0.35323853168228897
4200.0 0.3504903074435993
4202.0 0.3460553745296741
4204.0 0.3411722066154523
4206.0 0.35885903648432793
4208.0 0.35862716649506804
4210.0 0.3576318564448194
4212.0 0.35446647146312493
4214.0 0.35548440512317914
4216.0 0.3416728584246561
4218.0 0.34176540968460123
4220.0 0.33591088801319013
4222.0 0.3411424778236161
4224.0 0.34489004279047
4226.0 0.34057206894351466
4228.0 0.34891928907500985
4230.0 0.3496029051049894
4232.0 0.3424237995328599
4234.0 0.34556831549918565
4236.0 0.35533742143826796
4238.0 0.35314489462539383
4240.0 0.34105371151431163
4242.0 0.338718513149926
4244.0 0.3490350534540733
4246.0 0.3444358889672542
4248.0 0.3420586226260913
4250.0 0.3294828520992467
4252.0 0.3386084693700609
4254.0 0.3381365745381324
4256.0 0.3298862055171192
4258.0 0.34198078566153883
4260.0 0.34262590865318626
4262.0 0.34631876293837044
4264.0 0.3544340763871133
4266.0 0.35599638654668947
4268.0 0.3618288464089618
4270.0 0.3623345444192163
4272.0 0.3625110898791216
4274.0 0.36219909570271397
4276.0 0.36098549841829203
4278.0 0.36198483612780913
4280.0 0.36712847371011503
4282.0 0.34539518118834983
4284.0 0.34722436010061936
4286.0 0.3602164765090335
4288.0 0.3393307352743707
4290.0 0.3591368226002238
4292.0 0.3678518816960964
4294.0 0.36507726769238114
4296.0 0.36805433826204154
4298.0 0.3754266214649634
4300.0 0.3702860664182859
4302.0 0.36605774198557667
4304.0 0.3624661040710436
4306.0 0.36096505317713623
4308.0 0.3756921040029697
4310.0 0.37388001104949153
4312.0 0.37159402737489255
4314.0 0.3842258705787817
4316.0 0.3779874597598422
4318.0 0.37546129418011326
4320.0 0.36971242200379795
4322.0 0.37496418857977765
4324.0 0.3822997219024001
4326.0 0.3603440532793656
4328.0 0.3564459326221623
4330.0 0.3710032282620999
4332.0 0.3673600179869576
4334.0 0.37473243033485937
4336.0 0.3736299884603036
4338.0 0.37679320151064916
4340.0 0.3814946601461657
4342.0 0.38347822143471844
4344.0 0.37883058495386324
4346.0 0.3846498786495363
4348.0 0.38054362222073884
4350.0 0.38548689075673304
4352.0 0.38523411340026115
4354.0 0.3883513353526782
4356.0 0.38396687702986415
4358.0 0.40053734381438555
4360.0 0.39681511674926867
4362.0 0.4001069843323112
4364.0 0.40468856602226366
4366.0 0.4110398407540445
4368.0 0.4081529271813557
4370.0 0.40200509023160963
4372.0 0.39590408532179483
4374.0 0.39734570599833546
4376.0 0.39782073278261676
4378.0 0.407048995316907
4380.0 0.40733754710415776
4382.0 0.41636500361851414
4384.0 0.43145567853130584
4386.0 0.4397461890203884
4388.0 0.438519951320913
4390.0 0.4411275676863361
4392.0 0.42808825904057984
4394.0 0.42538574334831325
4396.0 0.4377596719306652
4398.0 0.4438832681288269
4400.0 0.4384587594206067
4402.0 0.4428321109535114
4404.0 0.4474004945130078
4406.0 0.4461724688987782
4408.0 0.4470089559790306
4410.0 0.452972360332071
4412.0 0.4568899689664159
4414.0 0.45809584840301637
4416.0 0.45950862580451046
4418.0 0.4486167184391252
4420.0 0.44209239866844613
4422.0 0.4412479962116273
4424.0 0.431583664044188
4426.0 0.43976483654316884
4428.0 0.43477996412608266
4430.0 0.439463526841014
4432.0 0.43943502128041045
4434.0 0.4635384461581752
4436.0 0.4567146331234945
4438.0 0.46685341770642347
4440.0 0.4763557724513565
4442.0 0.4837028942615605
4444.0 0.4919197709050716
4446.0 0.4814296193392015
4448.0 0.4860451379968556
4450.0 0.49662775204528287
4452.0 0.49402097902857994
4454.0 0.49984879156762796
4456.0 0.5036932784143587
4458.0 0.5016179491021421
4460.0 0.5206012991894234
4462.0 0.509159946761954
4464.0 0.525938899464702
4466.0 0.5158552570712919
4468.0 0.5173014251271391
4470.0 0.5280324348716334
4472.0 0.5324320124153595
4474.0 0.524348450799635
4476.0 0.5358502835471406
4478.0 0.5330237050137855
4480.0 0.5272719740431138
4482.0 0.5336057338075249
4484.0 0.5282555836246936
4486.0 0.5375102376726293
4488.0 0.5363020140507937
4490.0 0.5406208060287591
4492.0 0.5448195318551993
4494.0 0.536448104462787
4496.0 0.5350773795080911
4498.0 0.5297794662218661
4500.0 0.5248382264518661
4502.0 0.5118543644273451
4504.0 0.5187886939923613
4506.0 0.541585334491793
4508.0 0.5403889942732998
4510.0 0.5355012950498242
4512.0 0.528444127546986
4514.0 0.5325567306322423
4516.0 0.5301441693572513
4518.0 0.5273611262925135
4520.0 0.5391871077117516
4522.0 0.5233355113516723
4524.0 0.5217557851978328
4526.0 0.5120443604136596
4528.0 0.5224546562391443
4530.0 0.5137984872558046
4532.0 0.5148146000439473
4534.0 0.5283997130761751
4536.0 0.5309073090480744
4538.0 0.5228285985084049
4540.0 0.5323765979486071
4542.0 0.5251871403772667
4544.0 0.5317297161985937
4546.0 0.5154145141300212
4548.0 0.5227903646930728
4550.0 0.5149230807055746
4552.0 0.5143405002148776
4554.0 0.5172840065198385
4556.0 0.5126469332386427
4558.0 0.5007538739280815
4560.0 0.5046129248154579
4562.0 0.5096964412179733
4564.0 0.5101767180228683
4566.0 0.5150124531861884
4568.0 0.4993992869904646
4570.0 0.5058009868940602
4572.0 0.5007535275520426
4574.0 0.4978463340056398
4576.0 0.49803402271794633
4578.0 0.50045191334986
4580.0 0.4972148827486082
4582.0 0.4922774092259828
4584.0 0.49401797806662856
4586.0 0.5002963619988309
4588.0 0.4976367474857885
4590.0 0.49809050292837914
4592.0 0.5055782682151884
4594.0 0.4984614447932513
4596.0 0.5005977627432873
4598.0 0.5001965486663817
4600.0 0.4884354431050384
4602.0 0.49210413531706887
4604.0 0.4982731126414132
4606.0 0.5008215659942364
4608.0 0.4980836735755357
4610.0 0.49316877356516126
4612.0 0.4942677120974888
4614.0 0.4891008588624541
4616.0 0.491810850850351
4618.0 0.4865850948444161
4620.0 0.49196099472089017
4622.0 0.4914281254441043
4624.0 0.49136047529276405
4626.0 0.4901368940641482
4628.0 0.4839705061630146
4630.0 0.4826845021311132
4632.0 0.4791182451047132
4634.0 0.48699967037519454
4636.0 0.49297629948008587
4638.0 0.48824219905406335
4640.0 0.4865163754950253
4642.0 0.48235561789665893
4644.0 0.48605723308608473
4646.0 0.4792010385273001
4648.0 0.48134521976129857
4650.0 0.48671860633354713
4652.0 0.48515220369610657
4654.0 0.47935146367771847
4656.0 0.4842119270070869
4658.0 0.474137607553582
4660.0 0.48275830631188454
4662.0 0.4841912052143831
4664.0 0.4800971034007205
4666.0 0.4790842918032677
4668.0 0.4730041854539221
4670.0 0.47523922960913495
4672.0 0.48164706701238863
4674.0 0.48747814822053437
4676.0 0.48158321334138987
4678.0 0.47537347824863496
4680.0 0.47827159721698626
4682.0 0.46891721806832937
4684.0 0.48139130502801564
4686.0 0.4679769553745161
4688.0 0.4756989553422915
4690.0 0.46723128319651136
4692.0 0.473147030938576
4694.0 0.4775444343030427
4696.0 0.46849383489384894
4698.0 0.45660577962428595
4700.0 0.4577971555535184
4702.0 0.45968486493879657
4704.0 0.4646064176853556
4706.0 0.459373367870104
4708.0 0.45865076728030457
4710.0 0.4617949514629521
4712.0 0.46301374242702464
4714.0 0.4660346432560937
4716.0 0.4550821784989822
4718.0 0.45021124923560646
4720.0 0.45392745440385424
4722.0 0.4569939644786673
4724.0 0.45846387489615803
4726.0 0.45064572932435687
4728.0 0.4619928708177423
4730.0 0.4572154616977359
4732.0 0.4600839713641172
4734.0 0.45815225709024815
4736.0 0.4533456046043995
4738.0 0.4496461247300048
4740.0 0.4601960072547253
4742.0 0.4540772366235689
4744.0 0.4653560130626182
4746.0 0.4638282353219344
4748.0 0.46457374270045804
4750.0 0.462855486336511
4752.0 0.45567942609684814
4754.0 0.45191796077591573
4756.0 0.45496674038866175
4758.0 0.455592078195559
4760.0 0.45517479981602754
4762.0 0.45458693627851393
4764.0 0.45912757660672715
4766.0 0.4653519990485095
4768.0 0.4645179500666636
4770.0 0.46401149682886994
4772.0 0.46896568379416564
4774.0 0.46077858148596024
4776.0 0.4607436747656695
4778.0 0.4679968803979251
4780.0 0.45994892069217985
4782.0 0.4672282216746958
4784.0 0.47193625696130365
4786.0 0.4740366678834153
4788.0 0.4676362347055349
4790.0 0.46677443511181393
4792.0 0.4718300924543013
4794.0 0.47036233251301646
4796.0 0.4718270944569086
4798.0 0.4711661790835679
4800.0 0.47421130827211844
4802.0 0.4789589005302636
4804.0 0.4757221141547889
4806.0 0.47840546219674857
4808.0 0.4736554098346476
4810.0 0.4686019263143785
4812.0 0.4575888535701867
4814.0 0.4641175254100594
4816.0 0.4688293147236625
4818.0 0.476733882539193
4820.0 0.4731340199352
4822.0 0.4683832451410298
4824.0 0.4713324084076593
4826.0 0.4738810935652136
4828.0 0.4713821020082872
4830.0 0.46230461907801534
4832.0 0.4584238683836255
4834.0 0.4582921126581409
4836.0 0.4567051644602232
4838.0 0.4587344537861212
4840.0 0.46447891278202974
4842.0 0.46475786532177576
4844.0 0.4646388182882804
4846.0 0.4645141177030021
4848.0 0.46437231153402125
4850.0 0.46427021966667653
4852.0 0.46410464410271873
4854.0 0.4640224615799751
4856.0 0.463841940016051
4858.0 0.4637560069153969
4860.0 0.46092918131628935
4862.0 0.457767871597108
4864.0 0.44857853845765006
4866.0 0.45656763995600386
4868.0 0.4609182584307264
4870.0 0.4542821394395845
4872.0 0.46120561391946213
4874.0 0.4577984912838347
4876.0 0.4519717022756504
4878.0 0.45065183280169757
4880.0 0.45721086509382974
4882.0 0.45691290928211314
4884.0 0.46506671908916475
4886.0 0.462190123253873
4888.0 0.46602998778308213
4890.0 0.4675850025642086
4892.0 0.474057424065217
4894.0 0.47689340976310113
4896.0 0.46611167277603627
4898.0 0.4795626397696126
4900.0 0.4863056819065955
4902.0 0.4818841682599746
4904.0 0.4830316055872499
4906.0 0.48451351458225783
4908.0 0.49586431979839785
4910.0 0.49706227248514545
4912.0 0.4934946806532374
4914.0 0.5007947505154454
4916.0 0.4966928458096664
4918.0 0.5150912114499494
4920.0 0.5097147397801788
4922.0 0.5023757175181313
4924.0 0.5051283073206178
4926.0 0.5182130920107014
4928.0 0.5151866021930669
4930.0 0.5153346369450552
4932.0 0.5165489365283968
4934.0 0.5112881111386581
4936.0 0.5135044917199355
4938.0 0.5252324974613763
4940.0 0.5150565990986187
4942.0 0.5182282697606705
4944.0 0.5179969760626917
4946.0 0.5178130606605585
4948.0 0.5175181110094674
4950.0 0.5174009846017876
4952.0 0.5170458286515103
4954.0 0.5169929436624926
4956.0 0.5166498459133567
4958.0 0.516519354560051
4960.0 0.5163755788073947
4962.0 0.5200003026217119
4964.0 0.5169309493259109
4966.0 0.5244151788183659
4968.0 0.5174686042144093
4970.0 0.5248796151906685
4972.0 0.5266693435290528
4974.0 0.5306963161198766
4976.0 0.5223351391036496
4978.0 0.5155898478511289
4980.0 0.5225046095110147
4982.0 0.5286086420845496
4984.0 0.5316213436128537
4986.0 0.5269440307715455
4988.0 0.5259779740947224
4990.0 0.5301855071569952
4992.0 0.5398144182454481
4994.0 0.5305109493926485
4996.0 0.5327251994394744
4998.0 0.5436294134938496
5000.0 0.5424178255245755
5002.0 0.5418253277905042
5004.0 0.541878779071203
5006.0 0.5418618093477535
5008.0 0.5419841607863994
5010.0 0.5418908433610677
5012.0 0.5420802350842351
5014.0 0.5419814327150755
5016.0 0.5421262805700551
5018.0 0.5420837396370795
5020.0 0.5438031469696161
5022.0 0.5471372534026239
5024.0 0.5540248211534583
5026.0 0.5608663542266548
5028.0 0.5438381593516083
5030.0 0.5602597880636795
5032.0 0.5642499454538138
5034.0 0.5545703969024898
5036.0 0.5601885021359526
5038.0 0.5574743001756219
5040.0 0.5659512872020687
5042.0 0.5644911082755455
5044.0 0.5693322295437574
5046.0 0.577240139217017
5048.0 0.5660957108792718
5050.0 0.5684813233642194
5052.0 0.5717963061843377
5054.0 0.5815925096265634
5056.0 0.5724521655587452
5058.0 0.5763499903969812
5060.0 0.5857760970339431
5062.0 0.5876302401814879
5064.0 0.5832354198341836
5066.0 0.5861715909262316
5068.0 0.5912459339711013
5070.0 0.5921433301000317
5072.0 0.5933597336317731
5074.0 0.6111437483042813
5076.0 0.5997967177122221
5078.0 0.6055226315711284
5080.0 0.5940565942437833
5082.0 0.6163055739487888
5084.0 0.614559648619173
5086.0 0.6199514197741078
5088.0 0.615760345831077
5090.0 0.615058086385774
5092.0 0.6119872738863023
5094.0 0.6338148361286638
5096.0 0.6170052554705605
5098.0 0.6101280788561829
5100.0 0.6154270387247998
5102.0 0.6253264533774542
5104.0 0.6294163568122272
5106.0 0.6309089378336333
5108.0 0.6314609898259045
5110.0 0.6255030465266371
5112.0 0.6268171410561962
5114.0 0.624448110629719
5116.0 0.6225796714468873
5118.0 0.626994050415666
5120.0 0.6339851794697418
5122.0 0.6334894340779991
5124.0 0.6409459206775109
5126.0 0.6441646417489825
5128.0 0.6442931097924534
5130.0 0.6432289410019516
5132.0 0.6605424519662558
5134.0 0.6582472712827819
5136.0 0.6666802145523232
5138.0 0.6570214164899293
5140.0 0.6513653548279786
5142.0 0.6565591243503389
5144.0 0.6557688853339481
5146.0 0.6529183104347076
5148.0 0.6604157434753524
5150.0 0.6576339086610488
5152.0 0.6536316782823559
5154.0 0.6552730306207769
5156.0 0.6566637800079301
5158.0 0.6707128078990624
5160.0 0.6568488065072753
5162.0 0.6701399608214474
5164.0 0.6737485030037519
5166.0 0.6728541949543537
5168.0 0.6689042099453706
5170.0 0.6664306197962032
5172.0 0.6750675396367174
5174.0 0.6775840612952367
5176.0 0.679984317771612
5178.0 0.6641421036497794
5180.0 0.6877270459682424
5182.0 0.6872020441905462
5184.0 0.6911395504579441
5186.0 0.6874911066653452
5188.0 0.6825138678726762
5190.0 0.6960592953564965
5192.0 0.6936915167504555
5194.0 0.7056882738504083
5196.0 0.7083181761536707
5198.0 0.7057572819126237
5200.0 0.7093304587390866
5202.0 0.6993723407049062
5204.0 0.7143246954300475
5206.0 0.7046471063321259
5208.0 0.690648558929326
5210.0 0.6970193750143848
5212.0 0.6976879674944435
5214.0 0.7026013770472521
5216.0 0.7100277297987823
5218.0 0.715801079956637
5220.0 0.7147998158781642
5222.0 0.7169275037959809
5224.0 0.7140752296137993
5226.0 0.7174423552424687
5228.0 0.7111351074817296
5230.0 0.7229998974326094
5232.0 0.7253873008226959
5234.0 0.7215893313417471
5236.0 0.7195858316114746
5238.0 0.7299026110470535
5240.0 0.7410042001784136
5242.0 0.7306689551654715
5244.0 0.7407375757969311
5246.0 0.7437209968167781
5248.0 0.7377344555801335
5250.0 0.7473702621701014
5252.0 0.7314847948369981
5254.0 0.7371525598872394
5256.0 0.7288947236506058
5258.0 0.734917210335504
5260.0 0.7394034864914725
5262.0 0.7421592201557617
5264.0 0.748283916967054
5266.0 0.7507893944976357
5268.0 0.7449100594183841
5270.0 0.7550125419574313
5272.0 0.746562535515483
5274.0 0.7407587962692503
5276.0 0.7547185864050351
5278.0 0.7663383361781452
5280.0 0.7750726635505597
5282.0 0.771437929558606
5284.0 0.775584014013904
5286.0 0.7806650273821566
5288.0 0.7841221574871896
5290.0 0.793333253543851
5292.0 0.7913124703299239
5294.0 0.7886088941717724
5296.0 0.7940578832278294
5298.0 0.7934771954316923
5300.0 0.7987956842272551
5302.0 0.79522075743882
5304.0 0.7997228615553127
5306.0 0.8036934905000677
5308.0 0.8078212767303758
5310.0 0.8116942693554968
5312.0 0.8185498633848205
5314.0 0.8204505908086048
5316.0 0.8213804982785605
5318.0 0.8175276145474021
5320.0 0.8138864232375453
5322.0 0.8237728765723448
5324.0 0.8405327685183064
5326.0 0.8332777044751698
5328.0 0.8376508706475035
5330.0 0.8400337833309327
5332.0 0.8410519635822914
5334.0 0.8508473967028194
5336.0 0.84735568917818
5338.0 0.8400657374187513
5340.0 0.8414264315511761
5342.0 0.8351557944847875
5344.0 0.8490663691635904
5346.0 0.8517265486273388
5348.0 0.8659431507229584
5350.0 0.8555138571628009
5352.0 0.861244082750635
5354.0 0.8563460709367069
5356.0 0.8550864278730147
5358.0 0.8753422264229851
5360.0 0.8518374349953092
5362.0 0.8447115662710206
5364.0 0.853055833556533
5366.0 0.8572958630674304
5368.0 0.8651992888764434
5370.0 0.8632075387229213
5372.0 0.8641079600257227
5374.0 0.8658377588205811
5376.0 0.8604467949003936
5378.0 0.8574891626161318
5380.0 0.8611874184908909
5382.0 0.8712938201622693
5384.0 0.86480305344986
5386.0 0.857421713743256
5388.0 0.8539230168331183
5390.0 0.8520385523854963
5392.0 0.8452240633782496
5394.0 0.8549899389510855
5396.0 0.8505713274676203
5398.0 0.8424620278268141
5400.0 0.8425991606988897
5402.0 0.8362867880003433
5404.0 0.8380246782916647
5406.0 0.8465842979802064
5408.0 0.829641097832965
5410.0 0.8275285299542023
5412.0 0.8254229023103415
5414.0 0.8306799954152994
5416.0 0.8244002912962147
5418.0 0.8218443351121919
5420.0 0.8169792122192816
5422.0 0.8208468943889282
5424.0 0.8108674177562605
5426.0 0.8258227627840105
5428.0 0.8249812741137379
5430.0 0.8242664150772598
5432.0 0.8281720412645676
5434.0 0.8234188841460827
5436.0 0.818092959927496
5438.0 0.830006882629278
5440.0 0.829888088035256
5442.0 0.8111309465588984
5444.0 0.8072605998091382
5446.0 0.8027222992301511
5448.0 0.8044016479865025
5450.0 0.8063850872004806
5452.0 0.8127755842654087
5454.0 0.808921040770189
5456.0 0.8174972062970052
5458.0 0.7966286538323719
5460.0 0.8031587186432313
5462.0 0.8213761008823429
5464.0 0.8063357272105943
5466.0 0.8070927989397815
5468.0 0.8136934780638501
5470.0 0.8127716627707237
5472.0 0.8034324906949385
5474.0 0.8014088615131183
5476.0 0.7999183339681105
5478.0 0.7987899018267889
5480.0 0.8009244193339006
5482.0 0.7986392642467626
5484.0 0.7961972413667951
5486.0 0.7872628173997347
5488.0 0.7798469939400506
5490.0 0.7898824255853032
5492.0 0.7929637757986346
5494.0 0.7754819682655802
5496.0 0.792595295569726
5498.0 0.7808132668376842
5500.0 0.786905101981357
5502.0 0.7869544609947882
5504.0 0.7738093303573165
5506.0 0.7758934007821904
5508.0 0.7641713692974618
5510.0 0.7830570545404765
5512.0 0.7834297040286661
5514.0 0.775782276192645
5516.0 0.7646172373154352
5518.0 0.7595152980910266
5520.0 0.747959825670408
5522.0 0.7607097540924566
5524.0 0.7520919291119907
5526.0 0.7620559918311328
5528.0 0.7427305848541143
5530.0 0.738915537971468
5532.0 0.741171637378343
5534.0 0.7411595534394226
5536.0 0.7484809030119977
5538.0 0.7283008495317599
5540.0 0.7302711710917398
5542.0 0.7359866517342074
5544.0 0.7383421986852946
5546.0 0.7355282217750746
5548.0 0.7334383097146292
5550.0 0.7282298607751512
5552.0 0.7222257068612316
5554.0 0.7352163332152682
5556.0 0.731661565970494
5558.0 0.723592099543855
5560.0 0.7305476435411113
5562.0 0.7170561799702275
5564.0 0.7221616494648663
5566.0 0.7153794963910581
5568.0 0.7028371764075245
5570.0 0.7059755282236572
5572.0 0.702669277894082
5574.0 0.7050267968887046
5576.0 0.7011799513609537
5578.0 0.7078380997251402
5580.0 0.6975590006335521
5582.0 0.6944631235495493
5584.0 0.7127861139453145
5586.0 0.7058526865033288
5588.0 0.7037336599671523
5590.0 0.6915218496138419
5592.0 0.6926358923407835
5594.0 0.7008009489551071
5596.0 0.6814188231823076
5598.0 0.6806506064063856
5600.0 0.699362270960595
5602.0 0.6850186007007812
5604.0 0.6822966468432298
5606.0 0.7002208602724633
5608.0 0.6865280460239435
5610.0 0.6788745836317588
5612.0 0.6864282069791716
5614.0 0.6968729962804223
5616.0 0.6979564737522316
5618.0 0.7079718010914383
5620.0 0.6997470559794022
5622.0 0.6956717917029822
5624.0 0.6931439720337744
5626.0 0.7026522541065922
5628.0 0.6991640696705369
5630.0 0.6904528784367312
5632.0 0.6895131947581544
5634.0 0.6894692865089284
5636.0 0.7009134108368402
5638.0 0.6981409847406171
5640.0 0.7059340821754698
5642.0 0.71458855801992
5644.0 0.7087696382022378
5646.0 0.713477379514272
5648.0 0.7241865773900641
5650.0 0.7260827058631144
5652.0 0.7196768813518531
5654.0 0.7240998909968542
5656.0 0.7261582508452071
5658.0 0.7236293077934245
5660.0 0.7265974716795709
5662.0 0.7388701005622629
5664.0 0.7350441178924937
5666.0 0.7354835485291157
5668.0 0.730829278454442
5670.0 0.7290782985101373
5672.0 0.7234594466464522
5674.0 0.7317744138953605
5676.0 0.7513275740052061
5678.0 0.7465593046592035
5680.0 0.7490873648385955
5682.0 0.766027111813749
5684.0 0.7599624771868646
5686.0 0.7651716672484693
5688.0 0.7666474841604154
5690.0 0.7591744635622044
5692.0 0.7605170158973907
5694.0 0.7677599391234952
5696.0 0.7701889537021804
5698.0 0.7676836397012293
5700.0 0.7702537827725665
5702.0 0.762285105152594
5704.0 0.7540727201076685
5706.0 0.7559796862332436
5708.0 0.7650191323486207
5710.0 0.7803043508383812
5712.0 0.7854019752127677
5714.0 0.7792478594865865
5716.0 0.7929963578854384
5718.0 0.7889316877192506
5720.0 0.7927587255977956
5722.0 0.7895886785127156
5724.0 0.8011660634393064
5726.0 0.796427992775906
5728.0 0.8024284601444427
5730.0 0.8082116365364092
5732.0 0.8115937603373825
5734.0 0.8139880311649033
5736.0 0.8263312567032299
5738.0 0.8259879753122691
5740.0 0.8283761803620079
5742.0 0.8180219402049801
5744.0 0.8213985520387351
5746.0 0.8281543561419811
5748.0 0.8323232391827893
5750.0 0.834107091659958
5752.0 0.8481032731577048
5754.0 0.8435109010505387
5756.0 0.848313780743429
5758.0 0.8536129954256207
5760.0 0.8504514284823503
5762.0 0.8254798809912677
5764.0 0.8368580480928264
5766.0 0.8400049752942385
5768.0 0.846113424179833
5770.0 0.8354184559216632
5772.0 0.8324013780683993
5774.0 0.8312770118571032
5776.0 0.828844320312321
5778.0 0.8017763489358646
5780.0 0.7879864220678536
5782.0 0.7841751281598199
5784.0 0.8168368710921384
5786.0 0.8280757825945437
5788.0 0.8436113163674798
5790.0 0.8514950044146444
5792.0 0.8455697216824973
5794.0 0.844036436386466
5796.0 0.8473206271318299
5798.0 0.8468255707509269
5800.0 0.85059218466741
5802.0 0.858158890922532
5804.0 0.8675629138373846
5806.0 0.8539378237847818
5808.0 0.8494192127452012
5810.0 0.8327900412225866
5812.0 0.8487108123404193
5814.0 0.8517416043539372
5816.0 0.8362606450181235
5818.0 0.8211109451174552
5820.0 0.8100246563174429
5822.0 0.8096504181325171
5824.0 0.8232998973546182
5826.0 0.8309527701868574
5828.0 0.8313395466663746
5830.0 0.8349980685714835
5832.0 0.8442265451685115
5834.0 0.848500490959521
5836.0 0.8584370854487008
5838.0 0.8522475554761492
5840.0 0.8535395674451252
5842.0 0.8495094251916324
5844.0 0.8456709301301437
5846.0 0.8466539739060416
5848.0 0.845024748910701
5850.0 0.8420803702510035
5852.0 0.8366260315341033
5854.0 0.8451731992995785
5856.0 0.8446288686058763
5858.0 0.8414220663512463
5860.0 0.8572983927128293
5862.0 0.8519204138017589
5864.0 0.8451721990203562
5866.0 0.8416335011516954
5868.0 0.8480084034108797
5870.0 0.8376013832028392
5872.0 0.8481578067360959
5874.0 0.8483214635761722
5876.0 0.8466255911162988
5878.0 0.8496300756686781
5880.0 0.8449757357720779
5882.0 0.8404706518244176
5884.0 0.8358947910429023
5886.0 0.831322870532982
5888.0 0.8267760261257775
5890.0 0.8221982938105342
5892.0 0.8176949515316501
5894.0 0.8130807655903
5896.0 0.8086041441945495
5898.0 0.8093839163491005
5900.0 0.821920856560209
5902.0 0.8246921617698487
5904.0 0.8252959511449592
5906.0 0.8255876828369425
5908.0 0.833203934352652
5910.0 0.8202415905366885
5912.0 0.8240646639592158
5914.0 0.824251981070312
5916.0 0.8165366305077827
5918.0 0.8174266181477073
5920.0 0.81745642032052
5922.0 0.8117408619796835
5924.0 0.8191262048268757
5926.0 0.8155449015209012
5928.0 0.8148822541897048
5930.0 0.8166490400995723
5932.0 0.8158846232891676
5934.0 0.8061456163297677
5936.0 0.811812818228094
5938.0 0.8037947501610886
5940.0 0.8082249300625249
5942.0 0.8012303074394238
5944.0 0.80318931598505
5946.0 0.7941190477544953
5948.0 0.7991916228340885
5950.0 0.7999907150418025
5952.0 0.8035279818096599
5954.0 0.7971278188959948
5956.0 0.8002384021959054
5958.0 0.7909237946055125
5960.0 0.7964531742481682
5962.0 0.7987704401038447
5964.0 0.7946422952013412
5966.0 0.7835789965863454
5968.0 0.7878179354784074
5970.0 0.7822557630203318
5972.0 0.7747382696390264
5974.0 0.7793808778114332
5976.0 0.783474311623507
5978.0 0.7773485496901542
5980.0 0.782192873474098
5982.0 0.7781478092239222
5984.0 0.7762474633333463
5986.0 0.7885504787744898
5988.0 0.7859238899235242
5990.0 0.7748408874765319
5992.0 0.7775638021382401
5994.0 0.7818005459525954
5996.0 0.7765816579876135
5998.0 0.7724469923866973
6000.0 0.7787111241762947
6002.0 0.7722691262521049
6004.0 0.7720088707377506
6006.0 0.7683238936249215
6008.0 0.7632653050907059
6010.0 0.7571916955350142
6012.0 0.7683536291250213
6014.0 0.7646487628964292
6016.0 0.7617887694412804
6018.0 0.7746914790005222
6020.0 0.7839541385664673
6022.0 0.7724031366394611
6024.0 0.7616780994414801
6026.0 0.7653027612366559
6028.0 0.7624201520154285
6030.0 0.760536381241829
6032.0 0.7577769741037593
6034.0 0.7581134162982163
6036.0 0.7628082455079405
6038.0 0.7655046258094649
6040.0 0.758619158762135
6042.0 0.7527621863648201
6044.0 0.7535864263365756
6046.0 0.7439891425981663
6048.0 0.7485503230677305
6050.0 0.751898093075283
6052.0 0.7512361141574372
6054.0 0.7467133011805831
6056.0 0.742490373589534
6058.0 0.740802687060204
6060.0 0.7415898017041906
6062.0 0.7428837760268805
6064.0 0.7500620610765946
6066.0 0.7423262564143808
6068.0 0.7327323887903427
6070.0 0.7331342023938987
6072.0 0.7410938299930243
6074.0 0.7339020904620119
6076.0 0.7277062750694295
6078.0 0.7261163353348681
6080.0 0.7235475100809828
6082.0 0.7204009532097874
6084.0 0.7132689281067576
6086.0 0.7275677996749078
6088.0 0.7247558256057314
6090.0 0.7183192822094968
6092.0 0.7185016426125097
6094.0 0.7186883893455607
6096.0 0.714536190157977
6098.0 0.7160725029892706
6100.0 0.7160199375343851
6102.0 0.7214024237754258
6104.0 0.7101801087226676
6106.0 0.7040648495727845
6108.0 0.7095191997363871
6110.0 0.7108840153021548
6112.0 0.7125541035552784
6114.0 0.7096409051587492
6116.0 0.7090105878267958
6118.0 0.7148505716554232
6120.0 0.7081875075282533
6122.0 0.7046806647804174
6124.0 0.7017017783925754
6126.0 0.7138561621797076
6128.0 0.7116487553782858
6130.0 0.7095532873228508
6132.0 0.7087589768942276
6134.0 0.7029328720835821
6136.0 0.7022111840568852
6138.0 0.7074148564647853
6140.0 0.7136284344744902
6142.0 0.7156758335037451
6144.0 0.706555157444599
6146.0 0.7171858825377204
6148.0 0.7114362804151904
6150.0 0.6984481394656215
6152.0 0.6982018477430268
6154.0 0.6977167123713426
6156.0 0.7005431198118276
6158.0 0.6963292017822006
6160.0 0.7041918769451072
6162.0 0.7107293524653241
6164.0 0.6963779684199893
6166.0 0.6926626045188807
6168.0 0.7061804777891705
6170.0 0.6950624027478419
6172.0 0.6983465958233701
6174.0 0.7010278133054161
6176.0 0.693247622350889
6178.0 0.6948689900351068
6180.0 0.6954078777862567
6182.0 0.693275288141578
6184.0 0.6956498114899458
6186.0 0.6922661594707876
6188.0 0.6987304538696067
6190.0 0.709330745636001
6192.0 0.6967416937688005
6194.0 0.7074569723726564
6196.0 0.7151217377435801
6198.0 0.6985497276118777
6200.0 0.693653138197606
6202.0 0.6859299960737496
6204.0 0.684699247995299
6206.0 0.6900490602505912
6208.0 0.6914969262303166
6210.0 0.6918313886746811
6212.0 0.6924574564024654
6214.0 0.6978024004951376
6216.0 0.7017632439268134
6218.0 0.708331090998787
6220.0 0.7052126384973197
6222.0 0.7215719862514317
6224.0 0.7314558349639091
6226.0 0.7305287850721761
6228.0 0.7291638903449276
6230.0 0.7252454592790267
6232.0 0.7252433788268351
6234.0 0.7225979909208757
6236.0 0.7330953149564854
6238.0 0.731909441206858
6240.0 0.7360564123901588
6242.0 0.7284591660982114
6244.0 0.7348992282002441
6246.0 0.7295633698707411
6248.0 0.7362485039357175
6250.0 0.7312530968598303
6252.0 0.7302484207664577
6254.0 0.7349429901793397
6256.0 0.7512182743081962
6258.0 0.7434181092617786
6260.0 0.7420051651590809
6262.0 0.738398469309141
6264.0 0.7367856503755077
6266.0 0.7392329388281723
6268.0 0.7339790811861235
6270.0 0.7253624194422997
6272.0 0.7217469437815079
6274.0 0.7179721102626668
6276.0 0.7213647265153287
6278.0 0.7081792016059744
6280.0 0.6918825007646116
6282.0 0.67978696482665
6284.0 0.6851618324393819
6286.0 0.6900853220563663
6288.0 0.7177297100909301
6290.0 0.7215034714287915
6292.0 0.7361309567851942
6294.0 0.7532695721995111
6296.0 0.7621541747792318
6298.0 0.755241340501708
6300.0 0.7407719047593518
6302.0 0.7442961930093792
6304.0 0.7485676963082429
6306.0 0.7497962859015997
6308.0 0.7514669204857332
6310.0 0.74394945722221
6312.0 0.7459534547144043
6314.0 0.7510978831294214
6316.0 0.7585298009789307
6318.0 0.7454690487813497
6320.0 0.7418629857104145
6322.0 0.7523308846649133
6324.0 0.755996073003312
6326.0 0.7551468118987381
6328.0 0.7547504011645078
6330.0 0.7567164963926505
6332.0 0.7621258418019592
6334.0 0.7549336543874592
6336.0 0.7654934994019049
6338.0 0.7637721543375656
6340.0 0.7572386961483449
6342.0 0.7511508019811574
6344.0 0.7619127560250383
6346.0 0.7533169433649092
6348.0 0.7644493888781541
6350.0 0.7586154454361008
6352.0 0.7587073847146847
6354.0 0.7637370125245665
6356.0 0.7646179049954192
6358.0 0.7688029026654529
6360.0 0.7720998134822804
6362.0 0.7688137410991914
6364.0 0.7790650790223174
6366.0 0.7706738161286869
6368.0 0.7747498511507507
6370.0 0.7733753676099124
6372.0 0.7675522827149555
6374.0 0.7692975648309811
6376.0 0.7647932410187245
6378.0 0.7601764020525468
6380.0 0.7571270698008931
6382.0 0.7624015293619513
6384.0 0.771993246488008
6386.0 0.7744985214762217
6388.0 0.7757331136281618
6390.0 0.771307870880584
6392.0 0.767926299184885
6394.0 0.7641197730680586
6396.0 0.761158422894491
6398.0 0.7640654911238616
6400.0 0.7653948394547124
6402.0 0.7674084355832925
6404.0 0.7603730846616547
6406.0 0.7600586450101765
6408.0 0.7614574223693475
6410.0 0.7630008546911152
6412.0 0.7642784234416302
6414.0 0.7657383675437376
6416.0 0.7671032532977369
6418.0 0.768473575144386
6420.0 0.7699242494738265
6422.0 0.7712080210841449
6424.0 0.7727452528316634
6426.0 0.7773151057503609
6428.0 0.775615475139388
6430.0 0.7787483092495263
6432.0 0.7728866090311948
6434.0 0.7775795943508297
6436.0 0.7751472067610056
6438.0 0.7714632358377385
6440.0 0.7741014607690675
6442.0 0.7740670529527703
6444.0 0.7721621069359506
6446.0 0.77483161851205
6448.0 0.7696479212363085
6450.0 0.7646509407336779
6452.0 0.7627932819750106
6454.0 0.7693634896252431
6456.0 0.7668190655847983
6458.0 0.7683261686669175
6460.0 0.7835225041232746
6462.0 0.7821655763721302
6464.0 0.7847924718552366
6466.0 0.7825562611814957
6468.0 0.7841426592360924
6470.0 0.7787229288164567
6472.0 0.7915568443481251
6474.0 0.7954680567475979
6476.0 0.7880562582630967
6478.0 0.7958920531998368
6480.0 0.7942705921978114
6482.0 0.8043561292171404
6484.0 0.8036312084858557
6486.0 0.7965910031880918
6488.0 0.7933452973978963
6490.0 0.796897389649393
6492.0 0.7912898267144477
6494.0 0.7975783868153281
6496.0 0.8039192867129424
6498.0 0.8018468517304553
6500.0 0.8189440461496507
6502.0 0.8168304001591626
6504.0 0.8184951896091304
6506.0 0.825245169103647
6508.0 0.8153486867875678
6510.0 0.8239250250598749
6512.0 0.8212565331507252
6514.0 0.8225340506515687
6516.0 0.8285803455604128
6518.0 0.816209518639555
6520.0 0.819143940678736
6522.0 0.8286670458310252
6524.0 0.8232638859056595
6526.0 0.8281953881751949
6528.0 0.8238280701686059
6530.0 0.8202520528588643
6532.0 0.8254028842294411
6534.0 0.821216239255386
6536.0 0.8251983485245489
6538.0 0.8357929069986242
6540.0 0.846984941205426
6542.0 0.8520225909989482
6544.0 0.8541637578879964
6546.0 0.8450118876095968
6548.0 0.8680565543324191
6550.0 0.8632075593998202
6552.0 0.8626097337218713
6554.0 0.8550796822288325
6556.0 0.8549956939324264
6558.0 0.8550488321093381
6560.0 0.8548461665740963
6562.0 0.8550164129438544
6564.0 0.8547407298413053
6566.0 0.854939371530648
6568.0 0.8547381510568338
6570.0 0.8548216788699833
6572.0 0.8547082563070232
6574.0 0.8546716226817548
6576.0 0.8607625580544499
6578.0 0.8682712530231124
6580.0 0.8647284347518595
6582.0 0.8773807352971472
6584.0 0.8753697042341565
6586.0 0.8707090664943086
6588.0 0.8565199352414246
6590.0 0.8482920811245858
6592.0 0.8505846337930486
6594.0 0.8492851255515529
6596.0 0.8565582739305939
6598.0 0.854180653589091
6600.0 0.8591897306919987
6602.0 0.8664945869148301
6604.0 0.8609191487307599
6606.0 0.8658503616081143
6608.0 0.8608066392691277
6610.0 0.8531222931332032
6612.0 0.8419986650253257
6614.0 0.8436121953778392
6616.0 0.8422956637208417
6618.0 0.8490275676671103
6620.0 0.858152878545028
6622.0 0.8578523219333488
6624.0 0.85685219675414
6626.0 0.862185874963004
6628.0 0.863251480343818
6630.0 0.8624660061206714
6632.0 0.8562064169530864
6634.0 0.8531026094136509
6636.0 0.8630781220417408
6638.0 0.8486470207438146
6640.0 0.8445845919203733
6642.0 0.8510091792045272
6644.0 0.8389414239807983
6646.0 0.8345989786663037
6648.0 0.8486328642397726
6650.0 0.8385676902937085
6652.0 0.8447001963309608
6654.0 0.8452520002560092
6656.0 0.8438268864462939
6658.0 0.8397877394353793
6660.0 0.8328867232139657
6662.0 0.8358357875425609
6664.0 0.8339738563119213
6666.0 0.832343585429241
6668.0 0.8351672842387623
6670.0 0.8347845088201711
6672.0 0.8345470838158651
6674.0 0.8387189370469766
6676.0 0.8340391101631506
6678.0 0.8290283488102559
6680.0 0.818432874619643
6682.0 0.8158493389117168
6684.0 0.8129872221628021
6686.0 0.8122573667657946
6688.0 0.8121096619011418
6690.0 0.8085459714787584
6692.0 0.8001187476852476
6694.0 0.8078674226172238
6696.0 0.7914755817936738
6698.0 0.7983911881144459
6700.0 0.8002159378237117
6702.0 0.807795138378529
6704.0 0.7995592052902462
6706.0 0.7967480014871594
6708.0 0.7994101717734999
6710.0 0.7968017033742064
6712.0 0.7974612925492323
6714.0 0.8022586233326076
6716.0 0.7952411239504534
6718.0 0.798307870641167
6720.0 0.8017518820043852
6722.0 0.7894569079688402
6724.0 0.7919431156641561
6726.0 0.7934422384649383
6728.0 0.7880153469639931
6730.0 0.7883277552109574
6732.0 0.7871769233229552
6734.0 0.790967845934215
6736.0 0.7932897168592452
6738.0 0.788170225241992
6740.0 0.7808634537093909
6742.0 0.7931357864426227
6744.0 0.795400459240719
6746.0 0.792171564293628
6748.0 0.7883400239181446
6750.0 0.7920241360579159
6752.0 0.7953824231655611
6754.0 0.7876984136441944
6756.0 0.7930472265437521
6758.0 0.7946081340824288
6760.0 0.8056631157405623
6762.0 0.7953703264921708
6764.0 0.7853395952427584
6766.0 0.7884469079360078
6768.0 0.7819113766726875
6770.0 0.7794244964101779
6772.0 0.7798281033340753
6774.0 0.7801868874943735
6776.0 0.7806304756991888
6778.0 0.7809492762067196
6780.0 0.7814328479782708
6782.0 0.781745844153377
6784.0 0.7822010408532937
6786.0 0.7825482161101324
6788.0 0.7819002055255115
6790.0 0.7797513228514468
6792.0 0.7747000062557899
6794.0 0.7712176692331549
6796.0 0.7733469380256077
6798.0 0.7839262590892344
6800.0 0.7809077651620143
6802.0 0.7738440393162461
6804.0 0.7683700760168539
6806.0 0.7656532065286978
6808.0 0.7673029517154152
6810.0 0.7559082821206117
6812.0 0.7660641416286064
6814.0 0.7679068544214156
6816.0 0.776879050694892
6818.0 0.7708104722143162
6820.0 0.7766965978582503
6822.0 0.783119470511435
6824.0 0.779053539064688
6826.0 0.776534822406079
6828.0 0.7798187645405458
6830.0 0.7917686338927493
6832.0 0.789846742275633
6834.0 0.7833266304909987
6836.0 0.7858739023543219
6838.0 0.7835741199147571
6840.0 0.7792268854939264
6842.0 0.7757335553852238
6844.0 0.7811506229150279
6846.0 0.7764944220008522
6848.0 0.771787305640186
6850.0 0.7818242392842042
6852.0 0.7823479297752435
6854.0 0.7897395761353526
6856.0 0.7842949686501338
6858.0 0.7768767671058675
6860.0 0.7812649564786016
6862.0 0.788282086952916
6864.0 0.7851334108747738
6866.0 0.7849414597122459
6868.0 0.7869445732304626
6870.0 0.7770206153157584
6872.0 0.7825814047665766
6874.0 0.7799481737287092
6876.0 0.7861112055909728
6878.0 0.785763717474007
6880.0 0.7904708285322573
6882.0 0.7958922135064124
6884.0 0.7914423977169003
6886.0 0.7845743921645337
6888.0 0.7888521341110217
6890.0 0.7852745242182748
6892.0 0.7853695887786165
6894.0 0.7874420609389303
6896.0 0.7921856634928002
6898.0 0.7850770095840545
6900.0 0.7879927753615248
6902.0 0.7928757478157921
6904.0 0.7947438428738149
6906.0 0.7820530399493683
6908.0 0.7818194019358669
6910.0 0.794364253546934
6912.0 0.8037849686929538
6914.0 0.7984012488757615
6916.0 0.8062038247090837
6918.0 0.8073836584463214
6920.0 0.797973572974429
6922.0 0.8012895246072482
6924.0 0.8086403675136858
6926.0 0.8113671563761026
6928.0 0.803530132275382
6930.0 0.8027064847305921
6932.0 0.8045355478351052
6934.0 0.8034690313315409
6936.0 0.8049341295658056
6938.0 0.8065803213376381
6940.0 0.8071837946174663
6942.0 0.8049610731214593
6944.0 0.8048781496480165
6946.0 0.8135100469433921
6948.0 0.8143083655140559
6950.0 0.8237389150055613
6952.0 0.8308048470628472
6954.0 0.8261987691416034
6956.0 0.8216289011767326
6958.0 0.8278471693977811
6960.0 0.8348989693296195
6962.0 0.8289060928521613
6964.0 0.8238496936781265
6966.0 0.8263147865784025
6968.0 0.826819407281342
6970.0 0.8222369349162728
6972.0 0.8182584926662874
6974.0 0.8252627457849411
6976.0 0.8273797977258257
6978.0 0.8213330256019072
6980.0 0.8216732380177276
6982.0 0.821083102240435
6984.0 0.8248747007827038
6986.0 0.8286478403399866
6988.0 0.8298846214952696
6990.0 0.8192248883103082
6992.0 0.8156858358844263
6994.0 0.8150319342650726
6996.0 0.8144128890048185
6998.0 0.8170627551193572
7000.0 0.8186608636915743
7002.0 0.8211886172273617
7004.0 0.8179029220428237
7006.0 0.8276414160426543
7008.0 0.8296047723707308
7010.0 0.8289400854528594
7012.0 0.8248682220631287
7014.0 0.8329151652880346
7016.0 0.826727118644317
7018.0 0.825822731241209
7020.0 0.8278703837181408
7022.0 0.8241708591489513
7024.0 0.8245861160594764
7026.0 0.8169590818347492
7028.0 0.8207134154354069
7030.0 0.8261566706085403
7032.0 0.8289222620869792
7034.0 0.8275240213827876
7036.0 0.8202488691294993
7038.0 0.8197373153625718
7040.0 0.8212768481342388
7042.0 0.8236137448778779
7044.0 0.825575070868551
7046.0 0.8240364428416576
7048.0 0.8253095119742687
7050.0 0.8259974918155725
7052.0 0.8272457924241089
7054.0 0.8334637289938754
7056.0 0.8418125568732476
7058.0 0.8405197292961498
7060.0 0.8318448265654915
7062.0 0.8275227890012462
7064.0 0.8287156411715673
7066.0 0.8352094892922565
7068.0 0.8308697462237215
7070.0 0.8367332270426279
7072.0 0.8303037032725671
7074.0 0.8356341285685607
7076.0 0.8226320960208823
7078.0 0.8198405761455957
7080.0 0.8215674040619587
7082.0 0.8217846281152096
7084.0 0.817410626321289
7086.0 0.8109325670923845
7088.0 0.8167512424029955
7090.0 0.8131301657343546
7092.0 0.8143138344600891
7094.0 0.8189553452822359
7096.0 0.8171016427404262
7098.0 0.8041338908988285
7100.0 0.8095566884392811
7102.0 0.817371638722517
7104.0 0.8201559166430344
7106.0 0.8137891663445884
7108.0 0.8213779542536712
7110.0 0.8223419656648984
7112.0 0.8177625729230426
7114.0 0.8159192211191911
7116.0 0.8175935323012836
7118.0 0.8136934846379323
7120.0 0.8113228766103865
7122.0 0.8186140554461631
7124.0 0.8205308447059625
7126.0 0.8222130133418671
7128.0 0.8224917705145774
7130.0 0.8255266858218616
7132.0 0.8274721191662701
7134.0 0.8174060046211803
7136.0 0.8152702472411543
7138.0 0.8146846691182824
7140.0 0.8228675031794835
7142.0 0.8240865159151535
7144.0 0.8213806234539203
7146.0 0.8135631055872429
7148.0 0.8068514640243143
7150.0 0.8127962884866714
7152.0 0.8148517580274477
7154.0 0.8127036191012935
7156.0 0.8122778704354953
7158.0 0.802582540256709
7160.0 0.813588163286549
7162.0 0.8001443819536544
7164.0 0.8052779478646138
7166.0 0.8081929037846599
7168.0 0.8180522044051016
7170.0 0.8239797252247553
7172.0 0.8140648206682283
7174.0 0.8099249431757448
7176.0 0.7983907863262727
7178.0 0.8081588318871674
7180.0 0.8081505698882747
7182.0 0.8041131026977482
7184.0 0.8116856166197861
7186.0 0.8049329194910588
7188.0 0.801155875626158
7190.0 0.7977471711106566
7192.0 0.8044969644123625
7194.0 0.8127598950901385
7196.0 0.8145238289324378
7198.0 0.7992481610273876
7200.0 0.7927633947435743
7202.0 0.7872474669569869
7204.0 0.7917093340943828
7206.0 0.7998948385994737
7208.0 0.7997740736538108
7210.0 0.7997099024163594
7212.0 0.8067573973889826
7214.0 0.8008275166151705
7216.0 0.7886514161273505
7218.0 0.7862712289412369
7220.0 0.7763703957242577
7222.0 0.7657526818403871
7224.0 0.7722431645841271
7226.0 0.771964949476711
7228.0 0.7832315636408682
7230.0 0.7736052664667739
7232.0 0.7790720038159294
7234.0 0.7895802526663287
7236.0 0.7806805443089055
7238.0 0.7889656694873448
7240.0 0.7861129092257678
7242.0 0.7829295558523185
7244.0 0.775861879248768
7246.0 0.773135724923528
7248.0 0.7759227944611586
7250.0 0.778447596782238
7252.0 0.7775152158707174
7254.0 0.7699008169983409
7256.0 0.7614568022131243
7258.0 0.7610973258913643
7260.0 0.7556186724459998
7262.0 0.7594183449694857
7264.0 0.7639990125611307
7266.0 0.762924935901696
7268.0 0.7583960419276807
7270.0 0.7513598155331424
7272.0 0.7521284267575428
7274.0 0.7479742490291876
7276.0 0.7415937181004411
7278.0 0.7341045470156523
7280.0 0.732667987807858
7282.0 0.7366402928873588
7284.0 0.7379346952889566
7286.0 0.732932987948199
7288.0 0.7399665653841957
7290.0 0.732025309264062
7292.0 0.734666851720148
7294.0 0.7247120106054921
7296.0 0.7242413237478509
7298.0 0.7279985998411282
7300.0 0.7267026415959155
7302.0 0.7319997694941208
7304.0 0.7256072832080528
7306.0 0.7199781510305221
7308.0 0.7245501977079324
7310.0 0.7204359963911204
7312.0 0.7075609203801885
7314.0 0.7122678970826908
7316.0 0.7097066666952715
7318.0 0.7082321366371216
7320.0 0.7186885635410103
7322.0 0.7067914512160989
7324.0 0.7047750655879764
7326.0 0.7109189432234254
7328.0 0.7014936007579573
7330.0 0.7005104203315458
7332.0 0.700316718359279
7334.0 0.7037581768979031
7336.0 0.6888819698190709
7338.0 0.6958347866251031
7340.0 0.6990293695007161
7342.0 0.6958664845242046
7344.0 0.6945128110335205
7346.0 0.6897499668190779
7348.0 0.6862442552773579
7350.0 0.6862422344596465
7352.0 0.6853069725142631
7354.0 0.6815940405902159
7356.0 0.672473398253406
7358.0 0.67675159445899
7360.0 0.6789567422537768
7362.0 0.6767688957424082
7364.0 0.6705555668303863
7366.0 0.6807829127652166
7368.0 0.6650186707723988
7370.0 0.6734311033771991
7372.0 0.6654417321646753
7374.0 0.6616636886549616
7376.0 0.6568732276877685
7378.0 0.6592838493496366
7380.0 0.6521396145062998
7382.0 0.6545613654929918
7384.0 0.6471619872416093
7386.0 0.6426857865986538
7388.0 0.6513748757931579
7390.0 0.6437298500536393
7392.0 0.6435460125226324
7394.0 0.6385408915617032
7396.0 0.6437521722136599
7398.0 0.643257596573596
7400.0 0.635589589597828
7402.0 0.6339528923221138
7404.0 0.6314761805109883
7406.0 0.6379518457909293
7408.0 0.6391840252407908
7410.0 0.6330030662386971
7412.0 0.6317197886590866
7414.0 0.6284740808052607
7416.0 0.6252883688683823
7418.0 0.6253599462631388
7420.0 0.6234628771201033
7422.0 0.6274008891973043
7424.0 0.6223563357948046
7426.0 0.6151635543142606
7428.0 0.6190273033027475
7430.0 0.6219562376212631
7432.0 0.6250858783683764
7434.0 0.625390984975915
7436.0 0.6163189720850868
7438.0 0.6270520760653715
7440.0 0.6253653512465123
7442.0 0.620124184111013
7444.0 0.6211445798610844
7446.0 0.6289106131458413
7448.0 0.6291220929415472
7450.0 0.6249136322903517
7452.0 0.6261294658543968
7454.0 0.6241948121880389
7456.0 0.624363410039303
7458.0 0.6287532419530097
7460.0 0.6262962525579134
7462.0 0.6234248718858821
7464.0 0.625406028918461
7466.0 0.6317638990350678
7468.0 0.6218938745591085
7470.0 0.6276556866568538
7472.0 0.6188247780794022
7474.0 0.6246453375992369
7476.0 0.6245819348539966
7478.0 0.6314871852850352
7480.0 0.6320065865340744
7482.0 0.6323908405701689
7484.0 0.6380616399314137
7486.0 0.6415587090825862
7488.0 0.634933698618848
7490.0 0.6328365625233423
7492.0 0.6393590108120437
7494.0 0.6449472555227096
7496.0 0.6360860235095301
7498.0 0.6363200280557054
7500.0 0.6450073116906321
7502.0 0.6442587513781233
7504.0 0.6407420945852971
7506.0 0.6370690588978837
7508.0 0.63357409433958
7510.0 0.6299255125338
7512.0 0.6264046625972838
7514.0 0.6227874426751963
7516.0 0.6192228114093131
7518.0 0.6156556398551097
7520.0 0.611177932550361
7522.0 0.614527917139115
7524.0 0.6167533540464786
7526.0 0.6161705061929632
7528.0 0.6199762420225253
7530.0 0.6342640564629056
7532.0 0.6250292892395187
7534.0 0.6280257342186127
7536.0 0.6257171376085058
7538.0 0.6240776017227265
7540.0 0.6224759954889916
7542.0 0.6207957987912198
7544.0 0.6192392364354437
7546.0 0.6175183482656271
7548.0 0.6159693744427818
7550.0 0.6142740006822631
7552.0 0.6126919278429225
7554.0 0.6110328830438876
7556.0 0.6125388836260396
7558.0 0.6180238305397622
7560.0 0.6061308987854369
7562.0 0.60764502240246
7564.0 0.6140103575741375
7566.0 0.6169084414252131
7568.0 0.6270945556738691
7570.0 0.6213844943176625
7572.0 0.6282127298944544
7574.0 0.6288612774193981
7576.0 0.638067656870502
7578.0 0.6347517068588877
7580.0 0.6317344960973231
7582.0 0.6385527783542378
7584.0 0.6448230035682271
7586.0 0.645501182300342
7588.0 0.65206765476712
7590.0 0.6467825157964964
7592.0 0.6422570565721409
7594.0 0.6425674434989638
7596.0 0.6365193139967328
7598.0 0.6334440254038267
7600.0 0.6517708431871412
7602.0 0.6469348534747413
7604.0 0.6452003077641731
7606.0 0.6414088033138818
7608.0 0.6525419917548224
7610.0 0.6484291232009864
7612.0 0.6455990580700884
7614.0 0.6396194760891379
7616.0 0.653522254571436
7618.0 0.6575559796064346
7620.0 0.6491866454553564
7622.0 0.6466955309853503
7624.0 0.6423909522328756
7626.0 0.6475898215566664
7628.0 0.6474605117607526
7630.0 0.6463803326233855
7632.0 0.6439630786606766
7634.0 0.6451716357772478
7636.0 0.6551579419330316
7638.0 0.6506854145258566
7640.0 0.6474632508830662
7642.0 0.654947146897226
7644.0 0.6445365007182235
7646.0 0.6491448458079463
7648.0 0.6537654359318963
7650.0 0.644504385728215
7652.0 0.6579702079473804
7654.0 0.6595128732583021
7656.0 0.6610332718679826
7658.0 0.6619953994909304
7660.0 0.6557928565873717
7662.0 0.6473405424746123
7664.0 0.6364826333748683
7666.0 0.6436998789011245
7668.0 0.6474134851921807
7670.0 0.6521794235311353
7672.0 0.6551482762794696
7674.0 0.6541227208728755
7676.0 0.6621946256836773
7678.0 0.656501612403877
7680.0 0.6614546873120875
7682.0 0.6588257360305518
7684.0 0.6586294471753797
7686.0 0.6673257841436524
7688.0 0.6609836483141727
7690.0 0.6593915429523347
7692.0 0.6697086791936514
7694.0 0.6680947979628139
7696.0 0.671015664205107
7698.0 0.6691683539774601
7700.0 0.6627470279978489
7702.0 0.6626929652896364
7704.0 0.6648074664211744
7706.0 0.6702057753746319
7708.0 0.6667101301416956
7710.0 0.6660999757612085
7712.0 0.672194845921269
7714.0 0.6846543059064035
7716.0 0.6789668287419638
7718.0 0.6733629397691537
7720.0 0.6801057090672964
7722.0 0.6808933126102746
7724.0 0.6745231747746212
7726.0 0.674675673830438
7728.0 0.6893183516143998
7730.0 0.6886979454166816
7732.0 0.6839250644459349
7734.0 0.6881253916832027
7736.0 0.6875082889899778
7738.0 0.6847448600928882
7740.0 0.6862258950340762
7742.0 0.6861313812625116
7744.0 0.686198579318016
7746.0 0.6867720111236042
7748.0 0.6704416398567828
7750.0 0.6777820690154296
7752.0 0.6815948709975383
7754.0 0.6956091776307897
7756.0 0.6934179764414063
7758.0 0.6858724547041747
7760.0 0.6860930082058998
7762.0 0.6892306698149594
7764.0 0.6930978673037443
7766.0 0.6949577580449751
7768.0 0.6977772656619472
7770.0 0.6901520916165447
7772.0 0.6967370913484532
7774.0 0.7023271813185085
7776.0 0.6996279698522346
7778.0 0.7029385377808555
7780.0 0.7001176508990261
7782.0 0.6981177618043289
7784.0 0.7064573682034678
7786.0 0.7081438954304847
7788.0 0.7063613786396973
7790.0 0.7169282438596589
7792.0 0.7114865536541927
7794.0 0.7082355617322493
7796.0 0.7026847844521747
7798.0 0.6959322322730325
7800.0 0.7011926512445974
7802.0 0.6902400305282799
7804.0 0.6845285910920643
7806.0 0.7021677018366144
7808.0 0.7000052351029029
7810.0 0.7089991590626683
7812.0 0.7030358283877564
7814.0 0.705040184585418
7816.0 0.7058742422630834
7818.0 0.7064046375906875
7820.0 0.701792862536595
7822.0 0.7156088708758376
7824.0 0.7157016816386931
7826.0 0.7059336238297131
7828.0 0.7070216057685743
7830.0 0.7050956534259726
7832.0 0.7108199769957209
7834.0 0.7196102082738248
7836.0 0.7113555173890267
7838.0 0.7052980765147931
7840.0 0.7024310579078351
7842.0 0.7054034106364384
7844.0 0.6978100454747046
7846.0 0.6981184398280498
7848.0 0.7050804101698239
7850.0 0.6981191621916075
7852.0 0.6946275892303868
7854.0 0.695343740475724
7856.0 0.685014802764534
7858.0 0.6794768318751297
7860.0 0.6893441303625614
7862.0 0.6785367352006292
7864.0 0.6824613703689801
7866.0 0.6766759961031082
7868.0 0.6714664768593436
7870.0 0.679365087226731
7872.0 0.6681596802388036
7874.0 0.665254688497815
7876.0 0.6717609373817184
7878.0 0.6709868848356345
7880.0 0.6639582942282213
7882.0 0.6687316061509309
7884.0 0.6638375560110708
7886.0 0.6645699960491237
7888.0 0.6584193229751305
7890.0 0.6527830464372255
7892.0 0.6481035230191687
7894.0 0.6404664072823258
7896.0 0.6391187632650023
7898.0 0.6343568454253073
7900.0 0.6309226110956322
7902.0 0.6162778835643976
7904.0 0.610685696158887
7906.0 0.6096288070542711
7908.0 0.6079323426673919
7910.0 0.6012453034436297
7912.0 0.5985012337060233
7914.0 0.5998572014220296
7916.0 0.5922538888724422
7918.0 0.5877781889321619
7920.0 0.581241481500574
7922.0 0.5798601509404467
7924.0 0.5704200717841658
7926.0 0.5656866198996077
7928.0 0.5657196514839408
7930.0 0.5660832180939552
7932.0 0.5615624671023951
7934.0 0.5593680185858043
7936.0 0.5579576199292923
7938.0 0.5442407623915194
7940.0 0.541296211368774
7942.0 0.5324258151168878
7944.0 0.531403013084424
7946.0 0.5326421714352156
7948.0 0.5240938349329982
7950.0 0.5311403501021639
7952.0 0.5217854263630485
7954.0 0.5159342257429012
7956.0 0.5225513080059848
7958.0 0.5195294018241354
7960.0 0.5171772193280155
7962.0 0.5143863093256582
7964.0 0.5135053752491536
7966.0 0.5110702174270673
7968.0 0.5086540946877076
7970.0 0.5073645700979086
7972.0 0.508021871344312
7974.0 0.5079512613674765
7976.0 0.5061452657525485
7978.0 0.494978990394655
7980.0 0.4970309887639687
7982.0 0.49708867416660046
7984.0 0.48954015148521973
7986.0 0.4900739988679097
7988.0 0.48773120195600345
7990.0 0.4910502562303838
7992.0 0.4889030247248656
7994.0 0.48999155742555894
7996.0 0.48812783943918525
7998.0 0.4832306105788512
8000.0 0.48027869297868364
8002.0 0.4844901522151573
8004.0 0.47884572346528087
8006.0 0.47665724277557014
8008.0 0.4726949042830697
8010.0 0.47748479792120063
8012.0 0.47935995943538756
8014.0 0.4707050504812704
8016.0 0.47122875618690424
8018.0 0.4737817711140854
8020.0 0.47476757021555144
8022.0 0.4683252648233575
8024.0 0.4668305575729844
8026.0 0.46166964722136217
8028.0 0.45912082781551006
8030.0 0.4584891583191496
8032.0 0.45471457555725425
8034.0 0.4465777796902436
8036.0 0.44818747871765874
8038.0 0.4520813629880768
8040.0 0.46296423603438547
8042.0 0.4551595488621949
8044.0 0.4436564226342281
8046.0 0.44908570717469676
8048.0 0.4460979935739893
8050.0 0.442978634600077
8052.0 0.44472993074638967
8054.0 0.43905407093278886
8056.0 0.44037879015872866
8058.0 0.4444408351677973
8060.0 0.442186299895504
8062.0 0.4289997658310151
8064.0 0.4291251854847643
8066.0 0.43087009479163896
8068.0 0.4256657942938082
8070.0 0.42925820022474304
8072.0 0.4347517996866512
8074.0 0.44498627809866065
8076.0 0.4440773236639644
8078.0 0.43709216535108736
8080.0 0.4323696438930756
8082.0 0.43508531444244714
8084.0 0.44493262357188795
8086.0 0.4486903469290484
8088.0 0.4457720816486337
8090.0 0.4402809539392098
8092.0 0.4362096702991712
8094.0 0.4431163290809975
8096.0 0.43820481056055616
8098.0 0.4370417550754347
8100.0 0.43434453169102166
8102.0 0.4353198920649498
8104.0 0.4463104061179429
8106.0 0.45021238144031317
8108.0 0.4502745697315115
8110.0 0.44961035828259255
8112.0 0.45288304621187814
8114.0 0.45343640607642527
8116.0 0.45383219791124463
8118.0 0.4513712041877482
8120.0 0.44754753522518587
8122.0 0.4432824923384445
8124.0 0.43937938530274495
8126.0 0.4303461633275153
8128.0 0.4169869152986177
8130.0 0.4098558816088862
8132.0 0.41521232906175837
8134.0 0.43710150472566556
8136.0 0.44527147456684274
8138.0 0.447706624863193
8140.0 0.450988406783181
8142.0 0.4511646838068628
8144.0 0.4556154531941083
8146.0 0.45901264635539696
8148.0 0.46146562105460326
8150.0 0.458828204673755
8152.0 0.45977666059075323
8154.0 0.4579770069454101
8156.0 0.4544128480652847
8158.0 0.4507680925893095
8160.0 0.4560555988729606
8162.0 0.46048991220031593
8164.0 0.4553112413162851
8166.0 0.45441425544717023
8168.0 0.45838467527504784
8170.0 0.45788981103572846
8172.0 0.4583223149158116
8174.0 0.45156260057573655
8176.0 0.45440686774370004
8178.0 0.4568344370358912
8180.0 0.45885625877316955
8182.0 0.45961890567272257
8184.0 0.4660847067533012
8186.0 0.46349734146648347
8188.0 0.46919751578851077
8190.0 0.46743559019074304
8192.0 0.46558293281713603
8194.0 0.4695920405375612
8196.0 0.46878928101094763
8198.0 0.47884897104032786
8200.0 0.4748132815929046
8202.0 0.46214728401220245
8204.0 0.4644400196116778
8206.0 0.4695914199427262
8208.0 0.47094881339554856
8210.0 0.48166980896310807
8212.0 0.47865741057644606
8214.0 0.4751563971127798
8216.0 0.4803422576318539
8218.0 0.48072003620747633
8220.0 0.47729589254225996
8222.0 0.48581161180875243
8224.0 0.4921019985229149
8226.0 0.4923945693244631
8228.0 0.4985575515138812
8230.0 0.4980671669965679
8232.0 0.49093451028346924
8234.0 0.4959284770558463
8236.0 0.5043350125849257
8238.0 0.5056267571522394
8240.0 0.4995508392042181
8242.0 0.499736648003752
8244.0 0.5204148816124099
8246.0 0.5360474189021945
8248.0 0.52916965680653
8250.0 0.5331755482784298
8252.0 0.528158474229634
8254.0 0.529908722284934
8256.0 0.5353136029399461
8258.0 0.5418940303782799
8260.0 0.5518668091560317
8262.0 0.550576724939536
8264.0 0.5520168986071883
8266.0 0.5609415281283003
8268.0 0.5688005500658642
8270.0 0.5730130234660173
8272.0 0.5735841686351122
8274.0 0.5785569358886341
8276.0 0.5886946755471837
8278.0 0.5858008989315492
8280.0 0.5902921048899149
8282.0 0.5972833235175165
8284.0 0.6059029261927661
8286.0 0.6048403594264486
8288.0 0.6110614617210797
8290.0 0.6133379982175999
8292.0 0.6202794583967582
8294.0 0.6399116554920145
8296.0 0.662421323542333
8298.0 0.6310293640025553
8300.0 0.6400930382072804
8302.0 0.6396456744377738
8304.0 0.6439711767105756
8306.0 0.6536197718764368
8308.0 0.6529950384537647
8310.0 0.661130544888262
8312.0 0.6625996291370734
8314.0 0.6657209884568106
8316.0 0.6640475323316601
8318.0 0.6715733945557403
8320.0 0.6786597385546783
8322.0 0.6823727230522331
8324.0 0.6816721712214212
8326.0 0.6908417357134727
8328.0 0.6955772616337672
8330.0 0.6946544864908761
8332.0 0.6949736863926105
8334.0 0.7109979390558345
8336.0 0.7154627208016546
8338.0 0.7148696029618706
8340.0 0.7256222531531876
8342.0 0.7252810676668041
8344.0 0.7294107463016521
8346.0 0.7436300647635654
8348.0 0.7450146405785965
8350.0 0.7444251594014614
8352.0 0.7458593284892068
8354.0 0.7433651480864676
8356.0 0.7517365820632699
8358.0 0.7561907386646355
8360.0 0.7530250954524149
8362.0 0.7568865265171173
8364.0 0.7743544569428183
8366.0 0.767477325739242
8368.0 0.7743842671629763
8370.0 0.7787940092740548
8372.0 0.7893250059457055
8374.0 0.7928839515517053
8376.0 0.7922622640353221
8378.0 0.7877079212627315
8380.0 0.7928100824129118
8382.0 0.8036982232834257
8384.0 0.8072274669610688
8386.0 0.8163842845728144
8388.0 0.8189191914081545
8390.0 0.8202120019118082
8392.0 0.818470798254033
8394.0 0.8201040447740123
8396.0 0.8314325235972351
8398.0 0.8353238278144833
8400.0 0.8391209987627739
8402.0 0.8438558888626876
8404.0 0.8521925877703258
8406.0 0.8501088417351311
8408.0 0.847477162867534
8410.0 0.8519706693282537
8412.0 0.8569008103450337
8414.0 0.8590569781683518
8416.0 0.8626067457628706
8418.0 0.8630739163714986
8420.0 0.8560262655398059
8422.0 0.8641813257269031
8424.0 0.8642614300320751
8426.0 0.8646384671335717
8428.0 0.8729014676046727
8430.0 0.8747094756066056
8432.0 0.884122622845713
8434.0 0.8775187762168704
8436.0 0.8887672194477322
8438.0 0.8854800352695854
8440.0 0.890984983274242
8442.0 0.8922434875915398
8444.0 0.9054648410301305
8446.0 0.9095663592856006
8448.0 0.9045356283670658
8450.0 0.9026079646956919
8452.0 0.9072337504366493
8454.0 0.9077187634838376
8456.0 0.9122741360827961
8458.0 0.9202365589591496
8460.0 0.9180819467037095
8462.0 0.9161997748408751
8464.0 0.9201067019194685
8466.0 0.9299589266944683
8468.0 0.9323767146915761
8470.0 0.9410073861309334
8472.0 0.9398424003115462
8474.0 0.9376362158687972
8476.0 0.9405073950705384
8478.0 0.9440631882868727
8480.0 0.9449225196161347
8482.0 0.9514967205093048
8484.0 0.9501945899140913
8486.0 0.9480684787117781
8488.0 0.951435476278722
8490.0 0.9450657801819066
8492.0 0.9544584217567089
8494.0 0.9531006288192049
8496.0 0.9541444123471182
8498.0 0.9574018606008532
8500.0 0.9615081920218771
8502.0 0.963361729503489
8504.0 0.9711715546576649
8506.0 0.9686953795032855
8508.0 0.9730106879737432
8510.0 0.9706877944469106
8512.0 0.981651269439417
8514.0 0.9767515075053146
8516.0 0.981980832533988
8518.0 0.9835534625099338
8520.0 0.9805293953906763
8522.0 0.9923020122119351
8524.0 0.9876400461619972
8526.0 0.9803308066375961
8528.0 0.9743134146649808
8530.0 0.9636268949406314
8532.0 0.9692576445763124
8534.0 0.9839450061534878
8536.0 0.9767581762342425
8538.0 0.9797963612496483
8540.0 0.9820920296459015
8542.0 0.9772251582040001
8544.0 0.9822045144935622
8546.0 0.976747025069193
8548.0 0.9797728548424028
8550.0 0.9800631976476655
8552.0 0.9789308055573734
8554.0 0.9838610617811911
8556.0 0.9771968604077379
8558.0 0.9780946784146869
8560.0 0.9804979977911082
8562.0 0.9763182742642414
8564.0 0.979860055524259
8566.0 0.9809491523694062
8568.0 0.9715664076266491
8570.0 0.972261875425684
8572.0 0.9675566641611737
8574.0 0.9789852431225117
8576.0 0.9793206550938275
8578.0 0.9775265003523614
8580.0 0.9871450409075108
8582.0 0.9898097493610046
8584.0 0.9853599105483785
8586.0 0.9791136832654767
8588.0 0.9802220682619701
8590.0 0.9872926569177277
8592.0 0.984354913972911
8594.0 0.989891017476673
8596.0 1.0
8598.0 0.9870450772266294
8600.0 0.983100013317364
8602.0 0.985481706615406
8604.0 0.9801353955833338
8606.0 0.9801841302912346
8608.0 0.9819883941239199
8610.0 0.9789496958418513
8612.0 0.9646260399293746
8614.0 0.96807037906969
8616.0 0.9650972767187584
8618.0 0.9501837900093206
8620.0 0.9386890368872163
8622.0 0.934540437985877
8624.0 0.9463034522687663
8626.0 0.9563520769750957
8628.0 0.9597139538435979
8630.0 0.9624724873391057
8632.0 0.9687915999829707
8634.0 0.9644472802136833
8636.0 0.9600502622003235
8638.0 0.9635726420661346
8640.0 0.9561383474043778
8642.0 0.9434995292305011
8644.0 0.9508250287296517
8646.0 0.9601237385169045
8648.0 0.9559328963567245
8650.0 0.9578757901181865
8652.0 0.9641760174852724
8654.0 0.9696183258136196
8656.0 0.9777174900624257
8658.0 0.9703290287994675
8660.0 0.9710406611722273
8662.0 0.9674027023056465
8664.0 0.9717120532887931
8666.0 0.9833614032463684
8668.0 0.9897136691518221
8670.0 0.9869849795597139
8672.0 0.9789312289836849
8674.0 0.9775147069214628
8676.0 0.977478165053706
8678.0 0.9706489048560909
8680.0 0.9747919750778076
8682.0 0.9856341189747466
8684.0 0.9824157591770911
8686.0 0.9793936972741731
8688.0 0.9754723904651053
8690.0 0.9685750092893223
8692.0 0.9698739786614933
8694.0 0.9802683299747944
8696.0 0.9939477581299929
8698.0 0.9878002450069213
8700.0 0.9730855570154539
8702.0 0.9734346099797405
8704.0 0.9760692724327205
8706.0 0.9830763699444599
8708.0 0.9823422781558704
8710.0 0.9896647956918653
8712.0 0.9728522798079804
8714.0 0.9676251335648237
8716.0 0.9731101010257306
8718.0 0.9806375679017632
8720.0 0.97662987511015
8722.0 0.9714896605238799
8724.0 0.9672343450922831
8726.0 0.964068928415668
8728.0 0.9718087275328526
8730.0 0.966506860516576
8732.0 0.9576640898223812
8734.0 0.9513993297593818
8736.0 0.9568213032783062
8738.0 0.9650622845384683
8740.0 0.9744546201325355
8742.0 0.9698254768272596
8744.0 0.9610248429892828
8746.0 0.9652517303132971
8748.0 0.9571161841730274
8750.0 0.954184383018369
8752.0 0.9572647959313632
8754.0 0.9522585321370586
8756.0 0.9584914743937363
8758.0 0.9589521722147442
8760.0 0.9563062439274399
8762.0 0.9441001274626784
8764.0 0.9398829344774824
8766.0 0.9449987202292726
8768.0 0.9336077040481569
8770.0 0.9397813738393286
8772.0 0.9414178874852396
8774.0 0.9375592149603836
8776.0 0.9382918088938818
8778.0 0.9296310711506202
8780.0 0.9143988468341655
8782.0 0.8998161864653834
8784.0 0.8991036163045795
8786.0 0.9042997540904153
8788.0 0.9065900718471808
8790.0 0.9179403738618257
8792.0 0.9136878448721203
8794.0 0.9203640655302108
8796.0 0.9122988606129048
8798.0 0.8968623876460355
8800.0 0.8963950812994621
8802.0 0.8935848739153793
8804.0 0.8946344406587878
8806.0 0.8952650533174049
8808.0 0.8892153900147202
8810.0 0.8861640923961105
8812.0 0.8847167437191482
8814.0 0.8839022099826742
8816.0 0.8789538091059327
8818.0 0.8884680873813581
8820.0 0.888697861690712
8822.0 0.8949435660070393
8824.0 0.8879562517178958
8826.0 0.8854054551061653
8828.0 0.8850463058912711
8830.0 0.8779509280356781
8832.0 0.8666193593477564
8834.0 0.8599025587523133
8836.0 0.8631642574331024
8838.0 0.8746400268963408
8840.0 0.8598916146341855
8842.0 0.8684924877862406
8844.0 0.8551610164935445
8846.0 0.8392257861634018
8848.0 0.8362572491776962
8850.0 0.8430587298464175
8852.0 0.8365944753028877
8854.0 0.8273770592828296
8856.0 0.8221025290536138
8858.0 0.8207196725383098
8860.0 0.8266424802034951
8862.0 0.8291945762278254
8864.0 0.8278568043090622
8866.0 0.8300113166120198
8868.0 0.8064042769115047
8870.0 0.7982627132177414
8872.0 0.7955928491114646
8874.0 0.8057289073882068
8876.0 0.8130588198388324
8878.0 0.7998870144391383
8880.0 0.7912584509753712
8882.0 0.7939877303566676
8884.0 0.8006681755249384
8886.0 0.813472857675669
8888.0 0.8201000976604698
8890.0 0.8190195916003924
8892.0 0.8012439837132
8894.0 0.7872638570576719
8896.0 0.7936056182467558
8898.0 0.8023820421989383
8900.0 0.816068944641138
8902.0 0.8242411871901801
8904.0 0.8176565800204947
8906.0 0.814555893105158
8908.0 0.8043347344524534
8910.0 0.810406526576486
8912.0 0.8038242975372524
8914.0 0.7929993862309096
8916.0 0.7967791570124108
8918.0 0.8037707065969242
8920.0 0.8025628851324759
8922.0 0.8049093515467747
8924.0 0.8036739010116907
8926.0 0.8134178084427612
8928.0 0.8104931706750876
8930.0 0.8077831260481706
8932.0 0.8069953876147946
8934.0 0.8060909733433469
8936.0 0.8030623770695597
8938.0 0.8106432455032161
8940.0 0.8058410348567405
8942.0 0.795466746542426
8944.0 0.7972396787092
8946.0 0.79773942965813
8948.0 0.8021599126667373
8950.0 0.7983025906152843
8952.0 0.8056509701169884
8954.0 0.8021807998569985
8956.0 0.801259105112067
8958.0 0.8038832659159623
8960.0 0.8051562617221639
8962.0 0.788945007349947
8964.0 0.7922269132589426
8966.0 0.8003448517166536
8968.0 0.7970894662447674
8970.0 0.798343992486567
8972.0 0.7911849433351277
8974.0 0.7980665246852173
8976.0 0.7932776683456434
8978.0 0.7957893996284359
8980.0 0.7876741602719777
8982.0 0.7922944579635046
8984.0 0.7912485849586419
8986.0 0.7942586805453838
8988.0 0.7928449904838613
8990.0 0.7900724348037713
8992.0 0.7881239366571795
8994.0 0.7864622424746438
8996.0 0.7845947194469777
8998.0 0.7888346599383212
9000.0 0.791167164282583
9002.0 0.7883383237916173
9004.0 0.7846204856060097
9006.0 0.7983027865621832
9008.0 0.7824512203325893
9010.0 0.7808145877119118
9012.0 0.7874373354181936
9014.0 0.7875320740338903
9016.0 0.7801532762003139
9018.0 0.7772423256785411
9020.0 0.7802510459522297
9022.0 0.7811879073602533
9024.0 0.772276817718728
9026.0 0.7718249760582107
9028.0 0.7651064192133327
9030.0 0.7688130857196936
9032.0 0.7666417387065498
9034.0 0.7737401036409904
9036.0 0.7733240112890368
9038.0 0.7730486545368002
9040.0 0.7721572444545178
9042.0 0.7764913339918242
9044.0 0.7718749784086297
9046.0 0.7641541004872221
9048.0 0.762361400247216
9050.0 0.7645272901010768
9052.0 0.7586665040685069
9054.0 0.7636529500396867
9056.0 0.7579285283790923
9058.0 0.7576441486541887
9060.0 0.7596660320479731
9062.0 0.7555072392554193
9064.0 0.7554485402043482
9066.0 0.7620258589988974
9068.0 0.7621108485788551
9070.0 0.761584693902897
9072.0 0.7635444958070218
9074.0 0.7555781667930053
9076.0 0.7469113212649064
9078.0 0.7473660903269204
9080.0 0.7451785291871463
9082.0 0.7464911787201949
9084.0 0.7486913588965932
9086.0 0.7520596583890413
9088.0 0.7493478180481115
9090.0 0.758561303904516
9092.0 0.7618916796050994
9094.0 0.7571327602948762
9096.0 0.7561266807313578
9098.0 0.7656620964543724
9100.0 0.7651488084791035
9102.0 0.7640172948283915
9104.0 0.7641833669436492
9106.0 0.7691162527998845
9108.0 0.769826540018422
9110.0 0.7784469032421739
9112.0 0.7848796466365296
9114.0 0.7836233502983883
9116.0 0.7773807460768069
9118.0 0.765769849533124
9120.0 0.7635597546605916
9122.0 0.7638412499390435
9124.0 0.7598162500193281
9126.0 0.7685006737807178
9128.0 0.7639358767536655
9130.0 0.759309252970755
9132.0 0.7639823016946338
9134.0 0.7609720469205259
9136.0 0.7522453920894171
9138.0 0.7579650416116347
9140.0 0.7545072750349706
9142.0 0.7518972525797123
9144.0 0.7525058857553284
9146.0 0.7502132482995164
9148.0 0.7521552815458111
9150.0 0.7558108358157186
9152.0 0.7527782804562679
9154.0 0.7585970341834578
9156.0 0.7486591640599578
9158.0 0.7510567786411705
9160.0 0.761798405380275
9162.0 0.7587031189855629
9164.0 0.7602429436763194
9166.0 0.76040824555329
9168.0 0.7627274454445703
9170.0 0.7519500641829517
9172.0 0.7551133352454703
9174.0 0.7569406657614395
9176.0 0.7601800711492162
9178.0 0.7706816038556545
9180.0 0.7744153765067072
9182.0 0.7723159631280164
9184.0 0.7700594864322509
9186.0 0.7605456597744394
9188.0 0.7634248921617067
9190.0 0.762993794383477
9192.0 0.7770354584373398
9194.0 0.7766189159041262
9196.0 0.7627080561086719
9198.0 0.7532510409688079
9200.0 0.7665003760850414
9202.0 0.7585867530177672
9204.0 0.7549018660476399
9206.0 0.7523702276087273
9208.0 0.7570247227782649
9210.0 0.757717196311419
9212.0 0.7595329508212332
9214.0 0.75753030499429
9216.0 0.7726527310644059
9218.0 0.7762776053398236
9220.0 0.7758248434715996
9222.0 0.7669162266122298
9224.0 0.7623562553136539
9226.0 0.7805803179746186
9228.0 0.7724801549268898
9230.0 0.7462375761994298
9232.0 0.719623748626872
9234.0 0.7178772780295171
9236.0 0.7406251661007983
9238.0 0.7515515160972713
9240.0 0.7488780750972738
9242.0 0.738629233902364
9244.0 0.7110462513990139
9246.0 0.7111782505654519
9248.0 0.7280124848462073
9250.0 0.7382350665079042
9252.0 0.7408080164640433
9254.0 0.7417241723543141
9256.0 0.732278539451295
9258.0 0.731689377427955
9260.0 0.7609833864031185
9262.0 0.7566030462702145
9264.0 0.783165378842244
9266.0 0.7543079958803516
9268.0 0.7487455018225669
9270.0 0.7590890160756084
9272.0 0.7537594426843863
9274.0 0.7460699804953005
9276.0 0.7351275609795969
9278.0 0.7334511733176752
9280.0 0.7398137786346864
9282.0 0.7367136538010909
9284.0 0.7372665889958073
9286.0 0.731105854358263
9288.0 0.7297380394324203
9290.0 0.7249485810103565
9292.0 0.7290232143129155
9294.0 0.7384680181091402
9296.0 0.7296548693736233
9298.0 0.7233459382926913
9300.0 0.7220955330066195
9302.0 0.724244504243731
9304.0 0.7298825787964227
9306.0 0.7253123478210297
9308.0 0.7322382340236316
9310.0 0.7352230140719704
9312.0 0.7214300660969057
9314.0 0.696026212387887
9316.0 0.6855181792117293
9318.0 0.6921122850400475
9320.0 0.7079465395103859
9322.0 0.7177858981651906
9324.0 0.7111157020340301
9326.0 0.6914357410276276
9328.0 0.681640963292328
9330.0 0.680025280090236
9332.0 0.6907147560259406
9334.0 0.7013195933055322
9336.0 0.7129414520157339
9338.0 0.7119847213676275
9340.0 0.7099462006012418
9342.0 0.7165849524748295
9344.0 0.7130089115911091
9346.0 0.7015363993646169
9348.0 0.6887788936347793
9350.0 0.7019768597846743
9352.0 0.7016162822906616
9354.0 0.6915627150567459
9356.0 0.6916322288613851
9358.0 0.6961925533894843
9360.0 0.7057956775109774
9362.0 0.7153349362033051
9364.0 0.7186165306245154
9366.0 0.6928661581429901
9368.0 0.6929567789227649
9370.0 0.7008412977805275
9372.0 0.7080575098944177
9374.0 0.7161771056702586
9376.0 0.722261605830518
9378.0 0.7251508522995921
9380.0 0.7105999873007814
9382.0 0.7174657008701856
9384.0 0.7144997535805094
9386.0 0.703692020330432
9388.0 0.704084142736576
9390.0 0.6997891055191018
9392.0 0.7063168048127096
9394.0 0.7117146379741407
9396.0 0.7122688849948974
9398.0 0.7153404227064649
9400.0 0.7107926204843885
9402.0 0.7179789603620286
9404.0 0.7064759364854313
9406.0 0.7051235001142078
9408.0 0.6985724459314161
9410.0 0.7037123627809336
9412.0 0.7030236506038476
9414.0 0.701550762360503
9416.0 0.7026532460838228
9418.0 0.7106224477811762
9420.0 0.7103674059590755
9422.0 0.7170139012344158
9424.0 0.7283980201633443
9426.0 0.7346605125335319
9428.0 0.7164027046913114
9430.0 0.6999543608418877
9432.0 0.6895297397968213
9434.0 0.7016848984661987
9436.0 0.7002557570181215
9438.0 0.6887230295004262
9440.0 0.6827974587097333
9442.0 0.67058471502397
9444.0 0.6928938244215329
9446.0 0.693929743944861
9448.0 0.6982250976176255
9450.0 0.6831408108993482
9452.0 0.6795133523178633
9454.0 0.6832832750169144
9456.0 0.6833144508822561
9458.0 0.6822971758084836
9460.0 0.6913141123013351
9462.0 0.6832194631032125
9464.0 0.6704365352970952
9466.0 0.6711071300976559
9468.0 0.6760181946436294
9470.0 0.6772651531130556
9472.0 0.6755374874138956
9474.0 0.667147022501346
9476.0 0.6662029869798831
9478.0 0.6698830583960205
9480.0 0.6663526322719397
9482.0 0.6723431904039152
9484.0 0.6638161716314751
9486.0 0.6641823158817142
9488.0 0.6606695608537764
9490.0 0.6646858673567116
9492.0 0.6591000627141935
9494.0 0.6546483577540273
9496.0 0.663066994673274
9498.0 0.66149138468687
9500.0 0.6678924646834622
9502.0 0.6651639339122448
9504.0 0.6712921082973963
9506.0 0.6591851652335995
9508.0 0.6555240023586729
9510.0 0.6568071488101119
9512.0 0.656425581803365
9514.0 0.6582558843981059
9516.0 0.6663866521561704
9518.0 0.676768480597876
9520.0 0.6633444922353093
9522.0 0.6548433617834116
9524.0 0.6501210924176319
9526.0 0.658588477945401
9528.0 0.6562158342612305
9530.0 0.659961869649118
9532.0 0.6610091424490686
9534.0 0.6569394927908984
9536.0 0.6542542334739857
9538.0 0.6561475572525776
9540.0 0.6582299774411295
9542.0 0.6554226388107567
9544.0 0.6597074524867864
9546.0 0.6497023917739966
9548.0 0.6482532253205014
9550.0 0.647342227132639
9552.0 0.6514492679517273
9554.0 0.6539163341353225
9556.0 0.6524162184459663
9558.0 0.6492040923936231
9560.0 0.6491043867873559
9562.0 0.656463004172518
9564.0 0.6627912502861601
9566.0 0.6533423329424295
9568.0 0.6503332089304521
9570.0 0.6522477362427354
9572.0 0.6536250084690912
9574.0 0.6492674873393243
9576.0 0.6433780998677532
9578.0 0.653374781302238
9580.0 0.6548918542518474
9582.0 0.6573550865245174
9584.0 0.6590165800726431
9586.0 0.6529023384203109
9588.0 0.6594491308886122
9590.0 0.6596869146988801
9592.0 0.6697025357831404
9594.0 0.6396701011390219
9596.0 0.6299633261227584
9598.0 0.6387462570326484
9600.0 0.6496232971713951
9602.0 0.6558178538732606
9604.0 0.6560346059062511
9606.0 0.6620068989798654
9608.0 0.6564589779425727
9610.0 0.6534375094932796
9612.0 0.64750753521352
9614.0 0.6549630389786741
9616.0 0.6563788885424191
9618.0 0.6504575163276781
9620.0 0.6453641327139922
9622.0 0.646911049940763
9624.0 0.6430049754916428
9626.0 0.6401444857815384
9628.0 0.6477619743727346
9630.0 0.6487031203107521
9632.0 0.6460878400426951
9634.0 0.6479416949116936
9636.0 0.6534703239492707
9638.0 0.6494281233779409
9640.0 0.6487598679816043
9642.0 0.6472621358954568
9644.0 0.64550305484607
9646.0 0.649028479345448
9648.0 0.6464909236267848
9650.0 0.6417614971713471
9652.0 0.6486141193153792
9654.0 0.6453518388600133
9656.0 0.6426532439812328
9658.0 0.6428027282421102
9660.0 0.6514669639075662
9662.0 0.6420043114888603
9664.0 0.6359933035534281
9666.0 0.6339002043955733
9668.0 0.6377019728915793
9670.0 0.6327545564494997
9672.0 0.6187275042056444
9674.0 0.6330311634268487
9676.0 0.6280668150341542
9678.0 0.6307698880916478
9680.0 0.6293740138464168
9682.0 0.6241151597842343
9684.0 0.6221640040635176
9686.0 0.6170873815315341
9688.0 0.6202716435169359
9690.0 0.6143218230686709
9692.0 0.6113350721233538
9694.0 0.6160445103276231
9696.0 0.6180623428819783
9698.0 0.6178755049112493
9700.0 0.6182321928789728
9702.0 0.6212033485581779
9704.0 0.6242152230201206
9706.0 0.6234645277348593
9708.0 0.6184338577448404
9710.0 0.6106162659804301
9712.0 0.6091631871282767
9714.0 0.6079106872120474
9716.0 0.6090093753009423
9718.0 0.6114094039112589
9720.0 0.5997391210051399
9722.0 0.5902501342248921
9724.0 0.5944442642002457
9726.0 0.58707919880147
9728.0 0.5869834272463693
9730.0 0.5897069521514599
9732.0 0.5917268670310357
9734.0 0.5842798681752788
9736.0 0.5871795202552759
9738.0 0.5813437600656783
9740.0 0.5896582481670969
9742.0 0.5863297593799897
9744.0 0.5929761907859739
9746.0 0.587986463839347
9748.0 0.5875832483116804
9750.0 0.5813230977612398
9752.0 0.5771508633308458
9754.0 0.5777758471794441
9756.0 0.5746209860360993
9758.0 0.5818504211355158
9760.0 0.5767747182007854
9762.0 0.5747205494418465
9764.0 0.571300270655794
9766.0 0.5682991308866956
9768.0 0.5755732204442342
9770.0 0.5649943967103481
9772.0 0.5635418051985724
9774.0 0.5604449393497816
9776.0 0.5678180621086335
9778.0 0.5642805034002812
9780.0 0.5722277942085555
9782.0 0.569626700143319
9784.0 0.5711527869975712
9786.0 0.56402426822229
9788.0 0.5568139621448037
9790.0 0.5607824429152753
9792.0 0.5651903703655651
9794.0 0.5603987422948219
9796.0 0.5599817288307644
9798.0 0.5590833374624172
9800.0 0.5514709674526238
9802.0 0.5531473239855034
9804.0 0.5571535142276707
9806.0 0.5582539223769528
9808.0 0.5661411587288845
9810.0 0.5599871010582391
9812.0 0.5569174312045282
9814.0 0.551429987921574
9816.0 0.548518582490194
9818.0 0.5527035558100857
9820.0 0.5449044680481807
9822.0 0.5434751307759771
9824.0 0.5412130726522961
9826.0 0.5416965323603208
9828.0 0.5451235867194688
9830.0 0.5448213973865754
9832.0 0.5281783501899633
9834.0 0.5366062450189881
9836.0 0.5432022977497766
9838.0 0.5477857224263976
9840.0 0.5461874632486052
9842.0 0.5371394977497032
9844.0 0.5328433502509817
9846.0 0.533469129475763
9848.0 0.5296632638901008
9850.0 0.5195964182469258
9852.0 0.5190974660687344
9854.0 0.5288938130554603
9856.0 0.5254638686663573
9858.0 0.5256895567780484
9860.0 0.5270217457745617
9862.0 0.5233907357690137
9864.0 0.5302390634020294
9866.0 0.5238205362117236
9868.0 0.5325568764309683
9870.0 0.5331238269414073
9872.0 0.5323235245951093
9874.0 0.5279588905261823
9876.0 0.5238552791754083
9878.0 0.5135215826743134
9880.0 0.5156297371981854
9882.0 0.5080843736260374
9884.0 0.5092452026261994
9886.0 0.5072702890959192
9888.0 0.5111247943475012
9890.0 0.5119331818287587
9892.0 0.5168856475591096
9894.0 0.5079078554586919
9896.0 0.5010182203665807
9898.0 0.49603685202876424
9900.0 0.5061449080127729
9902.0 0.49908355091375506
9904.0 0.48692041410534675
9906.0 0.49003904645997426
9908.0 0.49277769461958376
9910.0 0.49169909474108064
9912.0 0.49715932885907865
9914.0 0.4928611652028306
9916.0 0.4935105537771617
9918.0 0.4850621373901527
9920.0 0.4763821437475774
9922.0 0.4819655373847874
9924.0 0.4789034041924662
9926.0 0.4734654799445525
9928.0 0.47591124007318775
9930.0 0.47601214281361814
9932.0 0.4745022861221454
9934.0 0.46712424165118693
9936.0 0.4722361876449861
9938.0 0.47154612311716715
9940.0 0.4549578701600927
9942.0 0.44738250160805026
9944.0 0.4507787104549299
9946.0 0.448998932047806
9948.0 0.4443811375762617
9950.0 0.44838577827918225
9952.0 0.4416797766736381
9954.0 0.4488783548470282
9956.0 0.44162970882742975
9958.0 0.43742753050187355
9960.0 0.4581071359076444
9962.0 0.45040731667206485
9964.0 0.4331192526605123
9966.0 0.4203168910544727
9968.0 0.4133621624208482
9970.0 0.3917579976183182
9972.0 0.39447481326092715
9974.0 0.40062114340147864
9976.0 0.39585541579292005
9978.0 0.4308433392563895
9980.0 0.4319197377886204
9982.0 0.4351086080428958
9984.0 0.43006667296122847
9986.0 0.4275043231742517
9988.0 0.42647865816595354
9990.0 0.4247954579797892
9992.0 0.42543383559989145
9994.0 0.4250081658953596
9996.0 0.4191051541148733
9998.0 0.41421068206815803
